312.000,270.000,52.000,39.000
311.107,268.392,52.000,39.000
311.643,269.285,52.000,39.000
310.035,268.392,52.000,39.000
310.928,269.285,52.000,39.000
309.677,268.035,52.000,39.000
309.856,267.856,52.000,39.000
310.035,268.749,52.000,39.000
309.856,267.499,52.000,39.000
309.677,268.035,52.000,39.000
309.499,266.426,52.000,39.000
311.464,267.320,52.000,39.000
310.571,266.426,52.000,39.000
310.035,266.962,52.000,39.000
313.429,267.141,52.000,39.000
333.977,265.533,52.000,39.000
351.666,266.426,52.000,39.000
349.701,265.176,52.000,39.000
348.807,265.712,52.000,39.000
350.773,265.890,52.000,39.000
350.951,265.712,52.000,39.000
352.202,265.176,52.000,39.000
352.738,264.282,52.000,39.000
352.202,265.176,52.000,39.000
353.810,264.282,52.000,39.000
353.632,264.818,52.000,39.000
354.525,265.354,52.000,39.000
353.989,263.746,52.000,39.000
355.954,264.997,52.000,39.000
355.776,264.104,52.000,39.000
356.312,263.210,52.000,39.000
357.205,263.746,52.000,39.000
357.026,264.282,52.000,39.000
346.485,263.389,52.000,39.000
319.504,263.568,52.000,39.000
290.023,263.389,52.000,39.000
276.979,262.496,52.000,39.000
279.660,263.389,52.000,39.000
281.625,262.138,52.000,39.000
281.089,261.602,52.000,39.000
282.340,262.138,52.000,39.000
281.804,261.245,52.000,39.000
281.268,261.781,52.000,39.000
282.161,261.960,52.000,39.000
281.268,261.781,52.000,39.000
281.446,261.245,52.000,39.000
280.553,261.424,52.000,39.000
278.945,261.602,52.000,39.000
279.838,261.781,52.000,39.000
278.230,261.960,52.000,39.000
279.124,262.496,52.000,39.000
277.873,261.245,52.000,39.000
276.622,261.781,52.000,39.000
275.371,262.674,52.000,39.000
276.265,262.138,52.000,39.000
274.657,261.602,52.000,39.000
272.691,262.853,52.000,39.000
272.155,262.317,52.000,39.000
271.262,262.138,52.000,39.000
270.726,261.960,52.000,39.000
269.118,263.210,52.000,39.000
268.939,261.602,52.000,39.000
267.688,262.853,52.000,39.000
266.437,262.317,52.000,39.000
266.973,261.424,52.000,39.000
264.651,262.317,52.000,39.000
263.400,261.781,52.000,39.000
263.936,262.317,52.000,39.000
261.971,261.066,52.000,39.000
261.077,260.888,52.000,39.000
261.613,261.781,52.000,39.000
261.792,260.530,52.000,39.000
280.553,259.994,52.000,39.000
307.176,261.245,52.000,39.000
332.726,258.922,52.000,39.000
338.623,260.530,52.000,39.000
336.300,259.637,52.000,39.000
337.551,260.173,52.000,39.000
335.585,258.922,52.000,39.000
336.479,260.173,52.000,39.000
335.943,258.565,52.000,39.000
335.049,258.743,52.000,39.000
335.228,258.565,52.000,39.000
335.049,258.029,52.000,39.000
334.871,256.778,52.000,39.000
334.692,257.671,52.000,39.000
334.156,256.421,52.000,39.000
336.121,255.170,52.000,39.000
335.228,254.634,52.000,39.000
335.764,255.170,52.000,39.000
334.156,253.919,52.000,39.000
334.692,255.170,52.000,39.000
333.441,253.562,52.000,39.000
334.692,254.098,52.000,39.000
333.084,252.847,52.000,39.000
334.692,254.098,52.000,39.000
333.441,252.490,52.000,39.000
335.049,253.026,52.000,39.000
333.798,251.775,52.000,39.000
333.620,253.026,52.000,39.000
333.441,251.418,52.000,39.000
335.049,251.954,52.000,39.000
333.798,252.490,52.000,39.000
334.692,251.239,52.000,39.000
334.156,250.703,52.000,39.000
335.407,251.596,52.000,39.000
335.943,250.703,52.000,39.000
335.049,251.239,52.000,39.000
336.300,250.346,52.000,39.000
336.121,250.167,52.000,39.000
336.657,249.631,52.000,39.000
335.764,250.524,52.000,39.000
337.015,249.631,52.000,39.000
336.836,250.524,52.000,39.000
337.015,249.631,52.000,39.000
337.551,250.167,52.000,39.000
336.657,248.916,52.000,39.000
337.908,249.810,52.000,39.000
338.801,248.916,52.000,39.000
338.265,249.452,52.000,39.000
340.231,248.202,52.000,39.000
340.410,248.023,52.000,39.000
340.946,247.844,52.000,39.000
340.410,249.095,52.000,39.000
342.018,247.844,52.000,39.000
342.911,248.738,52.000,39.000
342.018,249.631,52.000,39.000
342.911,249.095,52.000,39.000
342.732,248.559,52.000,39.000
342.911,249.452,52.000,39.000
343.447,248.202,52.000,39.000
345.055,249.095,52.000,39.000
344.876,248.559,52.000,39.000
345.770,249.452,52.000,39.000
346.306,248.559,52.000,39.000
347.914,249.452,52.000,39.000
347.378,248.201,52.000,39.000
348.629,248.738,52.000,39.000
347.021,249.274,52.000,39.000
348.629,247.665,52.000,39.000
347.378,249.631,52.000,39.000
348.986,248.738,52.000,39.000
348.807,249.274,52.000,39.000
349.701,248.380,52.000,39.000
349.879,248.916,52.000,39.000
350.415,249.095,52.000,39.000
352.024,248.202,52.000,39.000
351.487,248.380,52.000,39.000
353.096,248.559,52.000,39.000
353.274,248.738,52.000,39.000
354.525,249.274,52.000,39.000
353.632,248.023,52.000,39.000
355.597,248.559,52.000,39.000
357.205,248.380,52.000,39.000
358.813,248.916,52.000,39.000
359.707,249.452,52.000,39.000
360.600,248.559,52.000,39.000
360.779,249.095,52.000,39.000
362.387,248.202,52.000,39.000
364.352,248.738,52.000,39.000
365.960,249.274,52.000,39.000
366.854,248.023,52.000,39.000
368.462,248.202,52.000,39.000
370.785,248.023,52.000,39.000
372.393,247.487,52.000,39.000
375.073,248.023,52.000,39.000
377.038,247.130,52.000,39.000
379.361,247.666,52.000,39.000
382.041,247.487,52.000,39.000
384.721,246.951,52.000,39.000
387.759,247.844,52.000,39.000
390.796,246.594,52.000,39.000
393.834,256.421,52.000,39.000
397.943,269.464,52.000,39.000
400.981,270.358,52.000,39.000
404.376,268.035,52.000,39.000
408.128,266.069,52.000,39.000
411.523,265.533,52.000,39.000
413.488,265.712,52.000,39.000
398.658,265.176,52.000,39.000
371.678,264.283,52.000,39.000
347.199,265.176,52.000,39.000
333.084,263.568,52.000,39.000
336.479,264.104,52.000,39.000
342.732,262.853,52.000,39.000
345.413,263.746,52.000,39.000
349.879,262.853,52.000,39.000
353.989,263.389,52.000,39.000
358.099,262.138,52.000,39.000
362.208,261.960,52.000,39.000
365.960,263.210,52.000,39.000
369.355,261.602,52.000,39.000
373.107,262.138,52.000,39.000
376.145,260.888,52.000,39.000
379.540,261.781,52.000,39.000
382.577,260.530,52.000,39.000
385.615,260.709,52.000,39.000
374.358,259.816,52.000,39.000
349.522,260.352,52.000,39.000
325.401,259.101,52.000,39.000
304.496,259.280,52.000,39.000
281.089,258.386,52.000,39.000
273.763,258.565,52.000,39.000
280.374,258.386,52.000,39.000
284.484,257.136,52.000,39.000
287.879,256.242,52.000,39.000
290.916,256.063,52.000,39.000
294.311,255.170,52.000,39.000
298.063,254.991,52.000,39.000
301.458,255.885,52.000,39.000
304.853,254.991,52.000,39.000
296.098,255.527,52.000,39.000
270.547,253.919,52.000,39.000
244.996,254.455,52.000,39.000
238.028,252.847,52.000,39.000
244.639,253.383,52.000,39.000
247.677,251.775,52.000,39.000
250.357,252.311,52.000,39.000
253.752,250.703,52.000,39.000
256.789,251.239,52.000,39.000
259.827,249.989,52.000,39.000
262.864,251.239,52.000,39.000
265.902,249.631,52.000,39.000
268.582,249.810,52.000,39.000
270.905,251.061,52.000,39.000
273.585,260.888,52.000,39.000
276.622,275.361,52.000,39.000
279.302,288.047,52.000,39.000
282.697,287.868,52.000,39.000
285.020,285.902,52.000,39.000
287.700,285.009,52.000,39.000
290.380,283.044,52.000,39.000
293.418,283.580,52.000,39.000
296.098,282.686,52.000,39.000
298.421,283.222,52.000,39.000
301.101,281.614,52.000,39.000
303.066,282.508,52.000,39.000
305.389,281.257,52.000,39.000
307.712,281.078,52.000,39.000
308.963,280.185,52.000,39.000
311.285,280.363,52.000,39.000
313.965,279.470,52.000,39.000
315.931,280.006,52.000,39.000
317.896,278.041,52.000,39.000
319.862,278.577,52.000,39.000
321.827,278.041,52.000,39.000
323.435,276.790,52.000,39.000
325.758,278.041,52.000,39.000
327.366,276.433,52.000,39.000
329.332,276.969,52.000,39.000
330.940,276.790,52.000,39.000
331.833,275.539,52.000,39.000
333.799,274.646,52.000,39.000
335.407,275.539,52.000,39.000
337.372,273.931,52.000,39.000
338.980,274.825,52.000,39.000
339.874,273.574,52.000,39.000
341.839,273.752,52.000,39.000
343.090,272.859,52.000,39.000
344.698,273.395,52.000,39.000
345.234,271.787,52.000,39.000
336.121,272.680,52.000,39.000
308.427,271.430,52.000,39.000
282.519,271.608,52.000,39.000
274.121,270.715,52.000,39.000
277.873,271.251,52.000,39.000
280.196,269.643,52.000,39.000
281.447,270.894,52.000,39.000
282.697,270.000,52.000,39.000
282.519,268.750,52.000,39.000
283.769,269.643,52.000,39.000
285.020,268.750,52.000,39.000
286.271,268.571,52.000,39.000
287.879,267.320,52.000,39.000
288.772,267.141,52.000,39.000
290.023,265.891,52.000,39.000
290.916,267.141,52.000,39.000
291.452,265.176,52.000,39.000
292.703,264.997,52.000,39.000
292.524,265.533,52.000,39.000
293.418,263.925,52.000,39.000
296.813,261.603,52.000,39.000
296.991,260.352,52.000,39.000
297.885,259.816,52.000,39.000
297.349,260.352,52.000,39.000
298.599,259.101,52.000,39.000
296.991,257.850,52.000,39.000
298.242,258.744,52.000,39.000
298.063,257.493,52.000,39.000
297.885,256.600,52.000,39.000
298.063,256.421,52.000,39.000
298.242,255.528,52.000,39.000
298.778,255.706,52.000,39.000
297.527,254.813,52.000,39.000
298.421,255.349,52.000,39.000
298.957,253.741,52.000,39.000
297.706,253.562,52.000,39.000
297.527,252.669,52.000,39.000
297.349,253.562,52.000,39.000
298.599,252.311,52.000,39.000
296.991,251.775,52.000,39.000
298.242,252.669,52.000,39.000
297.349,251.418,52.000,39.000
297.885,250.882,52.000,39.000
296.634,251.775,52.000,39.000
295.741,250.525,52.000,39.000
295.919,250.703,52.000,39.000
295.383,250.167,52.000,39.000
296.277,249.989,52.000,39.000
295.026,250.525,52.000,39.000
294.133,249.274,52.000,39.000
294.669,249.095,52.000,39.000
293.060,248.559,52.000,39.000
293.596,249.810,52.000,39.000
291.274,249.274,52.000,39.000
291.810,248.738,52.000,39.000
289.844,249.274,52.000,39.000
287.879,248.023,52.000,39.000
288.415,247.487,52.000,39.000
290.380,248.023,52.000,39.000
286.628,248.916,52.000,39.000
284.305,249.810,52.000,39.000
283.769,248.559,52.000,39.000
280.732,247.666,52.000,39.000
281.625,248.916,52.000,39.000
281.089,248.380,52.000,39.000
281.625,248.559,52.000,39.000
279.660,248.380,52.000,39.000
279.838,248.559,52.000,39.000
279.660,248.738,52.000,39.000
278.766,248.559,52.000,39.000
278.588,248.380,52.000,39.000
277.337,247.844,52.000,39.000
276.801,249.810,52.000,39.000
276.265,247.487,52.000,39.000
276.444,246.594,52.000,39.000
275.550,247.130,52.000,39.000
273.942,246.236,52.000,39.000
273.406,245.700,52.000,39.000
273.227,246.594,52.000,39.000
272.691,245.700,52.000,39.000
272.155,246.594,52.000,39.000
272.691,245.343,52.000,39.000
271.798,245.164,52.000,39.000
273.763,244.628,52.000,39.000
272.155,246.594,52.000,39.000
273.049,245.700,52.000,39.000
271.798,246.236,52.000,39.000
271.262,244.986,52.000,39.000
271.441,245.879,52.000,39.000
269.475,244.271,52.000,39.000
271.798,245.164,52.000,39.000
271.262,244.271,52.000,39.000
272.155,244.807,52.000,39.000
271.262,245.343,52.000,39.000
272.155,244.092,52.000,39.000
271.619,244.628,52.000,39.000
270.726,245.164,52.000,39.000
271.262,244.628,52.000,39.000
272.155,245.879,52.000,39.000
271.619,245.700,52.000,39.000
270.726,245.522,52.000,39.000
271.619,245.343,52.000,39.000
271.083,245.164,52.000,39.000
272.334,245.343,52.000,39.000
271.798,245.879,52.000,39.000
271.262,246.772,52.000,39.000
272.513,246.951,52.000,39.000
271.262,247.844,52.000,39.000
272.870,248.380,52.000,39.000
271.619,247.844,52.000,39.000
272.155,249.095,52.000,39.000
273.049,247.844,52.000,39.000
272.870,249.453,52.000,39.000
273.763,248.916,52.000,39.000
273.585,250.525,52.000,39.000
274.121,249.989,52.000,39.000
275.014,251.239,52.000,39.000
274.835,250.346,52.000,39.000
275.014,251.597,52.000,39.000
275.907,251.775,52.000,39.000
275.371,252.669,52.000,39.000
276.979,252.490,52.000,39.000
276.086,252.669,52.000,39.000
277.337,253.205,52.000,39.000
277.158,252.669,52.000,39.000
277.337,253.919,52.000,39.000
277.873,254.098,52.000,39.000
276.979,253.562,52.000,39.000
277.516,254.813,52.000,39.000
276.265,255.349,52.000,39.000
277.873,254.455,52.000,39.000
276.622,255.706,52.000,39.000
277.158,255.885,52.000,39.000
278.052,256.421,52.000,39.000
277.158,255.528,52.000,39.000
278.409,256.421,52.000,39.000
278.230,255.885,52.000,39.000
278.052,257.136,52.000,39.000
277.516,255.885,52.000,39.000
277.337,257.493,52.000,39.000
278.588,256.242,52.000,39.000
276.979,257.136,52.000,39.000
277.873,256.242,52.000,39.000
277.694,256.778,52.000,39.000
277.873,256.957,52.000,39.000
277.694,257.136,52.000,39.000
278.230,255.885,52.000,39.000
278.766,257.493,52.000,39.000
277.516,256.242,52.000,39.000
278.052,256.064,52.000,39.000
278.588,255.885,52.000,39.000
277.337,257.136,52.000,39.000
278.945,255.885,52.000,39.000
277.694,257.136,52.000,39.000
278.230,255.170,52.000,39.000
279.124,254.634,52.000,39.000
278.588,255.170,52.000,39.000
278.052,254.634,52.000,39.000
279.302,255.885,52.000,39.000
278.766,255.706,52.000,39.000
278.945,255.527,52.000,39.000
279.124,256.064,52.000,39.000
280.017,254.813,52.000,39.000
278.766,256.421,52.000,39.000
279.302,255.528,52.000,39.000
280.196,256.064,52.000,39.000
279.660,254.813,52.000,39.000
279.124,256.421,52.000,39.000
280.374,255.170,52.000,39.000
280.553,255.349,52.000,39.000
278.945,255.170,52.000,39.000
279.838,254.992,52.000,39.000
278.588,256.242,52.000,39.000
278.409,254.992,52.000,39.000
279.302,256.242,52.000,39.000
278.409,254.634,52.000,39.000
279.302,255.885,52.000,39.000
278.766,254.992,52.000,39.000
278.230,255.170,52.000,39.000
279.124,253.919,52.000,39.000
278.587,255.170,52.000,39.000
278.409,253.919,52.000,39.000
279.660,255.170,52.000,39.000
277.694,253.562,52.000,39.000
278.945,254.455,52.000,39.000
277.694,253.562,52.000,39.000
278.587,254.098,52.000,39.000
277.337,253.205,52.000,39.000
278.945,253.383,52.000,39.000
277.694,252.847,52.000,39.000
277.873,253.383,52.000,39.000
278.051,252.133,52.000,39.000
277.873,251.954,52.000,39.000
277.337,252.847,52.000,39.000
278.587,252.311,52.000,39.000
276.979,251.418,52.000,39.000
278.230,252.311,52.000,39.000
277.337,251.061,52.000,39.000
278.587,251.239,52.000,39.000
277.337,250.346,52.000,39.000
279.302,251.239,52.000,39.000
279.838,250.346,52.000,39.000
277.158,251.954,52.000,39.000
276.265,252.133,52.000,39.000
276.086,250.525,52.000,39.000
274.835,251.418,52.000,39.000
273.585,250.882,52.000,39.000
274.121,251.775,52.000,39.000
273.585,250.882,52.000,39.000
272.334,251.418,52.000,39.000
273.585,250.167,52.000,39.000
271.619,249.631,52.000,39.000
272.512,250.167,52.000,39.000
272.334,248.917,52.000,39.000
273.227,250.525,52.000,39.000
271.976,249.274,52.000,39.000
272.512,249.453,52.000,39.000
271.619,249.274,52.000,39.000
272.512,249.095,52.000,39.000
279.123,248.202,52.000,39.000
304.674,248.738,52.000,39.000
328.796,249.274,52.000,39.000
330.404,247.666,52.000,39.000
327.723,247.130,52.000,39.000
328.617,246.594,52.000,39.000
329.153,247.844,52.000,39.000
329.689,247.308,52.000,39.000
328.796,246.772,52.000,39.000
329.689,248.023,52.000,39.000
329.153,246.415,52.000,39.000
330.761,247.308,52.000,39.000
330.225,246.058,52.000,39.000
331.476,245.522,52.000,39.000
332.369,246.415,52.000,39.000
331.476,245.522,52.000,39.000
332.726,245.343,52.000,39.000
331.118,244.450,52.000,39.000
332.726,244.271,52.000,39.000
331.833,244.092,52.000,39.000
332.726,242.484,52.000,39.000
331.833,243.020,52.000,39.000
332.369,241.412,52.000,39.000
333.262,241.948,52.000,39.000
332.369,241.769,52.000,39.000
332.905,241.233,52.000,39.000
331.654,239.983,52.000,39.000
331.833,240.876,52.000,39.000
332.726,239.983,52.000,39.000
347.199,240.519,52.000,39.000
377.395,238.911,52.000,39.000
404.733,238.375,52.000,39.000
419.563,237.124,52.000,39.000
418.312,236.230,52.000,39.000
417.419,236.052,52.000,39.000
418.670,235.158,52.000,39.000
417.062,234.980,52.000,39.000
417.955,235.516,52.000,39.000
416.347,234.265,52.000,39.000
415.096,236.588,52.000,39.000
414.917,234.265,52.000,39.000
412.952,233.014,52.000,39.000
411.344,232.121,52.000,39.000
410.093,231.585,52.000,39.000
407.770,231.406,52.000,39.000
405.090,230.870,52.000,39.000
402.410,231.406,52.000,39.000
399.730,229.798,52.000,39.000
395.620,230.334,52.000,39.000
391.868,228.726,52.000,39.000
387.759,229.619,52.000,39.000
382.577,228.726,52.000,39.000
378.110,229.619,52.000,39.000
374.001,228.369,52.000,39.000
367.747,228.190,52.000,39.000
362.923,227.654,52.000,39.000
356.669,228.547,52.000,39.000
350.773,227.654,52.000,39.000
347.378,227.833,52.000,39.000
361.136,228.726,52.000,39.000
383.828,228.547,52.000,39.000
403.304,229.441,52.000,39.000
423.494,228.547,52.000,39.000
443.327,229.441,52.000,39.000
449.938,231.049,52.000,39.000
439.754,231.585,52.000,39.000
430.998,229.977,52.000,39.000
422.958,227.654,52.000,39.000
415.275,226.403,52.000,39.000
407.949,225.510,52.000,39.000
399.909,226.761,52.000,39.000
391.868,227.297,52.000,39.000
382.398,226.403,52.000,39.000
374.001,227.297,52.000,39.000
365.246,226.761,52.000,39.000
357.205,228.011,52.000,39.000
349.165,226.761,52.000,39.000
340.767,228.726,52.000,39.000
332.012,227.833,52.000,39.000
323.257,228.011,52.000,39.000
314.859,227.118,52.000,39.000
312.536,227.297,52.000,39.000
328.081,228.190,52.000,39.000
348.629,226.939,52.000,39.000
367.747,228.547,52.000,39.000
386.508,227.654,52.000,39.000
401.338,228.547,52.000,39.000
399.015,228.011,52.000,39.000
386.687,227.833,52.000,39.000
377.932,229.441,52.000,39.000
369.176,228.905,52.000,39.000
360.421,230.155,52.000,39.000
351.666,228.547,52.000,39.000
342.196,229.441,52.000,39.000
333.441,228.905,52.000,39.000
324.329,230.870,52.000,39.000
314.501,231.049,52.000,39.000
303.602,230.155,52.000,39.000
294.132,229.977,52.000,39.000
285.020,231.228,52.000,39.000
275.193,229.619,52.000,39.000
265.723,230.870,52.000,39.000
259.469,230.691,52.000,39.000
273.942,232.300,52.000,39.000
293.775,231.406,52.000,39.000
311.464,232.657,52.000,39.000
329.510,232.836,52.000,39.000
345.055,233.014,52.000,39.000
362.744,231.406,52.000,39.000
360.064,233.014,52.000,39.000
347.735,231.764,52.000,39.000
338.265,233.729,52.000,39.000
328.796,234.622,52.000,39.000
318.611,235.516,52.000,39.000
308.784,235.337,52.000,39.000
298.242,235.158,52.000,39.000
289.129,235.694,52.000,39.000
278.945,236.230,52.000,39.000
271.977,235.337,52.000,39.000
286.807,236.588,52.000,39.000
306.640,237.124,52.000,39.000
324.686,235.873,52.000,39.000
342.018,238.196,52.000,39.000
360.064,236.588,52.000,39.000
378.110,238.196,52.000,39.000
396.514,237.660,52.000,39.000
405.626,238.911,52.000,39.000
397.586,238.375,52.000,39.000
388.473,238.553,52.000,39.000
380.433,239.804,52.000,39.000
372.393,240.340,52.000,39.000
365.067,239.089,52.000,39.000
358.456,239.625,52.000,39.000
353.989,240.876,52.000,39.000
346.663,241.055,52.000,39.000
341.839,240.161,52.000,39.000
337.015,241.412,52.000,39.000
332.548,240.876,52.000,39.000
328.081,242.127,52.000,39.000
324.686,240.876,52.000,39.000
326.294,242.127,52.000,39.000
346.842,240.876,52.000,39.000
373.465,242.484,52.000,39.000
399.373,241.233,52.000,39.000
425.281,241.769,52.000,39.000
450.831,242.305,52.000,39.000
474.953,241.055,52.000,39.000
478.348,240.519,52.000,39.000
475.310,241.412,52.000,39.000
473.345,240.876,52.000,39.000
471.022,243.556,52.000,39.000
470.486,241.591,52.000,39.000
470.307,242.127,52.000,39.000
467.627,241.233,52.000,39.000
448.151,242.484,52.000,39.000
418.670,242.305,52.000,39.000
389.545,242.484,52.000,39.000
374.715,241.948,52.000,39.000
375.609,242.841,52.000,39.000
375.430,241.591,52.000,39.000
373.822,241.412,52.000,39.000
371.856,240.519,52.000,39.000
370.606,241.055,52.000,39.000
370.070,239.804,52.000,39.000
377.038,241.055,52.000,39.000
401.517,239.447,52.000,39.000
428.139,240.340,52.000,39.000
441.898,239.089,52.000,39.000
440.289,239.983,52.000,39.000
439.396,240.876,52.000,39.000
440.647,239.983,52.000,39.000
439.396,240.519,52.000,39.000
441.004,239.625,52.000,39.000
440.111,240.161,52.000,39.000
443.506,238.196,52.000,39.000
440.468,239.089,52.000,39.000
440.289,239.625,52.000,39.000
440.111,239.089,52.000,39.000
439.575,238.911,52.000,39.000
438.324,240.161,52.000,39.000
439.575,238.553,52.000,39.000
437.967,239.804,52.000,39.000
439.217,239.983,52.000,39.000
438.324,240.161,52.000,39.000
439.217,238.911,52.000,39.000
437.967,240.519,52.000,39.000
437.431,239.625,52.000,39.000
438.681,240.519,52.000,39.000
437.073,239.983,52.000,39.000
437.967,241.233,52.000,39.000
436.359,239.625,52.000,39.000
437.609,240.876,52.000,39.000
435.644,241.412,52.000,39.000
435.465,240.519,52.000,39.000
437.073,240.697,52.000,39.000
439.039,240.519,52.000,39.000
435.286,241.769,52.000,39.000
434.393,241.948,52.000,39.000
435.286,242.127,52.000,39.000
433.678,240.876,52.000,39.000
432.785,242.484,52.000,39.000
433.321,241.233,52.000,39.000
432.428,240.340,52.000,39.000
433.678,241.591,52.000,39.000
433.142,241.412,52.000,39.000
434.393,241.591,52.000,39.000
434.929,241.769,52.000,39.000
434.750,242.305,52.000,39.000
435.287,241.412,52.000,39.000
436.180,241.948,52.000,39.000
435.644,242.127,52.000,39.000
436.537,240.876,52.000,39.000
434.214,242.127,52.000,39.000
415.453,240.876,52.000,39.000
386.329,242.484,52.000,39.000
367.211,241.233,52.000,39.000
368.819,241.412,52.000,39.000
370.784,241.591,52.000,39.000
370.248,241.412,52.000,39.000
371.142,241.233,52.000,39.000
371.320,241.055,52.000,39.000
371.856,240.519,52.000,39.000
370.606,241.055,52.000,39.000
371.499,240.161,52.000,39.000
372.750,240.697,52.000,39.000
371.856,241.233,52.000,39.000
372.750,240.340,52.000,39.000
372.571,241.233,52.000,39.000
372.750,240.340,52.000,39.000
373.286,240.876,52.000,39.000
374.537,241.055,52.000,39.000
373.286,239.804,52.000,39.000
374.894,241.055,52.000,39.000
375.073,239.447,52.000,39.000
375.251,240.340,52.000,39.000
376.145,239.804,52.000,39.000
375.251,240.697,52.000,39.000
376.502,240.161,52.000,39.000
375.251,239.625,52.000,39.000
376.859,240.519,52.000,39.000
375.609,239.625,52.000,39.000
375.073,240.161,52.000,39.000
375.966,238.911,52.000,39.000
374.358,240.519,52.000,39.000
374.894,238.911,52.000,39.000
372.928,240.161,52.000,39.000
372.035,238.911,52.000,39.000
370.427,240.161,52.000,39.000
370.606,238.553,52.000,39.000
367.926,239.804,52.000,39.000
366.317,239.268,52.000,39.000
365.067,238.375,52.000,39.000
362.744,239.268,52.000,39.000
360.421,238.732,52.000,39.000
358.813,239.983,52.000,39.000
356.490,239.804,52.000,39.000
354.167,239.625,52.000,39.000
351.487,239.089,52.000,39.000
348.807,238.553,52.000,39.000
345.412,239.447,52.000,39.000
342.375,238.553,52.000,39.000
339.337,239.447,52.000,39.000
335.585,238.196,52.000,39.000
331.833,238.375,52.000,39.000
343.804,238.196,52.000,39.000
368.640,238.017,52.000,39.000
392.404,237.839,52.000,39.000
413.667,239.447,52.000,39.000
434.572,238.196,52.000,39.000
455.834,238.375,52.000,39.000
476.025,238.553,52.000,39.000
477.990,238.375,52.000,39.000
469.592,237.839,52.000,39.000
462.981,239.089,52.000,39.000
458.514,237.481,52.000,39.000
450.831,239.089,52.000,39.000
444.578,237.839,52.000,39.000
437.252,239.447,52.000,39.000
432.070,238.553,52.000,39.000
424.387,239.447,52.000,39.000
417.062,239.268,52.000,39.000
409.379,239.447,52.000,39.000
402.053,239.625,52.000,39.000
394.012,239.804,52.000,39.000
385.972,239.983,52.000,39.000
378.289,239.804,52.000,39.000
370.248,239.625,52.000,39.000
362.208,239.447,52.000,39.000
353.810,238.911,52.000,39.000
345.412,240.876,52.000,39.000
337.372,241.769,52.000,39.000
328.617,242.305,52.000,39.000
316.646,241.769,52.000,39.000
307.533,242.663,52.000,39.000
299.135,241.412,52.000,39.000
291.452,241.233,52.000,39.000
281.268,240.697,52.000,39.000
271.440,241.233,52.000,39.000
278.051,242.127,52.000,39.000
297.527,243.378,52.000,39.000
316.288,244.271,52.000,39.000
321.112,243.020,52.000,39.000
308.784,242.484,52.000,39.000
296.812,243.735,52.000,39.000
288.415,243.556,52.000,39.000
279.302,243.735,52.000,39.000
268.760,243.914,52.000,39.000
258.218,244.092,52.000,39.000
248.748,242.841,52.000,39.000
238.207,244.450,52.000,39.000
228.737,243.556,52.000,39.000
216.765,244.450,52.000,39.000
207.296,243.556,52.000,39.000
195.682,244.807,52.000,39.000
185.497,243.556,52.000,39.000
189.607,244.450,52.000,39.000
208.725,244.271,52.000,39.000
227.129,245.522,52.000,39.000
244.818,245.343,52.000,39.000
258.218,244.807,52.000,39.000
277.337,245.700,52.000,39.000
292.148,244.342,53.151,39.863
305.480,246.716,53.151,39.863
301.644,245.803,53.151,39.863
289.043,246.351,53.151,39.863
277.172,248.360,53.151,39.863
263.840,247.081,53.151,39.863
254.526,247.264,53.151,39.863
245.212,246.716,53.151,39.863
234.802,246.533,53.151,39.863
237.907,247.812,53.151,39.863
256.718,246.168,53.151,39.863
272.972,247.081,53.151,39.863
288.860,247.994,53.151,39.863
306.941,249.638,53.151,39.863
321.734,250.917,53.151,39.863
340.179,250.003,53.151,39.863
353.511,251.647,53.151,39.863
349.311,253.291,53.151,39.863
334.883,253.839,53.151,39.863
324.108,254.021,53.151,39.863
312.967,255.300,53.151,39.863
303.653,254.021,53.151,39.863
294.339,251.647,53.151,39.863
282.834,249.273,53.151,39.863
270.232,248.360,53.151,39.863
264.936,246.716,53.151,39.863
275.346,248.360,53.151,39.863
293.791,250.734,53.151,39.863
295.070,251.282,53.151,39.863
282.103,253.656,53.151,39.863
272.231,251.131,54.326,40.745
263.084,249.824,54.326,40.745
252.606,247.630,55.528,41.646
255.849,245.913,55.528,41.646
274.738,246.867,55.528,41.646
290.956,247.058,55.528,41.646
307.938,248.394,55.528,41.646
323.774,246.676,55.528,41.646
325.873,250.683,55.528,41.646
314.997,252.782,55.528,41.646
303.100,250.144,56.757,42.568
292.763,248.779,56.757,42.568
282.037,247.413,56.757,42.568
272.481,248.389,56.757,42.568
262.535,248.974,56.757,42.568
252.589,247.608,56.757,42.568
243.033,248.193,56.757,42.568
232.697,248.388,56.757,42.568
221.971,250.534,56.757,42.568
211.634,251.899,56.757,42.568
200.908,253.654,56.757,42.568
190.572,256.189,56.757,42.568
181.016,254.044,56.757,42.568
171.460,250.339,56.757,42.568
163.074,249.754,56.757,42.568
153.518,248.388,56.757,42.568
143.182,247.413,56.757,42.568
134.406,246.828,56.757,42.568
127.580,247.023,56.757,42.568
118.024,248.388,56.757,42.568
107.688,247.803,56.757,42.568
99.302,247.218,56.757,42.568
103.787,247.803,56.757,42.568
124.265,246.828,56.757,42.568
145.912,247.803,56.757,42.568
167.560,246.828,56.757,42.568
189.597,247.803,56.757,42.568
212.024,247.218,56.757,42.568
234.452,248.193,56.757,42.568
257.660,247.218,56.757,42.568
280.087,247.803,56.757,42.568
304.075,246.828,56.757,42.568
327.672,247.023,56.757,42.568
351.270,246.828,56.757,42.568
376.818,246.243,56.757,42.568
385.204,247.218,56.757,42.568
380.718,245.853,56.757,42.568
377.013,245.658,56.757,42.568
374.478,246.633,56.757,42.568
372.722,245.658,56.757,42.568
370.187,245.853,56.757,42.568
368.042,244.488,56.757,42.568
351.465,246.243,56.757,42.568
321.627,244.878,56.757,42.568
292.178,245.073,56.757,42.568
263.900,244.488,56.757,42.568
235.232,245.463,56.757,42.568
214.365,244.488,56.757,42.568
213.000,245.073,56.757,42.568
214.365,243.708,56.757,42.568
212.220,245.073,56.757,42.568
210.854,243.318,56.757,42.568
209.099,237.662,56.757,42.568
208.124,223.816,56.757,42.568
207.929,209.579,56.757,42.568
206.564,200.413,56.757,42.568
207.539,201.778,56.757,42.568
205.784,200.803,56.757,42.568
204.419,201.778,56.757,42.568
204.614,201.583,56.757,42.568
203.639,202.948,56.757,42.568
202.273,201.193,56.757,42.568
203.249,202.168,56.757,42.568
201.883,200.803,56.757,42.568
201.298,200.608,56.757,42.568
201.883,201.583,56.757,42.568
200.128,200.608,56.757,42.568
200.713,201.193,56.757,42.568
198.958,199.828,56.757,42.568
199.933,199.243,56.757,42.568
198.958,199.828,56.757,42.568
201.103,198.853,56.757,42.568
221.191,199.438,56.757,42.568
249.469,200.413,56.757,42.568
276.577,199.048,56.757,42.568
284.963,199.243,56.757,42.568
281.647,198.658,56.757,42.568
279.892,200.023,56.757,42.568
281.257,198.268,56.757,42.568
281.842,199.243,56.757,42.568
280.867,198.268,56.757,42.568
281.842,199.243,56.757,42.568
280.867,197.878,56.757,42.568
281.842,198.073,56.757,42.568
281.257,197.878,56.757,42.568
282.232,198.463,56.757,42.568
281.257,199.828,56.757,42.568
282.622,200.803,56.757,42.568
280.867,202.558,56.757,42.568
282.232,205.094,56.757,42.568
282.037,206.459,56.757,42.568
282.232,208.214,56.757,42.568
282.817,209.579,56.757,42.568
281.842,210.944,56.757,42.568
283.207,210.749,56.757,42.568
283.012,211.724,56.757,42.568
283.597,212.310,56.757,42.568
284.183,213.285,56.757,42.568
283.207,213.090,56.757,42.568
284.183,213.285,56.757,42.568
284.768,208.409,56.757,42.568
283.792,194.563,56.757,42.568
284.768,181.886,56.757,42.568
284.183,167.260,56.757,42.568
285.938,153.803,56.757,42.568
285.353,146.587,56.757,42.568
286.718,149.513,56.757,42.568
285.353,150.488,56.757,42.568
287.108,150.683,56.757,42.568
286.913,150.878,56.757,42.568
287.108,149.513,56.757,42.568
287.303,150.878,56.757,42.568
288.278,149.513,56.757,42.568
287.693,151.268,56.757,42.568
288.278,151.853,56.757,42.568
289.253,153.218,56.757,42.568
289.058,155.363,56.757,42.568
289.643,157.898,56.757,42.568
289.058,160.044,56.757,42.568
290.423,162.969,56.757,42.568
290.618,165.894,56.757,42.568
291.203,169.210,56.757,42.568
290.228,172.525,56.757,42.568
291.593,176.621,56.757,42.568
292.178,180.326,56.757,42.568
291.593,184.031,56.757,42.568
292.958,184.616,56.757,42.568
291.593,175.840,56.757,42.568
293.348,165.504,56.757,42.568
293.543,157.118,56.757,42.568
294.129,160.824,56.757,42.568
293.934,165.309,56.757,42.568
294.519,169.405,56.757,42.568
295.494,173.500,56.757,42.568
294.909,176.816,56.757,42.568
294.714,178.961,56.757,42.568
294.909,180.716,56.757,42.568
295.494,182.861,56.757,42.568
296.469,182.276,56.757,42.568
295.884,184.421,56.757,42.568
295.689,184.616,56.757,42.568
296.274,185.592,56.757,42.568
297.249,185.397,56.757,42.568
297.054,185.592,56.757,42.568
297.639,186.177,56.757,42.568
296.664,185.201,56.757,42.568
297.639,185.787,56.757,42.568
297.054,185.201,56.757,42.568
298.809,181.106,56.757,42.568
297.834,167.259,56.757,42.568
298.809,154.193,56.757,42.568
297.834,147.367,56.757,42.568
298.809,149.903,56.757,42.568
298.224,150.878,56.757,42.568
299.589,152.243,56.757,42.568
299.784,152.048,56.757,42.568
298.419,153.023,56.757,42.568
300.174,152.828,56.757,42.568
299.199,154.193,56.757,42.568
