353.000,268.000,61.000,27.000
350.451,268.510,61.000,27.000
347.901,267.320,61.000,27.000
344.332,267.830,61.000,27.000
341.442,268.680,61.000,27.000
338.553,277.008,61.000,27.000
334.644,286.696,61.000,27.000
331.754,296.044,61.000,27.000
328.865,305.732,61.000,27.000
325.636,314.740,61.000,27.000
322.406,320.009,61.000,27.000
320.197,318.480,61.000,27.000
316.967,317.290,61.000,27.000
313.738,316.440,61.000,27.000
313.228,316.270,61.000,27.000
326.995,314.740,61.000,27.000
345.522,313.551,61.000,27.000
362.688,313.381,61.000,27.000
379.855,313.891,61.000,27.000
397.361,312.361,61.000,27.000
436.623,310.151,61.000,27.000
433.733,309.981,61.000,27.000
430.164,309.811,61.000,27.000
427.275,308.962,61.000,27.000
424.045,308.792,61.000,27.000
420.816,308.282,61.000,27.000
417.587,309.132,61.000,27.000
414.018,307.942,61.000,27.000
411.128,307.432,61.000,27.000
408.239,308.282,61.000,27.000
405.009,307.432,61.000,27.000
401.440,307.262,61.000,27.000
399.570,307.092,61.000,27.000
409.258,306.242,61.000,27.000
428.125,305.732,61.000,27.000
445.971,304.883,61.000,27.000
462.458,305.392,61.000,27.000
501.720,304.203,61.000,27.000
498.150,304.033,61.000,27.000
494.581,303.863,61.000,27.000
489.992,303.693,61.000,27.000
486.423,303.183,61.000,27.000
482.853,304.033,61.000,27.000
478.604,303.523,61.000,27.000
474.355,302.673,61.000,27.000
470.786,302.843,61.000,27.000
466.537,303.013,61.000,27.000
462.288,303.183,61.000,27.000
458.718,303.013,61.000,27.000
454.469,302.843,61.000,27.000
450.900,303.013,61.000,27.000
446.311,303.183,61.000,27.000
442.402,303.013,61.000,27.000
438.492,302.843,61.000,27.000
434.243,303.013,61.000,27.000
429.314,303.183,61.000,27.000
425.065,303.013,61.000,27.000
420.136,303.183,61.000,27.000
415.887,303.693,61.000,27.000
411.298,302.503,61.000,27.000
407.389,303.013,61.000,27.000
402.800,303.863,61.000,27.000
397.531,303.353,61.000,27.000
392.942,304.203,61.000,27.000
388.693,304.033,61.000,27.000
383.424,304.203,61.000,27.000
379.854,304.373,61.000,27.000
374.246,304.543,61.000,27.000
370.336,304.033,61.000,27.000
365.747,304.883,61.000,27.000
359.798,304.713,61.000,27.000
355.549,305.222,61.000,27.000
361.838,306.072,61.000,27.000
377.645,305.562,61.000,27.000
393.792,305.392,61.000,27.000
408.579,306.922,61.000,27.000
425.065,308.112,61.000,27.000
420.816,308.622,61.000,27.000
414.527,308.112,61.000,27.000
408.918,309.302,61.000,27.000
404.329,310.151,61.000,27.000
399.740,310.321,61.000,27.000
393.452,311.171,61.000,27.000
389.542,311.681,61.000,27.000
382.914,311.171,61.000,27.000
378.665,312.361,61.000,27.000
373.396,313.211,61.000,27.000
369.147,313.721,61.000,27.000
363.878,313.551,61.000,27.000
358.269,314.061,61.000,27.000
354.020,315.250,61.000,27.000
348.751,316.100,61.000,27.000
343.822,316.270,61.000,27.000
350.110,317.120,61.000,27.000
365.577,317.630,61.000,27.000
381.044,317.460,61.000,27.000
396.511,318.990,61.000,27.000
410.958,318.820,61.000,27.000
426.765,319.330,61.000,27.000
441.552,320.519,61.000,27.000
449.880,320.009,61.000,27.000
443.931,321.539,61.000,27.000
436.623,321.369,61.000,27.000
430.674,322.899,61.000,27.000
425.065,322.729,61.000,27.000
419.796,323.239,61.000,27.000
413.507,324.089,61.000,27.000
407.899,324.599,61.000,27.000
402.630,324.429,61.000,27.000
396.681,325.958,61.000,27.000
391.412,325.448,61.000,27.000
386.483,326.638,61.000,27.000
380.534,326.128,61.000,27.000
373.906,327.318,61.000,27.000
368.977,327.828,61.000,27.000
363.028,327.658,61.000,27.000
357.419,328.168,61.000,27.000
352.150,329.018,61.000,27.000
345.861,329.188,61.000,27.000
339.233,330.037,61.000,27.000
334.304,329.867,61.000,27.000
328.015,330.377,61.000,27.000
321.386,331.567,61.000,27.000
316.117,330.717,61.000,27.000
309.489,331.567,61.000,27.000
311.018,331.397,61.000,27.000
323.426,332.927,61.000,27.000
338.213,332.757,61.000,27.000
351.980,332.927,61.000,27.000
365.407,333.777,61.000,27.000
374.076,334.287,61.000,27.000
366.767,334.796,61.000,27.000
358.439,334.287,61.000,27.000
351.470,335.816,61.000,27.000
344.842,335.306,61.000,27.000
337.193,336.496,61.000,27.000
330.225,337.006,61.000,27.000
323.596,336.836,61.000,27.000
316.287,337.006,61.000,27.000
310.339,337.176,61.000,27.000
303.370,335.646,61.000,27.000
296.401,326.298,61.000,27.000
289.773,316.950,61.000,27.000
282.464,306.922,61.000,27.000
276.516,297.234,61.000,27.000
268.867,287.546,61.000,27.000
262.238,276.498,61.000,27.000
256.290,274.629,61.000,27.000
249.661,275.819,61.000,27.000
243.712,276.668,61.000,27.000
251.361,275.819,61.000,27.000
266.148,276.328,61.000,27.000
280.255,277.178,61.000,27.000
294.362,276.668,61.000,27.000
308.129,276.158,61.000,27.000
321.896,277.348,61.000,27.000
335.663,277.178,61.000,27.000
349.091,276.668,61.000,27.000
362.858,276.498,61.000,27.000
376.285,277.688,61.000,27.000
390.392,276.498,61.000,27.000
404.159,277.348,61.000,27.000
411.468,277.518,61.000,27.000
403.819,276.668,61.000,27.000
395.151,276.498,61.000,27.000
388.183,277.348,61.000,27.000
381.214,277.178,61.000,27.000
374.246,277.008,61.000,27.000
367.617,276.159,61.000,27.000
360.308,276.668,61.000,27.000
354.360,276.159,61.000,27.000
347.731,276.328,61.000,27.000
340.762,276.498,61.000,27.000
334.134,276.668,61.000,27.000
327.845,275.479,61.000,27.000
320.877,276.328,61.000,27.000
314.248,275.819,61.000,27.000
308.299,275.309,61.000,27.000
301.670,282.277,61.000,27.000
294.702,291.625,61.000,27.000
288.073,292.815,61.000,27.000
282.124,291.285,61.000,27.000
277.195,290.775,61.000,27.000
284.504,290.266,61.000,27.000
298.271,291.455,61.000,27.000
313.398,290.945,61.000,27.000
327.165,290.436,61.000,27.000
340.932,291.625,61.000,27.000
355.040,290.436,61.000,27.000
369.147,291.285,61.000,27.000
382.234,291.115,61.000,27.000
380.364,291.625,61.000,27.000
371.696,290.436,61.000,27.000
363.708,291.625,61.000,27.000
356.739,290.776,61.000,27.000
349.771,291.625,61.000,27.000
343.142,290.776,61.000,27.000
337.193,291.285,61.000,27.000
338.723,292.135,61.000,27.000
351.810,291.625,61.000,27.000
366.257,290.776,61.000,27.000
380.704,291.625,61.000,27.000
394.132,292.135,61.000,27.000
408.579,292.305,61.000,27.000
422.346,292.475,61.000,27.000
437.133,293.325,61.000,27.000
448.520,293.495,61.000,27.000
443.252,293.325,61.000,27.000
435.263,293.495,61.000,27.000
427.955,294.345,61.000,27.000
420.986,294.175,61.000,27.000
414.357,294.345,61.000,27.000
408.069,295.195,61.000,27.000
401.440,295.025,61.000,27.000
395.831,294.855,61.000,27.000
388.863,294.685,61.000,27.000
382.574,294.515,61.000,27.000
375.945,293.325,61.000,27.000
370.676,292.475,61.000,27.000
363.708,290.606,61.000,27.000
357.759,288.056,61.000,27.000
352.150,286.526,61.000,27.000
351.300,284.657,61.000,27.000
364.388,283.807,61.000,27.000
379.515,283.297,61.000,27.000
393.282,282.447,61.000,27.000
408.409,282.277,61.000,27.000
422.856,281.767,61.000,27.000
436.963,280.578,61.000,27.000
451.410,279.728,61.000,27.000
454.299,280.238,61.000,27.000
445.971,280.408,61.000,27.000
438.323,279.898,61.000,27.000
432.714,279.048,61.000,27.000
425.745,279.898,61.000,27.000
420.136,279.388,61.000,27.000
414.527,279.218,61.000,27.000
408.239,279.388,61.000,27.000
403.990,279.898,61.000,27.000
397.361,278.708,61.000,27.000
392.772,278.538,61.000,27.000
386.483,278.708,61.000,27.000
382.234,278.878,61.000,27.000
376.285,278.708,61.000,27.000
371.356,278.538,61.000,27.000
366.767,278.708,61.000,27.000
371.696,278.538,61.000,27.000
387.163,277.688,61.000,27.000
404.329,278.198,61.000,27.000
418.776,279.048,61.000,27.000
433.903,277.858,61.000,27.000
449.370,278.028,61.000,27.000
465.517,278.198,61.000,27.000
479.624,278.028,61.000,27.000
493.731,277.518,61.000,27.000
492.201,277.008,61.000,27.000
485.233,277.518,61.000,27.000
479.964,276.328,61.000,27.000
474.695,280.238,61.000,27.000
469.766,289.926,61.000,27.000
464.837,298.934,61.000,27.000
460.248,308.622,61.000,27.000
455.659,316.950,61.000,27.000
450.050,317.120,61.000,27.000
445.801,315.250,61.000,27.000
440.872,314.061,61.000,27.000
436.283,313.551,61.000,27.000
432.034,312.701,61.000,27.000
426.765,311.851,61.000,27.000
421.836,311.681,61.000,27.000
417.247,311.511,61.000,27.000
412.998,310.661,61.000,27.000
408.069,310.152,61.000,27.000
403.480,311.001,61.000,27.000
399.230,310.492,61.000,27.000
393.962,309.982,61.000,27.000
389.033,309.132,61.000,27.000
384.444,309.642,61.000,27.000
380.194,308.452,61.000,27.000
381.724,308.622,61.000,27.000
395.151,307.092,61.000,27.000
412.658,307.942,61.000,27.000
426.765,307.092,61.000,27.000
429.994,306.922,61.000,27.000
422.686,306.752,61.000,27.000
416.397,306.242,61.000,27.000
412.828,305.733,61.000,27.000
406.539,305.223,61.000,27.000
402.290,306.072,61.000,27.000
398.041,304.883,61.000,27.000
392.772,304.033,61.000,27.000
388.183,304.543,61.000,27.000
383.934,303.353,61.000,27.000
379.005,304.203,61.000,27.000
374.415,303.013,61.000,27.000
370.166,303.183,61.000,27.000
364.557,303.013,61.000,27.000
358.949,302.163,61.000,27.000
354.360,302.673,61.000,27.000
349.091,301.823,61.000,27.000
343.142,301.653,61.000,27.000
337.873,301.143,61.000,27.000
331.244,301.993,61.000,27.000
326.655,301.483,61.000,27.000
319.347,301.653,61.000,27.000
314.758,300.464,61.000,27.000
307.789,301.653,61.000,27.000
302.180,300.124,61.000,27.000
307.789,299.954,61.000,27.000
321.556,299.784,61.000,27.000
336.003,299.274,61.000,27.000
350.450,299.444,61.000,27.000
364.897,298.934,61.000,27.000
379.005,298.424,61.000,27.000
390.732,298.934,61.000,27.000
385.803,297.404,61.000,27.000
377.135,297.914,61.000,27.000
370.166,297.064,61.000,27.000
363.538,296.894,61.000,27.000
356.569,296.045,61.000,27.000
349.941,296.554,61.000,27.000
343.652,295.705,61.000,27.000
336.683,295.535,61.000,27.000
330.395,295.365,61.000,27.000
324.446,296.554,61.000,27.000
317.817,295.365,61.000,27.000
316.666,291.885,59.699,26.424
303.062,293.836,61.020,27.009
296.431,292.986,61.020,27.009
289.800,294.176,61.020,27.009
283.849,291.966,61.020,27.009
291.112,292.902,62.370,27.606
304.666,289.892,63.750,28.217
318.698,291.135,63.750,28.217
331.665,289.537,63.750,28.217
334.330,291.135,63.750,28.217
324.915,288.826,63.750,28.217
316.922,290.425,63.750,28.217
309.284,290.958,63.750,28.217
301.291,288.648,63.750,28.217
293.653,289.892,63.750,28.217
286.725,288.293,63.750,28.217
279.443,289.537,63.750,28.217
271.805,292.201,63.750,28.217
264.877,300.905,63.750,28.217
257.594,303.214,63.750,28.217
249.956,303.747,63.750,28.217
242.674,301.793,63.750,28.217
235.036,302.681,63.750,28.217
228.463,303.214,63.750,28.217
231.128,300.905,63.750,28.217
244.095,301.082,63.750,28.217
258.483,301.615,63.750,28.217
270.384,301.793,63.750,28.217
281.574,300.550,63.750,28.217
278.555,301.082,63.750,28.217
268.074,301.260,63.750,28.217
260.081,301.082,63.750,28.217
252.088,299.839,63.750,28.217
244.450,301.082,63.750,28.217
246.759,301.260,63.750,28.217
259.726,300.727,63.750,28.217
272.693,301.260,63.750,28.217
284.949,300.372,63.750,28.217
297.205,300.905,63.750,28.217
303.422,299.306,63.750,28.217
295.074,300.550,63.750,28.217
285.660,301.438,63.750,28.217
276.601,299.839,63.750,28.217
267.542,300.727,63.750,28.217
258.483,301.260,63.750,28.217
249.779,299.661,63.750,28.217
241.430,300.194,63.750,28.217
232.726,299.661,63.750,28.217
224.378,300.550,63.750,28.217
215.674,299.661,63.750,28.217
207.326,300.194,63.750,28.217
198.622,299.306,63.750,28.217
190.274,300.194,63.750,28.217
181.215,298.596,63.750,28.217
172.866,299.839,63.750,28.217
164.873,300.372,63.750,28.217
157.235,298.773,63.750,28.217
167.673,302.670,62.391,27.615
176.539,305.277,62.391,27.615
189.229,304.408,62.391,27.615
199.486,304.234,62.391,27.615
212.176,304.060,62.391,27.615
223.476,305.277,62.391,27.615
230.256,303.713,62.391,27.615
221.042,303.886,62.391,27.615
209.743,304.060,62.391,27.615
201.224,304.234,62.391,27.615
191.663,302.670,62.391,27.615
182.797,302.843,62.391,27.615
181.233,303.017,62.391,27.615
192.185,302.843,62.391,27.615
204.875,301.974,62.391,27.615
215.479,301.800,62.391,27.615
228.517,301.627,62.391,27.615
240.164,300.757,62.391,27.615
250.769,300.584,62.391,27.615
259.635,300.410,62.391,27.615
252.159,299.888,62.391,27.615
240.164,300.062,62.391,27.615
231.299,299.540,62.391,27.615
222.085,299.019,62.391,27.615
212.872,299.540,62.391,27.615
214.089,298.324,62.391,27.615
226.431,297.802,62.391,27.615
238.774,298.671,62.391,27.615
250.421,297.802,62.391,27.615
260.330,297.976,62.391,27.615
272.325,298.150,62.391,27.615
274.585,298.324,62.391,27.615
264.676,296.759,62.391,27.615
254.419,297.628,62.391,27.615
244.858,297.454,62.391,27.615
235.297,297.281,62.391,27.615
226.431,296.759,62.391,27.615
217.565,297.628,62.391,27.615
213.567,297.454,62.391,27.615
222.433,296.933,62.391,27.615
235.471,297.454,62.391,27.615
247.118,296.933,62.391,27.615
257.375,297.802,62.391,27.615
269.717,296.585,62.391,27.615
279.278,297.107,62.391,27.615
274.585,297.628,62.391,27.615
263.285,296.411,62.391,27.615
253.724,295.890,62.391,27.615
244.510,296.759,62.391,27.615
234.949,296.585,62.391,27.615
225.040,295.716,62.391,27.615
215.827,295.890,62.391,27.615
206.613,296.411,62.391,27.615
198.443,295.542,62.391,27.615
202.789,295.021,62.391,27.615
215.827,295.890,62.391,27.615
225.736,295.716,62.391,27.615
238.078,294.847,62.391,27.615
247.640,295.368,62.391,27.615
259.982,294.847,62.391,27.615
269.543,295.716,62.391,27.615
281.886,294.847,62.391,27.615
280.669,295.368,62.391,27.615
270.413,294.847,62.391,27.615
258.765,295.368,62.391,27.615
250.247,294.499,62.391,27.615
239.643,295.368,62.391,27.615
230.429,294.847,62.391,27.615
220.521,295.368,62.391,27.615
210.959,294.847,62.391,27.615
200.355,296.064,62.391,27.615
191.142,295.542,62.391,27.615
181.233,295.021,62.391,27.615
171.324,296.238,62.391,27.615
161.415,295.021,62.391,27.615
151.506,295.890,62.391,27.615
146.465,295.716,62.391,27.615
154.635,295.890,62.391,27.615
166.283,296.064,62.391,27.615
175.844,295.890,62.391,27.615
185.405,296.064,62.391,27.615
196.357,296.585,62.391,27.615
206.613,295.716,62.391,27.615
217.565,295.890,62.391,27.615
227.822,296.759,62.391,27.615
237.383,296.585,62.391,27.615
249.030,296.064,62.391,27.615
258.592,297.281,62.391,27.615
268.500,296.759,62.391,27.615
264.154,297.281,62.391,27.615
251.116,296.759,62.391,27.615
241.555,297.976,62.391,27.615
232.342,298.845,62.391,27.615
222.781,298.324,62.391,27.615
213.915,298.150,62.391,27.615
204.354,300.062,62.391,27.615
206.266,300.236,62.391,27.615
217.913,299.367,62.391,27.615
229.908,300.236,62.391,27.615
240.512,300.757,62.391,27.615
253.203,301.627,62.391,27.615
263.807,301.453,62.391,27.615
275.106,302.322,62.391,27.615
286.754,302.844,62.391,27.615
298.749,303.365,62.391,27.615
309.700,303.191,62.391,27.615
320.652,304.756,62.391,27.615
332.300,303.887,62.391,27.615
342.208,304.756,62.391,27.615
348.293,305.277,62.391,27.615
339.427,304.756,62.391,27.615
327.432,305.625,62.391,27.615
318.566,306.146,62.391,27.615
309.005,307.363,62.391,27.615
298.401,306.494,62.391,27.615
289.535,307.016,62.391,27.615
280.322,308.233,62.391,27.615
270.413,307.711,62.391,27.615
260.851,308.580,62.391,27.615
250.595,309.102,62.391,27.615
241.729,310.319,62.391,27.615
236.688,309.797,62.391,27.615
244.858,310.666,62.391,27.615
254.767,311.188,62.391,27.615
266.414,312.405,62.391,27.615
275.628,311.536,62.391,27.615
285.884,312.405,62.391,27.615
295.098,313.274,62.391,27.615
305.354,313.448,62.391,27.615
314.916,313.969,62.391,27.615
311.960,314.838,62.391,27.615
298.575,315.708,62.391,27.615
286.580,315.534,62.391,27.615
276.323,315.708,62.391,27.615
264.328,316.577,62.391,27.615
254.072,317.098,62.391,27.615
242.077,317.620,62.391,27.615
231.473,317.446,62.391,27.615
221.216,318.315,62.391,27.615
211.307,318.141,62.391,27.615
214.263,319.011,62.391,27.615
224.519,319.532,62.391,27.615
234.776,319.358,62.391,27.615
243.989,319.185,62.391,27.615
252.855,320.401,62.391,27.615
262.068,320.228,62.391,27.615
271.630,320.401,62.391,27.615
280.843,320.575,62.391,27.615
274.759,320.749,62.391,27.615
262.068,321.618,62.391,27.615
249.726,321.097,62.391,27.615
239.817,321.618,62.391,27.615
226.779,321.792,62.391,27.615
216.870,322.314,62.391,27.615
204.527,321.097,62.391,27.615
194.966,322.314,62.391,27.615
182.624,321.792,62.391,27.615
173.062,322.661,62.391,27.615
160.720,322.140,62.391,27.615
151.159,323.357,62.391,27.615
138.816,322.487,62.391,27.615
128.212,322.661,62.391,27.615
128.038,322.835,62.391,27.615
137.251,323.357,62.391,27.615
147.508,322.487,62.391,27.615
156.722,321.966,62.391,27.615
166.283,323.183,62.391,27.615
175.496,323.357,62.391,27.615
185.057,321.792,62.391,27.615
193.923,322.661,62.391,27.615
203.484,322.487,62.391,27.615
213.393,322.314,62.391,27.615
222.607,321.444,62.391,27.615
231.125,322.314,62.391,27.615
224.345,321.792,62.391,27.615
211.307,322.314,62.391,27.615
198.965,321.444,62.391,27.615
187.317,322.314,62.391,27.615
176.713,322.140,62.391,27.615
165.066,322.661,62.391,27.615
152.723,321.792,62.391,27.615
143.162,323.009,62.391,27.615
136.035,323.183,62.391,27.615
143.510,322.661,62.391,27.615
153.766,322.487,62.391,27.615
163.327,323.009,62.391,27.615
172.193,323.183,62.391,27.615
181.407,323.009,62.391,27.615
191.316,323.531,62.391,27.615
200.529,323.009,62.391,27.615
210.438,323.531,62.391,27.615
219.651,323.009,62.391,27.615
229.213,324.226,62.391,27.615
238.426,322.661,62.391,27.615
247.987,323.183,62.391,27.615
256.853,324.400,62.391,27.615
266.067,323.183,62.391,27.615
275.280,324.052,62.391,27.615
276.845,323.878,62.391,27.615
263.459,324.052,62.391,27.615
251.116,323.878,62.391,27.615
240.165,323.357,62.391,27.615
228.517,323.531,62.391,27.615
219.651,324.052,62.391,27.615
222.607,323.878,62.391,27.615
232.863,324.052,62.391,27.615
242.077,324.921,62.391,27.615
251.638,324.052,62.391,27.615
261.547,324.574,62.391,27.615
271.108,324.052,62.391,27.615
280.322,325.269,62.391,27.615
289.883,323.704,62.391,27.615
298.749,324.574,62.391,27.615
309.353,325.095,62.391,27.615
318.566,325.617,62.391,27.615
328.475,324.400,62.391,27.615
337.689,324.921,62.391,27.615
344.816,325.790,62.391,27.615
335.255,324.921,62.391,27.615
321.869,325.095,62.391,27.615
309.874,325.964,62.391,27.615
299.618,325.790,62.391,27.615
289.014,325.269,62.391,27.615
277.019,324.747,62.391,27.615
266.414,325.964,62.391,27.615
256.158,326.138,62.391,27.615
244.511,325.964,62.391,27.615
234.602,326.486,62.391,27.615
223.997,326.312,62.391,27.615
215.132,325.790,62.391,27.615
220.868,326.660,62.391,27.615
231.125,326.834,62.391,27.615
241.034,327.355,62.391,27.615
250.247,326.138,62.391,27.615
260.156,327.355,62.391,27.615
270.065,327.181,62.391,27.615
279.626,328.050,62.391,27.615
289.883,327.529,62.391,27.615
292.838,328.050,62.391,27.615
280.843,328.572,62.391,27.615
268.500,327.703,62.391,27.615
258.939,328.224,62.391,27.615
246.597,328.398,62.391,27.615
236.688,328.572,62.391,27.615
225.736,328.398,62.391,27.615
216.175,328.920,62.391,27.615
218.435,329.789,62.391,27.615
229.039,329.267,62.391,27.615
238.600,328.746,62.391,27.615
248.161,329.963,62.391,27.615
257.722,330.484,62.391,27.615
267.979,329.267,62.391,27.615
277.192,330.136,62.391,27.615
287.101,331.006,62.391,27.615
297.010,330.484,62.391,27.615
306.571,329.963,62.391,27.615
316.828,331.180,62.391,27.615
321.522,331.701,62.391,27.615
312.308,330.484,62.391,27.615
298.922,330.658,62.391,27.615
286.927,331.527,62.391,27.615
276.323,331.006,62.391,27.615
265.719,331.527,62.391,27.615
255.115,331.006,62.391,27.615
243.468,331.875,62.391,27.615
233.211,323.357,62.391,27.615
221.564,313.100,62.391,27.615
212.003,304.234,62.391,27.615
200.008,293.282,62.391,27.615
190.099,283.374,62.391,27.615
179.147,276.594,62.391,27.615
172.019,277.811,62.391,27.615
179.147,277.637,62.391,27.615
189.751,277.115,62.391,27.615
200.355,277.985,62.391,27.615
209.569,277.811,62.391,27.615
219.825,277.637,62.391,27.615
229.039,277.463,62.391,27.615
238.600,277.637,62.391,27.615
248.509,278.158,62.391,27.615
258.070,278.332,62.391,27.615
267.284,277.463,62.391,27.615
277.192,277.985,62.391,27.615
286.754,278.506,62.391,27.615
296.663,277.985,62.391,27.615
305.876,279.201,62.391,27.615
314.394,278.332,62.391,27.615
315.611,278.506,62.391,27.615
302.573,279.028,62.391,27.615
289.883,280.245,62.391,27.615
277.888,279.028,62.391,27.615
266.241,280.245,62.391,27.615
255.636,280.071,62.391,27.615
244.337,281.288,62.391,27.615
235.819,280.418,62.391,27.615
240.512,280.940,62.391,27.615
251.464,282.157,62.391,27.615
260.678,281.635,62.391,27.615
270.239,280.418,62.391,27.615
279.105,279.549,62.391,27.615
288.666,279.028,62.391,27.615
298.575,278.158,62.391,27.615
307.788,276.942,62.391,27.615
317.697,275.725,62.391,27.615
326.911,274.160,62.391,27.615
335.777,272.596,62.391,27.615
346.033,269.988,62.391,27.615
354.899,268.423,62.391,27.615
356.116,265.468,62.391,27.615
343.078,262.513,62.391,27.615
330.387,259.558,62.391,27.615
320.131,256.602,62.391,27.615
308.136,253.299,62.391,27.615
297.184,249.301,62.391,27.615
286.232,245.998,62.391,27.615
275.280,242.695,62.391,27.615
264.328,238.697,62.391,27.615
253.376,234.699,62.391,27.615
243.120,230.700,62.391,27.615
231.473,226.702,62.391,27.615
221.912,222.356,62.391,27.615
213.046,218.010,62.391,27.615
219.478,214.012,62.391,27.615
230.430,209.666,62.391,27.615
239.991,204.972,62.391,27.615
249.204,200.974,62.391,27.615
259.113,196.628,62.391,27.615
269.022,191.934,62.391,27.615
278.583,187.936,62.391,27.615
289.187,183.590,62.391,27.615
298.401,179.244,62.391,27.615
307.962,174.898,62.391,27.615
309.179,171.595,62.391,27.615
296.141,167.944,62.391,27.615
284.146,166.380,62.391,27.615
274.237,172.116,62.391,27.615
263.633,179.591,62.391,27.615
253.724,186.371,62.391,27.615
243.120,192.803,62.391,27.615
231.473,200.278,62.391,27.615
221.912,207.058,62.391,27.615
210.264,214.533,62.391,27.615
200.703,221.313,62.391,27.615
190.447,228.440,62.391,27.615
179.495,235.568,62.391,27.615
169.238,242.695,62.391,27.615
158.286,250.170,62.391,27.615
148.030,257.993,62.391,27.615
137.078,261.991,62.391,27.615
127.169,258.341,62.391,27.615
118.651,254.690,62.391,27.615
124.735,251.735,62.391,27.615
136.035,248.780,62.391,27.615
144.901,245.824,62.391,27.615
154.114,243.217,62.391,27.615
164.371,239.566,62.391,27.615
174.627,236.959,62.391,27.615
184.536,234.699,62.391,27.615
194.445,231.743,62.391,27.615
204.354,229.136,62.391,27.615
214.263,226.876,62.391,27.615
224.171,223.921,62.391,27.615
234.080,221.313,62.391,27.615
243.989,218.010,62.391,27.615
254.246,216.098,62.391,27.615
264.502,213.490,62.391,27.615
274.759,210.535,62.391,27.615
285.015,207.580,62.391,27.615
294.229,204.972,62.391,27.615
304.833,202.712,62.391,27.615
314.394,199.757,62.391,27.615
326.041,197.149,62.391,27.615
335.255,194.542,62.391,27.615
346.555,191.586,62.391,27.615
356.811,188.631,62.391,27.615
366.025,185.676,62.391,27.615
377.324,182.721,62.391,27.615
387.581,179.418,62.391,27.615
397.837,176.115,62.391,27.615
407.051,173.159,62.391,27.615
415.917,169.856,62.391,27.615
411.223,166.206,62.391,27.615
398.185,162.208,62.391,27.615
388.276,158.557,62.391,27.615
377.324,155.254,62.391,27.615
367.415,150.908,62.391,27.615
357.506,147.605,62.391,27.615
347.250,143.259,62.391,27.615
337.689,138.913,62.391,27.615
327.780,135.610,62.391,27.615
318.219,130.916,62.391,27.615
307.962,126.918,62.391,27.615
298.053,122.572,62.391,27.615
289.535,117.531,62.391,27.615
283.330,119.333,61.060,27.027
275.334,122.906,61.060,27.027
273.526,128.934,59.758,26.450
256.028,135.154,58.484,25.886
248.111,138.079,59.777,26.459
248.314,149.710,61.100,27.044
247.461,158.066,62.452,27.643
242.618,164.440,63.834,28.254
192.642,207.492,65.246,28.879
178.906,210.379,66.690,29.518
178.005,220.544,65.267,28.889
175.208,232.866,66.711,29.528
172.734,235.046,68.187,30.181
169.023,243.189,69.696,30.849
162.841,238.464,68.210,30.191
166.621,265.538,69.719,30.859
169.679,279.506,71.261,31.542
170.745,293.783,72.838,32.240
166.781,296.164,74.450,32.953
168.755,297.306,76.097,33.682
170.333,299.353,77.780,34.427
180.041,307.292,79.501,35.189
177.093,305.753,81.260,35.968
173.140,301.832,83.058,36.763
170.060,298.784,84.896,37.577
166.421,302.049,86.774,38.408
162.200,304.384,88.694,39.258
164.552,298.565,90.656,40.127
169.053,294.190,92.662,41.014
172.046,291.326,94.712,41.922
174.558,291.683,96.808,42.849
171.528,294.288,98.950,43.797
174.724,290.657,101.139,44.766
185.007,290.454,103.377,45.757
196.116,292.637,105.664,46.769
205.027,286.316,108.002,47.804
201.023,274.860,110.391,48.862
198.844,262.512,112.834,49.943
202.489,250.543,115.330,51.048
204.880,245.644,117.882,52.177
204.598,241.319,120.490,53.332
202.917,242.470,123.156,54.512
204.047,240.087,125.881,55.718
205.201,241.290,128.666,56.950
216.796,238.057,131.512,58.210
228.648,231.710,134.422,59.498
235.321,226.777,137.396,60.815
237.376,218.558,140.436,62.160
246.039,215.826,137.441,60.835
252.549,217.741,137.441,60.835
256.194,220.644,140.482,62.181
261.842,227.721,137.486,60.855
269.462,230.625,140.528,62.201
274.357,233.175,137.531,60.875
250.338,226.806,134.599,59.576
247.682,224.980,137.577,60.895
175.766,118.119,140.620,62.242
184.778,89.516,140.620,62.242
199.495,87.536,137.622,60.915
208.314,90.987,137.622,60.915
221.735,87.536,137.622,60.915
230.964,90.773,134.687,59.616
242.167,88.877,131.815,58.344
253.130,89.853,129.004,57.100
268.017,90.808,126.253,55.882
279.875,90.387,123.560,54.691
290.152,93.293,120.925,53.524
304.106,91.590,118.346,52.383
314.585,93.738,115.823,51.266
327.952,92.729,113.353,50.173
338.597,95.395,110.935,49.103
351.399,93.237,108.570,48.055
362.179,95.208,106.254,47.031
369.304,95.424,103.989,46.028
363.990,95.077,101.771,45.046
352.776,95.830,99.601,44.086
342.336,97.103,97.477,43.145
332.118,97.301,95.398,42.225
324.681,97.495,93.364,41.325
315.396,98.186,91.373,40.444
306.310,99.354,89.424,39.581
296.936,98.095,87.517,38.737
288.233,100.153,85.651,37.911
278.795,106.308,83.824,37.103
270.009,117.734,82.037,36.311
260.969,128.917,80.287,35.537
251.350,138.984,80.287,35.537
242.934,149.497,78.575,34.779
232.644,160.663,78.575,34.779
223.230,170.515,78.575,34.779
213.378,180.804,78.575,34.779
203.526,190.657,78.575,34.779
193.674,200.509,78.575,34.779
184.260,209.047,78.575,34.779
175.284,206.639,78.575,34.779
179.881,204.668,78.575,34.779
191.047,203.136,78.575,34.779
202.213,202.917,78.575,34.779
212.502,200.946,78.575,34.779
223.230,200.290,78.575,34.779
233.958,199.633,78.575,34.779
244.248,198.100,78.575,34.779
254.538,197.881,78.575,34.779
264.828,196.349,78.575,34.779
274.680,197.006,78.575,34.779
285.408,195.035,78.575,34.779
295.698,194.378,78.575,34.779
306.425,194.597,78.575,34.779
317.153,193.503,78.575,34.779
327.443,194.159,78.575,34.779
337.733,192.627,78.575,34.779
347.585,191.970,78.575,34.779
358.313,193.065,78.575,34.779
368.603,191.532,78.575,34.779
378.455,192.627,78.575,34.779
373.857,190.219,78.575,34.779
360.064,191.313,78.575,34.779
349.336,189.343,78.575,34.779
339.484,188.686,78.575,34.779
329.632,187.154,78.575,34.779
319.780,187.810,78.575,34.779
312.388,186.282,76.899,34.037
321.173,186.496,76.899,34.037
332.101,184.996,76.899,34.037
342.600,184.354,76.899,34.037
352.670,184.139,76.899,34.037
364.026,182.211,76.899,34.037
374.525,181.997,76.899,34.037
385.453,179.640,76.899,34.037
394.238,181.140,76.899,34.037
402.166,178.783,76.899,34.037
412.236,180.283,76.899,34.037
420.592,177.926,76.899,34.037
410.951,178.997,76.899,34.037
400.023,176.640,76.899,34.037
389.524,178.568,76.899,34.037
379.882,177.497,76.899,34.037
369.811,178.140,76.899,34.037
359.741,177.069,76.899,34.037
350.956,178.140,76.899,34.037
355.027,177.497,76.899,34.037
366.812,178.997,76.899,34.037
377.739,177.497,76.899,34.037
388.238,178.997,76.899,34.037
399.166,177.926,76.899,34.037
409.665,179.854,76.899,34.037
419.735,178.783,76.899,34.037
430.234,179.854,76.899,34.037
441.162,179.640,76.899,34.037
452.090,179.426,76.899,34.037
462.589,179.211,76.899,34.037
472.659,179.426,76.899,34.037
483.158,180.068,76.899,34.037
481.230,178.997,76.899,34.037
469.445,180.068,76.899,34.037
458.517,179.854,76.899,34.037
448.018,181.354,76.899,34.037
437.091,180.283,76.899,34.037
432.591,180.925,76.899,34.037
440.091,181.997,76.899,34.037
451.875,180.497,76.899,34.037
462.374,181.997,76.899,34.037
473.302,180.925,76.899,34.037
483.801,182.854,76.899,34.037
493.871,182.640,76.899,34.037
504.370,182.854,76.899,34.037
506.727,183.497,76.899,34.037
494.514,182.854,76.899,34.037
484.015,183.925,76.899,34.037
473.088,184.139,76.899,34.037
462.589,183.497,76.899,34.037
454.232,184.568,76.899,34.037
462.160,184.782,76.899,34.037
464.517,185.425,76.899,34.037
454.018,185.211,76.899,34.037
441.805,185.425,76.899,34.037
431.306,186.068,76.899,34.037
426.806,185.853,76.899,34.037
434.734,187.353,76.899,34.037
446.090,186.282,76.899,34.037
457.018,187.353,76.899,34.037
467.517,187.568,76.899,34.037
478.444,188.210,76.899,34.037
488.943,187.996,76.899,34.037
498.157,188.639,76.899,34.037
493.657,189.710,76.899,34.037
480.587,189.925,76.899,34.037
470.088,190.996,76.899,34.037
460.017,189.925,76.899,34.037
449.947,191.853,76.899,34.037
440.305,192.067,76.899,34.037
441.376,191.424,76.899,34.037
452.304,192.496,76.899,34.037
463.231,192.710,76.899,34.037
473.730,193.353,76.899,34.037
483.801,193.139,76.899,34.037
494.300,193.353,76.899,34.037
505.227,193.996,76.899,34.037
515.726,193.781,76.899,34.037
525.797,195.281,76.899,34.037
535.867,194.638,76.899,34.037
545.938,195.710,76.899,34.037
556.437,195.924,76.899,34.037
561.794,196.567,76.899,34.037
551.295,195.924,76.899,34.037
540.367,197.424,76.899,34.037
529.868,196.781,76.899,34.037
518.940,198.281,76.899,34.037
508.441,197.210,76.899,34.037
498.371,197.852,76.899,34.037
