623.000,403.000,10.000,12.000
621.486,402.870,10.000,12.000
619.799,402.827,10.000,12.000
616.694,403.163,9.787,11.744
616.483,402.190,9.787,11.744
621.352,402.825,9.787,11.744
622.072,403.714,9.787,11.744
622.961,403.841,9.787,11.744
622.616,403.599,9.578,11.494
623.155,404.137,9.578,11.494
622.865,403.682,9.578,11.494
622.658,404.220,9.578,11.494
622.865,403.599,9.578,11.494
622.243,403.972,9.578,11.494
622.285,403.350,9.578,11.494
622.326,403.723,9.578,11.494
622.368,404.013,9.578,11.494
622.326,403.309,9.578,11.494
622.202,403.599,9.578,11.494
622.077,403.889,9.578,11.494
621.953,403.184,9.578,11.494
622.415,403.986,9.374,11.249
621.806,403.783,9.374,11.249
622.253,403.499,9.374,11.249
622.699,403.378,9.374,11.249
622.171,403.256,9.374,11.249
622.618,404.108,9.374,11.249
622.090,404.148,9.374,11.249
622.699,404.189,9.374,11.249
622.334,404.310,9.374,11.249
621.969,404.270,9.374,11.249
622.577,404.229,9.374,11.249
622.293,404.432,9.374,11.249
623.145,403.661,9.374,11.249
623.104,403.783,9.374,11.249
622.982,403.905,9.374,11.249
622.921,403.486,9.581,11.497
622.428,403.574,9.793,11.752
622.539,403.048,10.010,12.012
622.063,403.351,10.010,12.012
622.453,403.568,10.010,12.012
622.746,402.581,10.231,12.278
622.679,403.042,10.458,12.549
622.181,403.269,10.458,12.549
622.394,402.144,10.689,12.827
622.163,402.653,10.689,12.827
621.932,402.144,10.689,12.827
621.701,402.653,10.689,12.827
621.654,402.237,10.689,12.827
622.440,402.838,10.689,12.827
622.394,402.421,10.689,12.827
622.440,403.023,10.689,12.827
622.487,402.699,10.689,12.827
622.512,402.125,10.926,13.111
622.087,402.173,10.926,13.111
621.756,402.314,10.926,13.111
622.077,402.022,11.167,13.401
622.511,402.650,11.167,13.401
621.836,401.850,11.414,13.697
621.787,401.900,11.414,13.697
622.327,401.390,11.667,14.000
621.873,401.743,11.667,14.000
622.428,402.096,11.667,14.000
621.973,401.339,11.667,14.000
622.630,401.692,11.667,14.000
622.276,402.046,11.667,14.000
621.822,401.289,11.667,14.000
622.377,401.541,11.667,14.000
622.024,401.793,11.667,14.000
622.579,402.046,11.667,14.000
622.327,401.390,11.667,14.000
622.074,401.743,11.667,14.000
622.327,402.298,11.667,14.000
621.772,401.743,11.667,14.000
622.226,402.298,11.667,14.000
621.570,401.743,11.667,14.000
622.024,402.197,11.667,14.000
622.478,401.743,11.667,14.000
622.327,402.399,11.667,14.000
621.772,402.046,11.667,14.000
622.125,401.591,11.667,14.000
622.579,402.147,11.667,14.000
622.226,401.591,11.667,14.000
622.175,402.046,11.667,14.000
621.721,401.390,11.667,14.000
622.377,401.844,11.667,14.000
621.822,402.298,11.667,14.000
622.478,401.642,11.667,14.000
622.024,402.096,11.667,14.000
622.478,401.541,11.667,14.000
621.923,401.995,11.667,14.000
622.276,402.550,11.667,14.000
621.620,401.894,11.667,14.000
622.175,402.449,11.667,14.000
621.721,401.894,11.667,14.000
622.377,402.449,11.667,14.000
621.620,401.894,11.667,14.000
621.872,402.348,11.667,14.000
622.327,401.793,11.667,14.000
621.772,402.248,11.667,14.000
622.125,401.692,11.667,14.000
622.478,402.147,11.667,14.000
621.822,401.490,11.667,14.000
622.276,401.945,11.667,14.000
621.721,402.399,11.667,14.000
622.276,401.743,11.667,14.000
621.620,402.197,11.667,14.000
622.075,401.541,11.667,14.000
622.521,401.543,11.925,14.310
622.057,401.698,11.925,14.310
621.490,401.956,11.925,14.310
621.954,401.285,11.925,14.310
622.315,401.543,11.925,14.310
621.644,401.698,11.925,14.310
622.006,401.956,11.925,14.310
622.470,401.182,11.925,14.310
621.799,401.543,11.925,14.310
622.160,401.904,11.925,14.310
621.387,401.234,11.925,14.310
621.954,401.492,11.925,14.310
622.212,401.750,11.925,14.310
621.644,402.007,11.925,14.310
621.902,401.337,11.925,14.310
622.160,401.595,11.925,14.310
621.593,401.853,11.925,14.310
621.748,401.182,11.925,14.310
621.883,401.184,12.189,14.627
621.409,401.870,12.189,14.627
620.891,401.106,12.459,14.950
621.376,401.376,12.459,14.950
621.861,401.645,12.459,14.950
621.160,400.837,12.459,14.950
620.891,400.675,12.459,14.950
620.621,400.621,12.459,14.950
621.430,400.567,12.459,14.950
621.053,400.406,12.459,14.950
620.568,401.214,12.459,14.950
621.268,401.052,12.459,14.950
620.675,400.783,12.459,14.950
621.484,400.729,12.459,14.950
621.214,400.567,12.459,14.950
620.837,400.298,12.459,14.950
620.460,401.106,12.459,14.950
621.268,400.945,12.459,14.950
620.999,400.567,12.459,14.950
620.621,400.190,12.459,14.950
621.322,400.891,12.459,14.950
621.160,400.621,12.459,14.950
620.999,400.352,12.459,14.950
620.621,401.052,12.459,14.950
621.322,400.783,12.459,14.950
620.945,400.513,12.459,14.950
620.567,401.322,12.459,14.950
621.268,401.160,12.459,14.950
620.999,400.891,12.459,14.950
620.729,400.621,12.459,14.950
621.538,400.567,12.459,14.950
621.376,400.513,12.459,14.950
621.106,401.430,12.459,14.950
620.945,401.484,12.459,14.950
620.675,401.322,12.459,14.950
621.484,401.484,12.459,14.950
621.430,401.430,12.459,14.950
620.945,401.591,12.459,14.950
620.460,400.783,12.459,14.950
621.268,401.052,12.459,14.950
621.322,401.322,12.459,14.950
621.268,401.591,12.459,14.950
621.322,400.783,12.459,14.950
621.376,400.945,12.459,14.950
621.430,400.999,12.459,14.950
621.376,401.160,12.459,14.950
621.430,401.322,12.459,14.950
621.592,401.484,12.459,14.950
622.077,401.753,12.459,14.950
621.484,400.945,12.459,14.950
621.753,401.214,12.459,14.950
622.131,401.484,12.459,14.950
621.538,401.753,12.459,14.950
621.915,401.052,12.459,14.950
621.214,401.322,12.459,14.950
621.376,401.484,12.459,14.950
621.645,401.645,12.459,14.950
621.915,400.837,12.459,14.950
621.430,401.106,12.459,14.950
621.699,401.268,12.459,14.950
622.077,401.430,12.459,14.950
621.376,401.591,12.459,14.950
621.645,400.891,12.459,14.950
621.807,401.268,12.459,14.950
621.106,401.645,12.459,14.950
621.268,400.945,12.459,14.950
621.753,401.430,12.459,14.950
622.130,401.915,12.459,14.950
621.538,401.322,12.459,14.950
621.484,401.483,12.459,14.950
621.430,401.645,12.459,14.950
621.268,400.729,12.459,14.950
621.106,400.783,12.459,14.950
620.945,400.944,12.459,14.950
620.891,401.106,12.459,14.950
620.945,401.268,12.459,14.950
621.106,401.537,12.459,14.950
621.376,400.837,12.459,14.950
621.214,400.567,12.459,14.950
621.053,400.298,12.459,14.950
620.891,400.998,12.459,14.950
620.837,400.837,12.459,14.950
621.214,400.891,12.459,14.950
621.484,400.944,12.459,14.950
621.538,400.783,12.459,14.950
621.376,400.729,12.459,14.950
621.106,400.567,12.459,14.950
620.837,400.298,12.459,14.950
620.460,400.998,12.459,14.950
621.268,400.729,12.459,14.950
621.753,400.567,12.459,14.950
622.238,400.405,12.459,14.950
621.753,401.214,12.459,14.950
622.238,401.052,12.459,14.950
621.645,400.891,12.459,14.950
622.023,400.837,12.459,14.950
621.430,400.675,12.459,14.950
621.915,400.621,12.459,14.950
621.322,400.459,12.459,14.950
621.807,401.376,12.459,14.950
621.214,401.214,12.459,14.950
621.699,401.160,12.459,14.950
621.322,400.891,12.459,14.950
621.268,400.729,12.459,14.950
621.214,400.567,12.459,14.950
621.160,400.406,12.459,14.950
620.999,401.214,12.459,14.950
620.729,401.052,12.459,14.950
621.538,400.999,12.459,14.950
621.376,400.837,12.459,14.950
621.107,400.567,12.459,14.950
620.945,400.298,12.459,14.950
620.675,400.999,12.459,14.950
621.484,400.729,12.459,14.950
621.646,400.675,12.459,14.950
621.592,400.513,12.459,14.950
621.753,401.430,12.459,14.950
621.915,401.484,12.459,14.950
621.107,401.430,12.459,14.950
620.729,401.160,12.459,14.950
621.430,400.999,12.459,14.950
621.053,400.729,12.459,14.950
620.675,400.460,12.459,14.950
621.160,401.160,12.459,14.950
620.675,400.891,12.459,14.950
621.376,400.729,12.459,14.950
620.783,400.244,12.459,14.950
620.298,400.837,12.459,14.950
620.891,400.352,12.459,14.950
620.298,400.837,12.459,14.950
620.891,400.352,12.459,14.950
621.160,401.160,12.459,14.950
621.430,400.999,12.459,14.950
621.699,400.837,12.459,14.950
621.645,400.567,12.459,14.950
621.699,400.406,12.459,14.950
621.753,401.214,12.459,14.950
622.131,401.268,12.459,14.950
621.430,401.322,12.459,14.950
620.945,401.052,12.459,14.950
620.567,400.891,12.459,14.950
621.484,400.837,12.459,14.950
621.430,400.891,12.459,14.950
621.376,400.837,12.459,14.950
621.753,400.999,12.459,14.950
621.807,401.052,12.459,14.950
621.214,401.106,12.459,14.950
621.376,401.160,12.459,14.950
621.645,401.214,12.459,14.950
621.484,401.160,12.459,14.950
622.077,401.322,12.459,14.950
621.699,401.376,12.459,14.950
622.292,401.538,12.459,14.950
621.807,400.729,12.459,14.950
621.322,400.891,12.459,14.950
621.484,400.945,12.459,14.950
621.969,401.106,12.459,14.950
621.915,401.376,12.459,14.950
621.538,401.537,12.459,14.950
622.346,400.729,12.459,14.950
622.184,400.999,12.459,14.950
621.915,401.268,12.459,14.950
621.538,401.538,12.459,14.950
622.346,400.837,12.459,14.950
622.077,401.106,12.459,14.950
621.915,401.376,12.459,14.950
621.430,401.538,12.459,14.950
622.023,400.729,12.459,14.950
621.538,400.891,12.459,14.950
622.238,401.052,12.459,14.950
621.753,401.106,12.459,14.950
622.346,401.160,12.459,14.950
621.969,401.214,12.459,14.950
621.484,401.160,12.459,14.950
621.214,401.106,12.459,14.950
620.837,400.945,12.459,14.950
620.459,400.783,12.459,14.950
621.052,400.729,12.459,14.950
620.567,400.675,12.459,14.950
621.160,400.513,12.459,14.950
620.675,401.322,12.459,14.950
621.591,401.268,12.459,14.950
621.537,401.214,12.459,14.950
621.807,401.160,12.459,14.950
621.106,401.106,12.459,14.950
621.248,400.773,12.734,15.281
621.634,401.379,12.734,15.281
621.909,400.883,12.734,15.281
622.405,400.608,12.734,15.281
622.019,401.214,12.734,15.281
622.515,400.938,12.734,15.281
622.129,400.553,12.734,15.281
622.625,401.159,12.734,15.281
622.129,400.663,12.734,15.281
622.625,401.269,12.734,15.281
622.019,400.773,12.734,15.281
622.405,401.489,12.734,15.281
621.689,400.994,12.734,15.281
621.193,400.388,12.734,15.281
620.807,400.883,12.734,15.281
621.523,400.277,12.734,15.281
621.138,400.773,12.734,15.281
620.752,401.269,12.734,15.281
621.468,400.663,12.734,15.281
621.083,401.159,12.734,15.281
621.799,400.443,12.734,15.281
621.634,400.938,12.734,15.281
621.248,400.332,12.734,15.281
620.973,400.718,12.734,15.281
621.909,401.104,12.734,15.281
621.744,400.498,12.734,15.281
621.909,401.104,12.734,15.281
621.744,400.498,12.734,15.281
622.019,401.214,12.734,15.281
621.854,400.718,12.734,15.281
621.909,401.324,12.734,15.281
621.744,400.828,12.734,15.281
621.579,401.214,12.734,15.281
621.193,400.608,12.734,15.281
621.028,401.104,12.734,15.281
621.854,400.498,12.734,15.281
621.799,400.994,12.734,15.281
621.193,400.277,12.734,15.281
620.807,400.553,12.734,15.281
621.634,400.939,12.734,15.281
621.028,400.222,12.734,15.281
621.634,400.498,12.734,15.281
620.917,400.663,12.734,15.281
621.523,401.049,12.734,15.281
620.807,400.333,12.734,15.281
621.413,400.718,12.734,15.281
620.917,401.214,12.734,15.281
621.634,400.608,12.734,15.281
621.028,400.994,12.734,15.281
621.523,400.388,12.734,15.281
621.028,400.884,12.734,15.281
621.523,400.278,12.734,15.281
620.917,400.773,12.734,15.281
621.523,401.269,12.734,15.281
620.697,400.553,12.734,15.281
621.193,400.939,12.734,15.281
620.477,400.222,12.734,15.281
621.193,400.718,12.734,15.281
620.697,401.214,12.734,15.281
621.303,400.608,12.734,15.281
620.918,401.104,12.734,15.281
621.634,400.498,12.734,15.281
621.468,401.104,12.734,15.281
621.413,400.718,12.734,15.281
621.358,401.324,12.734,15.281
621.083,400.828,12.734,15.281
622.019,401.434,12.734,15.281
621.523,400.828,12.734,15.281
621.028,401.324,12.734,15.281
621.634,400.718,12.734,15.281
621.138,401.214,12.734,15.281
620.642,400.608,12.734,15.281
621.358,401.104,12.734,15.281
620.752,400.498,12.734,15.281
621.578,400.884,12.734,15.281
621.083,400.278,12.734,15.281
622.019,400.663,12.734,15.281
621.633,400.939,12.734,15.281
621.138,400.223,12.734,15.281
620.752,400.608,12.734,15.281
621.689,400.994,12.734,15.281
621.303,400.278,12.734,15.281
620.917,400.553,12.734,15.281
621.854,400.829,12.734,15.281
621.468,400.994,12.734,15.281
621.083,400.388,12.734,15.281
622.019,400.884,12.734,15.281
621.523,400.278,12.734,15.281
621.138,400.663,12.734,15.281
620.752,401.049,12.734,15.281
621.468,400.443,12.734,15.281
620.972,400.718,12.734,15.281
621.909,401.214,12.734,15.281
621.523,400.608,12.734,15.281
621.248,401.104,12.734,15.281
620.862,400.498,12.734,15.281
621.909,400.884,12.734,15.281
621.523,400.168,12.734,15.281
621.138,400.443,12.734,15.281
620.642,400.718,12.734,15.281
621.578,401.214,12.734,15.281
621.193,400.498,12.734,15.281
621.027,400.994,12.734,15.281
621.964,400.388,12.734,15.281
621.689,400.774,12.734,15.281
621.303,401.159,12.734,15.281
620.807,400.443,12.734,15.281
621.633,400.829,12.734,15.281
621.248,401.104,12.734,15.281
620.642,400.388,12.734,15.281
621.468,400.663,12.734,15.281
621.082,400.939,12.734,15.281
621.799,400.223,12.734,15.281
621.413,400.498,12.734,15.281
621.138,400.884,12.734,15.281
620.752,400.168,12.734,15.281
621.689,400.663,12.734,15.281
621.523,401.049,12.734,15.281
621.248,400.443,12.734,15.281
620.972,400.829,12.734,15.281
621.909,401.214,12.734,15.281
621.303,400.498,12.734,15.281
620.697,400.884,12.734,15.281
621.413,400.278,12.734,15.281
620.807,400.664,12.734,15.281
621.633,401.159,12.734,15.281
621.137,400.443,12.734,15.281
620.642,400.829,12.734,15.281
621.358,401.214,12.734,15.281
620.862,400.498,12.734,15.281
621.688,400.884,12.734,15.281
621.303,400.168,12.734,15.281
620.917,400.553,12.734,15.281
621.854,400.939,12.734,15.281
621.358,400.223,12.734,15.281
620.862,400.608,12.734,15.281
621.688,400.994,12.734,15.281
621.192,400.278,12.734,15.281
620.807,400.664,12.734,15.281
621.633,401.049,12.734,15.281
621.027,400.333,12.734,15.281
621.743,400.719,12.734,15.281
621.137,400.994,12.734,15.281
620.531,400.168,12.734,15.281
621.137,400.443,12.734,15.281
620.972,400.829,12.734,15.281
622.239,401.325,12.734,15.281
621.633,400.829,12.734,15.281
621.578,401.325,12.734,15.281
621.303,400.719,12.734,15.281
621.358,401.215,12.734,15.281
621.192,400.609,12.734,15.281
621.137,401.104,12.734,15.281
621.082,400.498,12.734,15.281
622.129,400.994,12.734,15.281
621.743,400.388,12.734,15.281
621.578,400.884,12.734,15.281
621.413,400.498,12.734,15.281
621.578,401.215,12.734,15.281
621.523,400.829,12.734,15.281
621.798,401.655,12.734,15.281
621.853,401.270,12.734,15.281
621.688,400.884,12.734,15.281
621.964,400.609,12.734,15.281
622.349,401.325,12.734,15.281
621.743,401.049,12.734,15.281
621.798,400.553,12.734,15.281
622.074,401.159,12.734,15.281
622.239,400.774,12.734,15.281
621.523,401.159,12.734,15.281
621.358,400.443,12.734,15.281
621.413,400.939,12.734,15.281
621.468,400.443,12.734,15.281
621.523,401.049,12.734,15.281
621.358,400.553,12.734,15.281
621.192,401.049,12.734,15.281
620.697,400.443,12.734,15.281
621.633,401.049,12.734,15.281
621.247,400.333,12.734,15.281
621.224,401.080,12.463,14.955
621.824,401.395,12.197,14.636
621.139,400.815,12.197,14.636
621.613,401.395,12.197,14.636
620.927,400.815,12.197,14.636
621.508,401.395,12.197,14.636
620.822,400.815,12.197,14.636
621.297,401.290,12.197,14.636
621.772,400.709,12.197,14.636
621.297,401.290,12.197,14.636
621.772,400.709,12.197,14.636
621.297,401.184,12.197,14.636
621.877,400.604,12.197,14.636
621.402,401.079,12.197,14.636
620.927,401.554,12.197,14.636
621.508,400.973,12.197,14.636
621.033,401.448,12.197,14.636
621.508,400.868,12.197,14.636
620.927,401.237,12.197,14.636
621.613,400.762,12.197,14.636
621.139,401.237,12.197,14.636
621.719,400.762,12.197,14.636
621.139,401.237,12.197,14.636
621.719,400.657,12.197,14.636
621.350,401.131,12.197,14.636
622.036,401.606,12.197,14.636
621.877,401.026,12.197,14.636
621.824,401.501,12.197,14.636
621.666,400.920,12.197,14.636
621.613,401.395,12.197,14.636
621.455,400.815,12.197,14.636
621.297,401.184,12.197,14.636
622.088,400.604,12.197,14.636
621.824,401.079,12.197,14.636
621.560,401.553,12.197,14.636
621.297,401.079,12.197,14.636
621.983,401.553,12.197,14.636
621.613,400.973,12.197,14.636
621.349,401.553,12.197,14.636
622.141,401.079,12.197,14.636
621.877,401.659,12.197,14.636
621.508,401.184,12.197,14.636
621.138,400.709,12.197,14.636
621.824,401.290,12.197,14.636
621.349,400.815,12.197,14.636
622.035,401.395,12.197,14.636
621.560,400.920,12.197,14.636
621.191,401.501,12.197,14.636
621.982,400.920,12.197,14.636
621.719,401.395,12.197,14.636
621.455,400.920,12.197,14.636
621.191,401.501,12.197,14.636
621.877,400.920,12.197,14.636
621.613,401.395,12.197,14.636
621.349,400.815,12.197,14.636
622.035,401.290,12.197,14.636
621.666,400.709,12.197,14.636
621.402,401.290,12.197,14.636
621.032,400.709,12.197,14.636
621.718,401.184,12.197,14.636
621.349,400.604,12.197,14.636
622.035,401.079,12.197,14.636
621.877,401.553,12.197,14.636
621.718,401.079,12.197,14.636
621.666,401.659,12.197,14.636
621.507,401.290,12.197,14.636
621.243,400.815,12.197,14.636
622.140,401.395,12.197,14.636
622.088,400.815,12.197,14.636
622.140,401.290,12.197,14.636
621.666,400.604,12.197,14.636
621.296,400.973,12.197,14.636
621.982,401.342,12.197,14.636
621.507,400.762,12.197,14.636
621.032,401.131,12.197,14.636
621.613,401.395,12.197,14.636
621.032,400.709,12.197,14.636
621.613,401.184,12.197,14.636
621.032,400.498,12.197,14.636
621.718,400.867,12.197,14.636
621.243,401.237,12.197,14.636
621.718,400.656,12.197,14.636
621.243,401.131,12.197,14.636
621.824,401.606,12.197,14.636
621.243,401.026,12.197,14.636
621.824,401.395,12.197,14.636
621.138,400.815,12.197,14.636
621.613,401.289,12.197,14.636
620.927,400.709,12.197,14.636
621.402,401.078,12.197,14.636
620.821,401.448,12.197,14.636
621.191,400.762,12.197,14.636
621.454,401.026,12.197,14.636
620.874,401.395,12.197,14.636
621.243,400.709,12.197,14.636
621.718,401.078,12.197,14.636
621.138,401.448,12.197,14.636
621.507,400.762,12.197,14.636
621.032,401.237,12.197,14.636
621.718,400.656,12.197,14.636
621.349,401.025,12.197,14.636
622.035,401.395,12.197,14.636
621.454,400.709,12.197,14.636
620.874,401.078,12.197,14.636
621.454,401.659,12.197,14.636
620.874,401.078,12.197,14.636
621.349,401.659,12.197,14.636
621.929,401.078,12.197,14.636
621.454,401.553,12.197,14.636
620.874,400.867,12.197,14.636
621.349,401.342,12.197,14.636
621.824,400.762,12.197,14.636
621.243,401.236,12.197,14.636
621.718,400.656,12.197,14.636
621.138,401.131,12.197,14.636
621.613,401.606,12.197,14.636
620.927,401.025,12.197,14.636
621.402,401.500,12.197,14.636
620.716,400.814,12.197,14.636
621.085,401.078,12.197,14.636
621.455,401.342,12.197,14.636
620.769,400.656,12.197,14.636
621.138,400.920,12.197,14.636
621.191,401.184,12.197,14.636
621.138,400.498,12.197,14.636
621.296,400.867,12.197,14.636
621.560,401.236,12.197,14.636
620.874,400.550,12.197,14.636
621.138,400.920,12.197,14.636
621.402,401.289,12.197,14.636
620.610,400.603,12.197,14.636
620.769,400.972,12.197,14.636
621.138,401.342,12.197,14.636
621.085,400.656,12.197,14.636
621.771,401.025,12.197,14.636
621.402,401.395,12.197,14.636
620.821,400.709,12.197,14.636
621.507,401.183,12.197,14.636
620.927,400.497,12.197,14.636
621.507,400.972,12.197,14.636
621.032,401.342,12.197,14.636
621.507,400.761,12.197,14.636
620.821,401.025,12.197,14.636
620.663,400.972,12.197,14.636
621.244,401.236,12.197,14.636
621.613,400.445,12.197,14.636
621.032,400.919,12.197,14.636
621.609,401.360,12.467,14.960
621.771,401.522,12.467,14.960
621.178,400.497,12.467,14.960
621.555,401.306,12.467,14.960
622.041,401.252,12.467,14.960
621.663,401.198,12.467,14.960
622.149,401.144,12.467,14.960
621.663,401.090,12.467,14.960
621.933,401.036,12.467,14.960
621.232,400.982,12.467,14.960
621.501,400.821,12.467,14.960
621.016,400.551,12.467,14.960
620.531,400.281,12.467,14.960
621.124,401.090,12.467,14.960
620.746,400.928,12.467,14.960
621.447,400.767,12.467,14.960
621.070,400.605,12.467,14.960
620.584,400.443,12.467,14.960
621.178,401.252,12.467,14.960
620.800,401.090,12.467,14.960
620.207,400.713,12.467,14.960
620.800,400.443,12.467,14.960
620.315,401.144,12.467,14.960
621.016,401.090,12.467,14.960
620.638,400.928,12.467,14.960
621.231,400.874,12.467,14.960
620.854,400.821,12.467,14.960
620.476,400.659,12.467,14.960
621.393,400.713,12.467,14.960
621.663,400.874,12.467,14.960
622.040,401.144,12.467,14.960
621.555,401.306,12.467,14.960
621.393,401.360,12.467,14.960
620.908,401.090,12.467,14.960
620.746,401.144,12.467,14.960
620.584,400.659,12.467,14.960
620.638,400.173,12.467,14.960
620.908,400.767,12.467,14.960
620.207,400.281,12.467,14.960
620.584,400.874,12.467,14.960
620.854,400.389,12.467,14.960
620.153,400.982,12.467,14.960
620.422,400.605,12.467,14.960
620.692,400.119,12.467,14.960
621.070,400.820,12.467,14.960
620.908,400.551,12.467,14.960
620.746,400.281,12.467,14.960
621.879,401.198,12.467,14.960
621.178,401.252,12.467,14.960
621.663,401.306,12.467,14.960
622.148,401.360,12.467,14.960
621.555,401.306,12.467,14.960
622.041,401.360,12.467,14.960
621.447,401.414,12.467,14.960
621.825,401.468,12.467,14.960
621.232,401.521,12.467,14.960
621.717,400.712,12.467,14.960
622.202,400.766,12.467,14.960
621.609,400.712,12.467,14.960
621.447,400.551,12.467,14.960
621.178,400.281,12.467,14.960
620.908,401.090,12.467,14.960
620.746,400.820,12.467,14.960
621.555,400.551,12.467,14.960
621.393,400.281,12.467,14.960
621.232,401.090,12.467,14.960
620.962,400.928,12.467,14.960
620.800,400.766,12.467,14.960
620.638,400.605,12.467,14.960
621.447,400.443,12.467,14.960
621.178,401.252,12.467,14.960
621.555,401.629,12.467,14.960
621.933,400.928,12.467,14.960
621.340,401.306,12.467,14.960
621.609,401.575,12.467,14.960
621.987,400.766,12.467,14.960
621.286,400.820,12.467,14.960
621.771,400.766,12.467,14.960
621.178,400.820,12.467,14.960
621.555,400.766,12.467,14.960
621.717,400.712,12.467,14.960
621.555,400.551,12.467,14.960
621.609,400.497,12.467,14.960
621.555,401.198,12.467,14.960
621.825,401.144,12.467,14.960
621.124,401.090,12.467,14.960
620.962,400.928,12.467,14.960
620.908,400.874,12.467,14.960
621.286,400.928,12.467,14.960
621.771,400.874,12.467,14.960
620.962,400.712,12.467,14.960
620.693,400.443,12.467,14.960
621.717,401.252,12.467,14.960
621.448,400.982,12.467,14.960
621.717,400.928,12.467,14.960
621.340,400.658,12.467,14.960
620.962,400.389,12.467,14.960
620.585,401.090,12.467,14.960
621.286,400.712,12.467,14.960
620.908,400.335,12.467,14.960
620.423,400.928,12.467,14.960
621.124,400.551,12.467,14.960
621.393,400.389,12.467,14.960
621.555,401.306,12.467,14.960
621.825,401.252,12.467,14.960
621.124,401.090,12.467,14.960
621.393,401.036,12.467,14.960
621.771,401.090,12.467,14.960
621.070,401.144,12.467,14.960
621.340,401.090,12.467,14.960
621.609,401.036,12.467,14.960
622.095,401.090,12.467,14.960
621.501,401.036,12.467,14.960
621.879,400.982,12.467,14.960
621.286,400.928,12.467,14.960
621.555,400.874,12.467,14.960
621.394,400.605,12.467,14.960
621.232,400.335,12.467,14.960
621.178,401.144,12.467,14.960
621.555,401.306,12.467,14.960
622.149,401.468,12.467,14.960
621.663,401.521,12.467,14.960
622.149,400.605,12.467,14.960
621.771,400.658,12.467,14.960
621.393,400.820,12.467,14.960
621.879,400.982,12.467,14.960
621.286,401.036,12.467,14.960
621.663,401.090,12.467,14.960
621.825,401.144,12.467,14.960
621.124,401.198,12.467,14.960
621.070,401.144,12.467,14.960
620.908,400.874,12.467,14.960
620.746,400.712,12.467,14.960
621.663,400.443,12.467,14.960
621.825,401.252,12.467,14.960
621.016,401.090,12.467,14.960
621.070,400.928,12.467,14.960
621.124,400.874,12.467,14.960
621.070,400.820,12.467,14.960
621.016,400.766,12.467,14.960
620.854,400.712,12.467,14.960
620.908,400.766,12.467,14.960
620.638,400.497,12.467,14.960
621.447,401.414,12.467,14.960
621.501,401.575,12.467,14.960
621.771,400.766,12.467,14.960
621.070,400.928,12.467,14.960
621.448,401.090,12.467,14.960
622.041,401.252,12.467,14.960
621.448,401.306,12.467,14.960
621.933,401.467,12.467,14.960
621.340,401.521,12.467,14.960
621.825,400.712,12.467,14.960
621.340,400.874,12.467,14.960
621.933,401.036,12.467,14.960
621.232,401.090,12.467,14.960
621.178,401.036,12.467,14.960
621.340,401.306,12.467,14.960
621.609,401.575,12.467,14.960
621.771,400.766,12.467,14.960
621.070,400.928,12.467,14.960
621.255,401.348,12.201,14.641
621.836,400.872,12.201,14.641
621.572,401.559,12.201,14.641
621.202,401.084,12.201,14.641
621.994,401.664,12.201,14.641
621.730,401.189,12.201,14.641
621.044,400.397,12.201,14.641
621.730,400.661,12.201,14.641
621.255,400.925,12.201,14.641
621.730,401.189,12.201,14.641
621.149,400.503,12.201,14.641
621.730,400.872,12.201,14.641
621.149,401.136,12.201,14.641
621.836,401.506,12.201,14.641
621.255,400.820,12.201,14.641
622.047,401.189,12.201,14.641
621.783,400.609,12.201,14.641
621.624,400.978,12.201,14.641
621.255,401.453,12.201,14.641
621.836,400.872,12.201,14.641
621.466,401.242,12.201,14.641
620.991,400.556,12.201,14.641
621.572,400.925,12.201,14.641
620.991,401.295,12.201,14.641
621.466,400.608,12.201,14.641
620.885,400.978,12.201,14.641
621.466,401.347,12.201,14.641
620.991,400.661,12.201,14.641
621.677,401.031,12.201,14.641
621.308,401.506,12.201,14.641
621.677,400.925,12.201,14.641
621.097,401.400,12.201,14.641
621.361,400.714,12.201,14.641
621.836,401.189,12.201,14.641
621.044,400.503,12.201,14.641
621.308,400.767,12.201,14.641
621.466,401.031,12.201,14.641
620.674,401.295,12.201,14.641
620.833,400.608,12.201,14.641
621.097,400.872,12.201,14.641
621.572,401.136,12.201,14.641
620.885,401.400,12.201,14.641
620.621,400.503,12.201,14.641
620.463,400.345,12.201,14.641
620.305,400.186,12.201,14.641
620.991,400.028,12.201,14.641
620.622,400.925,12.201,14.641
620.463,400.872,12.201,14.641
620.305,400.925,12.201,14.641
621.202,401.084,12.201,14.641
621.044,401.136,12.201,14.641
620.991,401.189,12.201,14.641
620.727,400.292,12.201,14.641
620.569,400.345,12.201,14.641
621.044,400.714,12.201,14.641
621.625,401.189,12.201,14.641
620.938,400.503,12.201,14.641
621.413,400.872,12.201,14.641
620.833,401.347,12.201,14.641
621.202,400.661,12.201,14.641
621.783,401.136,12.201,14.641
621.308,401.611,12.201,14.641
621.783,401.031,12.201,14.641
621.308,401.506,12.201,14.641
621.888,400.820,12.201,14.641
621.519,401.295,12.201,14.641
620.727,400.503,12.201,14.641
621.202,400.872,12.201,14.641
621.677,401.242,12.201,14.641
620.780,400.450,12.201,14.641
621.255,400.820,12.201,14.641
621.730,401.189,12.201,14.641
620.938,400.397,12.201,14.641
621.413,400.661,12.201,14.641
620.622,400.820,12.201,14.641
620.991,401.084,12.201,14.641
621.044,401.242,12.201,14.641
620.991,400.450,12.201,14.641
621.677,401.031,12.201,14.641
621.202,401.506,12.201,14.641
622.100,401.136,12.201,14.641
622.047,401.823,12.201,14.641
621.528,401.168,12.471,14.965
621.906,401.330,12.471,14.965
621.313,401.384,12.471,14.965
621.582,401.222,12.471,14.965
621.852,401.060,12.471,14.965
621.151,401.006,12.471,14.965
621.421,400.952,12.471,14.965
621.798,400.898,12.471,14.965
621.097,400.736,12.471,14.965
621.151,400.466,12.471,14.965
621.205,401.168,12.471,14.965
621.151,400.898,12.471,14.965
621.205,400.628,12.471,14.965
621.151,400.359,12.471,14.965
621.205,401.060,12.471,14.965
621.043,400.790,12.471,14.965
621.313,400.736,12.471,14.965
621.583,400.682,12.471,14.965
621.744,400.628,12.471,14.965
621.475,400.466,12.471,14.965
621.852,401.276,12.471,14.965
621.151,401.006,12.471,14.965
621.421,400.736,12.471,14.965
621.691,400.466,12.471,14.965
621.852,401.276,12.471,14.965
621.043,401.006,12.471,14.965
621.313,400.844,12.471,14.965
621.583,400.790,12.471,14.965
621.852,400.844,12.471,14.965
621.259,400.790,12.471,14.965
621.637,400.952,12.471,14.965
622.014,401.006,12.471,14.965
621.097,400.952,12.471,14.965
620.935,400.898,12.471,14.965
620.774,400.736,12.471,14.965
620.612,400.682,12.471,14.965
621.313,400.520,12.471,14.965
620.935,400.359,12.471,14.965
620.558,401.168,12.471,14.965
621.259,401.006,12.471,14.965
621.205,400.952,12.471,14.965
621.043,400.898,12.471,14.965
620.989,400.844,12.471,14.965
620.935,400.682,12.471,14.965
620.558,400.305,12.471,14.965
621.367,401.006,12.471,14.965
620.989,400.520,12.471,14.965
620.504,399.927,12.471,14.965
621.205,400.520,12.471,14.965
620.719,400.035,12.471,14.965
621.421,400.628,12.471,14.965
621.043,400.143,12.471,14.965
620.773,400.736,12.471,14.965
620.396,400.251,12.471,14.965
621.313,400.844,12.471,14.965
621.259,400.466,12.471,14.965
621.529,401.276,12.471,14.965
621.906,401.222,12.471,14.965
621.313,401.168,12.471,14.965
621.583,401.006,12.471,14.965
621.745,400.844,12.471,14.965
621.906,400.682,12.471,14.965
621.313,400.628,12.471,14.965
621.475,400.359,12.471,14.965
621.637,401.060,12.471,14.965
621.799,400.790,12.471,14.965
621.097,400.520,12.471,14.965
621.259,400.251,12.471,14.965
620.774,400.736,12.471,14.965
620.288,400.251,12.471,14.965
620.989,400.736,12.471,14.965
620.504,400.251,12.471,14.965
621.097,400.736,12.471,14.965
620.504,400.143,12.471,14.965
621.097,400.628,12.471,14.965
620.504,400.035,12.471,14.965
621.205,400.628,12.471,14.965
620.827,400.143,12.471,14.965
620.450,400.736,12.471,14.965
621.259,400.466,12.471,14.965
621.637,401.168,12.471,14.965
622.014,400.790,12.471,14.965
621.313,400.413,12.471,14.965
621.259,401.114,12.471,14.965
621.097,400.844,12.471,14.965
620.935,400.467,12.471,14.965
620.774,401.168,12.471,14.965
620.720,400.790,12.471,14.965
621.745,400.628,12.471,14.965
622.014,400.574,12.471,14.965
621.313,400.305,12.471,14.965
621.475,401.114,12.471,14.965
621.745,400.952,12.471,14.965
622.122,400.682,12.471,14.965
621.529,400.413,12.471,14.965
621.907,401.222,12.471,14.965
621.205,400.952,12.471,14.965
621.475,400.682,12.471,14.965
621.745,400.521,12.471,14.965
622.015,400.251,12.471,14.965
621.313,401.060,12.471,14.965
621.583,400.898,12.471,14.965
622.069,400.736,12.471,14.965
621.475,400.467,12.471,14.965
621.853,401.276,12.471,14.965
621.211,400.830,12.747,15.296
621.156,401.106,12.747,15.296
621.072,400.079,13.029,15.634
621.692,400.812,13.029,15.634
621.410,400.642,13.029,15.634
622.030,400.473,13.029,15.634
621.636,400.191,13.029,15.634
621.550,400.194,13.317,15.980
621.032,399.791,13.317,15.980
621.665,400.424,13.317,15.980
621.147,400.021,13.317,15.980
621.896,399.733,13.317,15.980
621.493,400.482,13.317,15.980
621.089,400.079,13.317,15.980
621.608,399.791,13.317,15.980
621.089,400.540,13.317,15.980
621.723,400.252,13.317,15.980
621.205,399.964,13.317,15.980
621.838,400.712,13.317,15.980
621.205,400.309,13.317,15.980
621.377,399.906,13.317,15.980
620.744,400.540,13.317,15.980
621.262,400.136,13.317,15.980
621.781,399.964,13.317,15.980
621.262,400.597,13.317,15.980
621.781,400.424,13.317,15.980
621.147,400.136,13.317,15.980
621.550,399.963,13.317,15.980
621.147,400.712,13.317,15.980
621.205,400.424,13.317,15.980
621.377,400.136,13.317,15.980
620.744,399.733,13.317,15.980
620.917,400.367,13.317,15.980
620.744,399.848,13.317,15.980
620.801,400.482,13.317,15.980
620.859,399.963,13.317,15.980
621.032,400.482,13.317,15.980
621.320,400.079,13.317,15.980
621.608,399.560,13.317,15.980
620.859,400.079,13.317,15.980
620.917,399.560,13.317,15.980
620.974,400.194,13.317,15.980
621.262,399.675,13.317,15.980
621.550,400.309,13.317,15.980
620.917,399.906,13.317,15.980
621.320,400.540,13.317,15.980
621.723,400.136,13.317,15.980
621.205,399.963,13.317,15.980
621.838,400.828,13.317,15.980
621.320,400.770,13.317,15.980
622.184,400.828,13.317,15.980
621.896,400.885,13.317,15.980
621.378,400.828,13.317,15.980
620.859,400.770,13.317,15.980
621.608,400.943,13.317,15.980
621.089,401.000,13.317,15.980
621.838,400.943,13.317,15.980
621.320,400.770,13.317,15.980
621.954,400.597,13.317,15.980
621.320,400.539,13.317,15.980
622.069,400.482,13.317,15.980
621.550,400.309,13.317,15.980
621.032,400.136,13.317,15.980
621.781,400.079,13.317,15.980
621.378,399.906,13.317,15.980
621.090,400.655,13.317,15.980
621.954,400.482,13.317,15.980
621.666,400.309,13.317,15.980
621.262,400.136,13.317,15.980
621.896,399.963,13.317,15.980
621.493,400.712,13.317,15.980
621.090,400.539,13.317,15.980
622.069,400.367,13.317,15.980
621.666,400.194,13.317,15.980
621.263,400.136,13.317,15.980
622.011,399.963,13.317,15.980
621.378,400.712,13.317,15.980
620.859,400.424,13.317,15.980
621.493,400.136,13.317,15.980
620.974,399.848,13.317,15.980
621.608,400.597,13.317,15.980
621.090,400.194,13.317,15.980
621.723,400.021,13.317,15.980
621.205,399.733,13.317,15.980
621.839,400.482,13.317,15.980
621.320,400.309,13.317,15.980
621.839,400.021,13.317,15.980
621.205,399.733,13.317,15.980
621.608,400.482,13.317,15.980
620.974,400.194,13.317,15.980
621.378,399.906,13.317,15.980
620.744,400.655,13.317,15.980
621.147,400.367,13.317,15.980
621.551,399.963,13.317,15.980
620.917,400.712,13.317,15.980
621.205,400.309,13.317,15.980
621.723,400.021,13.317,15.980
620.859,399.502,13.317,15.980
621.262,400.251,13.317,15.980
621.435,399.733,13.317,15.980
620.571,400.366,13.317,15.980
620.629,399.848,13.317,15.980
621.032,400.482,13.317,15.980
621.320,399.963,13.317,15.980
621.723,400.597,13.317,15.980
620.974,400.078,13.317,15.980
621.378,399.675,13.317,15.980
620.974,400.424,13.317,15.980
621.723,400.136,13.317,15.980
621.320,399.848,13.317,15.980
622.069,400.597,13.317,15.980
621.666,400.194,13.317,15.980
621.147,399.790,13.317,15.980
621.896,400.539,13.317,15.980
621.378,400.136,13.317,15.980
620.859,399.733,13.317,15.980
621.608,400.482,13.317,15.980
621.205,400.078,13.317,15.980
621.839,399.675,13.317,15.980
621.205,400.309,13.317,15.980
621.493,399.790,13.317,15.980
620.744,400.424,13.317,15.980
621.378,400.021,13.317,15.980
620.744,399.617,13.317,15.980
621.493,400.366,13.317,15.980
620.859,399.963,13.317,15.980
621.493,400.712,13.317,15.980
620.859,400.424,13.317,15.980
621.493,400.136,13.317,15.980
620.859,399.733,13.317,15.980
621.493,400.482,13.317,15.980
620.744,399.963,13.317,15.980
621.263,400.597,13.317,15.980
621.781,400.078,13.317,15.980
621.147,399.675,13.317,15.980
621.896,400.424,13.317,15.980
621.263,399.905,13.317,15.980
621.781,400.539,13.317,15.980
621.263,400.021,13.317,15.980
621.896,399.502,13.317,15.980
621.378,400.021,13.317,15.980
620.859,399.502,13.317,15.980
621.493,400.136,13.317,15.980
620.975,399.848,13.317,15.980
621.608,400.597,13.317,15.980
621.090,400.309,13.317,15.980
621.724,400.021,13.317,15.980
620.975,399.502,13.317,15.980
621.263,400.021,13.317,15.980
621.320,399.502,13.317,15.980
621.608,400.021,13.317,15.980
620.859,399.502,13.317,15.980
621.147,400.021,13.317,15.980
621.551,399.617,13.317,15.980
620.802,400.251,13.317,15.980
621.320,399.963,13.317,15.980
621.724,400.712,13.317,15.980
620.975,400.309,13.317,15.980
621.378,399.905,13.317,15.980
620.629,400.539,13.317,15.980
621.147,400.136,13.317,15.980
621.551,399.617,13.317,15.980
620.917,400.251,13.317,15.980
621.666,399.963,13.317,15.980
621.147,400.597,13.317,15.980
621.320,399.963,13.317,15.980
622.069,400.712,13.317,15.980
621.320,400.309,13.317,15.980
621.723,400.021,13.317,15.980
621.090,399.617,13.317,15.980
621.600,400.098,13.612,16.334
621.070,399.921,13.612,16.334
620.304,399.745,13.612,16.334
620.717,399.686,13.612,16.334
619.833,399.391,13.612,16.334
620.481,399.450,13.612,16.334
620.893,399.391,13.612,16.334
620.128,399.332,13.612,16.334
620.658,400.216,13.612,16.334
621.423,400.275,13.612,16.334
620.776,400.098,13.612,16.334
620.128,399.921,13.612,16.334
620.893,399.745,13.612,16.334
620.246,399.450,13.612,16.334
620.893,399.274,13.612,16.334
620.246,400.039,13.612,16.334
620.893,399.862,13.612,16.334
620.128,399.804,13.612,16.334
620.776,399.862,13.612,16.334
620.128,399.804,13.612,16.334
620.893,399.980,13.612,16.334
620.246,399.921,13.612,16.334
620.893,399.980,13.612,16.334
620.246,399.921,13.612,16.334
620.893,400.098,13.612,16.334
620.246,400.039,13.612,16.334
621.011,400.216,13.612,16.334
620.128,400.039,13.612,16.334
620.658,400.098,13.612,16.334
620.834,399.804,13.612,16.334
620.069,399.509,13.612,16.334
620.481,399.450,13.612,16.334
621.129,399.509,13.612,16.334
620.599,399.450,13.612,16.334
621.364,399.627,13.612,16.334
620.834,399.450,13.612,16.334
620.304,399.274,13.612,16.334
620.834,400.157,13.612,16.334
620.187,399.980,13.612,16.334
620.717,399.921,13.612,16.334
620.187,399.745,13.612,16.334
620.834,399.804,13.612,16.334
620.304,399.745,13.612,16.334
621.070,399.804,13.612,16.334
620.540,399.745,13.612,16.334
621.306,399.921,13.612,16.334
620.776,399.862,13.612,16.334
620.128,399.804,13.612,16.334
620.893,399.980,13.612,16.334
620.363,399.921,13.612,16.334
621.129,399.980,13.612,16.334
620.481,399.804,13.612,16.334
621.011,399.627,13.612,16.334
620.246,399.332,13.612,16.334
620.775,400.098,13.612,16.334
620.010,399.804,13.612,16.334
620.304,399.509,13.612,16.334
620.481,399.215,13.612,16.334
620.775,399.980,13.612,16.334
619.892,399.568,13.612,16.334
620.304,399.391,13.612,16.334
620.717,399.097,13.612,16.334
619.951,399.862,13.612,16.334
620.481,399.568,13.612,16.334
621.011,399.391,13.612,16.334
620.363,399.097,13.612,16.334
621.011,399.980,13.612,16.334
620.363,399.686,13.612,16.334
621.011,399.509,13.612,16.334
620.363,399.568,13.612,16.334
621.129,399.745,13.612,16.334
620.363,399.686,13.612,16.334
621.129,399.862,13.612,16.334
620.428,399.621,13.913,16.695
620.850,400.283,13.913,16.695
621.151,399.741,13.913,16.695
620.368,399.079,13.913,16.695
620.790,399.741,13.913,16.695
620.970,399.079,13.913,16.695
621.391,399.741,13.913,16.695
620.489,399.079,13.913,16.695
621.396,399.831,14.221,17.065
620.966,399.277,14.221,17.065
620.412,399.831,14.221,17.065
621.089,399.277,14.221,17.065
620.658,399.831,14.221,17.065
621.335,399.277,14.221,17.065
620.781,399.708,14.221,17.065
621.581,399.154,14.221,17.065
621.027,399.585,14.221,17.065
620.350,398.785,14.221,17.065
621.273,399.975,13.917,16.701
620.490,399.313,13.917,16.701
621.032,399.855,13.917,16.701
621.574,399.192,13.917,16.701
620.912,399.734,13.917,16.701
621.453,399.192,13.917,16.701
620.791,399.734,13.917,16.701
621.333,399.192,13.917,16.701
620.671,399.734,13.917,16.701
621.213,399.192,13.917,16.701
620.430,399.614,13.917,16.701
620.851,400.156,13.917,16.701
621.032,399.494,13.917,16.701
621.333,400.035,13.917,16.701
620.309,399.373,13.917,16.701
620.370,399.795,13.917,16.701
620.069,399.012,13.917,16.701
620.129,399.433,13.917,16.701
620.189,399.855,13.917,16.701
619.888,399.072,13.917,16.701
620.671,399.373,13.917,16.701
620.249,399.554,13.917,16.701
620.069,399.855,13.917,16.701
619.888,399.193,13.917,16.701
620.671,399.614,13.917,16.701
620.490,400.036,13.917,16.701
620.430,399.373,13.917,16.701
620.610,399.915,13.917,16.701
620.671,399.253,13.917,16.701
620.972,399.795,13.917,16.701
620.598,399.334,13.621,16.345
621.128,399.276,13.621,16.345
620.362,400.159,13.621,16.345
621.010,400.100,13.621,16.345
620.244,399.924,13.621,16.345
620.657,399.983,13.621,16.345
621.305,400.042,13.621,16.345
620.775,399.983,13.621,16.345
620.009,399.688,13.621,16.345
620.539,399.511,13.621,16.345
621.187,399.334,13.621,16.345
620.657,399.040,13.621,16.345
621.305,399.806,13.621,16.345
620.775,399.629,13.621,16.345
620.244,399.452,13.621,16.345
621.010,399.393,13.621,16.345
620.480,399.217,13.621,16.345
621.246,400.100,13.621,16.345
620.716,399.924,13.621,16.345
620.185,399.747,13.621,16.345
620.951,399.688,13.621,16.345
620.539,399.511,13.621,16.345
621.305,399.570,13.621,16.345
620.892,399.511,13.621,16.345
620.480,399.452,13.621,16.345
621.246,399.393,13.621,16.345
620.834,399.334,13.621,16.345
620.421,399.158,13.621,16.345
620.951,399.924,13.621,16.345
620.421,399.747,13.621,16.345
621.069,399.688,13.621,16.345
620.657,399.393,13.621,16.345
621.423,399.216,13.621,16.345
621.010,400.100,13.621,16.345
620.598,400.159,13.621,16.345
621.364,400.336,13.621,16.345
620.716,399.334,13.621,16.345
620.068,399.511,13.621,16.345
620.716,399.688,13.621,16.345
619.950,399.629,13.621,16.345
620.598,399.688,13.621,16.345
621.246,399.865,13.621,16.345
620.598,399.924,13.621,16.345
621.246,400.100,13.621,16.345
620.598,399.806,13.621,16.345
621.246,399.747,13.621,16.345
620.716,399.688,13.621,16.345
620.185,399.629,13.621,16.345
620.834,399.452,13.621,16.345
620.303,399.275,13.621,16.345
620.951,400.159,13.621,16.345
620.421,400.100,13.621,16.345
621.187,400.041,13.621,16.345
620.539,399.747,13.621,16.345
621.187,399.688,13.621,16.345
620.657,399.511,13.621,16.345
621.423,399.334,13.621,16.345
621.364,399.393,13.621,16.345
621.305,399.334,13.621,16.345
620.893,399.040,13.621,16.345
620.362,399.806,13.621,16.345
621.128,399.629,13.621,16.345
620.952,399.452,13.621,16.345
620.775,399.393,13.621,16.345
620.480,399.216,13.621,16.345
621.011,399.982,13.621,16.345
620.716,399.806,13.621,16.345
620.421,399.629,13.621,16.345
621.187,399.688,13.621,16.345
620.775,399.747,13.621,16.345
620.834,400.041,13.621,16.345
620.303,400.100,13.621,16.345
621.073,400.559,13.330,15.996
621.362,400.155,13.330,15.996
620.612,399.751,13.330,15.996
620.785,400.386,13.330,15.996
621.189,399.866,13.330,15.996
621.708,400.616,13.330,15.996
621.074,400.097,13.330,15.996
621.593,399.693,13.330,15.996
620.728,400.213,13.330,15.996
621.016,399.693,13.330,15.996
621.420,400.213,13.330,15.996
620.670,399.578,13.330,15.996
621.074,400.328,13.330,15.996
621.477,399.924,13.330,15.996
620.958,400.559,13.330,15.996
621.593,400.155,13.330,15.996
621.073,399.751,13.330,15.996
621.708,400.501,13.330,15.996
621.189,400.097,13.330,15.996
621.823,399.809,13.330,15.996
621.073,400.558,13.330,15.996
621.362,400.270,13.330,15.996
620.612,399.866,13.330,15.996
620.900,400.501,13.330,15.996
621.189,400.097,13.330,15.996
621.246,399.578,13.330,15.996
621.304,400.212,13.330,15.996
621.131,399.693,13.330,15.996
621.304,400.328,13.330,15.996
621.016,399.809,13.330,15.996
620.958,400.443,13.330,15.996
620.670,399.809,13.330,15.996
620.312,400.368,13.046,15.655
621.049,400.046,12.768,15.321
621.767,400.432,12.768,15.321
621.270,400.819,12.768,15.321
620.773,401.095,12.768,15.321
621.381,400.377,12.768,15.321
620.883,400.653,12.768,15.321
621.491,400.930,12.768,15.321
620.773,400.101,12.768,15.321
621.381,400.267,12.768,15.321
620.883,400.432,12.768,15.321
621.491,400.598,12.768,15.321
621.215,400.874,12.768,15.321
620.939,400.156,12.768,15.321
621.988,400.543,12.768,15.321
621.822,400.819,12.768,15.321
621.657,401.095,12.768,15.321
621.160,400.377,12.768,15.321
620.773,400.764,12.768,15.321
621.712,401.151,12.768,15.321
621.215,400.432,12.768,15.321
620.939,400.819,12.768,15.321
621.878,401.206,12.768,15.321
621.601,400.488,12.768,15.321
621.215,400.764,12.768,15.321
620.939,401.040,12.768,15.321
621.657,400.212,12.768,15.321
621.049,400.377,12.768,15.321
621.657,400.543,12.768,15.321
621.160,400.709,12.768,15.321
620.773,400.764,12.768,15.321
621.601,400.930,12.768,15.321
621.104,399.991,12.768,15.321
621.933,400.156,12.768,15.321
621.436,400.212,12.768,15.321
620.939,400.267,12.768,15.321
621.546,400.543,12.768,15.321
621.160,400.819,12.768,15.321
620.662,400.985,12.768,15.321
621.160,400.156,12.768,15.321
620.662,400.433,12.768,15.321
621.381,400.819,12.768,15.321
620.994,400.985,12.768,15.321
621.601,400.267,12.768,15.321
621.215,400.543,12.768,15.321
620.828,400.819,12.768,15.321
621.657,401.206,12.768,15.321
621.160,400.377,12.768,15.321
620.552,400.543,12.768,15.321
621.049,400.819,12.768,15.321
621.546,400.985,12.768,15.321
620.828,400.267,12.768,15.321
621.546,400.543,12.768,15.321
621.160,400.819,12.768,15.321
620.773,401.206,12.768,15.321
621.381,400.488,12.768,15.321
620.883,400.764,12.768,15.321
621.491,401.040,12.768,15.321
620.883,400.322,12.768,15.321
621.601,400.598,12.768,15.321
621.215,400.985,12.768,15.321
620.828,400.267,12.768,15.321
621.546,400.543,12.768,15.321
621.160,400.819,12.768,15.321
620.883,401.095,12.768,15.321
621.601,400.377,12.768,15.321
621.215,400.654,12.768,15.321
620.828,401.040,12.768,15.321
621.325,400.322,12.768,15.321
620.828,400.598,12.768,15.321
621.436,400.764,12.768,15.321
620.939,401.040,12.768,15.321
621.436,400.212,12.768,15.321
620.939,400.377,12.768,15.321
621.325,400.543,12.768,15.321
620.718,400.709,12.768,15.321
621.325,400.875,12.768,15.321
620.607,399.936,12.768,15.321
620.994,399.770,12.768,15.321
621.381,400.709,12.768,15.321
620.773,400.654,12.768,15.321
621.381,400.598,12.768,15.321
620.552,400.322,12.768,15.321
620.607,400.156,12.768,15.321
620.110,399.770,12.768,15.321
620.828,400.598,12.768,15.321
620.662,400.433,12.768,15.321
620.386,400.156,12.768,15.321
620.552,400.101,12.768,15.321
620.497,399.935,12.768,15.321
620.221,399.659,12.768,15.321
620.055,400.488,12.768,15.321
620.883,400.322,12.768,15.321
620.607,400.046,12.768,15.321
620.221,399.880,12.768,15.321
619.944,399.715,12.768,15.321
620.552,400.543,12.768,15.321
620.497,400.488,12.768,15.321
620.221,400.433,12.768,15.321
620.055,400.377,12.768,15.321
620.662,400.212,12.768,15.321
620.497,400.046,12.768,15.321
620.883,399.991,12.768,15.321
621.491,399.935,12.768,15.321
620.883,399.770,12.768,15.321
621.270,400.598,12.768,15.321
620.552,400.212,12.768,15.321
621.049,400.046,12.768,15.321
621.988,399.991,12.768,15.321
621.601,399.825,12.768,15.321
620.994,400.653,12.768,15.321
621.822,400.709,12.768,15.321
621.546,400.764,12.768,15.321
621.160,400.709,12.768,15.321
620.883,400.653,12.768,15.321
621.716,400.427,13.050,15.660
621.208,400.257,13.050,15.660
620.813,400.088,13.050,15.660
621.547,400.031,13.050,15.660
621.039,399.862,13.050,15.660
