388.000,183.000,14.000,15.000
381.778,183.970,14.000,15.000
374.530,184.142,14.000,15.000
366.824,183.742,14.000,15.000
360.146,184.826,14.000,15.000
353.468,185.454,14.000,15.000
346.561,185.283,14.000,15.000
338.399,185.683,14.000,15.000
332.063,186.311,14.000,15.000
324.358,186.596,14.000,15.000
317.908,187.338,14.000,15.000
309.974,187.623,14.000,15.000
302.497,188.137,14.000,15.000
296.504,187.966,14.000,15.000
288.684,189.050,14.000,15.000
282.463,188.308,14.000,15.000
276.469,188.936,14.000,15.000
270.476,189.450,14.000,15.000
264.369,188.822,14.000,15.000
258.261,189.564,14.000,15.000
252.497,189.735,14.000,15.000
247.987,190.249,14.000,15.000
242.907,190.420,14.000,15.000
238.284,190.820,14.000,15.000
234.003,191.904,14.000,15.000
229.722,192.418,14.000,15.000
225.442,191.676,14.000,15.000
222.873,192.532,14.000,15.000
218.935,193.160,14.000,15.000
216.252,192.760,14.000,15.000
214.026,193.731,14.000,15.000
211.800,194.130,14.000,15.000
209.688,193.502,14.000,15.000
208.261,194.244,14.000,15.000
207.291,193.845,14.000,15.000
206.435,194.815,14.000,15.000
206.035,194.986,14.000,15.000
205.407,195.158,14.000,15.000
206.035,194.416,14.000,15.000
205.750,194.929,14.000,15.000
205.807,195.671,14.000,15.000
206.777,194.929,14.000,15.000
207.861,195.329,14.000,15.000
209.060,194.359,14.000,15.000
211.286,194.301,14.000,15.000
213.741,194.016,14.000,15.000
215.053,193.502,14.000,15.000
217.964,194.130,14.000,15.000
220.533,193.274,14.000,15.000
223.215,193.445,14.000,15.000
226.811,193.046,14.000,15.000
229.380,192.646,14.000,15.000
232.862,193.274,14.000,15.000
235.316,192.874,14.000,15.000
238.227,193.616,14.000,15.000
241.024,193.103,14.000,15.000
243.478,192.589,14.000,15.000
246.275,193.217,14.000,15.000
248.273,192.589,14.000,15.000
250.156,193.103,14.000,15.000
251.583,192.361,14.000,15.000
252.782,192.532,14.000,15.000
254.780,192.475,14.000,15.000
255.864,192.418,14.000,15.000
257.063,192.247,14.000,15.000
258.832,191.847,14.000,15.000
259.803,192.703,14.000,15.000
260.773,192.418,14.000,15.000
261.629,192.132,14.000,15.000
262.371,191.847,14.000,15.000
263.684,192.703,14.000,15.000
264.083,192.418,14.000,15.000
265.168,192.247,14.000,15.000
266.138,192.190,14.000,15.000
266.880,192.018,14.000,15.000
267.166,191.619,14.000,15.000
268.136,192.361,14.000,15.000
268.764,191.961,14.000,15.000
268.935,192.817,14.000,15.000
269.335,192.989,14.000,15.000
270.191,192.932,14.000,15.000
270.704,192.874,14.000,15.000
270.191,192.817,14.000,15.000
271.275,192.646,14.000,15.000
271.675,192.703,14.000,15.000
271.161,192.989,14.000,15.000
272.017,192.932,14.000,15.000
272.188,192.989,14.000,15.000
272.816,193.160,14.000,15.000
272.303,192.418,14.000,15.000
273.045,192.703,14.000,15.000
273.102,192.989,14.000,15.000
273.273,193.502,14.000,15.000
273.787,192.874,14.000,15.000
273.045,193.388,14.000,15.000
273.787,192.760,14.000,15.000
273.273,193.388,14.000,15.000
274.129,192.874,14.000,15.000
273.958,193.731,14.000,15.000
273.787,193.902,14.000,15.000
273.615,194.187,14.000,15.000
273.558,193.331,14.000,15.000
273.958,193.845,14.000,15.000
274.129,194.473,14.000,15.000
274.415,193.959,14.000,15.000
274.700,194.815,14.000,15.000
273.730,194.986,14.000,15.000
273.787,195.614,14.000,15.000
274.186,195.100,14.000,15.000
274.700,194.701,14.000,15.000
273.844,195.557,14.000,15.000
274.243,195.728,14.000,15.000
274.414,196.242,14.000,15.000
274.586,195.614,14.000,15.000
273.730,196.356,14.000,15.000
274.129,196.071,14.000,15.000
274.414,196.128,14.000,15.000
274.700,196.413,14.000,15.000
273.958,196.699,14.000,15.000
274.357,197.098,14.000,15.000
274.757,196.470,14.000,15.000
273.901,197.098,14.000,15.000
274.300,196.585,14.000,15.000
274.586,197.327,14.000,15.000
273.844,196.813,14.000,15.000
274.357,197.555,14.000,15.000
274.871,197.041,14.000,15.000
274.129,196.527,14.000,15.000
274.643,197.155,14.000,15.000
273.901,196.642,14.000,15.000
274.415,197.384,14.000,15.000
274.928,197.327,14.000,15.000
274.186,197.612,14.000,15.000
274.700,197.897,14.000,15.000
273.958,198.297,14.000,15.000
274.586,197.555,14.000,15.000
273.844,198.069,14.000,15.000
274.472,197.441,14.000,15.000
275.214,198.069,14.000,15.000
274.700,197.441,14.000,15.000
274.529,198.069,14.000,15.000
274.928,197.441,14.000,15.000
275.784,198.069,14.000,15.000
276.298,197.441,14.000,15.000
277.383,198.183,14.000,15.000
278.353,197.669,14.000,15.000
279.209,198.297,14.000,15.000
280.065,197.669,14.000,15.000
280.921,198.297,14.000,15.000
281.778,197.669,14.000,15.000
282.748,198.297,14.000,15.000
283.832,197.555,14.000,15.000
285.830,198.183,14.000,15.000
286.915,197.441,14.000,15.000
288.113,197.954,14.000,15.000
289.997,198.468,14.000,15.000
291.195,197.726,14.000,15.000
293.422,198.126,14.000,15.000
294.734,197.384,14.000,15.000
295.933,197.555,14.000,15.000
297.817,197.384,14.000,15.000
299.243,196.984,14.000,15.000
301.470,197.840,14.000,15.000
302.896,197.669,14.000,15.000
304.894,197.155,14.000,15.000
306.207,196.527,14.000,15.000
308.319,196.813,14.000,15.000
309.289,196.984,14.000,15.000
310.716,197.269,14.000,15.000
311.572,196.185,14.000,15.000
312.657,195.785,14.000,15.000
313.855,196.527,14.000,15.000
315.282,196.242,14.000,15.000
316.938,196.185,14.000,15.000
318.136,195.785,14.000,15.000
319.335,196.527,14.000,15.000
320.305,196.128,14.000,15.000
320.933,195.728,14.000,15.000
321.104,196.356,14.000,15.000
321.961,195.842,14.000,15.000
322.588,196.470,14.000,15.000
322.303,195.957,14.000,15.000
323.502,196.470,14.000,15.000
323.901,195.728,14.000,15.000
324.643,196.128,14.000,15.000
324.358,195.386,14.000,15.000
325.442,195.900,14.000,15.000
326.070,196.413,14.000,15.000
325.671,195.671,14.000,15.000
325.385,196.071,14.000,15.000
326.356,195.215,14.000,15.000
326.641,195.386,14.000,15.000
326.013,195.557,14.000,15.000
326.641,195.614,14.000,15.000
326.356,195.671,14.000,15.000
327.212,195.500,14.000,15.000
327.497,195.215,14.000,15.000
327.897,194.701,14.000,15.000
327.269,195.329,14.000,15.000
327.897,194.815,14.000,15.000
327.383,195.443,14.000,15.000
328.125,194.701,14.000,15.000
327.725,195.215,14.000,15.000
327.326,194.473,14.000,15.000
328.182,194.758,14.000,15.000
327.897,194.929,14.000,15.000
327.611,194.986,14.000,15.000
327.212,194.815,14.000,15.000
327.954,194.415,14.000,15.000
327.440,194.016,14.000,15.000
328.182,193.616,14.000,15.000
327.554,194.358,14.000,15.000
326.926,193.845,14.000,15.000
327.554,194.587,14.000,15.000
326.926,194.073,14.000,15.000
327.440,193.331,14.000,15.000
327.725,193.160,14.000,15.000
326.869,192.874,14.000,15.000
327.040,193.731,14.000,15.000
327.098,193.445,14.000,15.000
327.040,193.046,14.000,15.000
326.869,192.532,14.000,15.000
326.698,193.046,14.000,15.000
326.413,192.304,14.000,15.000
327.155,192.703,14.000,15.000
326.755,192.874,14.000,15.000
326.241,193.046,14.000,15.000
326.869,191.961,14.000,15.000
326.127,192.703,14.000,15.000
326.527,192.075,14.000,15.000
325.785,191.447,14.000,15.000
326.184,191.961,14.000,15.000
326.356,192.589,14.000,15.000
326.641,191.733,14.000,15.000
325.785,191.904,14.000,15.000
325.956,191.733,14.000,15.000
326.241,191.447,14.000,15.000
326.641,191.048,14.000,15.000
325.899,190.534,14.000,15.000
326.184,191.162,14.000,15.000
326.470,190.534,14.000,15.000
326.641,191.162,14.000,15.000
325.671,190.534,14.000,15.000
325.271,191.162,14.000,15.000
326.127,190.420,14.000,15.000
325.614,190.820,14.000,15.000
324.986,191.105,14.000,15.000
325.614,190.135,14.000,15.000
324.872,189.849,14.000,15.000
325.614,190.591,14.000,15.000
324.986,190.192,14.000,15.000
325.614,189.564,14.000,15.000
324.986,190.078,14.000,15.000
325.728,189.450,14.000,15.000
325.100,190.078,14.000,15.000
325.842,189.336,14.000,15.000
325.100,189.735,14.000,15.000
325.614,190.135,14.000,15.000
324.986,189.278,14.000,15.000
325.499,189.564,14.000,15.000
325.899,189.963,14.000,15.000
325.157,190.249,14.000,15.000
325.556,189.393,14.000,15.000
324.700,189.450,14.000,15.000
325.100,189.050,14.000,15.000
325.613,188.651,14.000,15.000
324.871,189.393,14.000,15.000
325.499,188.765,14.000,15.000
326.127,189.393,14.000,15.000
325.499,188.651,14.000,15.000
326.013,188.936,14.000,15.000
325.271,188.993,14.000,15.000
325.899,189.050,14.000,15.000
325.271,188.080,14.000,15.000
325.785,187.680,14.000,15.000
325.157,188.422,14.000,15.000
325.671,187.909,14.000,15.000
325.043,188.651,14.000,15.000
325.556,188.137,14.000,15.000
324.929,187.623,14.000,15.000
325.442,188.251,14.000,15.000
326.070,187.623,14.000,15.000
325.328,188.137,14.000,15.000
325.956,187.395,14.000,15.000
325.214,187.794,14.000,15.000
325.842,188.080,14.000,15.000
325.328,187.224,14.000,15.000
326.070,187.509,14.000,15.000
325.556,187.680,14.000,15.000
325.043,187.737,14.000,15.000
325.785,187.794,14.000,15.000
325.271,187.966,14.000,15.000
326.013,187.909,14.000,15.000
325.614,187.623,14.000,15.000
325.214,187.109,14.000,15.000
325.956,186.596,14.000,15.000
325.556,187.224,14.000,15.000
325.043,186.596,14.000,15.000
325.785,187.224,14.000,15.000
325.385,186.482,14.000,15.000
326.241,186.881,14.000,15.000
325.842,187.281,14.000,15.000
325.556,186.539,14.000,15.000
325.157,187.167,14.000,15.000
326.013,186.425,14.000,15.000
325.728,187.052,14.000,15.000
325.671,186.425,14.000,15.000
325.385,186.938,14.000,15.000
326.241,187.338,14.000,15.000
326.184,186.596,14.000,15.000
326.241,186.995,14.000,15.000
326.298,187.395,14.000,15.000
326.698,186.539,14.000,15.000
325.842,186.482,14.000,15.000
326.013,186.539,14.000,15.000
326.298,186.710,14.000,15.000
326.584,186.539,14.000,15.000
325.842,186.139,14.000,15.000
326.241,185.740,14.000,15.000
326.983,186.367,14.000,15.000
326.356,185.854,14.000,15.000
327.098,186.596,14.000,15.000
326.698,185.968,14.000,15.000
326.298,186.596,14.000,15.000
327.155,185.968,14.000,15.000
327.098,186.482,14.000,15.000
327.040,185.854,14.000,15.000
326.983,186.367,14.000,15.000
326.926,185.511,14.000,15.000
326.869,185.911,14.000,15.000
326.812,186.196,14.000,15.000
327.212,185.340,14.000,15.000
327.611,185.740,14.000,15.000
326.869,186.025,14.000,15.000
327.497,185.169,14.000,15.000
328.125,185.454,14.000,15.000
327.611,185.511,14.000,15.000
327.098,185.568,14.000,15.000
327.840,185.625,14.000,15.000
327.554,185.797,14.000,15.000
327.611,186.082,14.000,15.000
327.783,185.226,14.000,15.000
327.954,185.625,14.000,15.000
328.125,186.025,14.000,15.000
328.410,185.283,14.000,15.000
328.696,185.797,14.000,15.000
327.840,186.310,14.000,15.000
328.125,185.683,14.000,15.000
328.410,186.196,14.000,15.000
328.696,185.568,14.000,15.000
327.840,186.196,14.000,15.000
328.239,185.568,14.000,15.000
328.525,186.310,14.000,15.000
327.668,185.797,14.000,15.000
327.954,186.653,14.000,15.000
328.239,186.482,14.000,15.000
328.525,186.539,14.000,15.000
327.668,186.596,14.000,15.000
327.954,186.881,14.000,15.000
328.239,187.281,14.000,15.000
328.639,186.539,14.000,15.000
327.783,187.052,14.000,15.000
328.068,186.425,14.000,15.000
328.239,187.052,14.000,15.000
328.639,186.425,14.000,15.000
327.783,187.052,14.000,15.000
328.068,186.539,14.000,15.000
328.239,187.281,14.000,15.000
328.296,186.881,14.000,15.000
328.353,187.623,14.000,15.000
327.954,187.452,14.000,15.000
327.668,187.395,14.000,15.000
327.155,187.566,14.000,15.000
327.897,187.737,14.000,15.000
327.383,188.023,14.000,15.000
328.125,187.281,14.000,15.000
327.497,187.794,14.000,15.000
328.239,188.308,14.000,15.000
327.611,187.680,14.000,15.000
326.983,188.422,14.000,15.000
327.611,188.023,14.000,15.000
326.869,187.737,14.000,15.000
327.383,188.594,14.000,15.000
327.897,188.536,14.000,15.000
327.155,188.708,14.000,15.000
327.668,188.993,14.000,15.000
326.926,189.278,14.000,15.000
327.668,188.536,14.000,15.000
327.269,189.050,14.000,15.000
328.125,188.422,14.000,15.000
327.954,189.278,14.000,15.000
328.239,189.450,14.000,15.000
328.867,189.963,14.000,15.000
328.239,190.591,14.000,15.000
328.867,190.192,14.000,15.000
328.582,190.020,14.000,15.000
329.095,190.648,14.000,15.000
329.837,191.276,14.000,15.000
329.552,190.877,14.000,15.000
330.066,191.847,14.000,15.000
330.808,192.247,14.000,15.000
331.207,191.733,14.000,15.000
332.178,192.589,14.000,15.000
332.805,192.760,14.000,15.000
333.091,193.388,14.000,15.000
334.061,192.989,14.000,15.000
334.917,193.959,14.000,15.000
335.774,194.473,14.000,15.000
336.516,194.187,14.000,15.000
337.143,194.358,14.000,15.000
338.570,194.758,14.000,15.000
339.541,195.500,14.000,15.000
340.625,194.986,14.000,15.000
341.938,196.071,14.000,15.000
344.050,195.443,14.000,15.000
345.020,196.185,14.000,15.000
346.447,195.785,14.000,15.000
348.673,196.642,14.000,15.000
349.529,196.927,14.000,15.000
350.728,197.441,14.000,15.000
352.269,196.927,14.000,15.000
354.723,197.783,14.000,15.000
355.694,197.384,14.000,15.000
357.577,197.212,14.000,15.000
358.776,197.384,14.000,15.000
361.230,197.669,14.000,15.000
363.114,198.183,14.000,15.000
364.655,197.441,14.000,15.000
365.968,197.954,14.000,15.000
368.536,198.582,14.000,15.000
369.507,198.068,14.000,15.000
371.733,197.555,14.000,15.000
373.616,198.297,14.000,15.000
375.614,197.669,14.000,15.000
377.269,198.411,14.000,15.000
379.952,197.783,14.000,15.000
381.607,198.411,14.000,15.000
382.920,197.669,14.000,15.000
385.603,198.183,14.000,15.000
386.801,197.326,14.000,15.000
389.370,197.498,14.000,15.000
392.053,197.669,14.000,15.000
393.594,197.384,14.000,15.000
395.249,196.870,14.000,15.000
398.160,197.612,14.000,15.000
400.158,196.870,14.000,15.000
402.270,197.269,14.000,15.000
404.381,196.413,14.000,15.000
406.722,196.014,14.000,15.000
407.920,195.386,14.000,15.000
410.489,196.014,14.000,15.000
413.057,195.157,14.000,15.000
415.169,195.100,14.000,15.000
417.281,194.587,14.000,15.000
419.507,194.986,14.000,15.000
420.706,194.701,14.000,15.000
423.503,194.187,14.000,15.000
425.500,193.445,14.000,15.000
427.726,193.845,14.000,15.000
430.067,193.673,14.000,15.000
432.407,193.046,14.000,15.000
435.089,192.304,14.000,15.000
436.745,192.018,14.000,15.000
438.742,191.505,14.000,15.000
440.512,191.790,14.000,15.000
442.738,191.162,14.000,15.000
445.078,190.306,14.000,15.000
447.532,189.906,14.000,15.000
448.617,190.648,14.000,15.000
451.071,189.792,14.000,15.000
453.411,189.393,14.000,15.000
455.866,188.536,14.000,15.000
456.950,188.137,14.000,15.000
459.290,187.395,14.000,15.000
461.402,187.109,14.000,15.000
463.514,186.367,14.000,15.000
464.028,186.310,14.000,15.000
466.482,185.797,14.000,15.000
468.366,185.854,14.000,15.000
469.679,185.226,14.000,15.000
470.649,184.370,14.000,15.000
471.848,183.742,14.000,15.000
473.389,183.799,14.000,15.000
475.729,183.171,14.000,15.000
476.471,182.201,14.000,15.000
477.784,181.801,14.000,15.000
478.526,182.201,14.000,15.000
479.382,181.002,14.000,15.000
480.923,180.146,14.000,15.000
481.779,179.632,14.000,15.000
482.407,179.575,14.000,15.000
483.606,178.947,14.000,15.000
483.206,178.776,14.000,15.000
484.291,178.148,14.000,15.000
485.261,177.064,14.000,15.000
485.889,176.208,14.000,15.000
485.718,175.922,14.000,15.000
486.231,176.093,14.000,15.000
486.859,175.009,14.000,15.000
486.231,174.267,14.000,15.000
486.859,173.867,14.000,15.000
486.003,174.495,14.000,15.000
486.174,173.525,14.000,15.000
485.775,172.783,14.000,15.000
485.147,172.498,14.000,15.000
485.432,171.641,14.000,15.000
484.919,171.242,14.000,15.000
483.834,170.500,14.000,15.000
482.978,170.100,14.000,15.000
482.122,169.472,14.000,15.000
481.380,169.529,14.000,15.000
480.638,168.902,14.000,15.000
479.211,168.616,14.000,15.000
478.355,168.103,14.000,15.000
477.498,167.246,14.000,15.000
476.300,166.847,14.000,15.000
474.302,167.475,14.000,15.000
473.332,166.504,14.000,15.000
472.019,165.991,14.000,15.000
469.679,166.504,14.000,15.000
468.366,165.420,14.000,15.000
467.167,164.792,14.000,15.000
465.284,165.077,14.000,15.000
464.085,163.879,14.000,15.000
461.859,164.278,14.000,15.000
460.432,163.194,14.000,15.000
459.233,162.338,14.000,15.000
457.578,161.710,14.000,15.000
455.238,161.881,14.000,15.000
454.154,161.253,14.000,15.000
452.841,160.283,14.000,15.000
450.615,159.541,14.000,15.000
449.188,159.027,14.000,15.000
448.217,158.057,14.000,15.000
446.676,157.771,14.000,15.000
444.108,158.057,14.000,15.000
443.252,156.744,14.000,15.000
441.939,156.459,14.000,15.000
439.370,155.717,14.000,15.000
438.057,155.317,14.000,15.000
435.603,154.461,14.000,15.000
433.263,153.833,14.000,15.000
431.836,153.662,14.000,15.000
429.039,153.034,14.000,15.000
426.471,151.949,14.000,15.000
424.130,152.463,14.000,15.000
421.448,151.493,14.000,15.000
418.651,150.751,14.000,15.000
414.598,150.694,14.000,15.000
411.459,150.066,14.000,15.000
408.776,149.096,14.000,15.000
404.267,148.810,14.000,15.000
401.242,149.438,14.000,15.000
396.847,148.696,14.000,15.000
392.224,148.981,14.000,15.000
387.943,149.038,14.000,15.000
383.548,148.068,14.000,15.000
378.696,147.897,14.000,15.000
374.187,148.753,14.000,15.000
369.472,148.054,14.310,15.332
364.513,147.762,14.310,15.332
359.573,148.501,14.626,15.671
355.578,147.726,14.626,15.671
351.106,148.501,14.626,15.671
346.275,148.322,14.626,15.671
341.922,148.859,14.626,15.671
337.331,149.634,14.626,15.671
333.932,149.216,14.626,15.671
329.579,149.395,14.626,15.671
326.657,150.170,14.626,15.671
322.542,150.111,14.626,15.671
319.620,151.125,14.626,15.671
316.340,152.019,14.626,15.671
313.060,152.556,14.626,15.671
309.900,151.900,14.626,15.671
306.978,152.675,14.626,15.671
304.533,152.973,14.626,15.671
303.162,153.629,14.626,15.671
300.597,153.927,14.626,15.671
299.107,153.987,14.626,15.671
296.423,154.762,14.626,15.671
295.529,154.702,14.626,15.671
294.396,155.120,14.626,15.671
292.786,155.895,14.626,15.671
290.579,156.074,14.626,15.671
290.162,156.491,14.626,15.671
289.148,155.955,14.626,15.671
288.134,156.730,14.626,15.671
287.121,156.790,14.626,15.671
286.226,157.088,14.626,15.671
285.451,157.505,14.626,15.671
284.914,156.849,14.626,15.671
283.781,157.386,14.626,15.671
282.887,156.730,14.626,15.671
282.231,157.386,14.626,15.671
281.813,156.849,14.626,15.671
280.919,157.624,14.626,15.671
280.621,157.088,14.626,15.671
281.158,157.863,14.626,15.671
280.144,157.445,14.626,15.671
279.726,157.028,14.626,15.671
278.951,157.803,14.626,15.671
279.249,157.505,14.626,15.671
278.713,157.207,14.626,15.671
278.176,156.790,14.626,15.671
278.713,157.684,14.626,15.671
277.937,157.386,14.626,15.671
278.355,157.207,14.626,15.671
278.534,157.028,14.626,15.671
278.355,157.803,14.626,15.671
278.534,157.386,14.626,15.671
278.236,156.968,14.626,15.671
277.699,157.744,14.626,15.671
277.162,157.326,14.626,15.671
277.937,156.909,14.626,15.671
277.281,157.684,14.626,15.671
277.937,157.267,14.626,15.671
277.162,156.849,14.626,15.671
277.699,157.624,14.626,15.671
276.804,157.207,14.626,15.671
277.222,156.670,14.626,15.671
276.924,157.445,14.626,15.671
276.506,157.028,14.626,15.671
277.162,157.803,14.626,15.671
276.626,157.267,14.626,15.671
277.281,156.730,14.626,15.671
276.626,157.505,14.626,15.671
277.043,157.207,14.626,15.671
276.148,156.909,14.626,15.671
276.447,157.684,14.626,15.671
276.387,157.267,14.626,15.671
276.208,156.968,14.626,15.671
275.791,157.744,14.626,15.671
275.135,157.445,14.626,15.671
275.791,157.267,14.626,15.671
275.254,157.088,14.626,15.671
275.910,158.101,14.626,15.671
275.254,158.161,14.626,15.671
275.791,158.340,14.626,15.671
275.015,157.445,14.626,15.671
275.314,157.624,14.626,15.671
275.612,157.923,14.626,15.671
275.791,158.101,14.626,15.671
274.896,158.400,14.626,15.671
275.075,157.505,14.626,15.671
275.015,157.803,14.626,15.671
274.837,158.101,14.626,15.671
274.419,158.400,14.626,15.671
275.314,157.624,14.626,15.671
275.015,158.042,14.626,15.671
274.598,158.459,14.626,15.671
275.373,157.565,14.626,15.671
274.956,157.863,14.626,15.671
274.538,158.161,14.626,15.671
275.194,158.578,14.626,15.671
274.658,157.803,14.626,15.671
275.314,158.221,14.626,15.671
274.777,157.445,14.626,15.671
274.240,157.863,14.626,15.671
274.777,158.280,14.626,15.671
274.121,157.386,14.626,15.671
274.658,157.803,14.626,15.671
275.194,158.221,14.626,15.671
274.538,157.326,14.626,15.671
275.075,157.744,14.626,15.671
274.419,158.042,14.626,15.671
274.956,158.340,14.626,15.671
274.300,157.445,14.626,15.671
274.717,157.744,14.626,15.671
273.942,158.042,14.626,15.671
274.479,158.340,14.626,15.671
275.015,157.445,14.626,15.671
274.360,157.505,14.626,15.671
275.015,157.684,14.626,15.671
274.479,157.744,14.626,15.671
275.135,157.803,14.626,15.671
274.598,157.863,14.626,15.671
275.254,158.042,14.626,15.671
274.717,158.101,14.626,15.671
274.181,158.161,14.626,15.671
274.837,158.340,14.626,15.671
274.300,157.445,14.626,15.671
274.837,157.624,14.626,15.671
274.181,157.923,14.626,15.671
274.717,158.340,14.626,15.671
274.061,157.565,14.626,15.671
274.598,157.982,14.626,15.671
275.135,158.400,14.626,15.671
274.479,157.624,14.626,15.671
275.015,158.161,14.626,15.671
274.479,158.698,14.626,15.671
275.135,158.042,14.626,15.671
274.598,158.578,14.626,15.671
275.373,158.042,14.626,15.671
275.075,158.698,14.626,15.671
275.254,158.280,14.626,15.671
275.910,157.982,14.626,15.671
275.493,158.757,14.626,15.671
276.387,158.459,14.626,15.671
276.804,158.638,14.626,15.671
276.148,158.936,14.626,15.671
277.043,159.354,14.626,15.671
277.699,158.578,14.626,15.671
277.162,158.996,14.626,15.671
277.937,159.533,14.626,15.671
278.474,158.877,14.626,15.671
279.249,159.413,14.626,15.671
279.667,158.757,14.626,15.671
280.442,159.652,14.626,15.671
280.859,159.115,14.626,15.671
280.561,159.890,14.626,15.671
281.933,159.711,14.626,15.671
282.350,160.010,14.626,15.671
283.125,160.308,14.626,15.671
284.020,159.533,14.626,15.671
284.557,160.069,14.626,15.671
285.809,160.606,14.626,15.671
286.345,160.069,14.626,15.671
287.598,160.725,14.626,15.671
288.850,160.189,14.626,15.671
289.387,159.890,14.626,15.671
290.639,160.666,14.626,15.671
291.891,160.725,14.626,15.671
292.666,161.143,14.626,15.671
294.276,161.560,14.626,15.671
295.290,160.785,14.626,15.671
296.542,161.202,14.626,15.671
297.914,160.666,14.626,15.671
298.689,161.441,14.626,15.671
299.703,160.904,14.626,15.671
300.836,161.679,14.626,15.671
302.327,161.381,14.626,15.671
304.175,161.202,14.626,15.671
305.308,161.381,14.626,15.671
306.680,161.202,14.626,15.671
309.005,161.500,14.626,15.671
309.661,162.037,14.626,15.671
311.748,162.455,14.626,15.671
312.524,161.918,14.626,15.671
314.849,162.574,14.626,15.671
315.625,161.918,14.626,15.671
318.189,162.455,14.626,15.671
319.322,161.799,14.626,15.671
320.932,162.574,14.626,15.671
322.184,162.037,14.626,15.671
324.867,162.812,14.626,15.671
326.120,162.156,14.626,15.671
328.803,163.051,14.626,15.671
330.055,162.633,14.626,15.671
332.739,162.216,14.626,15.671
334.349,161.799,14.626,15.671
337.390,162.574,14.626,15.671
339.596,162.276,14.626,15.671
342.280,162.455,14.626,15.671
344.486,162.037,14.626,15.671
346.693,162.932,14.626,15.671
348.183,162.514,14.626,15.671
351.105,162.335,14.626,15.671
353.670,162.037,14.626,15.671
356.592,162.932,14.626,15.671
359.037,162.395,14.626,15.671
360.885,161.858,14.626,15.671
363.330,162.633,14.626,15.671
366.252,162.216,14.626,15.671
368.816,161.679,14.626,15.671
370.426,162.335,14.626,15.671
373.587,161.679,14.626,15.671
376.270,162.216,14.626,15.671
378.596,161.441,14.626,15.671
381.398,161.858,14.626,15.671
383.963,161.918,14.626,15.671
385.573,162.097,14.626,15.671
388.852,161.918,14.626,15.671
390.940,161.620,14.626,15.671
393.623,161.083,14.626,15.671
396.664,161.977,14.626,15.671
399.467,161.441,14.626,15.671
401.912,160.666,14.626,15.671
403.403,161.083,14.626,15.671
406.325,161.381,14.626,15.671
408.650,160.606,14.626,15.671
411.095,160.785,14.626,15.671
412.228,161.083,14.626,15.671
414.912,161.023,14.626,15.671
415.925,160.844,14.626,15.671
417.178,160.785,14.626,15.671
419.265,160.367,14.626,15.671
420.398,159.711,14.626,15.671
421.531,160.367,14.626,15.671
422.664,159.711,14.626,15.671
423.916,160.129,14.626,15.671
424.453,160.308,14.626,15.671
425.466,159.413,14.626,15.671
426.361,159.473,14.626,15.671
427.017,159.294,14.626,15.671
427.434,158.877,14.626,15.671
428.209,159.533,14.626,15.671
428.746,158.996,14.626,15.671
428.448,159.652,14.626,15.671
429.700,158.996,14.626,15.671
429.521,159.294,14.626,15.671
430.774,158.400,14.626,15.671
430.475,158.698,14.626,15.671
431.608,158.996,14.626,15.671
432.384,159.175,14.626,15.671
432.801,158.161,14.626,15.671
432.264,159.056,14.626,15.671
432.920,158.877,14.626,15.671
432.861,158.698,14.626,15.671
433.040,158.757,14.626,15.671
433.576,158.578,14.626,15.671
434.113,158.280,14.626,15.671
433.338,158.221,14.626,15.671
433.994,158.042,14.626,15.671
433.457,158.817,14.626,15.671
434.232,158.519,14.626,15.671
433.815,158.221,14.626,15.671
433.278,158.280,14.626,15.671
433.934,158.459,14.626,15.671
433.278,158.757,14.626,15.671
433.934,159.056,14.626,15.671
432.920,159.711,14.626,15.671
432.145,159.294,14.626,15.671
432.682,159.115,14.626,15.671
432.384,160.248,14.626,15.671
431.728,159.711,14.626,15.671
430.475,160.725,14.626,15.671
430.177,161.500,14.626,15.671
429.283,161.322,14.626,15.671
428.388,161.977,14.626,15.671
427.613,162.991,14.626,15.671
426.838,163.528,14.626,15.671
425.228,163.468,14.626,15.671
424.453,164.124,14.626,15.671
423.558,165.257,14.626,15.671
422.544,165.078,14.626,15.671
421.292,166.450,14.626,15.671
419.801,166.748,14.626,15.671
417.476,167.523,14.626,15.671
416.701,168.060,14.626,15.671
414.613,168.954,14.626,15.671
413.719,169.610,14.626,15.671
411.274,169.908,14.626,15.671
410.260,170.684,14.626,15.671
408.889,171.101,14.626,15.671
406.205,171.996,14.626,15.671
405.072,172.532,14.626,15.671
402.747,172.592,14.626,15.671
401.137,173.248,14.626,15.671
399.646,173.546,14.626,15.671
398.036,174.440,14.626,15.671
395.233,174.977,14.626,15.671
393.385,175.991,14.626,15.671
391.775,176.528,14.626,15.671
388.733,176.826,14.626,15.671
386.169,177.601,14.626,15.671
384.798,178.018,14.626,15.671
381.995,178.913,14.626,15.671
379.431,179.569,14.626,15.671
377.940,179.748,14.626,15.671
374.899,180.404,14.626,15.671
372.096,180.821,14.626,15.671
369.532,181.715,14.626,15.671
368.041,182.014,14.626,15.671
364.642,183.027,14.626,15.671
362.436,183.683,14.626,15.671
359.633,183.862,14.626,15.671
356.711,184.757,14.626,15.671
353.312,185.174,14.626,15.671
350.628,184.876,14.626,15.671
348.064,186.009,14.626,15.671
344.785,186.784,14.626,15.671
341.386,187.321,14.626,15.671
338.583,187.619,14.626,15.671
335.780,188.275,14.626,15.671
331.546,188.454,14.626,15.671
328.982,189.110,14.626,15.671
325.702,190.004,14.626,15.671
321.349,190.660,14.626,15.671
318.547,191.197,14.626,15.671
315.386,190.660,14.626,15.671
311.152,191.435,14.626,15.671
307.634,191.853,14.626,15.671
304.354,192.509,14.626,15.671
299.762,191.972,14.626,15.671
295.648,192.867,14.626,15.671
292.607,193.403,14.626,15.671
288.373,192.986,14.626,15.671
283.900,193.880,14.626,15.671
279.667,194.178,14.626,15.671
276.625,193.642,14.626,15.671
272.272,194.417,14.626,15.671
267.681,194.477,14.626,15.671
264.401,194.655,14.626,15.671
259.571,195.192,14.626,15.671
255.337,194.775,14.626,15.671
250.745,195.669,14.626,15.671
245.915,195.729,14.626,15.671
241.443,196.027,14.626,15.671
237.567,196.444,14.626,15.671
233.094,196.027,14.626,15.671
228.264,196.921,14.626,15.671
223.792,196.862,14.626,15.671
218.961,196.564,14.626,15.671
214.608,196.266,14.626,15.671
210.613,196.444,14.626,15.671
206.141,196.743,14.626,15.671
201.430,196.921,14.626,15.671
196.838,196.862,14.626,15.671
192.008,196.921,14.626,15.671
187.535,196.743,14.626,15.671
183.302,196.444,14.626,15.671
178.829,196.146,14.626,15.671
174.118,196.921,14.626,15.671
169.884,196.385,14.626,15.671
165.412,195.729,14.626,15.671
161.178,196.266,14.626,15.671
156.825,195.371,14.626,15.671
152.233,195.550,14.626,15.671
148.119,195.133,14.626,15.671
143.885,195.788,14.626,15.671
139.532,195.013,14.626,15.671
136.252,194.715,14.626,15.671
131.422,194.059,14.626,15.671
127.546,194.238,14.626,15.671
123.670,193.224,14.626,15.671
119.675,192.688,14.626,15.671
115.321,193.105,14.626,15.671
111.207,192.568,14.626,15.671
107.092,191.793,14.626,15.671
103.455,191.495,14.626,15.671
99.936,190.601,14.626,15.671
95.464,190.541,14.626,15.671
92.661,189.766,14.626,15.671
89.262,189.229,14.626,15.671
85.148,188.454,14.626,15.671
81.868,187.798,14.626,15.671
77.753,187.619,14.626,15.671
74.354,186.725,14.626,15.671
71.790,185.949,14.626,15.671
68.749,185.532,14.626,15.671
65.111,184.518,14.626,15.671
62.667,183.624,14.626,15.671
60.102,182.729,14.626,15.671
57.061,181.835,14.626,15.671
54.258,181.179,14.626,15.671
51.694,179.807,14.626,15.671
48.772,179.032,14.626,15.671
46.566,178.376,14.626,15.671
45.314,176.766,14.626,15.671
42.511,175.991,14.626,15.671
40.782,175.216,14.626,15.671
38.098,173.844,14.626,15.671
37.085,173.069,14.626,15.671
34.759,172.294,14.626,15.671
32.553,170.087,14.626,15.671
31.897,170.147,14.626,15.671
29.929,169.133,14.626,15.671
28.915,168.000,14.626,15.671
27.663,166.867,14.626,15.671
27.126,165.734,14.626,15.671
26.112,164.243,14.626,15.671
25.099,162.395,14.626,15.671
24.443,161.262,14.626,15.671
24.264,159.890,14.626,15.671
24.085,158.996,14.626,15.671
23.787,157.982,14.626,15.671
23.727,156.730,14.626,15.671
24.383,155.000,14.626,15.671
25.397,153.867,14.626,15.671
26.172,152.138,14.626,15.671
26.828,150.886,14.626,15.671
27.722,149.276,14.626,15.671
29.094,146.712,14.626,15.671
31.539,145.698,14.626,15.671
34.103,144.326,14.626,15.671
35.474,141.881,14.626,15.671
38.396,140.987,14.626,15.671
41.199,139.854,14.626,15.671
43.883,138.363,14.626,15.671
46.685,135.918,14.626,15.671
50.561,134.905,14.626,15.671
53.841,133.652,14.626,15.671
57.002,131.804,14.626,15.671
61.593,130.790,14.626,15.671
66.304,129.299,14.626,15.671
70.164,126.713,14.950,16.018
74.491,125.677,14.950,16.018
79.701,124.425,15.281,16.372
84.747,122.742,15.281,16.372
90.790,121.434,15.281,16.372
95.961,119.503,15.281,16.372
101.506,118.444,15.281,16.372
107.798,117.011,15.281,16.372
114.090,115.827,15.281,16.372
119.386,113.522,15.281,16.372
126.426,112.089,15.281,16.372
132.967,111.529,15.281,16.372
139.010,109.846,15.281,16.372
145.801,108.787,15.281,16.372
153.215,107.479,15.281,16.372
159.756,106.171,15.281,16.372
167.793,105.361,15.281,16.372
174.583,103.928,15.281,16.372
181.249,103.118,15.281,16.372
188.040,102.433,15.281,16.372
194.831,101.249,15.281,16.372
202.992,100.813,15.281,16.372
209.409,99.878,15.281,16.372
216.324,99.069,15.281,16.372
223.115,98.882,15.281,16.372
230.030,98.196,15.281,16.372
236.696,98.009,15.281,16.372
243.736,97.324,15.281,16.372
250.483,96.174,15.619,16.734
255.768,96.365,15.619,16.734
262.582,96.556,15.619,16.734
267.867,96.365,15.619,16.734
273.280,96.683,15.619,16.734
278.565,95.600,15.619,16.734
283.978,96.556,15.619,16.734
289.136,97.001,15.619,16.734
293.911,96.556,15.619,16.734
298.050,97.383,15.619,16.734
302.572,97.447,15.619,16.734
305.437,98.148,15.619,16.734
308.685,98.211,15.619,16.734
312.314,98.402,15.619,16.734
315.180,99.357,15.619,16.734
318.555,99.931,15.619,16.734
321.038,99.739,15.619,16.734
323.904,100.440,15.619,16.734
326.515,101.650,15.619,16.734
327.724,102.096,15.619,16.734
330.081,103.051,15.619,16.734
332.437,104.006,15.619,16.734
333.901,104.961,15.619,16.734
336.894,106.044,15.619,16.734
338.231,107.253,15.619,16.734
340.842,108.463,15.619,16.734
343.326,109.928,15.619,16.734
344.535,110.883,15.619,16.734
347.401,112.093,15.619,16.734
350.266,113.685,15.619,16.734
352.623,114.768,15.619,16.734
355.488,116.105,15.619,16.734
358.226,117.569,15.619,16.734
360.964,119.925,15.619,16.734
364.085,120.626,15.619,16.734
367.460,122.855,15.619,16.734
370.452,123.682,15.619,16.734
373.955,124.638,15.619,16.734
378.348,125.847,15.619,16.734
381.723,127.057,15.619,16.734
386.245,128.522,15.619,16.734
389.747,130.114,15.619,16.734
394.777,131.196,15.619,16.734
399.808,132.406,15.619,16.734
404.711,133.616,15.619,16.734
409.614,134.826,15.619,16.734
414.645,135.527,15.619,16.734
419.676,136.482,15.619,16.734
424.833,137.564,15.619,16.734
430.246,138.519,15.619,16.734
435.404,139.475,15.619,16.734
440.817,140.175,15.619,16.734
446.993,140.493,15.619,16.734
452.406,141.194,15.619,16.734
457.564,141.385,15.619,16.734
463.359,142.085,15.619,16.734
468.771,141.767,15.619,16.734
475.330,141.831,15.619,16.734
480.488,142.022,15.619,16.734
486.155,142.467,15.619,16.734
492.969,142.913,15.619,16.734
498.127,142.085,15.619,16.734
503.794,141.894,15.619,16.734
509.334,141.703,15.619,16.734
514.492,141.130,15.619,16.734
520.160,141.703,15.619,16.734
526.846,140.748,15.619,16.734
531.749,140.175,15.619,16.734
536.780,140.493,15.619,16.734
542.319,139.920,15.619,16.734
547.223,138.965,15.619,16.734
552.253,138.265,15.619,16.734
557.284,137.819,15.619,16.734
562.187,136.864,15.619,16.734
567.854,136.036,15.619,16.734
572.758,135.335,15.619,16.734
577.279,134.890,15.619,16.734
581.545,133.807,15.619,16.734
586.194,132.852,15.619,16.734
590.460,131.897,15.619,16.734
595.109,131.069,15.619,16.734
599.884,130.241,15.619,16.734
604.024,129.413,15.619,16.734
608.545,128.586,15.619,16.734
611.665,127.758,15.619,16.734
616.186,126.166,15.619,16.734
620.580,125.211,15.619,16.734
623.573,124.256,15.619,16.734
626.311,123.300,15.619,16.734
627.775,122.473,15.619,16.734
629.495,121.645,15.619,16.734
630.336,120.534,15.286,16.378
631.022,119.475,15.286,16.378
631.125,119.109,14.960,16.028
628.521,116.987,14.641,15.687
628.965,115.026,14.329,15.352
629.257,113.682,14.329,15.352
629.804,113.114,14.023,15.025
628.718,111.913,14.023,15.025
628.775,111.399,14.023,15.025
628.947,110.655,14.023,15.025
629.118,110.255,14.023,15.025
629.404,109.855,14.023,15.025
629.690,110.255,14.023,15.025
628.832,110.427,14.023,15.025
629.118,110.598,14.023,15.025
629.404,110.770,14.023,15.025
629.690,110.941,14.023,15.025
628.832,111.113,14.023,15.025
628.974,111.362,14.333,15.357
629.383,111.888,14.333,15.357
628.273,112.063,14.333,15.357
629.032,112.121,14.333,15.357
629.805,112.341,14.028,15.030
628.947,111.598,14.028,15.030
629.233,111.426,14.028,15.030
629.519,111.255,14.028,15.030
628.547,110.969,14.028,15.030
628.833,111.369,14.028,15.030
629.118,111.884,14.028,15.030
629.497,111.421,14.338,15.362
628.270,110.778,14.338,15.362
628.913,110.018,14.338,15.362
629.088,108.907,14.338,15.362
629.263,107.797,14.338,15.362
629.322,107.154,14.338,15.362
628.796,107.095,14.338,15.362
629.230,109.118,14.032,15.034
629.491,108.180,14.343,15.367
628.146,107.303,14.343,15.367
628.290,106.466,14.660,15.707
628.620,106.000,14.347,15.372
627.976,105.005,14.347,15.372
628.386,104.128,14.347,15.372
627.625,103.134,14.347,15.372
628.035,102.490,14.347,15.372
628.327,101.847,14.347,15.372
627.379,101.130,14.665,15.712
628.037,98.799,14.665,15.712
627.260,97.424,14.665,15.712
627.798,96.646,14.665,15.712
627.021,95.989,14.665,15.712
627.559,96.168,14.665,15.712
628.097,95.749,14.665,15.712
627.200,95.570,14.665,15.712
627.858,96.467,14.665,15.712
627.200,96.885,14.665,15.712
627.858,97.543,14.665,15.712
627.200,97.364,14.665,15.712
627.977,97.663,14.665,15.712
627.200,98.081,14.665,15.712
627.619,98.858,14.665,15.712
628.037,99.397,14.665,15.712
627.140,99.576,14.665,15.712
627.559,99.994,14.665,15.712
627.977,100.413,14.665,15.712
627.080,100.473,14.665,15.712
627.499,100.533,14.665,15.712
627.771,99.925,14.989,16.060
627.588,99.497,14.989,16.060
627.404,99.069,14.989,16.060
627.221,99.252,14.989,16.060
627.038,99.069,14.989,16.060
626.976,98.763,14.989,16.060
627.902,98.287,14.670,15.717
627.540,98.051,14.357,15.382
627.832,98.226,14.357,15.382
628.125,98.402,14.357,15.382
627.663,97.807,14.674,15.723
628.440,97.508,14.674,15.723
628.141,97.208,14.674,15.723
627.842,96.909,14.674,15.723
627.543,96.610,14.674,15.723
628.321,96.670,14.674,15.723
627.663,96.132,14.674,15.723
628.321,96.072,14.674,15.723
627.663,95.773,14.674,15.723
628.321,95.952,14.674,15.723
627.663,95.773,14.674,15.723
628.201,96.790,14.674,15.723
627.423,97.448,14.674,15.723
627.962,98.106,14.674,15.723
627.184,98.525,14.674,15.723
627.722,98.704,14.674,15.723
626.945,98.644,14.674,15.723
627.603,98.943,14.674,15.723
628.261,97.926,14.674,15.723
628.129,97.229,14.361,15.387
628.422,96.585,14.361,15.387
627.841,96.918,14.055,15.059
628.357,97.205,14.055,15.059
628.873,97.033,14.055,15.059
628.525,97.249,13.755,14.738
628.582,97.417,13.755,14.738
628.638,97.585,13.755,14.738
628.694,97.753,13.755,14.738
628.862,97.810,13.755,14.738
629.030,97.866,13.755,14.738
629.198,98.258,13.755,14.738
628.469,98.539,13.755,14.738
628.375,98.666,14.060,15.064
627.685,98.797,14.371,15.397
627.708,98.931,14.689,15.738
627.169,99.230,14.689,15.738
627.947,99.410,14.689,15.738
627.528,99.590,14.689,15.738
628.307,99.769,14.689,15.738
627.888,99.949,14.689,15.738
627.349,99.530,14.689,15.738
628.007,99.110,14.689,15.738
627.468,99.170,14.689,15.738
627.865,99.307,15.014,16.086
628.049,99.613,15.014,16.086
627.057,99.626,15.346,16.442
626.744,99.563,15.346,16.442
627.558,99.626,15.346,16.442
627.370,99.438,15.346,16.442
627.182,99.250,15.346,16.442
627.245,99.313,15.346,16.442
627.307,99.250,15.346,16.442
627.120,98.187,15.346,16.442
626.807,96.122,15.346,16.442
627.495,93.932,15.346,16.442
627.057,93.619,15.346,16.442
627.040,93.131,15.019,16.092
627.101,92.825,15.019,16.092
627.162,92.519,15.019,16.092
627.223,92.213,15.019,16.092
627.040,90.192,15.019,16.092
626.734,88.171,15.019,16.092
627.661,87.340,14.698,15.748
626.882,86.561,14.698,15.748
627.301,86.021,14.698,15.748
627.978,85.554,14.385,15.413
627.919,84.909,14.385,15.413
627.978,84.850,14.385,15.413
628.037,84.791,14.385,15.413
627.978,84.029,14.385,15.413
627.919,83.267,14.385,15.413
627.743,83.091,14.385,15.413
627.567,82.915,14.385,15.413
626.861,82.197,14.703,15.754
627.537,81.613,14.390,15.418
627.244,80.733,14.390,15.418
627.889,79.736,14.390,15.418
627.479,79.443,14.390,15.418
627.068,78.680,14.390,15.418
627.844,78.109,14.083,15.089
628.131,77.822,14.083,15.089
627.269,77.420,14.083,15.089
628.250,77.747,13.783,14.767
627.632,77.579,13.783,14.767
628.374,78.332,13.489,14.452
628.889,78.539,13.201,14.144
628.512,79.131,13.201,14.144
628.136,79.077,13.201,14.144
628.728,79.023,13.201,14.144
628.351,78.754,13.201,14.144
629.051,78.916,13.201,14.144
628.781,79.508,13.201,14.144
628.512,80.208,13.201,14.144
628.351,80.800,13.201,14.144
629.051,78.701,13.201,14.144
628.781,76.602,13.201,14.144
628.405,74.718,13.201,14.144
628.136,74.772,13.201,14.144
628.835,74.503,13.201,14.144
628.351,76.279,13.201,14.144
628.835,77.086,13.201,14.144
628.351,77.786,13.201,14.144
628.943,77.409,13.201,14.144
628.566,76.924,13.201,14.144
628.189,76.548,13.201,14.144
628.781,76.279,13.201,14.144
628.405,75.902,13.201,14.144
627.920,75.525,13.201,14.144
628.512,75.148,13.201,14.144
628.028,74.772,13.201,14.144
628.620,74.287,13.201,14.144
628.136,73.911,13.201,14.144
628.620,73.426,13.201,14.144
628.136,72.942,13.201,14.144
628.728,71.058,13.201,14.144
628.243,69.174,13.201,14.144
628.728,68.582,13.201,14.144
628.136,68.098,13.201,14.144
628.620,67.291,13.201,14.144
628.028,66.699,13.201,14.144
628.405,66.322,13.201,14.144
627.813,65.838,13.201,14.144
628.189,65.784,13.201,14.144
628.674,66.591,13.201,14.144
628.189,67.183,13.201,14.144
628.674,66.806,13.201,14.144
628.082,67.183,13.201,14.144
628.566,68.098,13.201,14.144
628.082,68.798,13.201,14.144
628.566,69.390,13.201,14.144
628.082,69.659,13.201,14.144
628.674,67.452,13.201,14.144
628.082,65.138,13.201,14.144
628.566,64.008,13.201,14.144
627.974,63.093,13.201,14.144
628.351,62.501,13.201,14.144
628.728,62.124,13.201,14.144
628.028,61.640,13.201,14.144
628.297,62.662,13.201,14.144
628.674,62.393,13.201,14.144
627.974,62.877,13.201,14.144
628.243,63.254,13.201,14.144
628.620,62.662,13.201,14.144
627.920,62.285,13.201,14.144
628.297,61.909,13.201,14.144
628.674,61.532,13.201,14.144
627.974,61.155,13.201,14.144
628.351,60.778,13.201,14.144
628.728,60.509,13.201,14.144
628.028,60.133,13.201,14.144
628.297,60.832,13.201,14.144
628.566,61.532,13.201,14.144
627.867,62.016,13.201,14.144
628.136,62.178,13.201,14.144
628.405,62.339,13.201,14.144
627.705,62.501,13.201,14.144
627.974,62.662,13.201,14.144
628.351,62.608,13.201,14.144
628.728,62.554,13.201,14.144
628.028,62.070,13.201,14.144
628.513,60.294,13.201,14.144
627.813,59.810,13.201,14.144
628.190,59.433,13.201,14.144
628.567,58.949,13.201,14.144
627.867,58.357,13.201,14.144
628.244,58.087,13.201,14.144
628.621,57.818,13.201,14.144
628.294,57.606,12.919,13.842
628.686,57.195,12.644,13.547
628.119,56.731,12.644,13.547
628.247,56.100,12.924,13.847
628.537,55.791,12.648,13.552
628.664,55.159,12.928,13.851
628.955,55.053,12.652,13.556
628.387,54.382,12.652,13.556
628.515,54.393,12.932,13.856
628.805,53.880,12.656,13.560
628.237,53.106,12.656,13.560
628.258,52.367,12.936,13.860
628.548,52.362,12.661,13.565
628.676,51.944,12.941,13.865
628.967,51.940,12.665,13.569
628.399,51.785,12.665,13.569
628.526,51.367,12.945,13.870
628.817,51.362,12.669,13.574
628.249,51.207,12.669,13.574
628.269,50.789,12.949,13.874
628.458,50.886,12.673,13.578
628.479,50.575,12.953,13.879
628.668,51.181,12.677,13.583
627.724,50.441,12.958,13.883
628.410,49.966,12.958,13.883
628.701,49.655,12.681,13.587
627.756,48.701,12.962,13.888
627.997,47.944,13.249,14.195
627.943,47.782,13.249,14.195
627.889,47.836,13.249,14.195
627.835,47.890,13.249,14.195
628.105,48.376,13.249,14.195
628.375,48.862,13.249,14.195
628.645,49.348,13.249,14.195
627.835,51.131,13.249,14.195
628.105,51.941,13.249,14.195
628.375,52.535,13.249,14.195
628.645,53.129,13.249,14.195
627.943,53.723,13.249,14.195
628.213,54.210,13.249,14.195
628.483,54.372,13.249,14.195
627.781,54.642,13.249,14.195
628.051,54.804,13.249,14.195
628.321,54.858,13.249,14.195
628.591,54.696,13.249,14.195
627.889,54.966,13.249,14.195
628.267,55.128,13.249,14.195
628.645,55.290,13.249,14.195
627.943,55.236,13.249,14.195
628.321,55.290,13.249,14.195
628.699,55.020,13.249,14.195
627.997,54.642,13.249,14.195
628.375,54.588,13.249,14.195
628.753,54.534,13.249,14.195
628.051,54.588,13.249,14.195
628.321,54.858,13.249,14.195
628.591,55.452,13.249,14.195
627.889,55.722,13.249,14.195
628.159,55.884,13.249,14.195
628.429,56.046,13.249,14.195
627.727,55.668,13.249,14.195
627.997,54.966,13.249,14.195
628.267,54.264,13.249,14.195
628.537,53.993,13.249,14.195
627.727,53.291,13.249,14.195
627.997,53.021,13.249,14.195
628.267,52.751,13.249,14.195
628.537,52.157,13.249,14.195
627.727,51.239,13.249,14.195
627.889,51.185,13.249,14.195
628.051,51.563,13.249,14.195
628.213,51.941,13.249,14.195
628.375,52.211,13.249,14.195
628.645,53.021,13.249,14.195
627.835,53.939,13.249,14.195
628.105,54.642,13.249,14.195
628.375,55.344,13.249,14.195
628.645,55.938,13.249,14.195
627.835,56.316,13.249,14.195
628.105,55.938,13.249,14.195
628.375,56.424,13.249,14.195
628.645,56.694,13.249,14.195
627.835,56.856,13.249,14.195
628.213,56.586,13.249,14.195
628.591,56.316,13.249,14.195
627.889,56.046,13.249,14.195
628.267,55.776,13.249,14.195
628.645,55.506,13.249,14.195
627.943,55.236,13.249,14.195
628.321,54.966,13.249,14.195
628.699,54.696,13.249,14.195
627.997,55.074,13.249,14.195
628.375,55.344,13.249,14.195
628.753,55.614,13.249,14.195
628.051,55.560,13.249,14.195
628.429,55.938,13.249,14.195
627.835,55.668,13.249,14.195
628.213,55.830,13.249,14.195
628.591,56.100,13.249,14.195
627.889,56.478,13.249,14.195
628.267,56.856,13.249,14.195
628.645,57.234,13.249,14.195
627.943,57.288,13.249,14.195
628.213,56.694,13.249,14.195
628.591,56.208,13.249,14.195
627.889,55.506,13.249,14.195
628.159,55.020,13.249,14.195
628.429,54.534,13.249,14.195
627.619,54.588,13.249,14.195
627.889,54.750,13.249,14.195
628.159,54.912,13.249,14.195
628.429,54.966,13.249,14.195
627.997,55.065,12.966,13.892
629.104,55.672,12.690,13.596
628.535,56.034,12.690,13.596
628.663,55.508,12.970,13.897
628.954,55.605,12.694,13.600
628.385,55.243,12.694,13.600
628.513,54.824,12.975,13.901
628.804,55.125,12.698,13.605
628.234,55.280,12.698,13.605
628.363,54.861,12.979,13.906
628.654,55.162,12.702,13.609
628.084,55.421,12.702,13.609
628.212,55.217,12.983,13.911
628.504,55.621,12.706,13.614
628.632,55.416,12.987,13.915
628.924,55.616,12.710,13.618
627.977,55.304,12.992,13.920
628.771,55.145,12.992,13.920
629.063,55.344,12.715,13.623
628.115,55.032,12.996,13.924
628.407,55.232,12.719,13.627
628.535,55.027,13.000,13.929
628.827,55.227,12.723,13.632
628.257,55.071,12.723,13.632
628.277,55.512,13.004,13.933
628.569,55.610,12.727,13.636
628.698,55.405,13.009,13.938
628.990,55.298,12.731,13.641
628.523,55.039,12.731,13.641
628.651,55.372,13.013,13.942
628.943,56.084,12.735,13.645
628.372,56.655,12.735,13.645
628.501,56.989,13.017,13.947
628.793,57.598,12.740,13.650
627.951,58.147,13.022,13.952
628.748,58.837,13.022,13.952
629.040,59.549,12.744,13.654
628.572,60.121,12.744,13.654
628.701,60.562,13.026,13.956
