323.000,301.000,11.000,6.000
322.503,300.636,11.000,6.000
322.404,300.073,11.000,6.000
322.570,300.371,11.000,6.000
322.801,300.735,11.000,6.000
323.099,299.378,11.000,6.000
321.808,300.073,11.000,6.000
322.437,299.709,11.000,6.000
323.066,298.352,11.000,6.000
321.643,298.981,11.000,6.000
321.544,298.551,11.000,6.000
321.775,298.451,11.000,6.000
322.272,299.146,11.000,6.000
321.908,299.643,11.000,6.000
322.801,299.014,11.000,6.000
322.503,299.577,11.000,6.000
322.007,299.213,11.000,6.000
320.517,300.835,11.000,6.000
322.007,300.139,11.000,6.000
323.232,301.298,11.000,6.000
324.986,301.795,11.000,6.000
326.542,301.629,11.000,6.000
326.376,301.662,11.000,6.000
327.270,301.232,11.000,6.000
329.753,302.390,11.000,6.000
330.381,305.072,11.000,6.000
334.519,301.464,11.000,6.000
336.406,301.166,11.000,6.000
338.624,300.868,11.000,6.000
342.245,301.454,11.243,6.133
345.933,301.149,11.243,6.133
348.335,300.507,11.243,6.133
351.752,299.999,11.243,6.133
354.019,299.695,11.243,6.133
357.774,299.458,11.243,6.133
361.665,299.221,11.243,6.133
365.150,298.781,11.243,6.133
369.650,299.018,11.243,6.133
372.458,298.307,11.243,6.133
374.996,297.868,11.243,6.133
379.453,298.487,11.004,6.002
383.128,298.322,11.004,6.002
381.969,298.421,11.004,6.002
381.332,303.954,11.247,6.135
378.855,305.396,11.496,6.270
378.544,304.363,11.251,6.137
378.436,304.853,11.011,6.006
376.698,301.177,11.254,6.139
374.501,294.942,11.014,6.008
371.200,298.169,10.780,5.880
370.172,298.743,11.018,6.010
370.635,299.262,11.262,6.143
377.859,305.417,11.511,6.279
376.186,306.605,11.766,6.418
385.863,316.342,12.026,6.560
385.543,316.382,12.292,6.705
385.579,316.715,12.292,6.705
385.764,316.900,12.292,6.705
395.640,322.411,12.292,6.705
398.945,322.019,12.030,6.562
399.375,321.683,12.296,6.707
399.190,322.312,12.296,6.707
400.115,322.127,12.296,6.707
399.096,319.251,12.568,6.855
399.814,320.802,12.568,6.855
400.107,321.236,12.846,7.007
399.611,320.826,12.572,6.858
399.432,321.496,12.850,7.009
400.244,320.993,12.850,7.009
399.822,321.702,12.576,6.860
399.628,321.374,12.308,6.714
400.035,320.818,12.308,6.714
400.517,321.596,12.308,6.714
400.035,321.559,12.308,6.714
400.295,321.299,12.308,6.714
400.110,320.670,12.308,6.714
399.998,321.003,12.308,6.714
399.961,321.485,12.308,6.714
399.710,321.218,12.581,6.862
399.596,320.953,12.581,6.862
399.786,319.250,12.581,6.862
399.369,321.408,12.581,6.862
400.013,321.975,12.581,6.862
399.521,321.483,12.581,6.862
400.164,322.051,12.581,6.862
399.748,321.786,12.581,6.862
399.256,321.370,12.581,6.862
399.864,322.282,12.312,6.716
399.531,321.747,12.050,6.573
399.135,322.411,11.793,6.432
398.885,322.650,11.541,6.295
399.545,322.407,11.541,6.295
400.103,322.106,11.295,6.161
399.863,322.467,11.054,6.030
400.396,322.780,11.299,6.163
399.343,324.106,11.299,6.163
400.020,321.976,11.058,6.032
399.654,322.475,11.058,6.032
399.419,322.251,10.822,5.903
398.995,320.868,11.061,6.034
398.355,320.283,11.306,6.167
398.253,319.432,11.306,6.167
398.799,318.411,11.556,6.303
399.737,327.626,11.556,6.303
399.842,327.174,11.556,6.303
400.039,326.708,11.812,6.443
399.221,327.241,11.812,6.443
399.349,327.796,12.073,6.585
399.094,327.106,12.073,6.585
399.349,326.707,12.073,6.585
399.022,327.470,12.073,6.585
398.767,327.579,12.073,6.585
399.385,327.615,12.073,6.585
398.695,327.869,12.073,6.585
399.240,327.179,12.073,6.585
398.622,327.433,12.073,6.585
398.949,327.760,12.073,6.585
399.131,327.215,12.073,6.585
399.603,326.816,12.073,6.585
400.148,326.489,12.073,6.585
400.039,325.944,12.073,6.585
400.546,325.607,12.341,6.731
400.910,325.494,12.614,6.880
400.968,325.063,12.893,7.032
400.382,325.428,13.178,7.188
400.442,325.801,13.469,7.347
400.335,324.921,13.767,7.510
400.226,325.225,14.072,7.676
400.466,324.481,14.383,7.845
400.262,324.798,14.702,8.019
400.053,324.939,15.027,8.196
399.465,324.351,15.027,8.196
400.003,324.589,15.359,8.378
400.169,324.736,15.699,8.563
399.750,324.494,16.047,8.753
400.023,324.347,16.402,8.946
399.875,323.804,16.402,8.946
399.628,324.347,16.402,8.946
399.382,323.903,16.402,8.946
399.036,324.150,16.402,8.946
398.197,321.929,16.402,8.946
398.420,321.311,16.052,8.756
398.730,321.823,15.709,8.569
398.494,321.398,15.709,8.569
399.254,320.988,15.374,8.386
399.552,321.568,15.047,8.207
398.883,322.048,14.726,8.032
399.370,321.561,14.726,8.032
398.887,320.151,14.412,7.861
398.748,320.611,14.104,7.693
399.384,321.078,14.104,7.693
398.833,320.951,14.104,7.693
399.384,321.588,14.104,7.693
399.002,321.121,14.104,7.693
398.536,321.588,14.104,7.693
399.172,321.036,14.104,7.693
398.705,321.588,14.104,7.693
399.427,321.121,14.104,7.693
399.045,321.588,14.104,7.693
398.663,321.121,14.104,7.693
399.299,321.673,14.104,7.693
399.002,321.206,14.104,7.693
398.705,320.739,14.104,7.693
399.427,321.291,14.104,7.693
399.130,320.824,14.104,7.693
398.748,321.291,14.104,7.693
399.384,320.739,14.104,7.693
399.002,321.206,14.104,7.693
398.620,320.569,14.104,7.693
399.342,320.951,14.104,7.693
398.960,321.333,14.104,7.693
398.578,320.781,14.104,7.693
399.215,321.163,14.104,7.693
398.833,320.612,14.104,7.693
399.469,320.994,14.104,7.693
399.002,321.375,14.104,7.693
398.620,320.824,14.104,7.693
399.427,321.375,14.104,7.693
399.045,320.739,14.104,7.693
398.663,320.696,14.104,7.693
399.469,321.078,14.104,7.693
399.002,321.545,14.104,7.693
398.790,320.824,14.104,7.693
398.323,320.442,14.104,7.693
399.215,319.890,14.104,7.693
398.833,320.866,14.104,7.693
398.697,320.580,13.804,7.529
399.154,319.791,13.804,7.529
399.610,319.085,13.804,7.529
399.156,318.700,14.109,7.696
399.396,318.923,14.421,7.866
398.832,318.161,14.740,8.040
398.876,318.915,14.740,8.040
398.743,319.136,14.740,8.040
398.610,318.737,14.740,8.040
399.321,318.786,15.066,8.218
399.484,319.025,15.400,8.400
399.067,318.515,15.400,8.400
399.576,319.025,15.400,8.400
399.517,319.784,15.071,8.221
399.200,319.285,15.071,8.221
399.064,320.238,15.071,8.221
398.474,319.535,15.405,8.403
398.798,320.323,15.405,8.403
398.560,320.279,15.076,8.223
398.153,319.710,14.755,8.048
391.093,312.296,14.755,8.048
399.218,321.398,14.755,8.048
398.552,312.651,14.755,8.048
399.573,320.332,14.755,8.048
399.364,319.828,15.081,8.226
399.219,320.747,14.760,8.051
398.819,321.325,14.760,8.051
398.425,320.637,15.086,8.229
399.330,321.206,14.764,8.053
399.285,320.450,14.764,8.053
399.063,321.028,14.764,8.053
398.841,320.628,14.764,8.053
398.619,321.206,14.764,8.053
398.308,320.628,14.764,8.053
398.166,321.099,14.450,7.882
399.166,321.839,14.450,7.882
398.859,321.713,14.141,7.714
398.559,321.344,13.840,7.549
399.183,322.052,13.840,7.549
398.809,322.494,13.545,7.388
398.678,322.298,13.256,7.230
399.320,322.798,12.973,7.076
398.969,322.309,12.697,6.925
399.583,321.904,12.426,6.778
399.097,322.315,12.426,6.778
401.602,317.267,12.426,6.778
400.592,322.315,12.426,6.778
400.405,323.624,12.426,6.778
399.996,325.372,12.701,6.928
401.323,324.939,12.982,7.081
401.463,326.522,13.269,7.238
400.385,326.881,13.269,7.238
400.345,327.320,13.269,7.238
400.654,326.868,13.562,7.398
400.462,326.235,13.863,7.561
400.420,325.860,13.863,7.561
400.462,326.736,13.863,7.561
400.420,326.694,13.863,7.561
400.128,327.070,13.863,7.561
399.753,327.528,13.863,7.561
400.378,327.070,13.863,7.561
400.086,327.612,13.863,7.561
399.878,327.236,13.863,7.561
400.921,322.856,13.863,7.561
399.294,322.231,13.863,7.561
398.678,321.467,13.567,7.400
399.255,321.900,13.278,7.242
398.973,322.016,12.994,7.088
398.772,321.903,12.717,6.937
398.355,322.604,12.446,6.789
398.018,323.001,12.181,6.644
398.749,322.754,11.921,6.502
398.426,322.374,11.667,6.364
398.043,322.882,11.418,6.228
398.490,323.328,11.418,6.228
397.974,322.950,11.418,6.228
398.421,322.504,11.418,6.228
397.906,322.950,11.418,6.228
398.490,322.435,11.418,6.228
398.112,322.882,11.418,6.228
398.863,322.584,11.174,6.095
399.468,323.200,10.936,5.965
400.027,322.904,10.936,5.965
399.929,322.805,10.936,5.965
399.764,322.706,10.936,5.965
399.659,322.675,10.703,5.838
399.304,323.093,10.703,5.838
399.723,322.932,10.703,5.838
398.918,323.351,10.703,5.838
399.594,322.803,10.703,5.838
400.271,323.286,10.703,5.838
399.916,322.868,10.703,5.838
399.627,323.415,10.703,5.838
400.238,323.125,10.703,5.838
400.464,322.900,10.703,5.838
400.432,323.512,10.703,5.838
400.335,323.222,10.703,5.838
400.238,322.868,10.703,5.838
400.335,323.415,10.703,5.838
400.238,323.061,10.703,5.838
400.077,323.544,10.703,5.838
400.045,323.319,10.703,5.838
400.142,322.900,10.703,5.838
400.045,323.319,10.703,5.838
400.142,322.836,10.703,5.838
400.110,323.254,10.703,5.838
400.077,322.771,10.703,5.838
400.045,323.254,10.703,5.838
399.949,322.836,10.703,5.838
399.852,323.319,10.703,5.838
399.755,322.900,10.703,5.838
399.466,323.448,10.703,5.838
400.142,323.093,10.703,5.838
399.916,322.739,10.703,5.838
399.820,323.093,10.703,5.838
399.659,322.546,10.703,5.838
399.562,322.964,10.703,5.838
400.367,323.383,10.703,5.838
391.768,316.330,10.703,5.838
392.122,316.233,10.703,5.838
397.584,316.603,10.940,5.967
400.025,316.093,11.182,6.099
406.115,315.857,11.182,6.099
408.639,315.487,11.182,6.099
412.441,314.983,11.182,6.099
416.108,315.420,11.182,6.099
420.920,315.521,11.182,6.099
424.790,315.084,11.182,6.099
429.803,316.127,11.182,6.099
433.403,316.497,11.182,6.099
438.013,315.723,11.182,6.099
440.739,316.160,11.182,6.099
446.694,316.800,11.182,6.099
450.295,316.766,11.182,6.099
453.693,317.069,11.182,6.099
458.437,317.708,11.182,6.099
462.038,317.338,11.182,6.099
465.705,318.045,11.182,6.099
467.152,317.593,11.429,6.234
474.412,325.267,11.682,6.372
473.955,324.504,11.941,6.513
470.861,332.504,11.686,6.374
471.248,331.906,11.686,6.374
470.932,332.223,11.686,6.374
470.328,331.605,11.944,6.515
475.180,333.366,11.944,6.515
476.582,335.774,11.944,6.515
476.935,338.648,12.209,6.659
477.486,336.774,12.209,6.659
476.779,335.900,12.479,6.807
476.134,336.098,12.755,6.957
475.476,335.742,13.037,7.111
475.209,336.030,13.326,7.268
475.020,335.408,13.620,7.429
473.340,335.449,13.620,7.429
472.381,335.070,13.922,7.594
472.256,335.782,13.922,7.594
471.962,336.159,13.922,7.594
472.507,336.452,13.922,7.594
472.046,336.243,13.922,7.594
472.004,335.866,13.922,7.594
471.981,335.912,14.230,7.762
471.512,336.404,14.545,7.933
471.488,336.634,14.866,8.109
471.801,336.231,14.866,8.109
470.847,336.466,15.195,8.288
470.710,336.786,15.195,8.288
470.573,337.106,15.195,8.288
471.076,336.786,15.195,8.288
471.524,337.027,15.532,8.472
471.789,336.497,15.875,8.659
472.060,336.946,16.226,8.851
472.640,337.608,16.585,9.047
476.682,333.665,16.585,9.047
463.357,343.497,16.585,9.047
462.109,338.556,16.585,9.047
458.167,334.214,16.585,9.047
452.857,339.447,16.952,9.247
459.920,344.373,17.327,9.451
462.065,345.127,16.958,9.250
458.012,348.784,17.333,9.454
458.449,345.315,16.963,9.253
458.314,344.418,17.339,9.458
443.669,329.861,17.722,9.667
429.430,317.861,17.722,9.667
427.883,317.595,17.722,9.667
423.137,318.395,17.722,9.667
422.870,319.088,17.722,9.667
421.750,318.501,17.722,9.667
421.057,319.088,17.722,9.667
421.400,319.757,17.344,9.461
420.428,320.612,16.975,9.259
419.969,320.561,16.975,9.259
420.633,320.203,16.975,9.259
420.272,320.942,16.613,9.061
419.822,320.492,16.613,9.061
419.972,320.042,16.613,9.061
419.812,321.054,16.258,8.868
420.154,321.690,16.258,8.868
420.595,321.348,16.258,8.868
419.959,320.614,16.258,8.868
420.105,320.859,16.258,8.868
419.861,320.516,16.258,8.868
419.323,320.761,16.258,8.868
419.861,320.516,16.258,8.868
420.497,320.369,16.258,8.868
420.057,321.077,15.912,8.679
419.626,320.646,15.912,8.679
419.578,321.269,15.912,8.679
419.626,320.550,15.912,8.679
420.249,321.173,15.912,8.679
419.722,320.838,15.912,8.679
419.661,321.346,15.572,8.494
420.176,321.205,15.572,8.494
420.692,322.283,15.572,8.494
421.488,321.767,15.572,8.494
420.598,322.283,15.572,8.494
419.801,321.955,15.572,8.494
419.380,322.564,15.572,8.494
420.176,322.423,15.572,8.494
420.785,322.095,15.572,8.494
420.270,321.580,15.572,8.494
419.849,320.812,15.240,8.313
419.895,322.968,15.240,8.313
420.032,322.280,15.240,8.313
419.885,321.971,14.915,8.136
420.559,322.554,14.915,8.136
420.244,322.060,14.915,8.136
419.930,322.644,14.915,8.136
420.065,322.060,14.915,8.136
419.122,322.464,14.915,8.136
419.706,321.791,14.915,8.136
419.930,322.195,14.915,8.136
419.616,322.958,14.915,8.136
419.481,323.452,14.915,8.136
419.616,322.868,14.915,8.136
419.472,323.431,14.597,7.962
420.307,322.948,14.597,7.962
419.999,323.782,14.597,7.962
419.341,324.090,14.597,7.962
418.682,323.343,14.597,7.962
420.488,330.329,14.286,7.792
420.197,332.160,14.602,7.965
428.150,341.344,14.602,7.965
415.816,329.084,14.925,8.141
418.703,327.136,14.607,7.967
418.571,338.872,14.607,7.967
417.908,339.285,14.930,8.144
410.518,345.488,15.260,8.324
407.981,340.664,14.935,8.146
404.545,338.974,14.616,7.973
401.606,338.847,14.305,7.803
401.053,338.640,14.000,7.636
400.252,338.261,14.000,7.636
399.536,337.629,14.000,7.636
398.726,337.239,14.309,7.805
398.080,338.918,14.309,7.805
398.554,338.617,14.309,7.805
397.994,338.143,14.309,7.805
397.951,338.789,14.309,7.805
398.252,338.315,14.309,7.805
398.031,338.274,14.004,7.639
397.571,338.071,13.706,7.476
399.015,338.277,13.706,7.476
398.561,337.741,13.706,7.476
399.097,337.123,13.706,7.476
398.644,336.669,13.706,7.476
395.550,340.092,13.706,7.476
405.112,351.434,14.009,7.641
404.213,353.405,14.319,7.810
398.926,356.686,14.013,7.644
402.426,361.367,14.013,7.644
397.576,366.047,14.013,7.644
409.102,375.981,14.323,7.813
407.421,374.818,14.323,7.813
399.437,386.581,14.640,7.986
403.069,374.289,14.964,8.162
403.655,378.747,14.964,8.162
405.501,375.370,14.964,8.162
405.636,375.145,14.964,8.162
406.131,374.559,14.964,8.162
406.855,374.082,14.645,7.988
406.556,374.222,14.969,8.165
404.661,374.740,15.300,8.346
403.878,375.338,15.300,8.346
404.201,374.556,15.300,8.346
403.418,374.970,15.300,8.346
402.819,374.648,15.300,8.346
402.602,375.367,15.639,8.530
403.308,385.015,15.639,8.530
401.379,386.850,15.639,8.530
400.767,387.368,15.639,8.530
401.191,387.038,15.639,8.530
401.708,387.556,15.639,8.530
400.998,386.827,15.985,8.719
401.720,387.260,15.985,8.719
401.479,387.596,15.985,8.719
400.854,388.125,15.985,8.719
401.575,387.500,15.985,8.719
401.335,388.029,15.985,8.719
400.806,388.558,15.985,8.719
401.431,388.703,15.985,8.719
400.998,387.789,15.985,8.719
401.431,387.837,15.985,8.719
400.613,387.212,15.985,8.719
400.662,387.356,15.985,8.719
400.710,386.923,15.985,8.719
400.758,386.586,15.985,8.719
401.191,386.153,15.985,8.719
400.565,385.720,15.985,8.719
400.325,385.384,15.985,8.719
404.317,374.561,15.985,8.719
406.482,374.224,15.985,8.719
403.163,373.888,15.985,8.719
403.535,373.242,16.338,8.912
393.358,372.701,16.338,8.912
393.330,368.675,16.700,9.109
390.968,382.093,16.700,9.109
394.277,373.494,17.069,9.311
408.210,373.977,17.447,9.517
393.473,361.943,17.833,9.727
393.554,361.891,18.228,9.942
382.420,371.599,18.228,9.942
382.844,373.481,18.631,10.162
378.159,374.125,19.043,10.387
374.917,373.831,19.465,10.617
374.397,373.653,19.895,10.852
373.246,373.098,20.335,11.092
372.322,373.420,20.785,11.337
372.157,372.840,21.245,11.588
372.784,371.850,21.715,11.845
372.196,372.569,21.715,11.845
370.126,371.692,22.196,12.107
369.256,368.994,22.687,12.375
369.218,355.046,23.189,12.648
370.047,340.065,23.702,12.928
370.451,326.676,24.226,13.214
368.897,311.479,24.762,13.507
367.618,297.492,25.310,13.805
368.208,283.037,25.870,14.111
368.325,269.069,26.442,14.423
366.629,254.793,27.027,14.742
367.199,248.368,27.027,14.742
367.659,252.171,27.625,15.068
368.574,255.081,27.625,15.068
368.699,253.620,28.237,15.402
367.241,254.067,28.861,15.743
368.022,254.675,28.861,15.743
367.241,254.241,28.861,15.743
368.196,253.806,28.861,15.743
367.588,254.935,28.861,15.743
366.633,255.370,28.861,15.743
367.415,254.588,28.861,15.743
360.878,255.585,29.500,16.091
335.961,253.842,30.153,16.447
360.762,270.886,30.820,16.811
355.476,272.278,30.820,16.811
329.444,271.611,31.502,17.183
345.465,255.590,31.502,17.183
367.454,260.799,30.830,16.816
342.870,259.964,30.830,16.816
343.395,261.414,31.512,17.188
336.852,256.388,31.512,17.188
335.225,255.116,32.209,17.569
343.617,256.430,32.922,17.957
347.679,255.142,32.922,17.957
343.022,253.854,32.922,17.957
341.338,254.944,32.922,17.957
341.239,255.241,32.922,17.957
340.158,254.001,32.220,17.574
339.479,255.067,32.220,17.574
338.994,255.746,32.220,17.574
338.122,254.679,32.220,17.574
337.637,255.552,32.220,17.574
338.510,254.873,32.220,17.574
338.219,255.940,32.220,17.574
337.928,256.424,32.220,17.574
337.637,255.358,32.220,17.574
338.122,255.843,32.220,17.574
337.249,256.327,32.220,17.574
336.958,255.261,32.220,17.574
336.862,256.134,32.220,17.574
337.928,257.200,32.220,17.574
337.055,257.491,32.220,17.574
335.989,256.230,32.220,17.574
336.474,256.909,32.220,17.574
337.346,257.394,32.220,17.574
337.831,259.818,32.220,17.574
338.510,273.294,32.220,17.574
337.831,286.383,32.220,17.574
337.928,290.164,32.220,17.574
336.465,285.242,32.933,17.963
337.555,282.170,32.933,17.963
336.267,283.260,32.933,17.963
337.159,283.359,32.933,17.963
336.861,282.666,32.933,17.963
336.168,283.359,32.933,17.963
336.663,282.071,32.933,17.963
335.970,281.774,32.933,17.963
336.861,282.467,32.933,17.963
336.366,281.377,32.933,17.963
337.258,281.873,32.933,17.963
337.555,282.170,32.933,17.963
336.663,281.080,32.933,17.963
336.961,281.576,32.933,17.963
336.862,282.467,32.933,17.963
337.753,281.774,32.933,17.963
337.060,282.666,32.933,17.963
337.753,281.972,32.933,17.963
336.464,282.904,33.661,18.361
334.095,281.335,34.406,18.767
338.754,292.413,34.406,18.767
338.222,294.709,33.672,18.367
337.117,295.197,32.954,17.975
309.282,293.867,33.683,18.373
280.832,293.979,34.429,18.779
251.753,295.169,35.190,19.195
223.479,294.639,35.190,19.195
195.206,295.592,35.190,19.195
165.483,294.831,35.969,19.619
141.142,294.727,35.202,19.201
130.019,296.316,35.202,19.201
135.193,295.602,34.451,18.792
143.255,295.702,33.716,18.391
139.996,296.387,32.997,17.999
137.712,295.891,32.997,17.999
137.613,296.586,32.997,17.999
136.521,296.089,32.997,17.999
135.230,295.394,32.997,17.999
135.726,295.891,32.997,17.999
134.237,296.586,32.997,17.999
134.733,296.089,32.997,17.999
134.436,296.189,32.997,17.999
135.457,297.050,32.294,17.615
135.749,297.925,32.294,17.615
135.069,298.217,32.294,17.615
134.000,296.953,32.294,17.615
133.902,297.828,32.294,17.615
134.000,297.925,32.294,17.615
134.291,298.217,32.294,17.615
134.777,297.342,32.294,17.615
135.263,297.828,32.294,17.615
134.194,298.314,32.294,17.615
134.291,297.245,32.294,17.615
134.194,297.536,32.294,17.615
134.486,297.633,32.294,17.615
134.971,298.119,32.294,17.615
134.097,298.605,32.294,17.615
134.000,297.342,32.294,17.615
134.680,297.245,32.294,17.615
121.755,297.925,32.294,17.615
94.479,296.823,33.008,18.004
66.599,297.757,33.739,18.403
39.492,297.249,33.739,18.403
10.995,296.519,34.485,18.810
-5.919,318.622,34.485,18.810
-4.155,316.443,34.485,18.810
-6.749,318.000,34.485,18.810
-4.778,319.971,34.485,18.810
-6.542,319.660,34.485,18.810
-7.476,318.934,34.485,18.810
-7.787,319.453,34.485,18.810
-6.853,318.726,34.485,18.810
-7.580,319.868,34.485,18.810
-7.891,319.971,34.485,18.810
-6.749,319.245,34.485,18.810
-6.231,318.519,34.485,18.810
-6.963,319.619,33.750,18.409
-6.455,318.705,33.750,18.409
-5.948,318.401,33.750,18.409
-7.056,319.674,33.030,18.016
-6.957,319.773,33.030,18.016
-6.658,319.276,33.030,18.016
-6.161,318.382,33.030,18.016
-7.454,318.879,33.030,18.016
-7.752,318.978,33.030,18.016
-6.658,318.680,33.030,18.016
-5.963,317.785,33.030,18.016
-7.047,317.690,32.325,17.632
-6.093,315.174,33.041,18.022
-4.911,342.516,33.772,18.421
-4.403,346.683,33.772,18.421
-5.726,343.421,34.519,18.829
-6.868,344.980,34.519,18.829
-5.310,345.707,34.519,18.829
-6.453,346.642,34.519,18.829
-3.181,329.922,33.783,18.427
-7.879,357.879,34.530,18.835
-6.860,350.663,35.294,19.251
-8.429,357.522,34.542,18.841
-8.561,361.630,33.805,18.439
19.244,366.387,34.553,18.847
19.348,367.739,34.553,18.847
27.703,366.343,35.317,19.264
31.635,367.087,35.317,19.264
26.428,365.918,35.317,19.264
25.259,365.599,35.317,19.264
26.003,366.769,35.317,19.264
23.559,367.300,35.317,19.264
23.452,366.131,35.317,19.264
23.133,365.599,35.317,19.264
23.240,366.343,35.317,19.264
21.646,365.812,35.317,19.264
21.752,366.769,35.317,19.264
22.283,366.237,35.317,19.264
21.539,365.281,35.317,19.264
22.708,365.599,35.317,19.264
21.327,365.493,35.317,19.264
20.370,365.174,35.317,19.264
21.327,365.068,35.317,19.264
21.858,364.749,35.317,19.264
22.177,365.706,35.317,19.264
20.795,365.174,35.317,19.264
21.327,364.856,35.317,19.264
21.433,365.600,35.317,19.264
21.964,365.493,35.317,19.264
21.221,364.962,35.317,19.264
21.752,365.281,35.317,19.264
22.283,366.025,35.317,19.264
20.689,365.281,35.317,19.264
22.071,366.025,35.317,19.264
21.752,365.281,35.317,19.264
22.708,366.237,35.317,19.264
21.327,365.918,35.317,19.264
20.795,365.174,35.317,19.264
22.177,366.131,35.317,19.264
21.008,365.600,35.317,19.264
22.177,366.556,35.317,19.264
21.008,365.812,35.317,19.264
20.051,366.131,35.317,19.264
21.221,369.425,35.317,19.264
21.539,381.009,35.317,19.264
20.583,392.593,35.317,19.264
21.752,410.129,35.317,19.264
21.646,418.525,35.317,19.264
22.390,416.293,35.317,19.264
21.433,411.511,35.317,19.264
21.964,412.892,35.317,19.264
21.008,411.936,35.317,19.264
21.327,411.404,35.317,19.264
21.858,412.573,35.317,19.264
21.114,412.042,35.317,19.264
21.858,412.573,35.317,19.264
21.327,412.892,35.317,19.264
22.283,412.361,35.317,19.264
20.902,412.892,35.317,19.264
21.220,411.936,35.317,19.264
21.752,412.042,35.317,19.264
19.266,411.277,36.099,19.690
-3.219,410.734,36.099,19.690
-7.546,406.233,35.329,19.270
9.145,418.033,35.329,19.270
-8.001,417.521,34.576,18.859
-6.856,425.533,34.576,18.859
-2.597,403.195,35.341,19.277
-7.170,394.369,35.341,19.277
-5.362,413.830,35.341,19.277
-2.916,416.063,35.341,19.277
-2.597,416.382,35.341,19.277
-3.980,417.127,35.341,19.277
-3.873,415.957,35.341,19.277
-2.168,416.075,36.122,19.703
-2.004,416.421,36.922,20.139
-1.836,415.160,37.739,20.585
-2.631,415.047,37.739,20.585
-2.517,414.252,37.739,20.585
-2.403,413.911,37.739,20.585
-2.290,414.706,37.739,20.585
-2.858,414.592,37.739,20.585
-2.517,414.933,37.739,20.585
-2.176,415.728,37.739,20.585
-2.517,415.842,37.739,20.585
-2.176,416.409,37.739,20.585
-2.744,416.296,37.739,20.585
-2.403,416.864,37.739,20.585
-2.290,417.659,37.739,20.585
-2.858,416.864,37.739,20.585
-2.517,417.886,37.739,20.585
-2.176,418.226,37.739,20.585
-2.744,416.977,37.739,20.585
-2.403,418.226,37.739,20.585
-1.836,416.977,37.739,20.585
-2.176,418.226,37.739,20.585
-2.517,416.750,37.739,20.585
-2.176,417.318,37.739,20.585
-2.744,415.842,37.739,20.585
-2.176,416.410,37.739,20.585
-2.517,414.933,37.739,20.585
-2.176,415.274,37.739,20.585
-2.744,413.798,37.739,20.585
-2.403,413.230,37.739,20.585
-2.063,412.208,37.739,20.585
-2.403,412.548,37.739,20.585
-3.653,411.754,37.739,20.585
-7.854,405.735,37.739,20.585
-7.514,400.397,37.739,20.585
-8.992,405.943,38.574,21.040
-9.108,432.524,38.574,21.040
-8.451,439.155,39.427,21.506
-9.995,437.071,40.299,21.981
-10.149,458.695,39.440,21.513
22.290,487.393,40.312,21.989
21.927,488.970,40.312,21.989
31.510,488.363,40.312,21.989
32.116,489.698,40.312,21.989
27.518,489.581,39.453,21.520
26.450,488.988,39.453,21.520
26.806,490.294,39.453,21.520
25.975,488.988,39.453,21.520
25.382,490.294,39.453,21.520
24.550,488.988,39.453,21.520
23.957,490.056,39.453,21.520
25.025,489.225,39.453,21.520
25.619,490.294,39.453,21.520
24.550,488.750,39.453,21.520
23.719,488.394,39.453,21.520
24.076,487.801,39.453,21.520
24.907,488.632,39.453,21.520
24.788,487.563,39.453,21.520
24.194,487.207,39.453,21.520
24.313,488.275,39.453,21.520
24.194,486.732,39.453,21.520
25.500,487.563,39.453,21.520
24.194,486.257,39.453,21.520
25.025,486.851,39.453,21.520
24.432,487.444,39.453,21.520
23.363,486.376,39.453,21.520
24.194,487.444,39.453,21.520
25.263,487.088,39.453,21.520
24.907,488.632,39.453,21.520
24.076,487.801,39.453,21.520
25.144,489.107,39.453,21.520
24.550,489.225,39.453,21.520
24.194,489.819,39.453,21.520
25.500,489.225,39.453,21.520
24.194,490.294,39.453,21.520
23.601,488.988,39.453,21.520
24.194,490.056,39.453,21.520
25.025,489.463,39.453,21.520
24.907,488.632,39.453,21.520
19.564,489.938,39.453,21.520
22.057,486.732,39.453,21.520
-2.043,484.951,39.453,21.520
-5.486,475.810,39.453,21.520
-6.317,470.468,39.453,21.520
-5.398,470.353,40.326,21.996
-3.093,462.465,40.326,21.996
-7.926,483.402,39.466,21.527
-6.021,486.490,40.339,22.003
-8.085,486.612,40.339,22.003
-9.176,490.005,39.479,21.534
-7.394,489.649,39.479,21.534
-7.275,490.005,39.479,21.534
-7.156,491.787,39.479,21.534
-6.800,490.956,39.479,21.534
-6.681,491.787,39.479,21.534
-7.750,490.718,39.479,21.534
-6.681,491.787,39.479,21.534
-7.988,490.718,39.479,21.534
-6.919,491.787,39.479,21.534
-7.232,490.686,40.352,22.010
-7.111,491.050,40.352,22.010
-7.475,491.658,40.352,22.010
-8.082,491.050,40.352,22.010
-7.232,492.143,40.352,22.010
-7.111,492.265,40.352,22.010
-7.718,492.143,40.352,22.010
-7.111,492.022,40.352,22.010
-7.718,491.415,40.352,22.010
-6.868,492.508,40.352,22.010
-7.475,491.172,40.352,22.010
-7.839,492.022,40.352,22.010
-7.232,491.658,40.352,22.010
-7.839,491.050,40.352,22.010
-7.232,491.658,40.352,22.010
-7.596,490.565,40.352,22.010
-7.961,489.472,40.352,22.010
-9.539,490.565,40.352,22.010
-8.932,489.715,40.352,22.010
-9.782,491.536,40.352,22.010
-10.639,490.718,39.492,21.541
-9.807,492.500,39.492,21.541
-9.213,494.283,39.492,21.541
-9.823,491.191,38.649,21.082
-7.613,489.679,38.649,21.082
-2.157,494.724,37.825,20.632
-7.787,493.737,37.019,20.192
-8.144,492.556,36.229,19.761
-3.660,494.133,35.457,19.340
-5.687,494.453,35.457,19.340
-9.320,493.528,34.700,18.928
-8.446,495.038,33.960,18.524
-8.140,494.732,33.960,18.524
-9.468,494.016,33.960,18.524
-8.811,494.903,33.236,18.129
-8.311,494.203,33.236,18.129
-9.017,495.264,32.527,17.742
-8.009,494.793,31.834,17.364
-6.654,495.624,31.155,16.994
-7.858,494.992,30.491,16.631
-6.849,494.717,30.491,16.631
-6.023,494.992,30.491,16.631
-7.216,494.717,30.491,16.631
-6.023,494.075,30.491,16.631
-5.014,495.084,30.491,16.631
-6.207,494.258,30.491,16.631
-7.583,492.882,30.491,16.631
-6.108,494.209,29.840,16.277
-7.096,494.299,29.840,16.277
-5.749,494.389,29.840,16.277
-6.556,493.610,29.204,15.929
-5.414,494.225,29.204,15.929
-6.034,494.988,28.581,15.590
-4.916,495.246,28.581,15.590
-6.392,494.271,29.214,15.935
-5.249,495.589,29.214,15.935
-6.717,495.166,28.591,15.595
-7.836,495.940,28.591,15.595
-6.950,496.687,27.981,15.262
-7.707,497.093,27.384,14.937
-6.306,492.067,27.384,14.937
-0.785,498.741,27.384,14.937
-5.152,497.835,27.384,14.937
-2.927,493.632,27.384,14.937
-6.306,495.033,27.384,14.937
-5.070,492.644,27.384,14.937
-4.493,493.715,27.384,14.937
-3.257,486.381,27.384,14.937
-4.329,489.550,27.990,15.267
-3.503,487.196,28.609,15.605
-4.278,488.143,28.609,15.605
-3.159,487.713,28.609,15.605
-3.761,487.282,28.609,15.605
-4.708,487.369,28.609,15.605
-3.864,485.499,29.242,15.950
-4.832,485.939,29.242,15.950
-4.920,484.795,29.242,15.950
-4.832,485.059,29.242,15.950
-4.151,483.878,29.889,16.303
-5.140,484.868,29.889,16.303
-4.870,485.317,29.889,16.303
-4.421,485.767,29.889,16.303
-5.410,484.958,29.889,16.303
-4.960,485.947,29.889,16.303
-4.691,486.756,29.889,16.303
-4.241,487.026,29.889,16.303
-5.050,487.476,29.889,16.303
-3.981,487.762,30.551,16.664
-4.625,487.670,30.551,16.664
-5.268,488.314,30.551,16.664
-4.257,487.302,30.551,16.664
-5.084,488.130,30.551,16.664
-4.073,488.957,30.551,16.664
-5.270,487.533,31.227,17.033
-4.236,487.251,31.227,17.033
-5.082,486.969,31.227,17.033
-5.927,487.251,31.227,17.033
-5.082,485.842,31.227,17.033
-5.927,485.748,31.227,17.033
-5.082,485.090,31.227,17.033
-6.115,484.808,31.227,17.033
-4.706,485.090,31.227,17.033
-5.551,483.680,31.227,17.033
-4.518,484.150,31.227,17.033
-5.364,483.117,31.227,17.033
-4.518,482.647,31.227,17.033
-5.364,483.492,31.227,17.033
-4.518,483.023,31.227,17.033
-5.176,483.492,31.227,17.033
-4.142,484.338,31.227,17.033
-4.988,484.620,31.227,17.033
-5.645,484.902,31.227,17.033
-4.424,485.560,31.227,17.033
-5.082,486.217,31.227,17.033
-4.160,486.517,31.917,17.410
-4.640,475.664,31.917,17.410
-6.273,497.466,31.917,17.410
10.613,470.668,32.624,17.795
-6.959,467.821,32.624,17.795
-5.290,469.686,32.624,17.795
-4.800,477.245,32.624,17.795
-6.861,478.521,32.624,17.795
-5.192,477.638,32.624,17.795
-4.025,476.931,33.345,18.188
-5.531,477.433,33.345,18.188
-5.430,476.129,33.345,18.188
-4.929,477.032,33.345,18.188
-6.233,476.129,33.345,18.188
-5.129,475.627,33.345,18.188
-6.634,474.523,33.345,18.188
-5.731,473.821,33.345,18.188
-6.434,474.724,33.345,18.188
-5.731,474.022,33.345,18.188
-6.835,475.125,33.345,18.188
-6.735,474.624,33.345,18.188
-6.032,474.323,33.345,18.188
-6.935,475.828,33.345,18.188
-6.032,475.326,33.345,18.188
-7.136,476.630,33.345,18.188
-6.634,475.727,33.345,18.188
-5.932,476.430,33.345,18.188
-7.036,477.333,33.345,18.188
-6.333,478.035,33.345,18.188
-5.631,478.336,33.345,18.188
-6.735,478.838,33.345,18.188
-6.032,477.935,33.345,18.188
-6.935,478.838,33.345,18.188
-6.032,478.336,33.345,18.188
-7.136,479.239,33.345,18.188
-6.434,478.738,33.345,18.188
-5.731,477.835,33.345,18.188
-6.835,478.136,33.345,18.188
-6.133,477.634,33.345,18.188
-7.236,477.132,33.345,18.188
-5.932,477.032,33.345,18.188
-7.036,476.329,33.345,18.188
-6.333,476.430,33.345,18.188
-6.634,475.125,33.345,18.188
-7.537,475.828,33.345,18.188
-6.233,474.724,33.345,18.188
-6.534,475.025,33.345,18.188
-6.233,475.326,33.345,18.188
-6.935,475.627,33.345,18.188
-7.838,474.925,33.345,18.188
-8.340,476.028,33.345,18.188
19.087,467.603,34.083,18.591
1.754,470.167,34.083,18.591
9.036,482.372,34.083,18.591
-8.297,484.526,34.083,18.591
-8.823,462.482,33.356,18.194
-8.047,466.966,34.094,18.597
-4.486,465.164,34.849,19.008
-9.205,460.445,34.849,19.008
-7.519,451.854,34.106,18.603
-5.569,469.404,34.106,18.603
-6.082,480.796,34.106,18.603
-4.953,488.698,34.106,18.603
-5.672,496.806,34.106,18.603
-7.007,492.447,34.860,19.015
-7.532,492.133,34.860,19.015
-6.250,495.267,34.117,18.609
-7.173,494.575,33.389,18.212
-7.876,492.867,33.389,18.212
-6.972,494.374,33.389,18.212
-7.675,493.269,33.389,18.212
-6.771,494.776,33.389,18.212
-7.273,492.867,33.389,18.212
-6.168,493.972,33.389,18.212
-7.267,492.624,34.128,18.615
-6.259,493.590,34.883,19.027
-6.536,492.400,35.655,19.448
-7.502,491.434,35.655,19.448
-6.449,492.666,36.444,19.878
-6.966,491.422,37.250,20.318
-8.199,490.638,37.250,20.318
-6.742,492.095,37.250,20.318
-7.975,491.310,37.250,20.318
-6.643,492.132,38.074,20.768
-7.183,490.833,38.916,21.227
-6.763,491.205,39.777,21.697
-8.569,489.848,40.658,22.177
-7.369,490.237,41.557,22.668
-7.180,488.559,42.477,23.169
-8.841,490.221,42.477,23.169
-8.118,489.036,43.416,23.682
-8.734,487.554,44.377,24.206
-8.532,486.871,45.359,24.741
-8.325,486.172,46.362,25.289
-9.273,485.169,47.388,25.848
-9.057,483.551,48.437,26.420
-8.534,484.620,49.508,27.004
-9.855,482.930,50.604,27.602
-9.309,482.151,51.723,28.213
-10.365,481.031,52.868,28.837
-9.795,480.217,54.037,29.475
-10.224,478.710,55.233,30.127
-10.318,477.860,56.455,30.794
-11.824,478.753,57.704,31.475
-11.997,477.885,57.704,31.475
-10.782,478.405,57.704,31.475
-14.483,457.340,58.981,32.171
-16.078,445.879,57.723,31.485
-18.643,412.229,56.492,30.814
-0.454,372.281,56.492,30.814
-13.123,364.253,55.287,30.157
-9.297,353.106,55.287,30.157
35.123,319.334,55.287,30.157
2.349,322.162,55.287,30.157
-17.767,299.217,56.510,30.824
27.636,337.478,56.510,30.824
26.108,337.970,55.305,30.167
33.929,338.137,55.305,30.167
36.093,338.636,55.305,30.167
33.635,338.156,54.126,29.523
35.625,339.255,52.972,28.894
77.211,318.515,51.842,28.277
74.871,318.359,51.842,28.277
75.963,317.579,51.842,28.277
75.463,318.031,50.737,27.674
74.089,316.962,50.737,27.674
74.547,316.199,50.737,27.674
73.470,317.230,49.655,27.084
74.814,315.885,49.655,27.084
75.488,315.742,48.596,26.507
74.464,317.058,48.596,26.507
73.150,324.529,47.559,25.941
74.152,340.128,47.559,25.941
74.867,352.293,47.559,25.941
73.579,366.747,47.559,25.941
75.154,379.484,47.559,25.941
74.438,394.797,47.559,25.941
76.187,406.247,46.545,25.388
76.047,403.866,46.545,25.388
75.346,400.084,46.545,25.388
76.887,401.905,46.545,25.388
75.907,402.605,46.545,25.388
76.887,402.185,46.545,25.388
75.907,403.726,46.545,25.388
76.887,402.745,46.545,25.388
76.708,404.501,45.553,24.847
77.668,403.268,45.553,24.847
76.700,404.722,44.581,24.317
70.663,405.392,44.581,24.317
38.870,404.453,44.581,24.317
10.832,404.051,44.581,24.317
-7.183,405.474,43.630,23.798
-9.152,432.651,43.630,23.798
-6.920,455.364,43.630,23.798
-6.789,458.121,43.630,23.798
-7.716,458.755,42.700,23.291
-6.302,460.682,42.700,23.291
-11.314,458.241,42.700,23.291
22.209,447.714,41.789,22.794
30.885,446.583,41.789,22.794
32.520,446.205,41.789,22.794
26.187,445.562,42.714,23.299
24.516,444.919,42.714,23.299
25.930,445.819,42.714,23.299
23.745,446.204,42.714,23.299
24.130,447.361,42.714,23.299
22.974,446.204,42.714,23.299
22.074,447.618,42.714,23.299
21.945,447.233,42.714,23.299
22.074,448.647,42.714,23.299
22.717,449.032,42.714,23.299
22.074,449.932,42.714,23.299
22.717,449.289,42.714,23.299
21.303,450.703,42.714,23.299
21.945,449.546,42.714,23.299
21.303,450.189,42.714,23.299
22.460,451.089,42.714,23.299
22.845,450.446,42.714,23.299
21.945,449.289,42.714,23.299
21.560,450.446,42.714,23.299
22.202,448.775,42.714,23.299
22.331,448.904,42.714,23.299
21.945,448.004,42.714,23.299
22.331,447.875,42.714,23.299
22.460,446.976,42.714,23.299
21.817,447.361,42.714,23.299
21.431,445.947,42.714,23.299
22.588,446.590,42.714,23.299
22.202,445.690,42.714,23.299
19.760,446.847,42.714,23.299
-8.049,419.519,43.659,23.814
-10.283,419.387,43.659,23.814
9.292,393.769,43.659,23.814
23.875,414.658,43.659,23.814
0.096,414.526,43.659,23.814
-9.519,412.764,44.625,24.341
-6.067,386.749,43.673,23.822
-9.615,388.983,43.673,23.822
-9.416,391.310,44.640,24.349
-6.222,388.592,43.688,23.830
-5.038,390.301,43.688,23.830
-5.966,392.709,42.756,23.321
-4.642,394.322,41.844,22.824
-5.046,393.716,40.952,22.337
-5.916,395.023,40.079,21.861
-6.070,395.605,39.224,21.395
-6.220,395.719,38.387,20.939
-5.031,395.831,37.569,20.492
-5.823,394.814,37.569,20.492
-4.442,394.705,36.768,20.055
-5.437,394.816,36.768,20.055
-4.299,394.923,35.984,19.627
-5.063,394.193,35.216,19.209
-5.198,394.091,34.465,18.799
-3.731,395.391,33.730,18.398
-5.052,393.608,34.476,18.805
-4.118,393.297,34.476,18.805
-4.637,392.778,34.476,18.805
-4.970,393.679,33.741,18.404
-3.853,393.171,33.741,18.404
-4.178,394.444,33.022,18.012
-4.874,394.146,33.022,18.012
-3.582,394.444,33.022,18.012
-2.687,394.941,33.022,18.012
-3.582,395.835,33.022,18.012
-2.687,396.332,33.022,18.012
-3.582,396.034,33.022,18.012
-2.886,396.729,33.022,18.012
-3.582,397.226,33.022,18.012
-2.290,397.524,33.022,18.012
-3.582,398.419,33.022,18.012
-2.489,398.120,33.022,18.012
-3.780,398.021,33.022,18.012
-2.886,397.524,33.022,18.012
-3.780,398.021,33.022,18.012
-5.668,399.909,33.022,18.012
-4.973,395.239,33.022,18.012
-3.284,389.177,33.022,18.012
-4.973,390.668,33.022,18.012
3.425,382.118,33.752,18.410
14.699,377.751,33.752,18.410
-5.919,377.243,33.752,18.410
-4.712,404.963,34.499,18.818
-8.968,401.330,34.499,18.818
-8.449,401.849,34.499,18.818
-8.292,397.440,35.262,19.234
-9.884,398.395,35.262,19.234
-9.141,399.987,35.262,19.234
-8.399,398.608,35.262,19.234
-9.566,399.987,35.262,19.234
-9.247,401.154,35.262,19.234
-8.929,401.685,35.262,19.234
-9.883,403.219,34.510,18.824
-8.614,404.121,33.774,18.422
-8.309,405.239,33.774,18.422
-9.222,406.121,33.054,18.030
-8.725,405.226,33.054,18.030
-8.228,406.320,33.054,18.030
-8.924,401.446,33.054,18.030
-8.228,387.024,33.054,18.030
-8.924,372.800,33.054,18.030
-8.626,368.125,33.054,18.030
-8.725,371.607,33.054,18.030
-8.824,375.088,33.054,18.030
-8.725,372.999,33.054,18.030
-8.228,371.905,33.054,18.030
-9.123,372.800,33.054,18.030
-8.291,371.746,32.349,17.645
-8.415,371.277,31.659,17.269
-7.619,372.472,30.984,16.901
-6.300,368.608,30.324,16.540
10.034,363.954,30.324,16.540
-3.650,376.741,30.994,16.906
-4.670,375.102,31.680,17.280
-2.096,397.314,31.680,17.280
23.961,410.080,32.381,17.662
28.541,407.449,32.381,17.662
1.190,406.142,33.098,18.053
-4.239,397.572,33.830,18.453
23.586,388.813,34.578,18.861
0.175,389.750,34.578,18.861
-4.170,390.853,33.841,18.459
2.178,390.559,33.119,18.065
9.928,391.424,32.413,17.680
4.563,391.912,32.413,17.680
1.430,391.631,31.722,17.303
3.517,393.011,31.045,16.934
0.807,393.291,31.045,16.934
0.328,392.842,30.383,16.573
0.785,392.567,30.383,16.573
0.694,393.390,30.383,16.573
-0.312,392.933,30.383,16.573
-0.769,392.476,30.383,16.573
-1.043,392.933,30.383,16.573
-1.318,391.927,30.383,16.573
-0.129,391.470,30.383,16.573
-0.951,390.854,29.735,16.219
-1.582,390.768,29.101,15.873
-0.794,390.856,29.101,15.873
-0.906,390.265,28.481,15.535
-0.135,389.494,28.481,15.535
-0.906,389.922,28.481,15.535
-1.334,389.837,28.481,15.535
-0.734,389.922,28.481,15.535
-1.505,389.179,27.873,15.204
0.089,389.766,27.873,15.204
-0.163,390.857,27.873,15.204
-0.582,391.444,27.873,15.204
-0.330,390.689,27.873,15.204
-0.750,391.779,27.873,15.204
0.437,392.669,27.279,14.879
0.519,392.094,27.279,14.879
0.108,392.012,27.279,14.879
-0.466,393.244,27.279,14.879
0.108,392.505,27.279,14.879
-0.302,393.408,27.279,14.879
0.765,393.326,27.279,14.879
0.190,393.244,27.279,14.879
-0.056,393.162,27.279,14.879
-0.466,392.915,27.279,14.879
0.601,393.818,27.279,14.879
0.190,392.915,27.279,14.879
-0.384,393.326,27.279,14.879
0.355,392.094,27.279,14.879
-0.056,391.192,27.279,14.879
-0.466,390.781,27.279,14.879
0.437,391.192,27.279,14.879
-0.138,390.124,27.279,14.879
-1.041,389.550,27.279,14.879
0.120,390.579,26.697,14.562
-5.402,391.586,26.128,14.252
-4.538,373.738,26.128,14.252
-5.245,387.812,26.128,14.252
-4.285,389.404,25.571,13.948
-5.131,388.403,25.571,13.948
-5.823,383.094,25.571,13.948
-6.362,382.094,25.571,13.948
-4.438,385.864,25.571,13.948
2.256,401.638,25.571,13.948
-3.669,400.484,25.571,13.948
-4.054,401.176,25.571,13.948
-2.438,402.484,25.571,13.948
-1.284,403.331,25.571,13.948
-2.445,402.458,26.136,14.256
-3.153,402.851,26.136,14.256
-1.816,403.402,26.136,14.256
-2.523,402.694,26.136,14.256
-3.231,403.087,26.136,14.256
-3.467,402.694,26.136,14.256
-4.175,401.986,26.136,14.256
-3.403,402.073,26.715,14.572
-4.127,402.475,26.715,14.572
-3.403,401.269,26.715,14.572
-4.288,400.385,26.715,14.572
-4.368,400.626,26.715,14.572
-4.127,400.064,26.715,14.572
-3.886,400.626,26.715,14.572
-3.805,399.581,26.715,14.572
-4.690,399.983,26.715,14.572
-4.609,400.224,26.715,14.572
-4.690,399.179,26.715,14.572
-4.609,400.224,26.715,14.572
-4.529,399.179,26.715,14.572
-5.091,400.224,26.715,14.572
-6.304,416.827,27.306,14.894
-7.374,411.633,27.910,15.224
-8.130,413.228,27.910,15.224
-6.702,413.312,27.910,15.224
-7.457,414.689,27.315,14.899
-6.388,413.785,27.315,14.899
10.462,415.511,27.315,14.899
-3.922,415.922,27.315,14.899
-2.196,416.826,27.315,14.899
9.886,416.744,27.315,14.899
5.859,415.675,27.315,14.899
2.653,415.264,27.315,14.899
3.886,414.689,27.315,14.899
1.667,415.429,27.315,14.899
1.256,414.689,27.315,14.899
0.023,415.429,27.315,14.899
-1.374,414.525,27.315,14.899
-1.128,413.785,27.315,14.899
-2.525,413.374,27.315,14.899
-2.772,412.634,27.315,14.899
-3.347,412.552,27.315,14.899
-2.278,411.977,27.315,14.899
-2.854,412.881,27.315,14.899
-3.429,411.812,27.315,14.899
-2.689,411.566,27.315,14.899
-3.100,411.319,27.315,14.899
-2.689,410.744,27.315,14.899
-2.607,411.648,27.315,14.899
-3.347,412.223,27.315,14.899
-4.415,406.716,27.315,14.899
-4.169,406.305,27.315,14.899
-3.100,412.141,27.315,14.899
-5.320,406.470,27.315,14.899
-3.593,407.045,27.315,14.899
-2.361,408.607,27.315,14.899
-5.731,397.017,27.315,14.899
-6.152,399.315,26.732,14.581
-7.030,402.184,26.162,14.270
-6.748,398.678,26.741,14.586
-7.150,395.700,26.741,14.586
-6.695,396.958,27.333,14.909
-6.058,395.684,27.937,15.239
-6.652,392.038,27.342,14.914
-7.391,392.594,26.758,14.596
-4.930,395.022,27.351,14.918
-5.318,395.284,27.956,15.249
-5.366,393.631,28.574,15.586
-5.950,393.191,29.206,15.931
-6.364,392.012,29.853,16.283
-6.414,390.807,30.513,16.643
-6.466,390.337,31.188,17.012
-6.560,390.431,31.188,17.012
-6.654,390.525,31.188,17.012
-6.317,389.655,31.878,17.388
-7.564,390.710,31.878,17.388
-6.701,390.230,31.878,17.388
-6.989,390.902,31.878,17.388
-7.277,389.847,31.878,17.388
-7.564,390.518,31.878,17.388
-6.893,391.190,31.878,17.388
-7.181,390.902,31.878,17.388
-7.469,390.806,31.878,17.388
-6.605,391.861,31.878,17.388
-7.256,392.166,32.583,17.773
-7.747,393.441,32.583,17.773
-8.041,392.951,32.583,17.773
-7.282,392.246,33.304,18.166
-7.583,393.348,33.304,18.166
-7.282,392.646,33.304,18.166
-6.982,391.744,33.304,18.166
-8.078,391.024,34.041,18.568
-7.975,392.355,34.041,18.568
-7.873,391.228,34.041,18.568
-7.771,390.716,34.041,18.568
-7.463,391.433,34.041,18.568
-8.371,389.846,34.794,18.979
-8.476,389.323,34.794,18.979
-7.449,389.004,35.564,19.399
-8.619,389.123,36.351,19.828
-9.135,388.336,37.155,20.267
-8.270,388.228,37.977,20.715
-9.046,386.932,38.818,21.173
-7.900,419.055,39.677,21.642
-7.822,427.916,38.830,21.180
-7.705,428.033,38.830,21.180
-7.588,428.384,38.830,21.180
-7.471,428.968,38.830,21.180
-7.355,429.085,38.830,21.180
-8.172,429.903,38.830,21.180
-7.822,430.487,38.830,21.180
-7.471,429.435,38.830,21.180
-7.588,430.954,38.830,21.180
-7.471,430.837,38.830,21.180
-7.355,432.123,38.830,21.180
-8.172,432.473,38.830,21.180
-7.822,430.954,38.830,21.180
-7.705,431.772,38.830,21.180
-7.355,430.954,38.830,21.180
-8.406,431.772,38.830,21.180
-8.056,430.720,38.830,21.180
-7.939,430.370,38.830,21.180
-9.944,462.504,39.690,21.649
14.027,429.180,40.568,22.128
-6.604,423.443,40.568,22.128
-8.191,414.531,40.568,22.128
-8.313,416.606,40.568,22.128
-6.237,414.531,40.568,22.128
11.463,435.406,40.568,22.128
15.736,434.551,40.568,22.128
27.582,435.376,39.703,21.656
25.073,435.734,39.703,21.656
19.936,434.420,39.703,21.656
19.577,435.973,39.703,21.656
19.936,435.137,39.703,21.656
18.860,436.451,39.703,21.656
19.219,437.287,39.703,21.656
18.144,437.407,39.703,21.656
17.307,438.004,39.703,21.656
16.710,436.929,39.703,21.656
15.874,438.243,39.703,21.656
17.427,439.079,39.703,21.656
18.263,438.004,39.703,21.656
16.959,439.732,38.856,21.194
16.141,438.679,38.856,21.194
16.959,439.264,38.856,21.194
16.608,440.083,38.856,21.194
17.427,438.796,38.856,21.194
17.076,439.615,38.856,21.194
16.024,438.329,38.856,21.194
15.673,439.381,38.856,21.194
16.491,438.329,38.856,21.194
18.011,437.978,38.856,21.194
16.959,437.159,38.856,21.194
16.141,437.744,38.856,21.194
16.959,436.224,38.856,21.194
15.907,437.043,38.856,21.194
17.193,435.756,38.856,21.194
17.076,435.172,38.856,21.194
16.725,436.458,38.856,21.194
15.673,435.172,38.856,21.194
16.258,435.990,38.856,21.194
17.076,434.704,38.856,21.194
16.725,435.756,38.856,21.194
16.374,435.873,38.856,21.194
17.427,436.692,38.856,21.194
17.076,436.107,38.856,21.194
12.750,436.926,38.856,21.194
-6.542,432.599,38.856,21.194
-6.659,416.347,38.856,21.194
-7.938,414.536,39.716,21.663
-3.756,417.045,39.716,21.663
-10.766,421.641,40.594,22.142
-11.393,431.650,39.729,21.670
-10.468,443.937,40.608,22.150
-4.970,447.481,40.608,22.150
-5.825,453.713,40.608,22.150
-6.147,448.777,41.506,22.640
-4.774,446.904,41.506,22.640
-3.400,449.277,41.506,22.640
-5.273,450.900,41.506,22.640
-5.398,448.028,41.506,22.640
-4.691,449.462,42.424,23.141
-6.095,448.058,42.424,23.141
-4.946,446.143,42.424,23.141
-6.608,446.549,43.363,23.653
-6.999,445.374,43.363,23.653
-6.531,446.060,44.322,24.176
-7.465,446.727,44.322,24.176
-6.798,445.260,44.322,24.176
-6.398,445.927,44.322,24.176
-7.065,445.527,44.322,24.176
-7.198,445.394,44.322,24.176
-7.065,446.327,44.322,24.176
-6.665,447.261,44.322,24.176
-6.264,446.861,44.322,24.176
-7.198,447.261,44.322,24.176
