339.000,257.000,8.000,6.000
339.247,257.522,8.000,6.000
339.385,257.275,8.000,6.000
339.522,258.292,8.000,6.000
338.560,258.484,8.000,6.000
338.203,258.842,8.000,6.000
338.615,258.374,8.000,6.000
338.093,258.952,8.000,6.000
338.340,258.814,8.000,6.000
338.588,258.897,8.000,6.000
337.846,259.089,8.000,6.000
337.708,259.391,8.000,6.000
337.351,259.749,8.000,6.000
337.873,259.227,8.000,6.000
337.516,259.639,8.000,6.000
337.158,259.117,8.000,6.000
337.681,259.529,8.000,6.000
337.268,259.117,8.000,6.000
337.736,259.694,8.000,6.000
337.213,259.337,8.000,6.000
337.571,259.914,8.000,6.000
336.993,259.556,8.000,6.000
337.351,259.199,8.000,6.000
337.653,259.776,8.000,6.000
337.021,259.419,8.000,6.000
337.323,260.051,8.000,6.000
337.626,259.749,8.000,6.000
336.993,259.446,8.000,6.000
337.241,260.079,8.000,6.000
337.488,259.776,8.000,6.000
337.736,259.474,8.000,6.000
336.993,260.051,8.000,6.000
337.186,259.639,8.000,6.000
337.378,259.227,8.000,6.000
337.571,259.749,8.000,6.000
336.828,259.337,8.000,6.000
337.021,259.859,8.000,6.000
337.158,259.447,8.000,6.000
337.296,259.969,8.000,6.000
337.378,259.556,8.000,6.000
337.461,259.144,8.000,6.000
337.598,259.666,8.000,6.000
336.691,259.254,8.000,6.000
336.773,259.776,8.000,6.000
336.856,259.364,8.000,6.000
336.938,259.886,8.000,6.000
336.966,259.474,8.000,6.000
336.993,259.996,8.000,6.000
337.076,259.804,8.000,6.000
337.048,259.611,8.000,6.000
337.131,259.529,8.000,6.000
336.557,259.947,8.177,6.133
336.979,259.582,8.177,6.133
336.501,260.172,8.177,6.133
336.923,259.863,8.177,6.133
336.445,260.903,8.177,6.133
336.866,260.987,8.177,6.133
337.288,260.341,8.177,6.133
336.810,260.594,8.177,6.133
337.232,260.903,8.177,6.133
336.754,261.324,8.177,6.133
337.175,260.790,8.177,6.133
336.698,261.268,8.177,6.133
337.175,261.746,8.177,6.133
336.698,263.965,8.177,6.133
337.119,265.960,8.177,6.133
336.473,269.922,8.177,6.133
336.670,275.345,8.177,6.133
336.642,279.924,8.177,6.133
336.445,285.853,8.177,6.133
336.023,291.613,8.177,6.133
335.265,297.316,8.177,6.133
335.462,303.020,8.177,6.133
335.602,308.780,8.177,6.133
335.405,316.282,8.177,6.133
335.040,321.367,8.177,6.133
334.619,327.520,8.177,6.133
334.759,333.280,8.177,6.133
334.562,336.399,8.177,6.133
334.478,340.361,8.177,6.133
334.956,343.311,8.177,6.133
334.591,343.957,8.177,6.133
335.630,344.603,8.177,6.133
335.939,345.924,8.177,6.133
335.518,346.345,8.177,6.133
336.108,345.811,8.177,6.133
336.455,345.365,8.358,6.268
336.630,345.683,8.543,6.407
337.784,345.216,8.732,6.549
337.574,344.766,8.732,6.549
338.744,344.256,8.732,6.549
338.414,344.646,8.732,6.549
339.044,345.036,8.732,6.549
339.353,345.368,8.925,6.694
338.713,344.880,9.123,6.842
338.840,345.097,9.324,6.993
339.000,345.450,9.324,6.993
338.519,345.866,9.324,6.993
337.911,345.386,9.324,6.993
337.750,345.866,9.324,6.993
337.398,345.450,9.324,6.993
336.917,346.059,9.324,6.993
337.270,345.706,9.324,6.993
337.622,345.418,9.324,6.993
337.077,346.027,9.324,6.993
337.366,345.610,9.324,6.993
336.693,345.129,9.324,6.993
336.533,345.610,9.324,6.993
335.924,345.065,9.324,6.993
335.636,345.482,9.324,6.993
334.963,345.770,9.324,6.993
334.675,344.264,9.324,6.993
341.166,342.085,9.125,6.844
335.616,342.743,9.125,6.844
339.787,339.388,9.125,6.844
341.072,339.043,9.125,6.844
332.700,338.447,9.125,6.844
341.072,332.897,9.125,6.844
339.507,332.203,9.327,6.996
338.770,331.851,9.327,6.996
337.328,330.986,9.327,6.996
335.822,331.659,9.327,6.996
327.673,323.485,9.128,6.846
333.658,317.845,9.330,6.998
333.920,320.528,9.537,7.153
335.460,316.825,9.537,7.153
335.389,312.904,9.748,7.311
332.536,307.228,9.964,7.473
332.775,306.989,9.964,7.473
335.685,297.848,9.964,7.473
336.250,297.019,10.184,7.638
334.955,296.494,10.184,7.638
333.354,296.446,10.409,7.807
332.889,296.554,10.409,7.807
329.917,296.801,10.640,7.980
331.781,295.010,10.640,7.980
341.791,286.767,10.875,8.156
342.407,279.659,11.116,8.337
344.355,280.003,11.116,8.337
343.921,282.485,10.879,8.159
345.753,277.588,10.879,8.159
346.193,277.135,10.647,7.985
346.449,276.586,10.647,7.985
346.521,273.499,10.882,8.162
345.661,274.209,10.882,8.162
351.291,264.674,10.650,7.988
351.581,265.217,10.423,7.817
352.841,267.695,10.654,7.990
351.166,268.176,10.889,8.167
358.227,259.817,11.130,8.348
366.714,249.131,11.376,8.532
372.449,239.162,11.134,8.350
382.924,242.364,11.380,8.535
384.137,239.551,11.632,8.724
383.718,237.589,11.889,8.917
384.392,236.346,12.152,9.114
384.907,235.508,12.421,9.316
385.257,235.627,12.696,9.522
385.705,236.110,12.977,9.733
387.180,236.511,13.264,9.948
386.986,238.339,13.558,10.168
373.932,233.152,13.858,10.393
367.975,232.483,13.562,10.172
365.739,232.816,13.273,9.955
365.397,233.581,12.990,9.742
365.837,233.900,12.713,9.535
365.357,233.158,12.713,9.535
366.208,233.217,12.442,9.331
366.959,232.699,12.176,9.132
366.322,232.352,11.917,8.938
367.041,231.935,11.663,8.747
367.359,231.526,11.414,8.560
366.770,229.839,11.414,8.560
367.123,227.682,11.414,8.560
366.457,224.506,11.414,8.560
366.994,221.611,11.170,8.378
367.647,218.655,11.170,8.378
367.685,216.774,11.170,8.378
368.359,214.015,10.932,8.199
367.946,211.724,10.932,8.199
368.584,208.981,10.932,8.199
368.096,208.193,10.932,8.199
367.382,207.404,10.932,8.199
367.720,204.662,10.932,8.199
368.284,202.746,10.932,8.199
367.720,201.131,10.932,8.199
368.284,201.168,10.932,8.199
369.016,200.713,10.699,8.024
368.612,201.190,10.699,8.024
369.310,200.565,10.699,8.024
368.893,200.261,10.471,7.853
369.145,199.722,10.471,7.853
369.756,197.023,10.471,7.853
371.231,195.548,10.471,7.853
370.764,193.065,10.471,7.853
370.943,191.806,10.471,7.853
370.404,189.971,10.471,7.853
371.735,186.481,10.471,7.853
370.985,182.550,10.703,8.027
371.286,177.310,10.939,8.205
371.925,176.596,10.939,8.205
372.564,175.055,10.939,8.205
372.000,174.641,10.939,8.205
371.573,174.258,10.706,8.030
372.199,174.147,10.706,8.030
372.774,174.694,10.478,7.858
373.475,174.535,10.254,7.691
373.229,175.063,10.254,7.691
373.123,174.535,10.254,7.691
372.735,175.979,10.254,7.691
372.207,176.085,10.254,7.691
371.749,177.459,10.254,7.691
372.277,168.052,10.254,7.691
371.678,173.161,10.254,7.691
371.502,176.085,10.254,7.691
373.088,175.627,10.254,7.691
376.647,177.213,10.254,7.691
375.977,177.036,10.254,7.691
374.673,177.283,10.254,7.691
374.074,178.728,10.254,7.691
374.885,178.129,10.254,7.691
376.400,181.828,10.254,7.691
378.761,191.236,10.254,7.691
378.232,192.751,10.254,7.691
379.666,185.192,10.036,7.527
377.562,182.606,10.036,7.527
372.907,190.433,10.036,7.527
374.390,188.468,10.036,7.527
372.562,184.571,10.036,7.527
371.011,183.088,10.036,7.527
371.597,189.123,10.036,7.527
370.520,198.592,10.258,7.693
371.260,198.980,10.258,7.693
377.287,198.451,10.258,7.693
386.937,201.401,10.485,7.864
382.794,202.734,10.485,7.864
373.635,198.825,10.261,7.696
364.671,200.436,10.042,7.532
365.257,202.817,10.042,7.532
364.947,200.022,10.042,7.532
365.533,199.780,10.042,7.532
374.981,207.824,10.264,7.698
372.195,203.979,10.264,7.698
372.371,209.940,10.264,7.698
369.514,208.494,10.264,7.698
368.844,208.247,10.264,7.698
369.655,208.564,10.264,7.698
369.126,211.421,10.264,7.698
364.082,205.461,10.264,7.698
365.881,204.015,10.264,7.698
367.821,204.544,10.264,7.698
368.844,206.131,10.264,7.698
368.668,206.237,10.264,7.698
378.084,208.952,10.264,7.698
373.182,205.178,10.264,7.698
371.665,202.604,10.264,7.698
381.082,210.187,10.264,7.698
383.445,209.728,10.264,7.698
386.091,205.743,10.264,7.698
386.761,207.330,10.264,7.698
386.161,208.000,10.264,7.698
386.549,207.894,10.264,7.698
385.738,207.859,10.264,7.698
385.562,207.400,10.264,7.698
385.315,208.564,10.264,7.698
386.055,208.247,10.264,7.698
386.161,208.423,10.264,7.698
385.914,208.176,10.264,7.698
385.667,207.788,10.264,7.698
385.279,207.400,10.264,7.698
385.879,208.000,10.264,7.698
385.421,207.612,10.264,7.698
384.962,208.282,10.264,7.698
385.491,208.247,10.264,7.698
385.033,207.859,10.264,7.698
385.703,207.753,10.264,7.698
385.385,207.577,10.264,7.698
385.138,208.459,10.264,7.698
385.879,208.212,10.264,7.698
385.703,208.035,10.264,7.698
385.526,207.859,10.264,7.698
385.421,207.753,10.264,7.698
385.315,207.647,10.264,7.698
386.055,208.459,10.264,7.698
385.809,208.353,10.264,7.698
385.632,208.106,10.264,7.698
385.456,207.859,10.264,7.698
385.279,207.612,10.264,7.698
386.020,208.353,10.264,7.698
385.620,207.857,10.046,7.534
385.999,208.306,10.046,7.534
385.413,207.788,10.046,7.534
385.792,208.306,10.046,7.534
386.172,207.788,10.046,7.534
385.585,208.306,10.046,7.534
385.896,207.788,10.046,7.534
386.206,208.306,10.046,7.534
385.551,207.719,10.046,7.534
385.861,208.099,10.046,7.534
386.172,208.547,10.046,7.534
385.447,207.960,10.046,7.534
385.689,208.409,10.046,7.534
385.930,207.891,10.046,7.534
386.034,208.409,10.046,7.534
385.102,207.891,10.046,7.534
385.205,208.409,10.046,7.534
385.447,207.891,10.046,7.534
385.551,208.340,10.046,7.534
385.723,207.822,10.046,7.534
385.965,208.271,10.046,7.534
386.275,207.753,10.046,7.534
385.620,208.202,10.046,7.534
385.930,208.651,10.046,7.534
386.172,208.064,10.046,7.534
385.447,208.513,10.046,7.534
385.689,207.926,10.046,7.534
385.999,208.375,10.046,7.534
385.344,207.788,10.046,7.534
385.654,208.237,10.046,7.534
385.965,207.719,10.046,7.534
386.345,208.168,10.046,7.534
385.689,208.616,10.046,7.534
385.999,208.099,10.046,7.534
385.344,208.547,10.046,7.534
385.654,207.961,10.046,7.534
386.034,208.478,10.046,7.534
385.378,207.961,10.046,7.534
385.689,208.409,10.046,7.534
385.999,207.892,10.046,7.534
385.275,208.340,10.046,7.534
385.516,207.753,10.046,7.534
385.827,208.202,10.046,7.534
386.138,208.651,10.046,7.534
385.482,208.064,10.046,7.534
385.861,208.513,10.046,7.534
386.172,207.995,10.046,7.534
385.516,208.444,10.046,7.534
385.896,207.926,10.046,7.534
386.276,208.444,10.046,7.534
385.689,207.926,10.046,7.534
386.069,208.375,10.046,7.534
385.413,207.857,10.046,7.534
385.723,208.306,10.046,7.534
386.034,207.788,10.046,7.534
385.378,208.306,10.046,7.534
385.689,207.857,10.046,7.534
386.000,208.375,10.046,7.534
385.413,207.857,10.046,7.534
385.862,208.375,10.046,7.534
386.241,207.857,10.046,7.534
385.585,208.237,10.046,7.534
385.965,207.650,10.046,7.534
386.345,208.099,10.046,7.534
385.758,208.616,10.046,7.534
386.069,208.099,10.046,7.534
385.482,208.547,10.046,7.534
386.000,208.030,10.046,7.534
385.551,208.478,10.046,7.534
386.069,207.892,10.046,7.534
385.482,208.340,10.046,7.534
385.931,207.753,10.046,7.534
386.379,208.202,10.046,7.534
385.793,208.720,10.046,7.534
386.172,208.202,10.046,7.534
385.586,208.651,10.046,7.534
385.965,208.133,10.046,7.534
386.345,208.651,10.046,7.534
385.689,208.133,10.046,7.534
385.931,208.651,10.046,7.534
386.310,208.133,10.046,7.534
385.655,208.651,10.046,7.534
386.034,208.133,10.046,7.534
385.378,208.651,10.046,7.534
385.758,208.133,10.046,7.534
386.138,208.651,10.046,7.534
385.482,208.133,10.046,7.534
385.793,208.582,10.046,7.534
386.103,207.995,10.046,7.534
385.379,208.444,10.046,7.534
385.689,207.857,10.046,7.534
385.931,208.168,10.046,7.534
386.034,208.340,10.046,7.534
385.309,207.684,10.046,7.534
385.620,208.133,10.046,7.534
386.000,208.582,10.046,7.534
385.874,208.562,9.831,7.374
385.380,208.306,10.049,7.537
385.414,207.719,10.049,7.537
385.518,208.168,10.049,7.537
385.691,208.616,10.049,7.537
385.725,208.029,10.049,7.537
385.760,208.409,10.049,7.537
385.518,207.753,10.049,7.537
389.558,213.589,10.049,7.537
386.899,212.242,10.049,7.537
383.512,211.890,9.835,7.376
379.963,211.180,9.835,7.376
375.334,210.808,9.835,7.376
370.569,211.248,9.835,7.376
366.683,209.727,9.835,7.376
359.283,210.234,9.835,7.376
354.112,208.983,9.835,7.376
346.915,208.409,9.835,7.376
339.582,207.970,9.835,7.376
331.978,206.381,9.835,7.376
322.956,204.726,9.835,7.376
313.933,201.515,9.835,7.376
306.600,196.751,9.835,7.376
299.403,191.648,9.835,7.376
294.367,184.585,9.835,7.376
289.265,175.563,9.835,7.376
284.635,166.540,9.835,7.376
280.884,157.518,9.835,7.376
278.076,148.075,10.052,7.539
275.134,138.424,10.275,7.706
274.910,138.155,10.502,7.876
284.715,145.444,10.734,8.051
282.874,144.551,10.972,8.229
284.513,144.577,11.214,8.411
285.069,146.363,11.463,8.597
288.987,144.348,11.716,8.787
291.823,145.963,11.975,8.982
292.160,145.992,12.240,9.180
303.676,146.545,12.511,9.383
315.154,135.066,12.511,9.383
315.329,134.048,12.244,9.183
314.851,134.429,11.983,8.987
314.860,134.089,11.728,8.796
315.142,134.371,11.728,8.796
315.228,134.115,11.478,8.608
315.189,134.707,11.478,8.608
315.070,134.273,11.478,8.608
314.952,133.839,11.478,8.608
314.913,134.431,11.478,8.608
314.794,133.997,11.478,8.608
314.755,134.588,11.478,8.608
315.067,134.870,11.233,8.425
315.150,134.476,10.993,8.245
315.595,134.746,10.759,8.069
315.745,134.369,10.529,7.897
315.892,134.907,10.305,7.729
315.928,134.446,10.305,7.729
315.963,134.907,10.305,7.729
315.999,134.446,10.305,7.729
315.963,134.977,10.305,7.729
315.928,134.517,10.305,7.729
315.892,135.048,10.305,7.729
315.857,134.588,10.305,7.729
315.892,135.119,10.305,7.729
315.857,134.659,10.305,7.729
315.822,134.198,10.305,7.729
315.857,134.730,10.305,7.729
315.892,134.269,10.305,7.729
315.928,134.800,10.305,7.729
315.892,134.340,10.305,7.729
315.857,134.871,10.305,7.729
315.822,134.411,10.305,7.729
315.786,134.942,10.305,7.729
315.751,134.482,10.305,7.729
315.715,135.013,10.305,7.729
315.680,134.553,10.305,7.729
315.715,135.084,10.305,7.729
315.751,134.694,10.305,7.729
315.786,134.305,10.305,7.729
315.751,134.836,10.305,7.729
315.786,134.446,10.305,7.729
315.822,135.048,10.305,7.729
315.857,134.659,10.305,7.729
315.892,134.269,10.305,7.729
315.928,134.800,10.305,7.729
315.963,134.340,10.305,7.729
315.999,134.871,10.305,7.729
316.034,134.411,10.305,7.729
316.069,134.942,10.305,7.729
316.034,134.482,10.305,7.729
315.999,135.013,10.305,7.729
315.963,134.553,10.305,7.729
315.928,135.084,10.305,7.729
315.963,134.694,10.305,7.729
315.928,134.234,10.305,7.729
315.963,134.765,10.305,7.729
315.999,134.305,10.305,7.729
315.963,134.836,10.305,7.729
315.999,134.375,10.305,7.729
315.963,134.836,10.305,7.729
315.999,134.375,10.305,7.729
316.034,134.907,10.305,7.729
316.069,134.446,10.305,7.729
316.105,134.977,10.305,7.729
316.140,134.517,10.305,7.729
316.176,135.048,10.305,7.729
316.211,134.588,10.305,7.729
316.246,135.119,10.305,7.729
316.282,134.659,10.305,7.729
316.317,134.198,10.305,7.729
316.353,134.730,10.305,7.729
315.467,134.269,10.305,7.729
315.432,134.800,10.305,7.729
315.397,134.340,10.305,7.729
315.361,134.871,10.305,7.729
315.397,134.482,10.305,7.729
315.361,135.013,10.305,7.729
315.326,134.623,10.305,7.729
315.743,134.945,10.085,7.564
315.750,134.591,9.870,7.403
316.150,134.833,9.660,7.245
316.050,135.331,9.660,7.245
315.950,134.900,9.660,7.245
315.851,134.468,9.660,7.245
315.751,134.966,9.660,7.245
315.652,134.535,9.660,7.245
316.481,135.033,9.660,7.245
316.382,134.601,9.660,7.245
316.282,135.099,9.660,7.245
316.183,134.667,9.660,7.245
316.083,135.165,9.660,7.245
316.050,134.734,9.660,7.245
316.017,135.232,9.660,7.245
315.984,134.800,9.660,7.245
315.950,135.298,9.660,7.245
315.917,134.867,9.660,7.245
315.884,135.364,9.660,7.245
315.784,134.867,9.660,7.245
315.685,135.364,9.660,7.245
315.585,134.933,9.660,7.245
316.415,134.435,9.660,7.245
316.382,134.933,9.660,7.245
316.349,134.435,9.660,7.245
316.249,134.933,9.660,7.245
316.149,134.435,9.660,7.245
316.116,134.933,9.660,7.245
316.017,134.435,9.660,7.245
315.983,134.933,9.660,7.245
315.950,134.435,9.660,7.245
315.917,134.867,9.660,7.245
315.884,135.298,9.660,7.245
315.851,134.800,9.660,7.245
315.817,135.232,9.660,7.245
315.784,134.734,9.660,7.245
315.751,135.165,9.660,7.245
315.718,134.667,9.660,7.245
315.618,135.165,9.660,7.245
316.514,134.667,9.660,7.245
316.481,135.099,9.660,7.245
316.448,134.601,9.660,7.245
316.415,135.033,9.660,7.245
316.382,134.535,9.660,7.245
316.348,134.966,9.660,7.245
316.315,134.468,9.660,7.245
316.282,134.900,9.660,7.245
316.182,134.402,9.660,7.245
316.083,134.900,9.660,7.245
315.983,134.402,9.660,7.245
315.884,134.900,9.660,7.245
315.784,134.402,9.660,7.245
315.684,134.900,9.660,7.245
315.585,134.402,9.660,7.245
316.415,134.833,9.660,7.245
316.315,135.331,9.660,7.245
316.282,134.833,9.660,7.245
316.249,135.265,9.660,7.245
316.215,134.767,9.660,7.245
316.182,135.265,9.660,7.245
316.149,134.767,9.660,7.245
316.116,135.199,9.660,7.245
316.083,134.701,9.660,7.245
316.049,135.132,9.660,7.245
316.016,134.634,9.660,7.245
315.983,135.132,9.660,7.245
315.950,134.634,9.660,7.245
315.917,135.132,9.660,7.245
315.883,134.634,9.660,7.245
315.784,135.066,9.660,7.245
315.751,134.568,9.660,7.245
315.651,134.999,9.660,7.245
316.547,134.502,9.660,7.245
316.514,134.933,9.660,7.245
316.481,134.435,9.660,7.245
316.448,134.867,9.660,7.245
316.414,135.365,9.660,7.245
316.315,134.867,9.660,7.245
316.215,135.298,9.660,7.245
316.116,134.800,9.660,7.245
316.016,135.298,9.660,7.245
315.917,134.800,9.660,7.245
315.817,135.298,9.660,7.245
315.717,134.867,9.660,7.245
315.618,135.365,9.660,7.245
316.448,134.867,9.660,7.245
316.348,135.365,9.660,7.245
316.315,134.933,9.660,7.245
316.282,134.502,9.660,7.245
316.248,134.999,9.660,7.245
316.215,134.568,9.660,7.245
316.182,135.066,9.660,7.245
316.149,134.634,9.660,7.245
316.116,135.132,9.660,7.245
316.082,134.701,9.660,7.245
316.049,135.199,9.660,7.245
316.016,134.767,9.660,7.245
315.983,135.265,9.660,7.245
315.950,134.833,9.660,7.245
315.850,135.331,9.660,7.245
315.817,134.900,9.660,7.245
315.717,134.468,9.660,7.245
315.618,134.966,9.660,7.245
316.447,134.468,9.660,7.245
316.348,134.966,9.660,7.245
316.315,134.535,9.660,7.245
316.281,135.033,9.660,7.245
316.248,134.601,9.660,7.245
316.149,135.099,9.660,7.245
316.049,134.667,9.660,7.245
316.016,135.165,9.660,7.245
315.916,134.734,9.660,7.245
315.883,135.232,9.660,7.245
315.783,134.800,9.660,7.245
315.684,135.298,9.660,7.245
315.584,134.867,9.660,7.245
316.414,135.364,9.660,7.245
316.315,134.933,9.660,7.245
316.215,134.501,9.660,7.245
316.115,134.999,9.660,7.245
316.016,134.568,9.660,7.245
315.916,135.066,9.660,7.245
315.883,134.634,9.660,7.245
315.783,135.132,9.660,7.245
315.684,134.701,9.660,7.245
315.584,135.198,9.660,7.245
316.414,134.767,9.660,7.245
316.314,135.331,9.660,7.245
316.215,134.900,9.660,7.245
316.115,134.468,9.660,7.245
316.016,135.033,9.660,7.245
315.916,134.667,9.660,7.245
315.817,135.232,9.660,7.245
315.717,134.800,9.660,7.245
315.617,135.298,9.660,7.245
316.447,134.867,9.660,7.245
316.348,135.364,9.660,7.245
316.248,134.933,9.660,7.245
316.148,134.501,9.660,7.245
316.049,134.999,9.660,7.245
315.949,134.568,9.660,7.245
315.850,135.132,9.660,7.245
315.750,134.701,9.660,7.245
315.651,135.198,9.660,7.245
316.480,134.767,9.660,7.245
316.314,135.265,9.660,7.245
316.148,134.833,9.660,7.245
316.049,135.398,9.660,7.245
315.949,134.966,9.660,7.245
315.850,134.535,9.660,7.245
315.750,135.032,9.660,7.245
315.651,134.601,9.660,7.245
316.480,135.165,9.660,7.245
316.381,134.734,9.660,7.245
316.281,135.298,9.660,7.245
316.182,134.867,9.660,7.245
316.016,135.364,9.660,7.245
315.916,134.933,9.660,7.245
315.816,134.501,9.660,7.245
315.717,135.066,9.660,7.245
315.617,134.634,9.660,7.245
316.447,135.198,9.660,7.245
316.347,134.767,9.660,7.245
316.182,135.331,9.660,7.245
316.016,134.966,9.660,7.245
315.850,134.601,9.660,7.245
315.684,135.165,9.660,7.245
315.584,134.734,9.660,7.245
316.414,135.298,9.660,7.245
316.314,134.933,9.660,7.245
316.215,134.568,9.660,7.245
316.115,135.132,9.660,7.245
316.016,134.767,9.660,7.245
315.916,135.331,9.660,7.245
315.816,134.966,9.660,7.245
315.717,134.601,9.660,7.245
315.617,135.165,9.660,7.245
316.447,134.800,9.660,7.245
316.347,135.364,9.660,7.245
316.248,134.999,9.660,7.245
316.148,134.634,9.660,7.245
316.049,135.199,9.660,7.245
315.949,134.833,9.660,7.245
315.783,135.398,9.660,7.245
315.684,135.033,9.660,7.245
315.518,134.601,9.660,7.245
316.347,135.165,9.660,7.245
316.181,134.734,9.660,7.245
316.015,135.298,9.660,7.245
315.916,134.933,9.660,7.245
315.816,134.568,9.660,7.245
315.650,135.132,9.660,7.245
316.480,134.767,9.660,7.245
316.314,135.331,9.660,7.245
316.215,134.966,9.660,7.245
316.115,134.601,9.660,7.245
316.015,135.165,9.660,7.245
315.982,134.734,9.660,7.245
315.949,135.298,9.660,7.245
315.849,134.933,9.660,7.245
315.816,134.568,9.660,7.245
315.717,135.132,9.660,7.245
315.617,134.701,9.660,7.245
316.380,135.199,9.660,7.245
316.281,134.767,9.660,7.245
316.181,135.331,9.660,7.245
316.082,134.966,9.660,7.245
315.982,134.535,9.660,7.245
315.883,135.033,9.660,7.245
315.783,134.601,9.660,7.245
315.617,135.099,9.660,7.245
316.380,134.668,9.660,7.245
316.215,135.165,9.660,7.245
316.115,134.734,9.660,7.245
316.015,135.232,9.660,7.245
315.916,134.800,9.660,7.245
315.816,135.365,9.660,7.245
315.717,134.933,9.660,7.245
315.617,134.568,9.660,7.245
316.314,135.066,9.660,7.245
316.148,134.634,9.660,7.245
315.982,135.132,9.660,7.245
315.816,134.701,9.660,7.245
315.650,135.265,9.660,7.245
316.414,134.833,9.660,7.245
316.248,135.398,9.660,7.245
316.082,134.966,9.660,7.245
315.982,134.601,9.660,7.245
315.816,135.165,9.660,7.245
315.650,134.800,9.660,7.245
316.414,135.365,9.660,7.245
316.248,134.933,9.660,7.245
316.148,134.568,9.660,7.245
315.982,135.132,9.660,7.245
315.816,134.767,9.660,7.245
315.650,135.331,9.660,7.245
316.414,134.966,9.660,7.245
316.248,134.601,9.660,7.245
316.082,135.165,9.660,7.245
315.916,134.800,9.660,7.245
315.750,135.365,9.660,7.245
315.584,135.000,9.660,7.245
316.347,134.634,9.660,7.245
316.181,135.199,9.660,7.245
316.015,134.834,9.660,7.245
315.849,135.331,9.660,7.245
315.683,134.900,9.660,7.245
315.451,134.535,9.660,7.245
316.148,135.099,9.660,7.245
315.916,134.734,9.660,7.245
315.683,135.298,9.660,7.245
315.451,134.933,9.660,7.245
316.148,134.568,9.660,7.245
315.916,135.132,9.660,7.245
315.750,134.767,9.660,7.245
315.584,135.398,9.660,7.245
316.347,135.033,9.660,7.245
316.181,134.668,9.660,7.245
315.949,135.232,9.660,7.245
315.783,134.867,9.660,7.245
315.617,135.431,9.660,7.245
316.381,135.066,9.660,7.245
316.215,134.701,9.660,7.245
316.049,135.265,9.660,7.245
315.883,134.900,9.660,7.245
315.717,134.535,9.660,7.245
315.551,135.099,9.660,7.245
316.381,134.734,9.660,7.245
316.215,135.298,9.660,7.245
315.982,134.867,9.660,7.245
315.750,135.365,9.660,7.245
315.518,134.933,9.660,7.245
316.215,134.502,9.660,7.245
315.982,135.000,9.660,7.245
315.750,134.568,9.660,7.245
315.518,135.066,9.660,7.245
316.281,134.635,9.660,7.245
316.049,135.132,9.660,7.245
315.883,134.701,9.660,7.245
315.717,135.199,9.660,7.245
315.551,134.767,9.660,7.245
316.314,135.265,9.660,7.245
316.148,134.834,9.660,7.245
315.916,135.332,9.660,7.245
315.750,134.900,9.660,7.245
315.584,134.469,9.660,7.245
316.347,134.966,9.660,7.245
316.181,134.535,9.660,7.245
316.082,135.033,9.660,7.245
315.982,134.601,9.660,7.245
315.816,135.099,9.660,7.245
315.650,134.668,9.660,7.245
316.414,135.166,9.660,7.245
316.314,134.734,9.660,7.245
316.148,135.232,9.660,7.245
315.982,134.800,9.660,7.245
315.883,135.298,9.660,7.245
315.783,134.867,9.660,7.245
315.750,135.431,9.660,7.245
315.717,135.000,9.660,7.245
315.617,134.568,9.660,7.245
316.447,135.132,9.660,7.245
316.281,134.701,9.660,7.245
316.181,135.265,9.660,7.245
316.082,134.834,9.660,7.245
315.982,135.331,9.660,7.245
315.883,134.900,9.660,7.245
315.783,134.468,9.660,7.245
315.617,134.966,9.660,7.245
316.381,134.535,9.660,7.245
316.215,135.033,9.660,7.245
316.049,134.601,9.660,7.245
315.883,135.099,9.660,7.245
315.717,134.668,9.660,7.245
315.551,135.165,9.660,7.245
316.381,134.734,9.660,7.245
316.281,135.232,9.660,7.245
316.181,134.800,9.660,7.245
316.015,135.298,9.660,7.245
315.849,134.800,9.660,7.245
315.684,135.298,9.660,7.245
315.518,134.800,9.660,7.245
316.281,135.298,9.660,7.245
316.115,134.800,9.660,7.245
316.015,135.298,9.660,7.245
315.849,134.800,9.660,7.245
315.750,135.298,9.660,7.245
315.650,134.867,9.660,7.245
316.414,135.365,9.660,7.245
316.314,134.933,9.660,7.245
316.215,134.435,9.660,7.245
316.115,134.933,9.660,7.245
316.015,134.435,9.660,7.245
315.916,134.933,9.660,7.245
315.816,134.435,9.660,7.245
315.650,134.933,9.660,7.245
316.414,134.435,9.660,7.245
316.314,134.933,9.660,7.245
316.148,134.435,9.660,7.245
315.982,134.933,9.660,7.245
315.883,134.435,9.660,7.245
315.783,134.933,9.660,7.245
315.683,134.435,9.660,7.245
315.584,134.933,9.660,7.245
316.414,134.435,9.660,7.245
316.314,134.933,9.660,7.245
316.214,134.502,9.660,7.245
316.049,134.999,9.660,7.245
315.883,134.568,9.660,7.245
315.717,135.066,9.660,7.245
315.551,134.634,9.660,7.245
316.314,135.132,9.660,7.245
316.148,134.701,9.660,7.245
315.982,135.199,9.660,7.245
315.816,134.701,9.660,7.245
315.650,135.199,9.660,7.245
316.414,134.701,9.660,7.245
316.248,135.199,9.660,7.245
316.082,134.701,9.660,7.245
315.916,135.199,9.660,7.245
315.750,134.701,9.660,7.245
315.584,135.199,9.660,7.245
316.414,134.701,9.660,7.245
316.314,135.199,9.660,7.245
316.148,134.701,9.660,7.245
316.049,135.199,9.660,7.245
315.883,134.767,9.660,7.245
315.783,135.265,9.660,7.245
315.683,134.834,9.660,7.245
315.584,135.331,9.660,7.245
316.414,134.900,9.660,7.245
316.314,134.468,9.660,7.245
316.214,134.966,9.660,7.245
316.115,134.535,9.660,7.245
316.015,135.033,9.660,7.245
315.916,134.601,9.660,7.245
315.816,135.099,9.660,7.245
315.717,134.668,9.660,7.245
315.551,135.165,9.660,7.245
316.314,134.734,9.660,7.245
316.214,135.232,9.660,7.245
316.115,134.800,9.660,7.245
316.015,135.298,9.660,7.245
315.916,134.867,9.660,7.245
315.816,135.365,9.660,7.245
315.717,134.933,9.660,7.245
315.617,134.502,9.660,7.245
316.447,134.999,9.660,7.245
316.347,134.568,9.660,7.245
316.248,135.066,9.660,7.245
316.214,134.634,9.660,7.245
316.115,135.132,9.660,7.245
316.015,134.701,9.660,7.245
315.916,135.199,9.660,7.245
315.816,134.767,9.660,7.245
315.716,135.265,9.660,7.245
315.617,134.833,9.660,7.245
316.447,135.265,9.660,7.245
316.413,134.767,9.660,7.245
316.314,135.265,9.660,7.245
316.281,134.833,9.660,7.245
316.181,135.331,9.660,7.245
316.082,134.900,9.660,7.245
315.982,134.468,9.660,7.245
315.882,134.966,9.660,7.245
315.783,134.468,9.660,7.245
315.683,134.966,9.660,7.245
315.584,134.468,9.660,7.245
316.347,134.900,9.660,7.245
316.247,134.402,9.660,7.245
316.148,134.900,9.660,7.245
316.048,134.402,9.660,7.245
315.949,134.900,9.660,7.245
315.849,134.402,9.660,7.245
315.750,134.900,9.660,7.245
315.650,134.402,9.660,7.245
316.480,134.833,9.660,7.245
316.380,135.331,9.660,7.245
316.281,134.900,9.660,7.245
316.181,134.402,9.660,7.245
316.081,134.900,9.660,7.245
315.982,134.468,9.660,7.245
315.949,134.966,9.660,7.245
315.915,134.535,9.660,7.245
315.882,135.033,9.660,7.245
315.849,134.601,9.660,7.245
315.749,135.099,9.660,7.245
315.650,134.601,9.660,7.245
316.480,135.099,9.660,7.245
316.380,134.601,9.660,7.245
316.280,135.099,9.660,7.245
316.181,134.601,9.660,7.245
316.081,135.099,9.660,7.245
315.982,134.601,9.660,7.245
315.882,135.099,9.660,7.245
315.783,134.601,9.660,7.245
315.683,135.099,9.660,7.245
315.583,134.601,9.660,7.245
316.413,135.033,9.660,7.245
316.314,134.535,9.660,7.245
316.214,135.033,9.660,7.245
316.114,134.535,9.660,7.245
316.015,135.033,9.660,7.245
315.915,134.535,9.660,7.245
315.816,135.033,9.660,7.245
315.783,134.601,9.660,7.245
315.683,135.099,9.660,7.245
315.650,134.667,9.660,7.245
316.480,135.165,9.660,7.245
316.446,134.734,9.660,7.245
316.347,135.232,9.660,7.245
316.314,134.800,9.660,7.245
316.280,135.298,9.660,7.245
316.247,134.867,9.660,7.245
316.214,135.364,9.660,7.245
316.181,134.933,9.660,7.245
316.148,134.435,9.660,7.245
316.114,134.933,9.660,7.245
316.081,134.501,9.660,7.245
315.982,134.999,9.660,7.245
315.882,134.568,9.660,7.245
315.849,135.066,9.660,7.245
315.816,134.634,9.660,7.245
315.782,135.132,9.660,7.245
315.749,134.634,9.660,7.245
315.716,135.132,9.660,7.245
315.683,134.634,9.660,7.245
315.650,135.066,9.660,7.245
316.479,134.568,9.660,7.245
316.446,135.066,9.660,7.245
316.347,134.568,9.660,7.245
316.247,135.066,9.660,7.245
316.214,134.634,9.660,7.245
316.114,135.132,9.660,7.245
316.015,134.634,9.660,7.245
315.915,135.066,9.660,7.245
315.815,134.634,9.660,7.245
315.716,135.132,9.660,7.245
315.616,134.701,9.660,7.245
316.446,135.198,9.660,7.245
316.346,134.767,9.660,7.245
316.247,135.265,9.660,7.245
316.147,134.833,9.660,7.245
316.048,135.331,9.660,7.245
315.948,134.900,9.660,7.245
315.849,134.468,9.660,7.245
315.749,134.966,9.660,7.245
315.649,134.468,9.660,7.245
316.479,134.966,9.660,7.245
316.380,134.468,9.660,7.245
316.280,134.966,9.660,7.245
316.180,134.468,9.660,7.245
316.081,134.966,9.660,7.245
315.981,134.468,9.660,7.245
315.882,134.966,9.660,7.245
315.782,134.468,9.660,7.245
315.683,134.900,9.660,7.245
315.649,134.402,9.660,7.245
316.479,134.833,9.660,7.245
316.446,135.331,9.660,7.245
316.413,134.900,9.660,7.245
316.380,134.468,9.660,7.245
316.280,134.966,9.660,7.245
316.247,134.535,9.660,7.245
316.147,135.032,9.660,7.245
316.114,134.601,9.660,7.245
316.014,135.099,9.660,7.245
315.981,134.601,9.660,7.245
315.948,135.032,9.660,7.245
315.848,134.535,9.660,7.245
315.749,134.966,9.660,7.245
315.649,134.468,9.660,7.245
316.479,134.900,9.660,7.245
316.379,134.402,9.660,7.245
316.280,134.833,9.660,7.245
316.180,135.265,9.660,7.245
316.081,134.767,9.660,7.245
315.981,135.198,9.660,7.245
315.882,134.701,9.660,7.245
315.716,135.132,9.660,7.245
315.616,134.634,9.660,7.245
316.379,135.132,9.660,7.245
316.280,134.634,9.660,7.245
316.180,135.132,9.660,7.245
316.081,134.634,9.660,7.245
315.981,135.132,9.660,7.245
315.881,134.634,9.660,7.245
315.782,135.132,9.660,7.245
315.682,134.634,9.660,7.245
315.583,135.132,9.660,7.245
316.413,134.634,9.660,7.245
316.313,135.132,9.660,7.245
316.213,134.634,9.660,7.245
316.114,135.066,9.660,7.245
316.014,134.568,9.660,7.245
315.915,134.999,9.660,7.245
315.815,134.501,9.660,7.245
315.715,134.933,9.660,7.245
315.616,134.435,9.660,7.245
316.446,134.867,9.660,7.245
316.346,135.298,9.660,7.245
316.247,134.800,9.660,7.245
316.147,135.232,9.660,7.245
316.047,134.734,9.660,7.245
315.948,135.165,9.660,7.245
315.848,134.667,9.660,7.245
315.749,135.099,9.660,7.245
315.649,134.601,9.660,7.245
316.479,135.033,9.660,7.245
316.379,134.535,9.660,7.245
316.280,134.966,9.660,7.245
316.180,134.468,9.660,7.245
316.147,134.900,9.660,7.245
316.047,134.402,9.660,7.245
315.948,134.833,9.660,7.245
315.848,135.265,9.660,7.245
315.749,134.767,9.660,7.245
315.649,135.199,9.660,7.245
316.479,134.701,9.660,7.245
316.379,135.132,9.660,7.245
316.280,134.634,9.660,7.245
316.180,135.066,9.660,7.245
316.080,134.568,9.660,7.245
315.981,134.999,9.660,7.245
315.948,134.502,9.660,7.245
315.848,134.933,9.660,7.245
315.815,134.435,9.660,7.245
315.782,134.867,9.660,7.245
315.748,135.298,9.660,7.245
315.649,134.800,9.660,7.245
316.479,135.232,9.660,7.245
316.379,134.734,9.660,7.245
316.280,135.165,9.660,7.245
316.180,134.668,9.660,7.245
316.080,135.099,9.660,7.245
315.981,134.601,9.660,7.245
315.881,135.033,9.660,7.245
315.848,134.535,9.660,7.245
315.815,134.966,9.660,7.245
315.782,134.468,9.660,7.245
315.748,134.900,9.660,7.245
315.715,134.402,9.660,7.245
315.616,134.834,9.660,7.245
316.445,135.265,9.660,7.245
316.346,134.767,9.660,7.245
316.246,135.199,9.660,7.245
316.147,134.701,9.660,7.245
316.047,135.132,9.660,7.245
316.014,134.634,9.660,7.245
315.914,135.066,9.660,7.245
315.815,134.568,9.660,7.245
315.715,134.999,9.660,7.245
315.682,134.502,9.660,7.245
315.649,134.933,9.660,7.245
316.478,134.435,9.660,7.245
316.379,134.933,9.660,7.245
316.346,134.502,9.660,7.245
316.312,134.999,9.660,7.245
316.213,134.568,9.660,7.245
316.113,135.066,9.660,7.245
316.080,134.634,9.660,7.245
316.047,135.066,9.660,7.245
316.014,134.568,9.660,7.245
315.914,134.999,9.660,7.245
315.881,134.502,9.660,7.245
315.848,134.933,9.660,7.245
315.815,134.435,9.660,7.245
315.781,134.867,9.660,7.245
315.748,135.298,9.660,7.245
315.649,134.800,9.660,7.245
316.478,135.232,9.660,7.245
316.445,134.734,9.660,7.245
316.346,135.165,9.660,7.245
316.312,134.668,9.660,7.245
316.279,135.099,9.660,7.245
316.246,134.601,9.660,7.245
316.213,135.033,9.660,7.245
316.180,134.535,9.660,7.245
316.146,134.966,9.660,7.245
316.113,134.468,9.660,7.245
316.080,134.900,9.660,7.245
316.047,134.402,9.660,7.245
316.014,134.834,9.660,7.245
315.980,135.331,9.660,7.245
315.947,134.834,9.660,7.245
315.914,135.265,9.660,7.245
315.881,134.701,9.660,7.245
315.848,135.132,9.660,7.245
315.814,134.634,9.660,7.245
315.781,135.066,9.660,7.245
315.814,134.568,9.660,7.245
315.781,135.000,9.660,7.245
315.814,134.502,9.660,7.245
315.781,134.933,9.660,7.245
315.748,134.435,9.660,7.245
315.715,134.867,9.660,7.245
315.681,135.298,9.660,7.245
315.648,134.800,9.660,7.245
316.544,135.232,9.660,7.245
316.578,134.734,9.660,7.245
316.544,135.166,9.660,7.245
316.578,134.668,9.660,7.245
316.611,135.099,9.660,7.245
316.644,134.601,9.660,7.245
316.677,135.033,9.660,7.245
315.847,134.601,9.660,7.245
315.814,135.099,9.660,7.245
315.847,134.668,9.660,7.245
315.814,135.166,9.660,7.245
315.781,134.734,9.660,7.245
315.748,135.232,9.660,7.245
315.715,134.734,9.660,7.245
315.681,135.232,9.660,7.245
315.648,134.734,9.660,7.245
316.478,135.166,9.660,7.245
316.445,134.734,9.660,7.245
316.412,135.232,9.660,7.245
316.378,134.800,9.660,7.245
316.345,135.298,9.660,7.245
316.312,134.800,9.660,7.245
316.345,135.298,9.660,7.245
316.378,134.800,9.660,7.245
316.412,135.298,9.660,7.245
316.445,134.800,9.660,7.245
316.412,135.232,9.660,7.245
316.445,134.734,9.660,7.245
316.412,135.166,9.660,7.245
316.378,134.668,9.660,7.245
316.345,135.099,9.660,7.245
316.312,134.601,9.660,7.245
316.279,135.033,9.660,7.245
316.246,134.535,9.660,7.245
316.279,134.966,9.660,7.245
316.246,134.469,9.660,7.245
316.212,134.900,9.660,7.245
316.246,134.402,9.660,7.245
316.279,134.834,9.660,7.245
316.312,135.265,9.660,7.245
316.345,134.767,9.660,7.245
316.378,135.199,9.660,7.245
316.478,134.701,9.660,7.245
316.511,135.132,9.660,7.245
316.611,134.635,9.660,7.245
316.710,135.132,9.660,7.245
315.947,134.701,9.660,7.245
315.980,135.199,9.660,7.245
316.013,134.701,9.660,7.245
316.047,135.132,9.660,7.245
316.146,134.635,9.660,7.245
316.179,135.066,9.660,7.245
316.213,134.568,9.660,7.245
316.246,135.066,9.660,7.245
316.279,134.568,9.660,7.245
316.312,135.066,9.660,7.245
316.345,134.635,9.660,7.245
316.379,135.132,9.660,7.245
316.412,134.701,9.660,7.245
316.445,135.199,9.660,7.245
316.478,134.767,9.660,7.245
316.511,135.265,9.660,7.245
316.545,134.834,9.660,7.245
316.578,135.332,9.660,7.245
316.545,134.900,9.660,7.245
316.578,134.469,9.660,7.245
316.611,134.966,9.660,7.245
316.644,134.535,9.660,7.245
316.677,135.033,9.660,7.245
315.848,134.601,9.660,7.245
315.814,135.099,9.660,7.245
315.781,134.601,9.660,7.245
315.814,135.033,9.660,7.245
315.781,134.535,9.660,7.245
315.748,134.966,9.660,7.245
315.781,134.469,9.660,7.245
315.748,134.900,9.660,7.245
315.781,134.402,9.660,7.245
315.748,134.834,9.660,7.245
315.715,135.265,9.660,7.245
315.748,134.767,9.660,7.245
315.781,135.199,9.660,7.245
315.814,134.701,9.660,7.245
315.848,135.132,9.660,7.245
315.881,134.635,9.660,7.245
315.848,135.066,9.660,7.245
315.881,134.568,9.660,7.245
315.914,135.000,9.660,7.245
315.947,134.502,9.660,7.245
315.980,134.933,9.660,7.245
316.014,134.435,9.660,7.245
316.047,134.867,9.660,7.245
316.080,135.298,9.660,7.245
316.113,134.801,9.660,7.245
316.146,135.232,9.660,7.245
316.180,134.734,9.660,7.245
316.213,135.166,9.660,7.245
316.246,134.668,9.660,7.245
316.213,135.099,9.660,7.245
316.246,134.601,9.660,7.245
316.213,135.033,9.660,7.245
316.180,134.535,9.660,7.245
316.146,134.967,9.660,7.245
316.113,134.469,9.660,7.245
316.080,134.900,9.660,7.245
316.113,134.402,9.660,7.245
316.080,134.834,9.660,7.245
316.047,135.332,9.660,7.245
316.014,134.834,9.660,7.245
315.914,135.265,9.660,7.245
315.881,134.767,9.660,7.245
315.781,135.199,9.660,7.245
315.748,134.701,9.660,7.245
315.715,135.132,9.660,7.245
315.682,134.635,9.660,7.245
315.582,135.066,9.660,7.245
316.412,134.568,9.660,7.245
316.312,135.000,9.660,7.245
316.213,134.502,9.660,7.245
316.113,134.933,9.660,7.245
316.014,134.436,9.660,7.245
315.980,134.867,9.660,7.245
315.947,135.298,9.660,7.245
315.914,134.801,9.660,7.245
315.947,135.298,9.660,7.245
315.980,134.801,9.660,7.245
315.947,135.232,9.660,7.245
315.914,134.734,9.660,7.245
315.947,135.166,9.660,7.245
315.914,134.668,9.660,7.245
315.881,135.099,9.660,7.245
315.781,134.601,9.660,7.245
315.748,135.099,9.660,7.245
315.715,134.601,9.660,7.245
315.682,135.033,9.660,7.245
315.648,134.535,9.660,7.245
316.544,134.967,9.660,7.245
316.511,134.469,9.660,7.245
316.478,134.900,9.660,7.245
316.445,134.402,9.660,7.245
316.412,134.834,9.660,7.245
316.378,135.265,9.660,7.245
316.345,134.767,9.660,7.245
316.312,135.199,9.660,7.245
316.279,134.701,9.660,7.245
316.246,135.133,9.660,7.245
316.212,134.635,9.660,7.245
316.179,135.066,9.660,7.245
316.146,134.568,9.660,7.245
316.113,135.000,9.660,7.245
316.080,134.502,9.660,7.245
316.046,134.933,9.660,7.245
316.013,134.436,9.660,7.245
315.980,134.867,9.660,7.245
315.947,135.299,9.660,7.245
315.914,134.801,9.660,7.245
315.880,135.232,9.660,7.245
315.847,134.668,9.660,7.245
315.814,135.099,9.660,7.245
315.847,134.535,9.660,7.245
315.814,134.900,9.660,7.245
315.847,134.336,9.660,7.245
315.814,134.701,9.660,7.245
315.781,135.066,9.660,7.245
315.814,134.502,9.660,7.245
315.847,134.867,9.660,7.245
315.814,135.232,9.660,7.245
315.781,134.668,9.660,7.245
315.748,135.033,9.660,7.245
315.714,134.469,9.660,7.245
315.681,134.834,9.660,7.245
315.648,135.199,9.660,7.245
316.478,134.635,9.660,7.245
316.445,135.000,9.660,7.245
316.411,134.436,9.660,7.245
316.445,134.801,9.660,7.245
316.478,135.166,9.660,7.245
316.511,134.601,9.660,7.245
316.544,134.967,9.660,7.245
316.577,134.402,9.660,7.245
316.611,134.767,9.660,7.245
316.577,135.132,9.660,7.245
316.544,134.568,9.660,7.245
316.511,134.933,9.660,7.245
316.478,134.369,9.660,7.245
316.445,134.734,9.660,7.245
316.411,135.099,9.660,7.245
316.378,134.535,9.660,7.245
316.345,134.900,9.660,7.245
316.312,134.336,9.660,7.245
316.279,134.701,9.660,7.245
316.245,135.066,9.660,7.245
316.212,134.502,9.660,7.245
316.179,134.867,9.660,7.245
316.146,135.232,9.660,7.245
316.113,134.668,9.660,7.245
316.079,135.033,9.660,7.245
315.980,134.469,9.660,7.245
315.880,134.834,9.660,7.245
315.781,135.199,9.660,7.245
315.747,134.635,9.660,7.245
315.648,135.000,9.660,7.245
316.478,134.435,9.660,7.245
316.378,134.800,9.660,7.245
316.345,135.166,9.660,7.245
316.245,134.601,9.660,7.245
316.212,135.033,9.660,7.245
316.112,134.535,9.660,7.245
316.013,134.966,9.660,7.245
315.980,134.469,9.660,7.245
315.946,134.900,9.660,7.245
315.913,134.336,9.660,7.245
315.880,134.767,9.660,7.245
315.847,135.199,9.660,7.245
315.814,134.635,9.660,7.245
315.714,135.000,9.660,7.245
315.615,134.435,9.660,7.245
316.444,134.800,9.660,7.245
316.345,135.166,9.660,7.245
316.245,134.601,9.660,7.245
316.146,134.966,9.660,7.245
316.046,134.402,9.660,7.245
315.946,134.834,9.660,7.245
315.847,135.199,9.660,7.245
315.747,134.634,9.660,7.245
315.648,135.066,9.660,7.245
316.477,134.502,9.660,7.245
316.378,134.867,9.660,7.245
316.278,135.298,9.660,7.245
316.179,134.734,9.660,7.245
316.145,135.166,9.660,7.245
316.046,134.601,9.660,7.245
316.013,135.033,9.660,7.245
315.979,134.468,9.660,7.245
315.946,134.900,9.660,7.245
315.913,134.336,9.660,7.245
315.880,134.767,9.660,7.245
315.847,135.199,9.660,7.245
315.747,134.634,9.660,7.245
315.648,135.066,9.660,7.245
316.477,134.502,9.660,7.245
316.378,134.933,9.660,7.245
316.278,134.435,9.660,7.245
316.179,134.867,9.660,7.245
316.079,135.298,9.660,7.245
315.979,134.800,9.660,7.245
315.880,135.232,9.660,7.245
315.780,134.734,9.660,7.245
315.681,135.166,9.660,7.245
315.581,134.601,9.660,7.245
316.411,134.966,9.660,7.245
316.311,134.402,9.660,7.245
316.212,134.767,9.660,7.245
316.112,135.199,9.660,7.245
316.013,134.634,9.660,7.245
315.913,135.000,9.660,7.245
315.813,134.502,9.660,7.245
315.714,134.933,9.660,7.245
315.614,134.369,9.660,7.245
316.444,134.800,9.660,7.245
316.344,135.232,9.660,7.245
316.245,134.734,9.660,7.245
316.145,135.166,9.660,7.245
316.046,134.601,9.660,7.245
315.946,135.033,9.660,7.245
315.847,134.468,9.660,7.245
315.747,134.900,9.660,7.245
315.714,134.402,9.660,7.245
315.681,134.834,9.660,7.245
315.647,135.265,9.660,7.245
316.477,134.701,9.660,7.245
316.378,135.132,9.660,7.245
316.278,134.568,9.660,7.245
316.178,135.000,9.660,7.245
316.145,134.435,9.660,7.245
316.112,134.867,9.660,7.245
316.079,135.298,9.660,7.245
315.979,134.734,9.660,7.245
315.880,135.166,9.660,7.245
315.780,134.601,9.660,7.245
315.747,135.033,9.660,7.245
315.714,134.535,9.660,7.245
315.614,134.900,9.660,7.245
316.444,134.336,9.660,7.245
316.344,134.767,9.660,7.245
316.245,135.199,9.660,7.245
316.145,134.701,9.660,7.245
316.112,135.132,9.660,7.245
316.079,134.634,9.660,7.245
316.045,135.066,9.660,7.245
316.012,134.568,9.660,7.245
315.979,135.000,9.660,7.245
315.946,134.502,9.660,7.245
315.913,134.933,9.660,7.245
315.879,134.435,9.660,7.245
315.846,134.867,9.660,7.245
315.813,135.298,9.660,7.245
315.780,134.800,9.660,7.245
315.747,135.232,9.660,7.245
315.713,134.734,9.660,7.245
315.614,135.166,9.660,7.245
316.444,134.668,9.660,7.245
316.344,135.099,9.660,7.245
316.244,134.601,9.660,7.245
316.145,135.033,9.660,7.245
316.045,134.535,9.660,7.245
315.946,134.966,9.660,7.245
315.780,134.402,9.660,7.245
315.680,134.834,9.660,7.245
315.581,135.265,9.660,7.245
316.410,134.701,9.660,7.245
316.311,135.132,9.660,7.245
316.211,134.568,9.660,7.245
316.112,135.000,9.660,7.245
316.012,134.435,9.660,7.245
315.979,134.867,9.660,7.245
315.946,135.298,9.660,7.245
315.846,134.734,9.660,7.245
315.747,135.166,9.660,7.245
315.647,134.601,9.660,7.245
316.477,135.033,9.660,7.245
316.377,134.469,9.660,7.245
316.211,134.834,9.660,7.245
316.112,135.199,9.660,7.245
316.012,134.634,9.660,7.245
315.912,135.000,9.660,7.245
315.813,134.435,9.660,7.245
315.713,134.867,9.660,7.245
315.614,135.232,9.660,7.245
316.443,134.668,9.660,7.245
316.278,135.033,9.660,7.245
316.178,134.469,9.660,7.245
316.078,134.900,9.660,7.245
315.979,134.336,9.660,7.245
315.879,134.701,9.660,7.245
315.780,135.066,9.660,7.245
315.680,134.502,9.660,7.245
315.580,134.867,9.660,7.245
316.410,135.232,9.660,7.245
316.311,134.668,9.660,7.245
316.211,135.033,9.660,7.245
316.112,134.468,9.660,7.245
316.012,134.834,9.660,7.245
315.912,135.199,9.660,7.245
315.813,134.634,9.660,7.245
315.713,135.000,9.660,7.245
315.614,134.435,9.660,7.245
316.443,134.800,9.660,7.245
316.344,135.165,9.660,7.245
316.244,134.601,9.660,7.245
316.145,135.033,9.660,7.245
316.045,134.468,9.660,7.245
315.945,134.900,9.660,7.245
315.846,134.336,9.660,7.245
315.746,134.767,9.660,7.245
315.647,135.132,9.660,7.245
316.477,134.568,9.660,7.245
316.377,134.999,9.660,7.245
316.277,134.435,9.660,7.245
