1.000,1.000,640.000,512.000
-1.264,-1.264,640.000,512.000
-8.057,1.000,640.000,512.000
-5.793,-1.264,640.000,512.000
-10.524,-4.579,654.160,523.328
-12.838,-2.265,654.160,523.328
-10.524,-4.579,654.160,523.328
-12.838,-2.265,654.160,523.328
-10.524,-4.579,654.160,523.328
-12.838,-2.265,654.160,523.328
-10.524,-4.579,654.160,523.328
-12.838,-2.265,654.160,523.328
-10.524,-4.579,654.160,523.328
-12.838,-2.265,654.160,523.328
-10.524,-4.579,654.160,523.328
-12.838,-2.265,654.160,523.328
-10.524,-4.579,654.160,523.328
-12.838,-2.265,654.160,523.328
-10.524,-4.579,654.160,523.328
-12.838,-2.265,654.160,523.328
-10.524,-4.579,654.160,523.328
-12.838,-2.265,654.160,523.328
-10.524,-4.579,654.160,523.328
-12.838,-2.265,654.160,523.328
-10.524,-4.579,654.160,523.328
-12.838,-2.265,654.160,523.328
-10.524,-4.579,654.160,523.328
-12.838,-2.265,654.160,523.328
-10.524,-4.579,654.160,523.328
-12.838,-6.893,654.160,523.328
-10.524,-9.208,654.160,523.328
-12.838,-6.893,654.160,523.328
-10.524,-9.208,654.160,523.328
-12.838,-6.893,654.160,523.328
-10.524,-9.208,654.160,523.328
-12.838,-6.893,654.160,523.328
-10.524,-9.208,654.160,523.328
-12.838,-6.893,654.160,523.328
-10.524,-9.208,654.160,523.328
-12.838,-6.893,654.160,523.328
-10.524,-9.208,654.160,523.328
-12.838,-6.893,654.160,523.328
-10.524,-9.208,654.160,523.328
-12.838,-6.893,654.160,523.328
-10.524,-9.208,654.160,523.328
-12.838,-6.893,654.160,523.328
-5.895,-4.579,654.160,523.328
-20.335,-12.770,668.633,534.907
-17.969,-10.404,668.633,534.907
-15.604,-12.770,668.633,534.907
-17.969,-5.673,668.633,534.907
-15.604,-12.770,668.633,534.907
-17.969,-5.673,668.633,534.907
-15.604,-12.770,668.633,534.907
-17.969,-5.673,668.633,534.907
-15.604,-12.770,668.633,534.907
-17.969,-5.673,668.633,534.907
-15.604,-12.770,668.633,534.907
-17.969,-5.673,668.633,534.907
-15.604,-12.770,668.633,534.907
-17.969,-5.673,668.633,534.907
-15.604,-12.770,668.633,534.907
-17.969,-5.673,668.633,534.907
-15.604,-12.770,668.633,534.907
-17.969,-5.673,668.633,534.907
-15.604,-12.770,668.633,534.907
-17.969,-5.673,668.633,534.907
-15.604,-12.770,668.633,534.907
-17.969,-5.673,668.633,534.907
-15.604,-12.770,668.633,534.907
-17.969,-5.673,668.633,534.907
-15.604,-12.770,668.633,534.907
-17.969,-5.673,668.633,534.907
-15.604,-12.770,668.633,534.907
-17.969,-10.404,668.633,534.907
-15.604,-12.770,668.633,534.907
-17.969,-10.404,668.633,534.907
-15.604,-12.770,668.633,534.907
-17.969,-5.673,668.633,534.907
-15.604,-12.770,668.633,534.907
-17.969,-5.673,668.633,534.907
-15.604,-12.770,668.633,534.907
-17.969,-5.673,668.633,534.907
-15.604,-12.770,668.633,534.907
-17.969,-5.673,668.633,534.907
-15.604,-12.770,668.633,534.907
-17.969,-5.673,668.633,534.907
-15.604,-12.770,668.633,534.907
-17.969,-5.673,668.633,534.907
-15.604,-12.770,668.633,534.907
-17.969,-5.673,668.633,534.907
-15.604,-12.770,668.633,534.907
-17.969,-5.673,668.633,534.907
-15.604,-12.770,668.633,534.907
-17.969,-5.673,668.633,534.907
-15.604,-12.770,668.633,534.907
-17.969,-5.673,668.633,534.907
-15.604,-12.770,668.633,534.907
-17.969,-5.673,668.633,534.907
-15.604,-12.770,668.633,534.907
-17.969,-10.404,668.633,534.907
-15.604,-12.770,668.633,534.907
-17.969,-5.673,668.633,534.907
-15.604,-12.770,668.633,534.907
-17.969,-5.673,668.633,534.907
-15.604,-12.770,668.633,534.907
-17.969,-10.404,668.633,534.907
-15.604,-12.770,668.633,534.907
-17.969,-10.404,668.633,534.907
-15.604,-12.770,668.633,534.907
-17.969,-10.404,668.633,534.907
-15.604,-12.770,668.633,534.907
-17.969,-10.404,668.633,534.907
-15.604,-12.770,668.633,534.907
-17.969,-5.673,668.633,534.907
-15.604,-12.770,668.633,534.907
-17.969,-5.673,668.633,534.907
-15.604,-12.770,668.633,534.907
-17.969,-5.673,668.633,534.907
-15.604,-12.770,668.633,534.907
-17.969,-5.673,668.633,534.907
-15.604,-12.770,668.633,534.907
-17.969,-5.673,668.633,534.907
-15.604,-12.770,668.633,534.907
-17.969,-5.673,668.633,534.907
-15.604,-12.770,668.633,534.907
-17.969,-5.673,668.633,534.907
-15.604,-12.770,668.633,534.907
-17.969,-5.673,668.633,534.907
-15.604,-12.770,668.633,534.907
-17.969,-10.404,668.633,534.907
-15.604,-12.770,668.633,534.907
-17.969,-10.404,668.633,534.907
-15.604,-12.770,668.633,534.907
-17.969,-10.404,668.633,534.907
-15.604,-12.770,668.633,534.907
-13.238,-10.404,668.633,534.907
-10.873,-12.770,668.633,534.907
-17.969,-10.404,668.633,534.907
-6.142,-17.501,668.633,534.907
-8.507,-10.404,668.633,534.907
-1.411,-17.501,668.633,534.907
-8.507,-10.404,668.633,534.907
3.320,-17.501,668.633,534.907
0.955,-10.404,668.633,534.907
-1.411,-17.501,668.633,534.907
-3.776,-10.404,668.633,534.907
-1.411,-12.770,668.633,534.907
-8.507,-5.673,668.633,534.907
3.320,-12.770,668.633,534.907
-3.776,-0.942,668.633,534.907
-6.142,-12.770,668.633,534.907
-3.776,-0.942,668.633,534.907
-10.873,-12.770,668.633,534.907
-8.507,3.789,668.633,534.907
0.902,2.653,654.375,523.500
-6.043,4.968,654.375,523.500
0.902,16.543,654.375,523.500
-6.043,9.598,654.375,523.500
-3.728,11.913,654.375,523.500
-6.043,9.598,654.375,523.500
-8.358,16.543,654.375,523.500
-15.303,14.228,654.375,523.500
-12.988,16.543,654.375,523.500
-15.303,14.228,654.375,523.500
-17.618,16.543,654.375,523.500
-24.564,14.228,654.375,523.500
-17.618,16.543,654.375,523.500
-24.564,9.598,654.375,523.500
-17.618,11.913,654.375,523.500
-24.564,9.598,654.375,523.500
-17.618,7.283,654.375,523.500
-19.933,4.968,654.375,523.500
-22.248,7.283,654.375,523.500
-15.303,4.968,654.375,523.500
-22.248,7.283,654.375,523.500
-19.933,4.968,654.375,523.500
-22.248,7.283,654.375,523.500
-19.933,4.968,654.375,523.500
-22.248,2.653,654.375,523.500
-15.303,0.337,654.375,523.500
-20.140,-7.856,668.853,535.082
-27.239,-5.489,668.853,535.082
-20.140,-7.856,668.853,535.082
-27.239,-5.489,668.853,535.082
-22.363,-8.954,683.651,546.921
-24.782,-16.210,683.651,546.921
-27.201,-8.954,683.651,546.921
-29.619,-11.372,683.651,546.921
-32.038,-18.628,683.651,546.921
-24.782,-11.372,683.651,546.921
-19.824,-7.872,669.072,535.257
-22.191,-10.239,669.072,535.257
-19.824,-7.872,669.072,535.257
-22.191,-10.239,669.072,535.257
-19.824,-7.872,669.072,535.257
-17.457,-10.239,669.072,535.257
-19.824,-7.872,669.072,535.257
-22.191,-10.239,669.072,535.257
-15.090,-7.872,669.072,535.257
-17.457,-10.239,669.072,535.257
-15.090,-7.872,669.072,535.257
-17.457,-10.239,669.072,535.257
-19.824,-7.872,669.072,535.257
-17.457,-10.239,669.072,535.257
-15.090,-7.872,669.072,535.257
-17.457,-10.239,669.072,535.257
-15.090,-7.872,669.072,535.257
-17.457,-10.239,669.072,535.257
-15.090,-7.872,669.072,535.257
-17.457,-10.239,669.072,535.257
-15.090,-7.872,669.072,535.257
-17.457,-10.239,669.072,535.257
-15.090,-7.872,669.072,535.257
-17.457,-10.239,669.072,535.257
-15.090,-7.872,669.072,535.257
-17.457,-10.239,669.072,535.257
-15.090,-7.872,669.072,535.257
-17.457,-10.239,669.072,535.257
-15.090,-7.872,669.072,535.257
-17.457,-10.239,669.072,535.257
-15.090,-7.872,669.072,535.257
-17.457,-10.239,669.072,535.257
-15.090,-7.872,669.072,535.257
-17.457,-10.239,669.072,535.257
-19.824,-7.872,669.072,535.257
-17.457,-10.239,669.072,535.257
-19.824,-7.872,669.072,535.257
-22.191,-10.239,669.072,535.257
-15.090,-7.872,669.072,535.257
-17.457,-10.239,669.072,535.257
-19.824,-7.872,669.072,535.257
-17.457,-10.239,669.072,535.257
-15.090,-7.872,669.072,535.257
-17.457,-10.239,669.072,535.257
-19.824,-7.872,669.072,535.257
-22.191,-10.239,669.072,535.257
-15.090,-7.872,669.072,535.257
-17.457,-10.239,669.072,535.257
-15.090,-7.872,669.072,535.257
-17.457,-10.239,669.072,535.257
-19.824,-7.872,669.072,535.257
-22.191,-10.239,669.072,535.257
-15.090,-12.606,669.072,535.257
-17.457,-5.505,669.072,535.257
-19.824,-12.606,669.072,535.257
-22.191,-10.239,669.072,535.257
-19.824,-7.872,669.072,535.257
-26.925,-10.239,669.072,535.257
-19.824,-12.606,669.072,535.257
-17.457,-10.239,669.072,535.257
-19.824,-12.606,669.072,535.257
-22.191,-10.239,669.072,535.257
-19.824,-7.872,669.072,535.257
-22.191,-10.239,669.072,535.257
-15.090,-7.872,669.072,535.257
-22.191,-14.973,669.072,535.257
-27.137,-18.439,683.875,547.100
-24.717,-16.019,683.875,547.100
-27.137,-13.600,683.875,547.100
-29.556,-16.019,683.875,547.100
-27.137,-13.600,683.875,547.100
-29.556,-11.180,683.875,547.100
-27.137,-13.600,683.875,547.100
-29.556,-11.180,683.875,547.100
-27.137,-13.600,683.875,547.100
-29.556,-11.180,683.875,547.100
-27.137,-13.600,683.875,547.100
-37.212,-22.162,699.006,559.205
-34.739,-14.743,699.006,559.205
-42.158,-17.216,699.006,559.205
-34.739,-19.689,699.006,559.205
-37.212,-22.162,699.006,559.205
-34.739,-24.635,699.006,559.205
-42.158,-22.162,699.006,559.205
-34.739,-19.689,699.006,559.205
-37.212,-22.162,699.006,559.205
-34.739,-19.689,699.006,559.205
-37.212,-22.162,699.006,559.205
-34.739,-19.689,699.006,559.205
-37.212,-27.108,699.006,559.205
-39.685,-24.635,699.006,559.205
-42.158,-17.216,699.006,559.205
-34.739,-24.635,699.006,559.205
-42.158,-22.162,699.006,559.205
-34.739,-19.689,699.006,559.205
-37.212,-27.108,699.006,559.205
-39.685,-24.635,699.006,559.205
-37.212,-22.162,699.006,559.205
-34.739,-24.635,699.006,559.205
-42.158,-22.162,699.006,559.205
-34.739,-24.635,699.006,559.205
-42.158,-22.162,699.006,559.205
-34.739,-24.635,699.006,559.205
-42.158,-22.162,699.006,559.205
-34.739,-24.635,699.006,559.205
-42.158,-22.162,699.006,559.205
-34.739,-24.635,699.006,559.205
-42.158,-22.162,699.006,559.205
-31.931,-36.045,714.471,571.577
-41.367,-22.642,699.235,559.388
-38.893,-25.116,699.235,559.388
-36.419,-22.642,699.235,559.388
-33.945,-25.116,699.235,559.388
-41.367,-22.642,699.235,559.388
-38.893,-25.116,699.235,559.388
-36.419,-22.642,699.235,559.388
-33.945,-25.116,699.235,559.388
-41.367,-27.590,699.235,559.388
-38.893,-25.116,699.235,559.388
-41.367,-22.642,699.235,559.388
-38.893,-25.116,699.235,559.388
-36.419,-22.642,699.235,559.388
-33.945,-25.116,699.235,559.388
-41.367,-22.642,699.235,559.388
-38.893,-25.116,699.235,559.388
-36.419,-27.590,699.235,559.388
-33.945,-25.116,699.235,559.388
-41.367,-22.642,699.235,559.388
-38.893,-25.116,699.235,559.388
-36.419,-22.642,699.235,559.388
-33.945,-25.116,699.235,559.388
-41.367,-22.642,699.235,559.388
-38.893,-25.116,699.235,559.388
-36.419,-22.642,699.235,559.388
-33.945,-25.116,699.235,559.388
-41.367,-22.642,699.235,559.388
-38.893,-25.116,699.235,559.388
-36.419,-22.642,699.235,559.388
-33.945,-25.116,699.235,559.388
-41.367,-22.642,699.235,559.388
-38.893,-25.116,699.235,559.388
-36.419,-27.590,699.235,559.388
-33.945,-25.116,699.235,559.388
-41.367,-27.590,699.235,559.388
-38.893,-25.116,699.235,559.388
-36.419,-27.590,699.235,559.388
-33.945,-25.116,699.235,559.388
-41.367,-22.642,699.235,559.388
-38.893,-25.116,699.235,559.388
-36.419,-22.642,699.235,559.388
-33.945,-25.116,699.235,559.388
-41.367,-27.590,699.235,559.388
-38.893,-25.116,699.235,559.388
-36.419,-27.590,699.235,559.388
-33.945,-25.116,699.235,559.388
-41.367,-27.590,699.235,559.388
-38.893,-30.063,699.235,559.388
-36.419,-27.590,699.235,559.388
-33.945,-25.116,699.235,559.388
-41.366,-27.590,699.235,559.388
-38.893,-25.116,699.235,559.388
-36.419,-27.590,699.235,559.388
-33.945,-25.116,699.235,559.388
-41.366,-27.590,699.235,559.388
-38.893,-30.063,699.235,559.388
-36.419,-27.590,699.235,559.388
-33.945,-25.116,699.235,559.388
-41.366,-27.590,699.235,559.388
-38.893,-30.063,699.235,559.388
-36.419,-27.590,699.235,559.388
-33.945,-30.063,699.235,559.388
-36.419,-32.537,699.235,559.388
-33.945,-25.116,699.235,559.388
-41.366,-27.590,699.235,559.388
-38.893,-30.063,699.235,559.388
-36.419,-27.590,699.235,559.388
-33.945,-25.116,699.235,559.388
-41.366,-27.590,699.235,559.388
-38.893,-30.063,699.235,559.388
-36.419,-27.590,699.235,559.388
-33.945,-25.116,699.235,559.388
-41.366,-27.590,699.235,559.388
-38.893,-30.063,699.235,559.388
-36.419,-27.590,699.235,559.388
-33.945,-25.116,699.235,559.388
-41.366,-27.590,699.235,559.388
-38.893,-30.063,699.235,559.388
-36.419,-27.590,699.235,559.388
-33.945,-30.063,699.235,559.388
-36.419,-32.537,699.235,559.388
-33.945,-25.116,699.235,559.388
-41.366,-27.589,699.235,559.388
-38.892,-30.063,699.235,559.388
-36.419,-27.589,699.235,559.388
-33.945,-25.116,699.235,559.388
-41.366,-27.589,699.235,559.388
-38.892,-30.063,699.235,559.388
-36.419,-27.589,699.235,559.388
-33.945,-25.116,699.235,559.388
-41.366,-27.589,699.235,559.388
-38.892,-30.063,699.235,559.388
-36.419,-27.589,699.235,559.388
-33.945,-30.063,699.235,559.388
-36.419,-32.537,699.235,559.388
-33.945,-25.116,699.235,559.388
-41.366,-27.589,699.235,559.388
-38.892,-30.063,699.235,559.388
-36.419,-27.589,699.235,559.388
-33.945,-25.116,699.235,559.388
-41.366,-27.589,699.235,559.388
-38.892,-30.063,699.235,559.388
-36.419,-27.589,699.235,559.388
-33.945,-25.116,699.235,559.388
-41.366,-27.589,699.235,559.388
-38.892,-30.063,699.235,559.388
-36.419,-27.589,699.235,559.388
-33.945,-25.116,699.235,559.388
-41.366,-27.589,699.235,559.388
-38.892,-30.063,699.235,559.388
-36.419,-27.589,699.235,559.388
-33.945,-30.063,699.235,559.388
-36.419,-32.537,699.235,559.388
-33.945,-25.116,699.235,559.388
-41.366,-27.589,699.235,559.388
-38.892,-30.063,699.235,559.388
-36.418,-27.589,699.235,559.388
-33.945,-30.063,699.235,559.388
-36.418,-32.537,699.235,559.388
-33.945,-25.116,699.235,559.388
-41.366,-27.589,699.235,559.388
-38.892,-30.063,699.235,559.388
-36.418,-27.589,699.235,559.388
-33.945,-30.063,699.235,559.388
-36.418,-32.537,699.235,559.388
-33.945,-25.116,699.235,559.388
-41.366,-27.589,699.235,559.388
-38.892,-30.063,699.235,559.388
-36.418,-27.589,699.235,559.388
-33.945,-30.063,699.235,559.388
-36.418,-32.537,699.235,559.388
-33.945,-25.116,699.235,559.388
-41.366,-27.589,699.235,559.388
-38.892,-30.063,699.235,559.388
-36.418,-27.589,699.235,559.388
-33.945,-30.063,699.235,559.388
-36.418,-32.537,699.235,559.388
-33.945,-25.116,699.235,559.388
-41.366,-27.589,699.235,559.388
-38.892,-30.063,699.235,559.388
-36.418,-27.589,699.235,559.388
-33.945,-30.063,699.235,559.388
-36.418,-32.537,699.235,559.388
-33.945,-25.116,699.235,559.388
-41.366,-27.589,699.235,559.388
-38.892,-30.063,699.235,559.388
-36.418,-27.589,699.235,559.388
-33.945,-25.116,699.235,559.388
-41.366,-27.589,699.235,559.388
-38.892,-30.063,699.235,559.388
-36.418,-27.589,699.235,559.388
-33.945,-25.116,699.235,559.388
-41.366,-27.589,699.235,559.388
-38.892,-25.116,699.235,559.388
-36.418,-22.642,699.235,559.388
-33.944,-25.116,699.235,559.388
-41.366,-27.589,699.235,559.388
-38.892,-25.116,699.235,559.388
-36.418,-22.642,699.235,559.388
-33.944,-25.116,699.235,559.388
-41.366,-27.589,699.235,559.388
-38.892,-25.116,699.235,559.388
-36.418,-27.589,699.235,559.388
-33.944,-25.116,699.235,559.388
-41.366,-27.589,699.235,559.388
-38.892,-25.116,699.235,559.388
-36.418,-22.642,699.235,559.388
-33.944,-25.116,699.235,559.388
-41.366,-27.589,699.235,559.388
-38.892,-25.116,699.235,559.388
-36.418,-27.589,699.235,559.388
-33.944,-25.116,699.235,559.388
-41.366,-22.642,699.235,559.388
-38.892,-25.116,699.235,559.388
-36.418,-22.642,699.235,559.388
-33.944,-25.116,699.235,559.388
-41.366,-27.589,699.235,559.388
-38.892,-25.116,699.235,559.388
-36.418,-27.589,699.235,559.388
-33.944,-25.116,699.235,559.388
-41.366,-27.589,699.235,559.388
-38.892,-25.116,699.235,559.388
-36.418,-27.589,699.235,559.388
-33.944,-25.116,699.235,559.388
-41.366,-27.589,699.235,559.388
-38.892,-25.116,699.235,559.388
-36.418,-27.589,699.235,559.388
-33.944,-25.116,699.235,559.388
-41.366,-22.642,699.235,559.388
-38.892,-25.116,699.235,559.388
-36.418,-27.589,699.235,559.388
-33.944,-20.168,699.235,559.388
-36.418,-27.589,699.235,559.388
-33.944,-20.168,699.235,559.388
-36.418,-27.589,699.235,559.388
-38.892,-20.168,699.235,559.388
-36.418,-27.589,699.235,559.388
-33.944,-20.168,699.235,559.388
-36.418,-27.589,699.235,559.388
-33.944,-20.168,699.235,559.388
-36.418,-27.589,699.235,559.388
-33.944,-20.168,699.235,559.388
-36.418,-27.589,699.235,559.388
-33.944,-20.168,699.235,559.388
-36.418,-27.589,699.235,559.388
-33.944,-20.168,699.235,559.388
-36.418,-27.589,699.235,559.388
-33.944,-20.168,699.235,559.388
-36.418,-27.589,699.235,559.388
-33.944,-20.168,699.235,559.388
-36.418,-27.589,699.235,559.388
-38.892,-20.168,699.235,559.388
-36.418,-27.589,699.235,559.388
-33.944,-20.168,699.235,559.388
-36.418,-27.589,699.235,559.388
-33.944,-20.168,699.235,559.388
-36.418,-27.589,699.235,559.388
-33.944,-20.168,699.235,559.388
-36.418,-27.589,699.235,559.388
-33.944,-20.168,699.235,559.388
-36.418,-22.642,699.235,559.388
-33.944,-25.116,699.235,559.388
-41.366,-22.642,699.235,559.388
-38.892,-25.116,699.235,559.388
-36.418,-22.642,699.235,559.388
-33.944,-20.168,699.235,559.388
-36.418,-27.589,699.235,559.388
-33.944,-25.116,699.235,559.388
-41.366,-22.642,699.235,559.388
-38.892,-25.116,699.235,559.388
-36.418,-22.642,699.235,559.388
-33.944,-25.116,699.235,559.388
-41.365,-22.642,699.235,559.388
-38.892,-25.116,699.235,559.388
-36.418,-22.642,699.235,559.388
-33.944,-25.116,699.235,559.388
-41.365,-27.589,699.235,559.388
-38.892,-25.116,699.235,559.388
-36.418,-27.589,699.235,559.388
-33.944,-25.116,699.235,559.388
-41.365,-22.642,699.235,559.388
-38.892,-25.116,699.235,559.388
-36.418,-22.642,699.235,559.388
-33.944,-25.116,699.235,559.388
-41.365,-17.694,699.235,559.388
-38.892,-20.168,699.235,559.388
-36.418,-22.642,699.235,559.388
-33.944,-25.116,699.235,559.388
-41.365,-22.642,699.235,559.388
-38.892,-25.116,699.235,559.388
-36.418,-22.642,699.235,559.388
-33.944,-25.116,699.235,559.388
-41.365,-22.642,699.235,559.388
-38.892,-25.116,699.235,559.388
-36.418,-22.642,699.235,559.388
-33.944,-25.116,699.235,559.388
-41.365,-22.642,699.235,559.388
-38.892,-25.116,699.235,559.388
-36.418,-27.589,699.235,559.388
-33.944,-25.116,699.235,559.388
-41.365,-27.589,699.235,559.388
-38.891,-25.116,699.235,559.388
-41.365,-22.642,699.235,559.388
-38.891,-25.116,699.235,559.388
-36.418,-22.642,699.235,559.388
-33.944,-20.168,699.235,559.388
-36.418,-22.642,699.235,559.388
-33.944,-25.116,699.235,559.388
-41.365,-22.642,699.235,559.388
-38.891,-25.116,699.235,559.388
-36.418,-22.642,699.235,559.388
-33.944,-20.168,699.235,559.388
-36.418,-22.642,699.235,559.388
-33.944,-25.116,699.235,559.388
-41.365,-22.642,699.235,559.388
-38.891,-25.116,699.235,559.388
-36.418,-22.642,699.235,559.388
-33.944,-20.168,699.235,559.388
-36.418,-22.642,699.235,559.388
-33.944,-25.116,699.235,559.388
-41.365,-22.642,699.235,559.388
-38.891,-25.116,699.235,559.388
-36.418,-22.642,699.235,559.388
-33.944,-25.116,699.235,559.388
-41.365,-27.589,699.235,559.388
-38.891,-25.116,699.235,559.388
-36.418,-22.642,699.235,559.388
-33.944,-25.116,699.235,559.388
-41.365,-17.694,699.235,559.388
-38.891,-25.116,699.235,559.388
-36.418,-22.642,699.235,559.388
-33.944,-25.116,699.235,559.388
-41.365,-22.642,699.235,559.388
-38.891,-25.116,699.235,559.388
-36.418,-22.642,699.235,559.388
-33.944,-25.116,699.235,559.388
-41.365,-17.694,699.235,559.388
-38.891,-25.116,699.235,559.388
-36.417,-22.642,699.235,559.388
-33.944,-25.116,699.235,559.388
-41.365,-22.642,699.235,559.388
-38.891,-25.116,699.235,559.388
-36.417,-22.642,699.235,559.388
-33.944,-20.168,699.235,559.388
-36.417,-27.589,699.235,559.388
-33.944,-25.116,699.235,559.388
-41.365,-27.589,699.235,559.388
-38.891,-25.116,699.235,559.388
-36.417,-27.589,699.235,559.388
-33.944,-25.116,699.235,559.388
-41.365,-22.642,699.235,559.388
-38.891,-25.116,699.235,559.388
-36.417,-27.589,699.235,559.388
-33.944,-25.116,699.235,559.388
-41.365,-27.589,699.235,559.388
-38.891,-25.116,699.235,559.388
-36.417,-17.694,699.235,559.388
-38.891,-25.116,699.235,559.388
-36.417,-22.642,699.235,559.388
-33.944,-25.116,699.235,559.388
-41.365,-27.589,699.235,559.388
-38.891,-25.116,699.235,559.388
-36.417,-22.642,699.235,559.388
-33.944,-25.116,699.235,559.388
-41.365,-27.589,699.235,559.388
-38.891,-30.063,699.235,559.388
-36.417,-27.589,699.235,559.388
-33.944,-30.063,699.235,559.388
-36.417,-27.589,699.235,559.388
-33.944,-25.116,699.235,559.388
-41.365,-22.642,699.235,559.388
-38.891,-25.116,699.235,559.388
-36.417,-22.642,699.235,559.388
-33.943,-25.116,699.235,559.388
-41.365,-27.589,699.235,559.388
-38.891,-25.116,699.235,559.388
-36.417,-27.589,699.235,559.388
-33.943,-25.116,699.235,559.388
-41.365,-22.642,699.235,559.388
-38.891,-25.116,699.235,559.388
-36.417,-27.589,699.235,559.388
-33.943,-25.116,699.235,559.388
-41.365,-27.589,699.235,559.388
-38.891,-25.116,699.235,559.388
-36.417,-27.589,699.235,559.388
-33.943,-25.116,699.235,559.388
-41.365,-27.589,699.235,559.388
-38.891,-30.063,699.235,559.388
-36.417,-27.589,699.235,559.388
-33.943,-25.116,699.235,559.388
-41.365,-27.589,699.235,559.388
-38.891,-30.063,699.235,559.388
-36.417,-27.589,699.235,559.388
-33.943,-25.116,699.235,559.388
-41.365,-27.589,699.235,559.388
-38.891,-30.063,699.235,559.388
-36.417,-27.589,699.235,559.388
-33.943,-25.116,699.235,559.388
-41.365,-27.589,699.235,559.388
-38.891,-30.063,699.235,559.388
-36.417,-27.589,699.235,559.388
-33.943,-25.116,699.235,559.388
-41.365,-27.589,699.235,559.388
-38.891,-30.063,699.235,559.388
-36.417,-27.589,699.235,559.388
-33.943,-30.063,699.235,559.388
-36.417,-27.589,699.235,559.388
-33.943,-25.116,699.235,559.388
-41.365,-27.589,699.235,559.388
-38.891,-30.063,699.235,559.388
-36.417,-27.589,699.235,559.388
-33.943,-25.116,699.235,559.388
-41.365,-27.589,699.235,559.388
-38.891,-30.063,699.235,559.388
-36.417,-27.589,699.235,559.388
-33.943,-25.116,699.235,559.388
-41.365,-27.589,699.235,559.388
-38.891,-30.063,699.235,559.388
-36.417,-27.589,699.235,559.388
-33.943,-30.063,699.235,559.388
-41.364,-32.537,699.235,559.388
-38.891,-25.116,699.235,559.388
-36.417,-27.589,699.235,559.388
-33.943,-30.063,699.235,559.388
-41.364,-32.537,699.235,559.388
-38.891,-25.116,699.235,559.388
-36.417,-27.589,699.235,559.388
-33.943,-30.063,699.235,559.388
-41.364,-32.537,699.235,559.388
-38.891,-25.116,699.235,559.388
-36.417,-27.589,699.235,559.388
-33.943,-30.063,699.235,559.388
-41.364,-32.537,699.235,559.388
-38.891,-25.116,699.235,559.388
-36.417,-27.589,699.235,559.388
-33.943,-30.063,699.235,559.388
-41.364,-32.537,699.235,559.388
-38.891,-25.116,699.235,559.388
-36.417,-27.589,699.235,559.388
-33.943,-30.063,699.235,559.388
-41.364,-32.537,699.235,559.388
-38.891,-25.116,699.235,559.388
-41.364,-27.589,699.235,559.388
-38.891,-30.063,699.235,559.388
-36.417,-32.537,699.235,559.388
-33.943,-25.115,699.235,559.388
-41.364,-27.589,699.235,559.388
-38.891,-30.063,699.235,559.388
-36.417,-27.589,699.235,559.388
-33.943,-30.063,699.235,559.388
-41.364,-32.537,699.235,559.388
-38.890,-25.115,699.235,559.388
-36.417,-27.589,699.235,559.388
-33.943,-30.063,699.235,559.388
-41.364,-32.537,699.235,559.388
-38.890,-25.115,699.235,559.388
-36.417,-22.642,699.235,559.388
-33.943,-25.115,699.235,559.388
-41.364,-27.589,699.235,559.388
-38.890,-25.115,699.235,559.388
-41.364,-22.642,699.235,559.388
-38.890,-25.115,699.235,559.388
-41.364,-27.589,699.235,559.388
-38.890,-30.063,699.235,559.388
-36.417,-27.589,699.235,559.388
-33.943,-30.063,699.235,559.388
-41.364,-32.537,699.235,559.388
-38.890,-25.115,699.235,559.388
-41.364,-27.589,699.235,559.388
-38.890,-30.063,699.235,559.388
-36.417,-27.589,699.235,559.388
-33.943,-30.063,699.235,559.388
-41.364,-32.537,699.235,559.388
-38.890,-25.115,699.235,559.388
-36.417,-27.589,699.235,559.388
-33.943,-30.063,699.235,559.388
-41.364,-32.537,699.235,559.388
-38.890,-25.115,699.235,559.388
-36.417,-27.589,699.235,559.388
-33.943,-30.063,699.235,559.388
-41.364,-32.537,699.235,559.388
-38.890,-25.115,699.235,559.388
-36.417,-27.589,699.235,559.388
-33.943,-30.063,699.235,559.388
-41.364,-32.537,699.235,559.388
-38.890,-25.115,699.235,559.388
-36.416,-27.589,699.235,559.388
-33.943,-30.063,699.235,559.388
-41.364,-32.537,699.235,559.388
-38.890,-25.115,699.235,559.388
-41.364,-27.589,699.235,559.388
-38.890,-30.063,699.235,559.388
-36.416,-27.589,699.235,559.388
-33.943,-30.063,699.235,559.388
-41.364,-32.537,699.235,559.388
-38.890,-25.115,699.235,559.388
-41.364,-27.589,699.235,559.388
-38.890,-30.063,699.235,559.388
-36.416,-27.589,699.235,559.388
-33.943,-30.063,699.235,559.388
-41.364,-32.537,699.235,559.388
-38.890,-25.115,699.235,559.388
-41.364,-27.589,699.235,559.388
-38.890,-30.063,699.235,559.388
-36.416,-27.589,699.235,559.388
-33.943,-30.063,699.235,559.388
-41.364,-32.537,699.235,559.388
-38.890,-25.115,699.235,559.388
-41.364,-27.589,699.235,559.388
-38.890,-30.063,699.235,559.388
-36.416,-27.589,699.235,559.388
-33.943,-30.063,699.235,559.388
-41.364,-32.537,699.235,559.388
-38.890,-30.063,699.235,559.388
-36.416,-32.537,699.235,559.388
-38.890,-30.063,699.235,559.388
-36.416,-27.589,699.235,559.388
-33.943,-30.063,699.235,559.388
-41.364,-32.537,699.235,559.388
-38.890,-30.063,699.235,559.388
-36.416,-27.589,699.235,559.388
-33.943,-30.063,699.235,559.388
-41.364,-32.537,699.235,559.388
-38.890,-30.063,699.235,559.388
-36.416,-27.589,699.235,559.388
-33.942,-30.063,699.235,559.388
-41.364,-32.537,699.235,559.388
-38.890,-25.115,699.235,559.388
-41.364,-27.589,699.235,559.388
-38.890,-30.063,699.235,559.388
-36.416,-27.589,699.235,559.388
-33.942,-30.063,699.235,559.388
-41.364,-32.537,699.235,559.388
-38.890,-30.063,699.235,559.388
-36.416,-32.537,699.235,559.388
-33.942,-25.115,699.235,559.388
-41.364,-27.589,699.235,559.388
-38.890,-30.063,699.235,559.388
-36.416,-27.589,699.235,559.388
-33.942,-30.063,699.235,559.388
-41.364,-32.537,699.235,559.388
-38.890,-25.115,699.235,559.388
-41.364,-27.589,699.235,559.388
-38.890,-30.063,699.235,559.388
-36.416,-27.589,699.235,559.388
-33.942,-30.063,699.235,559.388
-41.364,-32.537,699.235,559.388
-38.890,-25.115,699.235,559.388
-41.364,-27.589,699.235,559.388
-38.890,-30.063,699.235,559.388
-36.416,-27.589,699.235,559.388
-33.942,-30.063,699.235,559.388
-41.364,-32.537,699.235,559.388
-38.890,-25.115,699.235,559.388
-41.364,-27.589,699.235,559.388
-38.890,-30.063,699.235,559.388
-36.416,-27.589,699.235,559.388
-33.942,-30.063,699.235,559.388
-41.364,-32.537,699.235,559.388
-38.890,-25.115,699.235,559.388
-41.364,-27.589,699.235,559.388
-38.890,-30.063,699.235,559.388
-36.416,-27.589,699.235,559.388
-33.942,-30.063,699.235,559.388
-41.364,-32.537,699.235,559.388
-38.890,-25.115,699.235,559.388
-41.364,-27.589,699.235,559.388
-38.890,-30.063,699.235,559.388
-36.416,-32.537,699.235,559.388
-33.942,-25.115,699.235,559.388
-41.364,-27.589,699.235,559.388
-38.890,-30.063,699.235,559.388
-36.416,-32.537,699.235,559.388
-38.890,-30.063,699.235,559.388
-36.416,-32.537,699.235,559.388
-33.942,-30.063,699.235,559.388
-41.364,-32.537,699.235,559.388
-38.890,-25.115,699.235,559.388
-36.416,-27.589,699.235,559.388
-33.942,-30.063,699.235,559.388
-41.363,-32.536,699.235,559.388
-38.890,-25.115,699.235,559.388
-36.416,-27.589,699.235,559.388
-33.942,-30.063,699.235,559.388
-41.363,-32.536,699.235,559.388
-38.890,-25.115,699.235,559.388
-36.416,-27.589,699.235,559.388
-33.942,-30.063,699.235,559.388
-41.363,-32.536,699.235,559.388
-38.890,-25.115,699.235,559.388
-41.363,-27.589,699.235,559.388
-38.890,-30.063,699.235,559.388
-36.416,-32.536,699.235,559.388
-33.942,-30.063,699.235,559.388
-41.363,-32.536,699.235,559.388
-38.890,-25.115,699.235,559.388
-41.363,-27.589,699.235,559.388
-38.890,-30.063,699.235,559.388
-36.416,-32.536,699.235,559.388
-38.890,-30.063,699.235,559.388
-36.416,-27.589,699.235,559.388
-33.942,-30.063,699.235,559.388
-41.363,-32.536,699.235,559.388
-38.890,-30.063,699.235,559.388
-36.416,-32.536,699.235,559.388
-38.890,-30.063,699.235,559.388
-36.416,-32.536,699.235,559.388
-38.890,-30.063,699.235,559.388
-36.416,-27.589,699.235,559.388
-33.942,-30.063,699.235,559.388
-41.363,-32.536,699.235,559.388
-38.890,-25.115,699.235,559.388
-36.416,-27.589,699.235,559.388
-33.942,-30.063,699.235,559.388
-41.363,-32.536,699.235,559.388
-38.890,-25.115,699.235,559.388
-36.416,-27.589,699.235,559.388
-33.942,-30.063,699.235,559.388
-41.363,-32.536,699.235,559.388
-38.889,-25.115,699.235,559.388
-36.416,-27.589,699.235,559.388
-33.942,-30.063,699.235,559.388
-41.363,-32.536,699.235,559.388
-38.889,-25.115,699.235,559.388
-36.416,-27.589,699.235,559.388
-33.942,-30.063,699.235,559.388
-41.363,-32.536,699.235,559.388
-38.889,-30.063,699.235,559.388
-36.416,-32.536,699.235,559.388
-33.942,-25.115,699.235,559.388
-41.363,-27.589,699.235,559.388
-38.889,-30.063,699.235,559.388
-36.416,-27.589,699.235,559.388
-33.942,-30.063,699.235,559.388
-41.363,-32.536,699.235,559.388
-38.889,-25.115,699.235,559.388
-36.416,-27.589,699.235,559.388
-38.889,-30.063,699.235,559.388
-36.416,-32.536,699.235,559.388
-33.942,-25.115,699.235,559.388
-41.363,-27.589,699.235,559.388
-38.889,-30.063,699.235,559.388
-36.416,-32.536,699.235,559.388
-33.942,-30.063,699.235,559.388
-41.363,-32.536,699.235,559.388
-38.889,-25.115,699.235,559.388
-36.416,-27.589,699.235,559.388
-38.889,-30.063,699.235,559.388
-36.416,-27.589,699.235,559.388
-38.889,-30.063,699.235,559.388
-36.416,-27.589,699.235,559.388
-33.942,-30.063,699.235,559.388
-41.363,-32.536,699.235,559.388
-38.889,-25.115,699.235,559.388
-36.415,-27.589,699.235,559.388
-33.942,-30.063,699.235,559.388
-41.363,-32.536,699.235,559.388
-38.889,-25.115,699.235,559.388
-36.415,-27.589,699.235,559.388
-33.942,-30.063,699.235,559.388
-41.363,-32.536,699.235,559.388
-38.889,-25.115,699.235,559.388
-36.415,-27.589,699.235,559.388
-33.942,-30.062,699.235,559.388
-41.363,-32.536,699.235,559.388
-38.889,-25.115,699.235,559.388
-36.415,-27.589,699.235,559.388
-33.942,-30.062,699.235,559.388
-41.363,-32.536,699.235,559.388
-38.889,-25.115,699.235,559.388
-36.415,-27.589,699.235,559.388
-38.889,-30.062,699.235,559.388
-36.415,-32.536,699.235,559.388
-38.889,-30.062,699.235,559.388
-36.415,-32.536,699.235,559.388
-33.942,-25.115,699.235,559.388
-41.363,-27.589,699.235,559.388
-38.889,-30.062,699.235,559.388
-36.415,-32.536,699.235,559.388
-38.889,-30.062,699.235,559.388
-36.415,-32.536,699.235,559.388
-33.942,-25.115,699.235,559.388
-41.363,-27.589,699.235,559.388
-38.889,-30.062,699.235,559.388
-36.415,-32.536,699.235,559.388
-33.942,-30.062,699.235,559.388
-41.363,-32.536,699.235,559.388
-38.889,-25.115,699.235,559.388
-41.363,-27.589,699.235,559.388
-38.889,-30.062,699.235,559.388
-36.415,-32.536,699.235,559.388
-33.941,-30.062,699.235,559.388
-41.363,-32.536,699.235,559.388
-38.889,-25.115,699.235,559.388
-41.363,-27.589,699.235,559.388
-38.889,-30.062,699.235,559.388
-36.415,-32.536,699.235,559.388
-33.941,-25.115,699.235,559.388
-41.363,-27.589,699.235,559.388
-38.889,-30.062,699.235,559.388
-36.415,-32.536,699.235,559.388
-33.941,-30.062,699.235,559.388
-41.363,-32.536,699.235,559.388
-38.889,-30.062,699.235,559.388
-36.415,-32.536,699.235,559.388
-33.941,-30.062,699.235,559.388
-41.363,-32.536,699.235,559.388
-38.889,-25.115,699.235,559.388
-36.415,-27.589,699.235,559.388
-33.941,-30.062,699.235,559.388
-41.363,-32.536,699.235,559.388
-38.889,-30.062,699.235,559.388
-36.415,-27.589,699.235,559.388
-33.941,-30.062,699.235,559.388
-41.363,-32.536,699.235,559.388
-38.889,-25.115,699.235,559.388
-36.415,-27.589,699.235,559.388
-33.941,-30.062,699.235,559.388
-41.363,-32.536,699.235,559.388
-38.889,-25.115,699.235,559.388
-36.415,-27.589,699.235,559.388
-33.941,-30.062,699.235,559.388
-41.363,-32.536,699.235,559.388
-38.889,-25.115,699.235,559.388
-36.415,-27.589,699.235,559.388
-38.889,-30.062,699.235,559.388
-36.415,-32.536,699.235,559.388
-33.941,-30.062,699.235,559.388
-41.363,-32.536,699.235,559.388
-38.889,-25.115,699.235,559.388
-36.415,-27.589,699.235,559.388
-33.941,-30.062,699.235,559.388
-41.363,-32.536,699.235,559.388
-38.889,-25.115,699.235,559.388
-36.415,-27.589,699.235,559.388
-33.941,-30.062,699.235,559.388
-41.363,-32.536,699.235,559.388
-38.889,-25.115,699.235,559.388
-36.415,-27.589,699.235,559.388
-33.941,-25.115,699.235,559.388
-41.362,-27.589,699.235,559.388
-38.889,-30.062,699.235,559.388
-36.415,-27.589,699.235,559.388
-33.941,-30.062,699.235,559.388
-41.362,-32.536,699.235,559.388
-38.889,-25.115,699.235,559.388
-36.415,-27.589,699.235,559.388
-38.889,-30.062,699.235,559.388
-36.415,-27.589,699.235,559.388
-33.941,-30.062,699.235,559.388
-41.362,-32.536,699.235,559.388
-38.889,-25.115,699.235,559.388
-36.415,-27.588,699.235,559.388
-33.941,-30.062,699.235,559.388
-41.362,-32.536,699.235,559.388
-38.889,-25.115,699.235,559.388
-36.415,-27.588,699.235,559.388
-33.941,-30.062,699.235,559.388
-41.362,-32.536,699.235,559.388
-38.889,-25.115,699.235,559.388
-36.415,-27.588,699.235,559.388
-33.941,-30.062,699.235,559.388
-41.362,-32.536,699.235,559.388
-38.889,-25.115,699.235,559.388
-36.415,-27.588,699.235,559.388
-38.889,-30.062,699.235,559.388
-36.415,-27.588,699.235,559.388
-33.941,-30.062,699.235,559.388
-41.362,-32.536,699.235,559.388
-38.889,-25.115,699.235,559.388
-36.415,-27.588,699.235,559.388
-33.941,-30.062,699.235,559.388
-41.362,-32.536,699.235,559.388
-38.888,-25.115,699.235,559.388
-36.415,-27.588,699.235,559.388
-33.941,-30.062,699.235,559.388
-41.362,-32.536,699.235,559.388
-38.888,-25.115,699.235,559.388
-36.415,-27.588,699.235,559.388
-33.941,-30.062,699.235,559.388
-41.362,-32.536,699.235,559.388
-38.888,-25.115,699.235,559.388
-36.415,-27.588,699.235,559.388
-33.941,-30.062,699.235,559.388
-41.362,-32.536,699.235,559.388
-38.888,-25.115,699.235,559.388
-36.415,-27.588,699.235,559.388
-33.941,-30.062,699.235,559.388
-41.362,-32.536,699.235,559.388
-38.888,-25.115,699.235,559.388
-36.415,-27.588,699.235,559.388
-33.941,-30.062,699.235,559.388
-41.362,-32.536,699.235,559.388
-38.888,-25.115,699.235,559.388
-36.415,-27.588,699.235,559.388
-33.941,-30.062,699.235,559.388
-41.362,-32.536,699.235,559.388
-38.888,-25.115,699.235,559.388
-36.415,-27.588,699.235,559.388
-38.888,-30.062,699.235,559.388
-36.415,-27.588,699.235,559.388
-33.941,-25.115,699.235,559.388
-41.362,-27.588,699.235,559.388
-38.888,-30.062,699.235,559.388
-36.414,-27.588,699.235,559.388
-38.888,-30.062,699.235,559.388
-36.414,-27.588,699.235,559.388
-33.941,-30.062,699.235,559.388
-41.362,-32.536,699.235,559.388
-38.888,-25.115,699.235,559.388
-36.414,-27.588,699.235,559.388
-38.888,-30.062,699.235,559.388
-36.414,-27.588,699.235,559.388
-38.888,-30.062,699.235,559.388
-36.414,-27.588,699.235,559.388
-38.888,-30.062,699.235,559.388
-36.414,-27.588,699.235,559.388
-38.888,-30.062,699.235,559.388
-36.414,-27.588,699.235,559.388
-38.888,-30.062,699.235,559.388
-36.414,-32.536,699.235,559.388
-33.941,-25.115,699.235,559.388
-41.362,-27.588,699.235,559.388
-38.888,-30.062,699.235,559.388
-36.414,-27.588,699.235,559.388
-33.941,-30.062,699.235,559.388
-41.362,-32.536,699.235,559.388
-38.888,-25.115,699.235,559.388
-36.414,-27.588,699.235,559.388
-33.941,-30.062,699.235,559.388
-41.362,-32.536,699.235,559.388
-38.888,-25.114,699.235,559.388
-36.414,-27.588,699.235,559.388
-33.941,-30.062,699.235,559.388
-41.362,-32.536,699.235,559.388
-38.888,-30.062,699.235,559.388
-36.414,-27.588,699.235,559.388
-33.941,-30.062,699.235,559.388
-41.362,-32.536,699.235,559.388
-38.888,-25.114,699.235,559.388
-36.414,-27.588,699.235,559.388
-38.888,-30.062,699.235,559.388
-36.414,-27.588,699.235,559.388
-33.941,-30.062,699.235,559.388
-41.362,-32.536,699.235,559.388
-38.888,-25.114,699.235,559.388
-36.414,-27.588,699.235,559.388
-33.940,-30.062,699.235,559.388
-41.362,-32.536,699.235,559.388
-38.888,-25.114,699.235,559.388
-36.414,-27.588,699.235,559.388
-38.888,-30.062,699.235,559.388
-36.414,-27.588,699.235,559.388
-33.940,-30.062,699.235,559.388
-41.362,-32.536,699.235,559.388
-38.888,-25.114,699.235,559.388
-36.414,-27.588,699.235,559.388
-33.940,-30.062,699.235,559.388
-41.362,-32.536,699.235,559.388
-38.888,-25.114,699.235,559.388
-36.414,-27.588,699.235,559.388
-33.940,-30.062,699.235,559.388
-41.362,-32.536,699.235,559.388
-38.888,-25.114,699.235,559.388
-36.414,-27.588,699.235,559.388
-33.940,-25.114,699.235,559.388
-41.362,-27.588,699.235,559.388
-38.888,-30.062,699.235,559.388
-36.414,-27.588,699.235,559.388
-33.940,-25.114,699.235,559.388
-41.362,-27.588,699.235,559.388
-38.888,-30.062,699.235,559.388
-36.414,-27.588,699.235,559.388
-33.940,-30.062,699.235,559.388
-41.362,-32.536,699.235,559.388
-38.888,-25.114,699.235,559.388
-36.414,-27.588,699.235,559.388
-33.940,-30.062,699.235,559.388
-41.362,-32.536,699.235,559.388
-38.888,-25.114,699.235,559.388
-36.414,-27.588,699.235,559.388
-33.940,-30.062,699.235,559.388
-41.362,-32.536,699.235,559.388
-38.888,-25.114,699.235,559.388
-36.414,-27.588,699.235,559.388
-33.940,-30.062,699.235,559.388
-41.362,-32.536,699.235,559.388
-38.888,-25.114,699.235,559.388
-36.414,-27.588,699.235,559.388
-33.940,-25.114,699.235,559.388
-41.362,-27.588,699.235,559.388
-38.888,-30.062,699.235,559.388
-36.414,-27.588,699.235,559.388
-38.888,-30.062,699.235,559.388
-36.414,-27.588,699.235,559.388
-33.940,-25.114,699.235,559.388
-41.361,-27.588,699.235,559.388
-38.888,-30.062,699.235,559.388
-36.414,-27.588,699.235,559.388
-33.940,-30.062,699.235,559.388
-41.361,-32.536,699.235,559.388
-38.888,-25.114,699.235,559.388
-36.414,-27.588,699.235,559.388
-33.940,-30.062,699.235,559.388
-41.361,-32.536,699.235,559.388
-38.888,-25.114,699.235,559.388
-36.414,-27.588,699.235,559.388
-38.888,-30.062,699.235,559.388
-36.414,-27.588,699.235,559.388
-38.888,-30.062,699.235,559.388
-36.414,-27.588,699.235,559.388
-38.888,-30.062,699.235,559.388
-36.414,-27.588,699.235,559.388
-33.940,-25.114,699.235,559.388
-41.361,-27.588,699.235,559.388
-38.888,-30.062,699.235,559.388
-36.414,-27.588,699.235,559.388
-33.940,-30.062,699.235,559.388
-41.361,-32.536,699.235,559.388
-38.888,-25.114,699.235,559.388
-36.414,-27.588,699.235,559.388
-33.940,-30.062,699.235,559.388
-41.361,-32.536,699.235,559.388
-38.888,-25.114,699.235,559.388
-36.414,-27.588,699.235,559.388
-33.940,-30.062,699.235,559.388
-41.361,-32.536,699.235,559.388
-38.888,-25.114,699.235,559.388
-36.414,-27.588,699.235,559.388
-38.888,-30.062,699.235,559.388
-36.414,-27.588,699.235,559.388
-33.940,-30.062,699.235,559.388
-41.361,-32.536,699.235,559.388
-38.887,-25.114,699.235,559.388
-36.414,-27.588,699.235,559.388
-33.940,-30.062,699.235,559.388
-41.361,-32.536,699.235,559.388
-38.887,-25.114,699.235,559.388
-36.414,-27.588,699.235,559.388
-33.940,-30.062,699.235,559.388
-41.361,-32.536,699.235,559.388
-38.887,-25.114,699.235,559.388
-36.414,-27.588,699.235,559.388
-38.887,-30.062,699.235,559.388
-36.414,-27.588,699.235,559.388
-38.887,-30.062,699.235,559.388
-36.414,-27.588,699.235,559.388
-38.887,-30.062,699.235,559.388
-36.414,-27.588,699.235,559.388
-38.887,-30.062,699.235,559.388
-36.414,-27.588,699.235,559.388
-38.887,-30.062,699.235,559.388
-36.414,-27.588,699.235,559.388
-38.887,-30.062,699.235,559.388
-36.414,-27.588,699.235,559.388
-33.940,-30.062,699.235,559.388
-41.361,-32.536,699.235,559.388
-38.887,-25.114,699.235,559.388
-36.414,-27.588,699.235,559.388
-33.940,-30.062,699.235,559.388
-41.361,-32.536,699.235,559.388
-38.887,-25.114,699.235,559.388
-36.414,-27.588,699.235,559.388
-33.940,-30.062,699.235,559.388
-41.361,-32.535,699.235,559.388
-38.887,-25.114,699.235,559.388
-36.414,-27.588,699.235,559.388
-33.940,-25.114,699.235,559.388
-41.361,-27.588,699.235,559.388
-38.887,-30.062,699.235,559.388
-36.414,-27.588,699.235,559.388
-33.940,-30.062,699.235,559.388
-41.361,-32.535,699.235,559.388
-38.887,-25.114,699.235,559.388
-36.413,-27.588,699.235,559.388
-33.940,-25.114,699.235,559.388
-41.361,-27.588,699.235,559.388
-38.887,-30.062,699.235,559.388
-36.413,-27.588,699.235,559.388
-33.940,-25.114,699.235,559.388
-41.361,-27.588,699.235,559.388
-38.887,-30.062,699.235,559.388
-36.413,-27.588,699.235,559.388
-33.940,-25.114,699.235,559.388
-41.361,-27.588,699.235,559.388
-38.887,-30.062,699.235,559.388
-36.413,-27.588,699.235,559.388
-33.940,-25.114,699.235,559.388
-41.361,-27.588,699.235,559.388
-38.887,-30.062,699.235,559.388
-36.413,-27.588,699.235,559.388
-33.940,-25.114,699.235,559.388
-41.361,-27.588,699.235,559.388
-38.887,-30.062,699.235,559.388
-36.413,-27.588,699.235,559.388
-33.940,-25.114,699.235,559.388
-41.361,-27.588,699.235,559.388
-38.887,-30.062,699.235,559.388
-36.413,-27.588,699.235,559.388
-38.887,-30.062,699.235,559.388
-36.413,-27.588,699.235,559.388
-38.887,-30.062,699.235,559.388
-36.413,-27.588,699.235,559.388
-38.887,-30.062,699.235,559.388
-36.413,-27.588,699.235,559.388
-33.940,-25.114,699.235,559.388
-41.361,-27.588,699.235,559.388
-38.887,-30.062,699.235,559.388
-36.413,-27.588,699.235,559.388
-33.939,-25.114,699.235,559.388
-41.361,-27.588,699.235,559.388
-38.887,-30.062,699.235,559.388
-36.413,-27.588,699.235,559.388
-33.939,-25.114,699.235,559.388
-41.361,-27.588,699.235,559.388
-38.887,-30.062,699.235,559.388
-36.413,-27.588,699.235,559.388
-38.887,-30.062,699.235,559.388
-36.413,-27.588,699.235,559.388
-38.887,-30.062,699.235,559.388
-36.413,-27.588,699.235,559.388
-33.939,-30.062,699.235,559.388
-41.361,-32.535,699.235,559.388
-38.887,-25.114,699.235,559.388
-36.413,-27.588,699.235,559.388
-33.939,-25.114,699.235,559.388
-41.361,-27.588,699.235,559.388
-38.887,-30.062,699.235,559.388
-36.413,-27.588,699.235,559.388
-33.939,-30.062,699.235,559.388
-41.361,-32.535,699.235,559.388
-38.887,-25.114,699.235,559.388
-36.413,-27.588,699.235,559.388
-33.939,-25.114,699.235,559.388
-41.361,-27.588,699.235,559.388
-38.887,-30.062,699.235,559.388
-36.413,-27.588,699.235,559.388
-33.939,-30.062,699.235,559.388
-41.361,-32.535,699.235,559.388
-38.887,-25.114,699.235,559.388
-36.413,-27.588,699.235,559.388
-33.939,-25.114,699.235,559.388
-41.361,-27.588,699.235,559.388
-38.887,-30.062,699.235,559.388
-36.413,-27.588,699.235,559.388
-33.939,-25.114,699.235,559.388
-41.361,-27.588,699.235,559.388
-38.887,-30.062,699.235,559.388
-36.413,-27.588,699.235,559.388
-33.939,-25.114,699.235,559.388
-41.361,-27.588,699.235,559.388
-38.887,-30.062,699.235,559.388
-36.413,-27.588,699.235,559.388
-33.939,-30.062,699.235,559.388
-41.361,-32.535,699.235,559.388
-38.887,-25.114,699.235,559.388
-36.413,-27.588,699.235,559.388
-33.939,-25.114,699.235,559.388
-41.360,-27.588,699.235,559.388
-38.887,-30.062,699.235,559.388
-36.413,-27.588,699.235,559.388
-33.939,-25.114,699.235,559.388
-41.360,-27.588,699.235,559.388
-38.887,-30.062,699.235,559.388
-36.413,-27.588,699.235,559.388
-33.939,-25.114,699.235,559.388
-41.360,-27.588,699.235,559.388
-38.887,-30.062,699.235,559.388
-36.413,-27.588,699.235,559.388
-33.939,-25.114,699.235,559.388
-41.360,-27.588,699.235,559.388
-38.887,-30.062,699.235,559.388
-36.413,-27.588,699.235,559.388
-33.939,-25.114,699.235,559.388
-41.360,-27.588,699.235,559.388
-38.887,-30.062,699.235,559.388
-36.413,-27.588,699.235,559.388
-33.939,-25.114,699.235,559.388
-41.360,-27.588,699.235,559.388
-38.887,-30.062,699.235,559.388
-36.413,-27.588,699.235,559.388
-33.939,-25.114,699.235,559.388
-41.360,-27.588,699.235,559.388
-38.887,-30.062,699.235,559.388
-36.413,-27.588,699.235,559.388
-33.939,-25.114,699.235,559.388
-41.360,-27.588,699.235,559.388
-38.886,-30.062,699.235,559.388
-36.413,-27.588,699.235,559.388
-33.939,-25.114,699.235,559.388
-41.360,-27.588,699.235,559.388
-38.886,-30.062,699.235,559.388
-36.413,-27.588,699.235,559.388
-38.886,-30.062,699.235,559.388
-36.413,-27.588,699.235,559.388
-38.886,-25.114,699.235,559.388
-36.413,-27.588,699.235,559.388
-38.886,-25.114,699.235,559.388
-36.413,-27.588,699.235,559.388
-33.939,-25.114,699.235,559.388
-41.360,-27.588,699.235,559.388
-38.886,-30.062,699.235,559.388
-36.413,-27.588,699.235,559.388
-33.939,-30.062,699.235,559.388
-41.360,-32.535,699.235,559.388
-38.886,-25.114,699.235,559.388
-36.413,-27.588,699.235,559.388
-33.939,-30.062,699.235,559.388
-41.360,-27.588,699.235,559.388
-38.886,-30.062,699.235,559.388
-36.413,-27.588,699.235,559.388
-33.939,-25.114,699.235,559.388
-41.360,-27.588,699.235,559.388
-38.886,-25.114,699.235,559.388
-36.413,-27.588,699.235,559.388
-33.939,-25.114,699.235,559.388
-41.360,-27.588,699.235,559.388
-38.886,-30.062,699.235,559.388
-36.413,-27.588,699.235,559.388
-33.939,-25.114,699.235,559.388
-41.360,-27.588,699.235,559.388
-38.886,-30.062,699.235,559.388
-36.412,-27.588,699.235,559.388
-38.886,-30.062,699.235,559.388
-36.412,-27.588,699.235,559.388
-38.886,-30.062,699.235,559.388
-36.412,-27.588,699.235,559.388
-33.939,-30.062,699.235,559.388
-41.360,-32.535,699.235,559.388
-38.886,-25.114,699.235,559.388
-36.412,-27.588,699.235,559.388
-38.886,-30.062,699.235,559.388
-36.412,-27.588,699.235,559.388
-33.939,-25.114,699.235,559.388
-41.360,-27.588,699.235,559.388
-38.886,-30.062,699.235,559.388
-36.412,-27.588,699.235,559.388
-33.939,-25.114,699.235,559.388
-41.360,-27.588,699.235,559.388
-38.886,-30.062,699.235,559.388
-36.412,-27.588,699.235,559.388
-33.939,-30.062,699.235,559.388
-41.360,-32.535,699.235,559.388
-38.886,-25.114,699.235,559.388
-36.412,-27.588,699.235,559.388
-33.939,-25.114,699.235,559.388
-41.360,-27.588,699.235,559.388
-38.886,-30.062,699.235,559.388
-36.412,-27.588,699.235,559.388
-33.939,-25.114,699.235,559.388
-41.360,-27.588,699.235,559.388
-38.886,-30.062,699.235,559.388
-36.412,-27.588,699.235,559.388
-33.939,-25.114,699.235,559.388
-41.360,-27.588,699.235,559.388
-38.886,-30.062,699.235,559.388
-36.412,-27.588,699.235,559.388
-33.938,-25.114,699.235,559.388
-41.360,-27.588,699.235,559.388
-38.886,-30.062,699.235,559.388
-36.412,-27.588,699.235,559.388
-33.938,-30.062,699.235,559.388
-41.360,-32.535,699.235,559.388
-38.886,-25.114,699.235,559.388
-36.412,-27.588,699.235,559.388
-33.938,-25.114,699.235,559.388
-41.360,-27.588,699.235,559.388
-38.886,-30.062,699.235,559.388
-36.412,-27.588,699.235,559.388
-33.938,-25.114,699.235,559.388
-41.360,-27.588,699.235,559.388
-38.886,-30.062,699.235,559.388
-36.412,-27.588,699.235,559.388
-33.938,-30.062,699.235,559.388
-41.360,-32.535,699.235,559.388
-38.886,-25.114,699.235,559.388
-36.412,-27.588,699.235,559.388
-33.938,-30.062,699.235,559.388
-41.360,-32.535,699.235,559.388
-38.886,-25.114,699.235,559.388
-36.412,-27.588,699.235,559.388
-33.938,-30.062,699.235,559.388
-41.360,-32.535,699.235,559.388
-38.886,-25.114,699.235,559.388
-36.412,-27.588,699.235,559.388
-33.938,-30.062,699.235,559.388
-36.412,-32.535,699.235,559.388
-33.938,-25.114,699.235,559.388
-41.360,-27.588,699.235,559.388
-38.886,-30.062,699.235,559.388
-36.412,-27.588,699.235,559.388
-33.938,-30.062,699.235,559.388
-41.360,-32.535,699.235,559.388
-38.886,-25.114,699.235,559.388
-36.412,-27.588,699.235,559.388
-33.938,-30.061,699.235,559.388
-41.360,-32.535,699.235,559.388
-38.886,-25.114,699.235,559.388
-36.412,-27.588,699.235,559.388
-33.938,-30.061,699.235,559.388
-36.412,-32.535,699.235,559.388
-33.938,-25.114,699.235,559.388
-41.359,-27.588,699.235,559.388
-38.886,-30.061,699.235,559.388
-36.412,-27.588,699.235,559.388
-33.938,-30.061,699.235,559.388
-36.412,-32.535,699.235,559.388
-33.938,-25.114,699.235,559.388
-41.359,-27.588,699.235,559.388
-38.886,-30.061,699.235,559.388
-36.412,-27.588,699.235,559.388
-33.938,-30.061,699.235,559.388
-41.359,-32.535,699.235,559.388
-38.886,-25.114,699.235,559.388
-36.412,-27.588,699.235,559.388
-33.938,-25.114,699.235,559.388
-41.359,-27.588,699.235,559.388
-38.886,-30.061,699.235,559.388
-36.412,-27.588,699.235,559.388
-33.938,-30.061,699.235,559.388
-41.359,-32.535,699.235,559.388
-38.886,-25.114,699.235,559.388
-36.412,-27.588,699.235,559.388
-33.938,-30.061,699.235,559.388
-41.359,-32.535,699.235,559.388
-38.886,-25.114,699.235,559.388
-36.412,-27.588,699.235,559.388
-33.938,-30.061,699.235,559.388
-41.359,-32.535,699.235,559.388
-38.886,-25.114,699.235,559.388
-36.412,-27.588,699.235,559.388
-33.938,-30.061,699.235,559.388
-41.359,-32.535,699.235,559.388
-38.885,-25.114,699.235,559.388
-36.412,-27.588,699.235,559.388
-33.938,-30.061,699.235,559.388
-41.359,-32.535,699.235,559.388
-38.885,-25.114,699.235,559.388
-36.412,-27.588,699.235,559.388
-33.938,-25.114,699.235,559.388
