625.000,359.000,8.000,7.000
624.380,360.269,8.000,7.000
623.701,359.590,8.000,7.000
622.551,360.269,8.000,7.000
621.518,360.239,8.000,7.000
620.308,360.505,8.000,7.000
620.101,360.712,8.000,7.000
618.773,361.213,8.000,7.000
617.268,360.889,8.000,7.000
616.766,362.276,8.000,7.000
615.438,361.715,8.000,7.000
615.055,362.158,8.000,7.000
613.727,361.833,8.000,7.000
612.458,362.807,8.000,7.000
612.133,363.191,8.000,7.000
610.864,362.925,8.000,7.000
610.194,363.184,8.177,7.155
608.655,363.697,8.177,7.155
607.407,364.025,8.358,7.313
606.643,363.848,8.543,7.475
605.666,363.564,8.543,7.475
605.256,364.289,8.543,7.475
603.712,364.762,8.543,7.475
603.176,365.298,8.543,7.475
602.452,365.014,8.543,7.475
600.970,365.172,8.543,7.475
600.687,365.455,8.543,7.475
599.584,365.739,8.543,7.475
598.292,366.211,8.543,7.475
597.576,366.554,8.732,7.640
596.964,366.006,8.732,7.640
595.708,366.489,8.732,7.640
594.967,366.200,8.732,7.640
594.162,366.038,8.732,7.640
593.421,367.037,8.732,7.640
592.616,367.456,8.732,7.640
591.553,367.037,8.732,7.640
590.876,367.713,8.732,7.640
589.298,367.424,8.732,7.640
588.621,367.520,8.732,7.640
588.138,367.746,8.732,7.640
586.495,368.164,8.732,7.640
586.141,368.712,8.732,7.640
585.014,368.422,8.732,7.640
584.208,368.454,8.732,7.640
583.403,368.873,8.732,7.640
582.598,369.356,8.732,7.640
581.921,368.937,8.732,7.640
580.343,369.549,8.732,7.640
579.667,369.324,8.732,7.640
578.024,369.034,8.732,7.640
577.219,370.226,8.732,7.640
576.735,369.614,8.732,7.640
575.350,370.097,8.732,7.640
575.125,370.645,8.732,7.640
574.062,370.484,8.732,7.640
573.257,370.323,8.732,7.640
572.129,370.097,8.732,7.640
571.002,371.418,8.732,7.640
569.874,371.063,8.732,7.640
569.198,371.740,8.732,7.640
568.650,371.772,8.732,7.640
566.943,371.997,8.732,7.640
566.202,372.159,8.732,7.640
565.462,372.448,8.732,7.640
564.785,372.094,8.732,7.640
563.271,372.706,8.732,7.640
562.788,372.803,8.732,7.640
561.403,373.093,8.732,7.640
560.920,373.447,8.732,7.640
559.535,372.899,8.732,7.640
559.374,373.382,8.732,7.640
558.504,372.899,8.732,7.640
557.699,373.640,8.732,7.640
556.056,373.415,8.732,7.640
555.057,373.254,8.732,7.640
554.317,373.544,8.732,7.640
553.511,374.027,8.732,7.640
552.706,374.574,8.732,7.640
551.063,374.091,8.732,7.640
550.451,374.703,8.732,7.640
549.775,374.413,8.732,7.640
548.068,374.123,8.732,7.640
547.520,374.929,8.732,7.640
546.843,375.154,8.732,7.640
545.330,375.573,8.732,7.640
544.911,375.154,8.732,7.640
543.590,375.831,8.732,7.640
543.365,375.669,8.732,7.640
542.495,375.508,8.732,7.640
541.690,375.669,8.732,7.640
539.854,375.831,8.732,7.640
539.048,375.992,8.732,7.640
538.308,376.217,8.732,7.640
537.631,375.541,8.732,7.640
537.019,375.959,8.732,7.640
535.570,376.378,8.732,7.640
535.151,376.024,8.732,7.640
533.637,376.700,8.732,7.640
531.994,376.539,8.732,7.640
531.511,376.700,8.732,7.640
531.157,376.861,8.732,7.640
529.772,377.216,8.732,7.640
528.580,376.539,8.732,7.640
528.612,376.765,8.732,7.640
527.678,377.054,8.732,7.640
526.100,377.409,8.732,7.640
524.972,376.732,8.732,7.640
524.231,377.022,8.732,7.640
523.491,377.312,8.732,7.640
522.814,376.700,8.732,7.640
521.300,377.054,8.732,7.640
520.753,377.473,8.732,7.640
519.174,376.990,8.732,7.640
518.756,377.473,8.732,7.640
517.435,377.054,8.732,7.640
517.081,377.666,8.732,7.640
515.824,377.312,8.732,7.640
514.633,377.022,8.732,7.640
514.729,377.827,8.732,7.640
512.958,377.924,8.732,7.640
512.152,378.278,8.732,7.640
511.476,377.666,8.732,7.640
510.671,378.150,8.732,7.640
509.092,378.633,8.732,7.640
508.287,378.214,8.732,7.640
507.611,377.731,8.732,7.640
506.870,378.214,8.732,7.640
505.227,377.795,8.732,7.640
504.679,378.343,8.732,7.640
503.359,377.924,8.732,7.640
503.262,378.794,8.732,7.640
501.795,378.208,8.925,7.809
501.565,378.702,8.925,7.809
500.478,378.340,8.925,7.809
499.194,379.097,8.925,7.809
497.845,378.932,8.925,7.809
497.233,379.358,9.123,7.982
496.459,379.392,9.123,7.982
495.618,379.426,9.123,7.982
495.181,379.728,9.123,7.982
493.936,379.089,9.123,7.982
493.700,379.459,9.123,7.982
493.061,379.829,9.123,7.982
491.614,379.325,9.123,7.982
491.378,379.897,9.123,7.982
490.537,379.392,9.123,7.982
489.965,379.897,9.123,7.982
488.854,379.459,9.123,7.982
488.955,380.031,9.123,7.982
487.845,379.594,9.123,7.982
488.147,379.224,9.123,7.982
487.239,380.469,9.123,7.982
486.599,380.368,9.123,7.982
486.633,380.603,9.123,7.982
486.196,380.099,9.123,7.982
485.354,380.603,9.123,7.982
484.917,380.233,9.123,7.982
485.220,380.805,9.123,7.982
484.378,380.435,9.123,7.982
484.008,381.075,9.123,7.982
483.436,380.772,9.123,7.982
483.403,380.402,9.123,7.982
483.234,381.108,9.123,7.982
482.864,381.007,9.123,7.982
483.436,381.176,9.123,7.982
482.931,381.411,9.123,7.982
483.100,381.781,9.123,7.982
482.124,381.276,9.123,7.982
481.888,381.781,9.123,7.982
482.528,381.344,9.123,7.982
482.023,381.916,9.123,7.982
481.316,381.613,9.123,7.982
481.417,381.377,9.123,7.982
481.383,382.151,9.123,7.982
481.282,382.387,9.123,7.982
481.047,382.623,9.123,7.982
480.879,381.983,9.123,7.982
481.653,382.421,9.123,7.982
481.552,382.925,9.123,7.982
481.451,382.421,9.123,7.982
481.215,383.060,9.123,7.982
480.912,382.824,9.123,7.982
481.417,382.522,9.123,7.982
480.778,382.219,9.123,7.982
481.148,383.060,9.123,7.982
480.508,383.094,9.123,7.982
480.744,383.127,9.123,7.982
480.912,383.228,9.123,7.982
481.081,383.397,9.123,7.982
480.307,383.632,9.123,7.982
480.273,382.925,9.123,7.982
480.172,383.161,9.123,7.982
480.071,383.464,9.123,7.982
479.970,383.834,9.123,7.982
479.869,383.127,9.123,7.982
480.643,383.363,9.123,7.982
480.475,383.733,9.123,7.982
480.307,383.161,9.123,7.982
480.071,383.531,9.123,7.982
479.835,382.959,9.123,7.982
480.542,383.329,9.123,7.982
480.239,383.767,9.123,7.982
479.936,383.195,9.123,7.982
480.508,383.565,9.123,7.982
480.071,382.993,9.123,7.982
479.566,383.363,9.123,7.982
479.936,383.666,9.123,7.982
480.239,382.959,9.123,7.982
479.533,383.195,9.123,7.982
479.701,383.363,9.123,7.982
479.802,383.262,9.123,7.982
479.970,383.026,9.123,7.982
479.129,382.656,9.123,7.982
479.095,382.219,9.123,7.982
478.994,382.656,9.123,7.982
478.893,382.017,9.123,7.982
479.667,381.983,9.123,7.982
479.432,381.815,9.123,7.982
479.129,381.512,9.123,7.982
478.759,381.142,9.123,7.982
479.263,381.714,9.123,7.982
478.759,381.142,9.123,7.982
479.129,381.310,9.123,7.982
478.489,381.007,9.123,7.982
478.725,380.637,9.123,7.982
478.893,380.132,9.123,7.982
478.994,380.503,9.123,7.982
478.153,380.536,9.123,7.982
478.186,379.224,9.123,7.982
478.086,379.661,9.123,7.982
477.850,379.022,9.123,7.982
478.489,378.921,9.123,7.982
478.186,378.618,9.123,7.982
477.749,378.181,9.123,7.982
478.186,378.483,9.123,7.982
477.480,378.517,9.123,7.982
477.581,377.272,9.123,7.982
477.614,377.844,9.123,7.982
477.513,377.205,9.123,7.982
477.278,376.902,9.123,7.982
477.110,376.464,9.123,7.982
476.941,376.835,9.123,7.982
476.706,375.657,9.123,7.982
477.278,375.085,9.123,7.982
476.975,374.916,9.123,7.982
476.538,374.412,9.123,7.982
477.042,374.176,9.123,7.982
476.403,373.604,9.123,7.982
476.706,372.292,9.123,7.982
477.076,372.594,9.123,7.982
476.369,371.147,9.123,7.982
477.083,370.811,8.928,7.812
476.194,370.185,8.928,7.812
476.292,369.757,8.928,7.812
476.128,368.802,8.928,7.812
475.963,368.176,8.928,7.812
476.721,367.748,8.928,7.812
476.556,366.595,8.928,7.812
476.259,365.772,8.928,7.812
476.095,365.212,8.928,7.812
475.930,364.850,8.928,7.812
476.556,363.434,8.928,7.812
476.457,363.203,8.928,7.812
476.358,362.248,8.928,7.812
476.128,361.490,8.928,7.812
475.831,360.799,8.928,7.812
476.589,359.185,8.928,7.812
476.358,358.559,8.928,7.812
476.128,357.933,8.928,7.812
476.095,356.451,8.928,7.812
475.930,355.892,8.928,7.812
476.622,354.344,8.928,7.812
476.391,353.257,8.928,7.812
476.161,352.565,8.928,7.812
475.930,351.808,8.928,7.812
476.688,350.194,8.928,7.812
476.391,349.305,8.928,7.812
476.095,348.086,8.928,7.812
475.733,347.131,8.928,7.812
476.227,345.781,8.928,7.812
475.798,344.430,8.928,7.812
476.292,344.068,8.928,7.812
475.667,342.586,8.928,7.812
475.963,341.960,8.928,7.812
476.391,340.478,8.928,7.812
475.765,339.787,8.928,7.812
475.996,338.173,8.928,7.812
475.963,337.415,8.928,7.812
475.733,336.329,8.928,7.812
475.502,335.176,8.928,7.812
475.271,333.957,8.928,7.812
475.173,332.739,8.928,7.812
475.140,331.388,8.928,7.812
475.041,330.894,8.928,7.812
474.810,329.347,8.928,7.812
475.502,328.721,8.928,7.812
475.206,327.107,8.928,7.812
474.975,326.415,8.928,7.812
475.667,325.724,8.928,7.812
475.436,323.781,8.928,7.812
475.140,322.496,8.928,7.812
474.843,322.134,8.928,7.812
475.601,320.850,8.928,7.812
475.568,319.433,8.928,7.812
475.403,319.005,8.928,7.812
475.173,317.523,8.928,7.812
475.008,317.688,8.928,7.812
475.765,315.876,8.928,7.812
475.469,314.724,8.928,7.812
475.173,313.637,8.928,7.812
475.008,312.748,8.928,7.812
475.831,311.595,8.928,7.812
476.062,310.376,8.928,7.812
475.238,310.014,8.928,7.812
475.469,308.796,8.928,7.812
475.897,307.577,8.928,7.812
476.259,307.149,8.928,7.812
475.700,305.799,8.928,7.812
476.194,304.448,8.928,7.812
475.831,304.086,8.928,7.812
476.457,302.867,8.928,7.812
476.095,301.583,8.928,7.812
475.732,301.352,8.928,7.812
476.292,300.002,8.928,7.812
475.996,298.718,8.928,7.812
476.622,297.433,8.928,7.812
476.325,297.071,8.928,7.812
476.095,295.787,8.928,7.812
475.798,294.436,8.928,7.812
476.424,294.074,8.928,7.812
476.194,292.790,8.928,7.812
475.963,291.769,8.928,7.812
476.655,290.748,8.928,7.812
476.424,289.397,8.928,7.812
476.194,288.969,8.928,7.812
475.897,287.685,8.928,7.812
476.589,286.400,8.928,7.812
476.358,286.038,8.928,7.812
476.062,284.754,8.928,7.812
475.831,283.601,8.928,7.812
476.589,282.382,8.928,7.812
476.424,282.152,8.928,7.812
476.194,281.065,8.928,7.812
476.029,279.846,8.928,7.812
476.721,278.957,8.928,7.812
476.688,278.068,8.928,7.812
476.589,277.113,8.928,7.812
476.622,276.355,8.928,7.812
476.589,275.598,8.928,7.812
476.622,273.918,8.928,7.812
476.721,273.029,8.928,7.812
476.622,272.469,8.928,7.812
476.589,272.041,8.928,7.812
476.490,270.559,8.928,7.812
476.325,270.263,8.928,7.812
476.095,269.242,8.928,7.812
475.798,268.352,8.928,7.812
476.358,267.727,8.928,7.812
475.930,266.245,8.928,7.812
476.424,266.014,8.928,7.812
475.996,265.191,8.928,7.812
476.358,264.499,8.928,7.812
475.469,264.005,8.928,7.812
475.239,262.655,8.928,7.812
474.942,261.831,8.928,7.812
475.436,261.206,8.928,7.812
474.942,260.843,8.928,7.812
475.107,259.954,8.928,7.812
474.020,259.394,8.928,7.812
474.646,258.966,8.928,7.812
474.283,258.209,8.928,7.812
473.658,257.517,8.928,7.812
473.427,257.155,8.928,7.812
473.065,256.266,8.928,7.812
472.637,255.706,8.928,7.812
472.801,254.355,8.928,7.812
472.505,254.652,8.928,7.812
472.077,253.104,8.928,7.812
471.649,252.742,8.928,7.812
471.484,252.182,8.928,7.812
471.254,251.885,8.928,7.812
470.825,251.194,8.928,7.812
470.858,250.831,8.928,7.812
470.628,250.206,8.928,7.812
470.200,249.909,8.928,7.812
469.310,249.218,8.928,7.812
469.014,248.789,8.928,7.812
469.310,248.098,8.928,7.812
468.289,247.736,8.928,7.812
467.993,247.176,8.928,7.812
468.224,246.813,8.928,7.812
467.071,246.319,8.928,7.812
466.690,246.561,8.738,7.645
466.142,245.691,8.738,7.645
466.432,245.337,8.738,7.645
466.271,244.789,8.738,7.645
465.659,244.370,8.738,7.645
464.853,243.822,8.738,7.645
464.369,243.661,8.738,7.645
464.530,243.241,8.738,7.645
464.111,242.565,8.738,7.645
463.435,242.468,8.738,7.645
463.402,241.984,8.738,7.645
462.854,242.017,8.738,7.645
462.049,241.727,8.738,7.645
461.501,241.243,8.738,7.645
461.190,240.859,8.551,7.482
461.348,240.133,8.551,7.482
460.244,239.912,8.551,7.482
459.707,239.565,8.551,7.482
459.423,239.723,8.551,7.482
458.761,239.502,8.551,7.482
458.540,239.092,8.551,7.482
458.067,238.430,8.551,7.482
458.035,238.146,8.551,7.482
457.625,237.673,8.551,7.482
456.521,237.893,8.551,7.482
456.174,236.663,8.551,7.482
456.269,237.136,8.551,7.482
454.976,236.411,8.551,7.482
455.196,236.127,8.551,7.482
455.039,235.717,8.551,7.482
454.376,236.001,8.551,7.482
453.335,234.771,8.551,7.482
452.547,234.297,8.551,7.482
452.263,234.455,8.551,7.482
451.474,234.234,8.551,7.482
451.127,233.761,8.551,7.482
451.222,233.162,8.551,7.482
450.796,233.698,8.369,7.323
450.642,233.111,8.369,7.323
449.993,233.018,8.369,7.323
448.604,232.617,8.369,7.323
448.882,232.031,8.369,7.323
447.493,232.123,8.369,7.323
447.709,231.845,8.369,7.323
447.246,231.320,8.369,7.323
446.474,231.660,8.369,7.323
445.949,230.765,8.369,7.323
445.239,230.425,8.369,7.323
444.591,229.777,8.369,7.323
444.436,229.931,8.369,7.323
443.912,229.715,8.369,7.323
443.140,229.314,8.369,7.323
442.492,229.530,8.369,7.323
442.275,228.511,8.369,7.323
441.627,228.172,8.369,7.323
441.349,228.635,8.369,7.323
440.763,227.739,8.369,7.323
440.423,227.400,8.369,7.323
439.404,226.937,8.369,7.323
438.880,227.276,8.369,7.323
438.582,226.968,8.190,7.167
438.008,226.575,8.190,7.167
436.830,226.061,8.190,7.167
437.102,226.091,8.190,7.167
435.863,225.940,8.190,7.167
436.256,225.487,8.190,7.167
434.835,224.732,8.190,7.167
434.745,224.702,8.190,7.167
434.171,224.430,8.190,7.167
432.932,224.037,8.190,7.167
432.297,224.248,8.190,7.167
431.905,224.037,8.190,7.167
432.177,223.644,8.190,7.167
430.817,223.070,8.190,7.167
430.584,222.710,8.016,7.014
429.667,222.976,8.016,7.014
429.046,222.828,8.016,7.014
428.780,222.503,8.016,7.014
427.864,222.000,8.016,7.014
427.420,220.965,8.016,7.014
427.272,221.468,8.016,7.014
426.651,220.965,8.016,7.014
425.498,221.172,8.016,7.014
424.818,220.019,8.016,7.014
424.434,219.634,8.016,7.014
424.404,219.901,8.016,7.014
423.842,219.989,8.016,7.014
422.748,219.723,8.016,7.014
422.127,219.280,8.016,7.014
421.802,218.599,8.016,7.014
420.826,218.333,8.016,7.014
420.383,217.890,8.016,7.014
420.235,218.274,8.016,7.014
419.496,217.535,8.016,7.014
418.165,217.269,8.016,7.014
417.899,216.766,8.016,7.014
417.337,217.210,8.016,7.014
417.130,216.589,8.016,7.014
416.391,216.737,8.016,7.014
416.066,216.530,8.016,7.014
415.090,216.027,8.016,7.014
414.469,215.347,8.016,7.014
414.203,215.436,8.016,7.014
413.404,215.229,8.016,7.014
412.902,214.726,8.016,7.014
411.689,214.992,8.016,7.014
410.773,215.022,8.016,7.014
410.270,213.809,8.016,7.014
410.181,214.312,8.016,7.014
409.442,213.691,8.016,7.014
409.058,213.661,8.016,7.014
407.964,213.395,8.016,7.014
407.224,212.952,8.016,7.014
406.899,213.336,8.016,7.014
405.923,212.656,8.016,7.014
405.302,212.390,8.016,7.014
404.859,211.946,8.016,7.014
403.824,212.272,8.016,7.014
403.144,211.532,8.016,7.014
402.878,211.385,8.016,7.014
401.843,211.000,8.016,7.014
401.222,210.497,8.016,7.014
400.778,210.645,8.016,7.014
399.625,210.497,8.016,7.014
398.827,210.231,8.016,7.014
398.501,209.788,8.016,7.014
397.289,210.054,8.016,7.014
397.061,209.701,7.845,6.864
396.685,209.441,7.845,6.864
395.672,209.007,7.845,6.864
394.891,209.325,7.845,6.864
394.399,208.312,7.845,6.864
394.080,207.994,7.845,6.864
393.241,208.428,7.845,6.864
392.749,207.762,7.845,6.864
391.563,207.965,7.845,6.864
391.476,207.820,7.845,6.864
390.984,207.386,7.845,6.864
389.740,206.778,7.845,6.864
388.903,207.047,7.678,6.718
388.648,206.565,7.678,6.718
387.883,206.934,7.678,6.718
387.402,206.339,7.678,6.718
386.184,206.480,7.678,6.718
385.419,206.226,7.678,6.718
384.881,205.914,7.678,6.718
384.513,205.433,7.678,6.718
383.522,205.744,7.678,6.718
382.927,205.093,7.678,6.718
382.502,205.291,7.678,6.718
381.341,205.206,7.678,6.718
380.689,205.121,7.678,6.718
380.208,204.923,7.678,6.718
378.990,204.668,7.678,6.718
379.132,204.243,7.678,6.718
378.594,204.611,7.678,6.718
377.376,204.923,7.678,6.718
376.385,204.215,7.678,6.718
376.221,203.931,7.514,6.575
375.472,204.403,7.514,6.575
374.946,203.931,7.514,6.575
373.754,204.347,7.514,6.575
372.950,203.821,7.514,6.575
372.423,204.181,7.514,6.575
372.119,204.541,7.514,6.575
371.093,203.959,7.514,6.575
370.456,204.319,7.514,6.575
370.040,203.682,7.514,6.575
368.959,203.931,7.514,6.575
368.321,204.125,7.514,6.575
367.961,204.375,7.514,6.575
366.880,203.737,7.514,6.575
366.076,203.987,7.514,6.575
365.605,204.181,7.514,6.575
365.300,204.375,7.514,6.575
364.274,203.627,7.514,6.575
363.206,204.258,7.354,6.434
362.907,204.448,7.354,6.434
361.849,203.661,7.354,6.434
361.693,204.226,7.197,6.297
360.923,203.828,7.197,6.297
360.418,204.332,7.197,6.297
359.224,203.881,7.197,6.297
359.356,203.430,7.197,6.297
358.746,203.828,7.197,6.297
357.339,204.226,7.197,6.297
357.259,203.616,7.197,6.297
356.648,203.855,7.197,6.297
355.295,203.032,7.197,6.297
355.109,203.271,7.197,6.297
354.392,203.456,7.197,6.297
353.368,203.140,7.043,6.163
353.083,203.218,7.043,6.163
351.931,203.709,6.893,6.031
351.651,203.175,6.893,6.031
350.812,203.455,6.893,6.031
350.430,203.735,6.893,6.031
349.337,202.997,6.893,6.031
348.600,203.226,6.893,6.031
348.167,203.404,6.893,6.031
347.023,203.531,6.893,6.031
346.778,203.228,6.746,5.903
345.857,202.855,6.746,5.903
345.285,203.278,6.746,5.903
344.812,202.755,6.746,5.903
343.891,203.128,6.746,5.903
343.319,202.556,6.746,5.903
342.846,202.879,6.746,5.903
341.776,203.153,6.746,5.903
341.632,202.952,6.602,5.777
341.218,203.123,6.602,5.777
340.219,202.124,6.602,5.777
339.659,202.002,6.602,5.777
339.245,202.806,6.602,5.777
338.198,202.636,6.602,5.777
337.492,202.416,6.602,5.777
337.078,202.051,6.602,5.777
336.030,202.563,6.602,5.777
335.470,202.100,6.602,5.777
335.056,202.514,6.602,5.777
334.058,201.954,6.602,5.777
333.870,201.710,6.461,5.654
332.940,201.400,6.461,5.654
332.487,201.948,6.461,5.654
331.415,201.591,6.461,5.654
330.485,202.139,6.461,5.654
329.985,201.734,6.461,5.654
329.722,201.329,6.461,5.654
328.793,201.829,6.461,5.654
328.340,201.424,6.461,5.654
327.267,201.877,6.461,5.654
327.291,201.472,6.461,5.654
326.076,201.925,6.461,5.654
325.909,201.519,6.461,5.654
325.027,202.068,6.461,5.654
324.622,201.710,6.461,5.654
323.644,201.448,6.461,5.654
323.460,201.807,6.324,5.533
322.651,202.248,6.189,5.415
322.172,202.682,6.189,5.415
321.053,202.385,6.189,5.415
320.254,202.134,6.189,5.415
319.820,203.024,6.189,5.415
319.615,203.093,6.189,5.415
318.998,203.253,6.189,5.415
318.250,203.024,6.057,5.300
317.379,203.270,6.057,5.300
316.954,203.471,6.057,5.300
316.653,203.248,5.928,5.187
315.712,202.963,5.928,5.187
315.166,202.679,5.928,5.187
314.925,203.401,5.928,5.187
314.799,203.730,5.801,5.076
313.750,203.452,5.801,5.076
313.130,203.174,5.801,5.076
312.851,202.896,5.801,5.076
312.728,203.218,5.678,4.968
311.994,203.448,5.678,4.968
311.764,203.637,5.678,4.968
311.031,202.778,5.678,4.968
310.884,202.883,5.678,4.968
310.445,202.987,5.678,4.968
309.460,202.841,5.678,4.968
309.104,202.652,5.678,4.968
309.041,202.338,5.678,4.968
308.811,202.778,5.678,4.968
308.036,202.212,5.678,4.968
307.931,202.485,5.678,4.968
307.701,202.715,5.678,4.968
306.884,201.815,5.678,4.968
306.780,201.836,5.678,4.968
306.465,201.647,5.678,4.968
305.607,201.249,5.678,4.968
305.460,201.521,5.678,4.968
305.188,200.537,5.678,4.968
304.580,200.307,5.678,4.968
304.643,200.830,5.678,4.968
304.497,200.390,5.678,4.968
304.141,200.705,5.678,4.968
304.413,199.762,5.678,4.968
303.470,199.490,5.678,4.968
303.240,199.930,5.678,4.968
302.968,199.448,5.678,4.968
303.408,199.846,5.678,4.968
302.842,199.322,5.678,4.968
303.031,199.678,5.678,4.968
302.926,199.113,5.678,4.968
302.737,199.427,5.678,4.968
302.507,199.783,5.678,4.968
302.151,199.301,5.678,4.968
302.423,199.825,5.678,4.968
301.523,199.511,5.678,4.968
301.334,200.453,5.678,4.968
301.104,200.600,5.678,4.968
301.711,199.867,5.678,4.968
301.397,200.223,5.678,4.968
300.999,200.830,5.678,4.968
301.355,200.642,5.678,4.968
300.622,200.872,5.678,4.968
300.769,201.270,5.678,4.968
300.748,201.961,5.678,4.968
300.685,201.773,5.678,4.968
300.580,201.668,5.678,4.968
300.434,201.773,5.678,4.968
300.245,202.045,5.678,4.968
300.015,202.527,5.678,4.968
300.706,202.338,5.678,4.968
300.434,203.364,5.678,4.968
300.119,203.637,5.678,4.968
300.601,203.155,5.678,4.968
300.245,203.637,5.678,4.968
299.889,203.406,5.678,4.968
300.287,204.474,5.678,4.968
299.847,204.830,5.678,4.968
300.245,204.391,5.678,4.968
299.847,204.830,5.678,4.968
300.203,204.516,5.678,4.968
299.763,204.286,5.678,4.968
300.119,205.354,5.678,4.968
300.475,205.752,5.678,4.968
300.036,205.396,5.678,4.968
300.434,206.171,5.678,4.968
300.036,205.941,5.678,4.968
300.434,205.752,5.678,4.968
300.036,205.773,5.678,4.968
300.434,205.961,5.678,4.968
300.078,206.318,5.678,4.968
300.517,206.925,5.678,4.968
300.161,206.736,5.678,4.968
299.805,206.674,5.678,4.968
300.203,206.778,5.678,4.968
299.847,206.883,5.678,4.968
300.287,207.113,5.678,4.968
299.931,207.428,5.678,4.968
300.371,207.784,5.678,4.968
300.057,207.428,5.678,4.968
300.538,208.286,5.678,4.968
300.182,208.307,5.678,4.968
299.826,208.496,5.678,4.968
300.224,208.768,5.678,4.968
299.826,208.161,5.678,4.968
300.266,208.558,5.678,4.968
299.868,208.161,5.678,4.968
300.266,208.726,5.678,4.968
299.826,208.496,5.678,4.968
300.182,209.438,5.678,4.968
299.742,209.627,5.678,4.968
300.015,208.894,5.678,4.968
300.329,209.250,5.678,4.968
299.805,209.689,5.678,4.968
300.161,209.375,5.678,4.968
299.680,210.108,5.678,4.968
299.994,209.878,5.678,4.968
300.308,209.773,5.678,4.968
299.742,209.920,5.678,4.968
300.015,210.192,5.678,4.968
300.287,210.590,5.678,4.968
299.596,210.192,5.678,4.968
299.826,210.925,5.678,4.968
300.015,210.779,5.678,4.968
300.203,210.799,5.678,4.968
299.386,210.862,5.678,4.968
299.617,211.051,5.678,4.968
299.847,211.281,5.678,4.968
300.078,211.553,5.678,4.968
300.308,210.862,5.678,4.968
299.575,211.260,5.678,4.968
299.889,211.742,5.678,4.968
300.161,211.428,5.678,4.968
299.470,212.286,5.678,4.968
299.742,212.224,5.678,4.968
300.057,212.328,5.678,4.968
300.371,212.559,5.678,4.968
299.805,211.784,5.678,4.968
300.119,212.056,5.678,4.968
300.475,212.370,5.678,4.968
300.036,212.684,5.678,4.968
300.392,212.119,5.678,4.968
299.952,212.475,5.678,4.968
300.350,212.873,5.678,4.968
299.952,212.391,5.678,4.968
300.350,212.789,5.678,4.968
299.994,212.433,5.678,4.968
300.517,212.957,5.678,4.968
300.203,212.601,5.678,4.968
299.931,212.286,5.678,4.968
300.622,212.978,5.678,4.968
300.350,212.663,5.678,4.968
300.161,212.433,5.678,4.968
300.057,213.376,5.678,4.968
300.999,213.355,5.678,4.968
301.020,213.417,5.678,4.968
301.083,213.522,5.678,4.968
301.229,212.622,5.678,4.968
300.371,212.894,5.678,4.968
300.559,213.250,5.678,4.968
300.790,213.606,5.678,4.968
301.020,213.124,5.678,4.968
301.334,213.522,5.678,4.968
300.852,213.082,5.678,4.968
301.208,213.522,5.678,4.968
300.769,213.124,5.678,4.968
301.208,213.606,5.678,4.968
300.894,213.208,5.678,4.968
301.627,213.732,5.678,4.968
301.397,213.376,5.678,4.968
301.167,214.025,5.678,4.968
301.020,213.794,5.678,4.968
301.921,213.606,5.678,4.968
301.401,213.920,5.803,5.078
301.808,214.370,5.803,5.078
301.444,214.049,5.803,5.078
301.979,213.813,5.803,5.078
301.744,214.691,5.803,5.078
302.057,214.302,5.932,5.190
302.254,214.630,5.932,5.190
302.582,215.046,5.932,5.190
302.210,214.717,5.932,5.190
302.304,214.864,6.063,5.305
302.550,215.200,6.063,5.305
302.885,215.580,6.063,5.305
303.355,215.245,6.063,5.305
303.154,216.162,6.063,5.305
303.527,215.662,6.197,5.422
303.687,215.868,6.197,5.422
304.030,216.165,6.197,5.422
303.687,216.553,6.197,5.422
304.533,216.165,6.197,5.422
304.647,217.056,6.197,5.422
304.853,217.216,6.197,5.422
305.242,217.468,6.197,5.422
304.899,216.851,6.197,5.422
305.699,217.194,6.197,5.422
305.676,217.582,6.197,5.422
305.882,217.194,6.197,5.422
306.088,217.765,6.197,5.422
305.608,217.514,6.197,5.422
306.088,217.308,6.197,5.422
305.836,217.148,6.197,5.422
306.728,218.039,6.197,5.422
306.842,218.062,6.197,5.422
306.956,218.314,6.197,5.422
306.111,217.651,6.197,5.422
306.408,217.948,6.197,5.422
306.796,218.382,6.197,5.422
307.231,217.994,6.197,5.422
306.888,218.565,6.197,5.422
307.688,218.268,6.197,5.422
307.848,219.251,6.197,5.422
308.008,219.137,6.197,5.422
307.162,219.022,6.197,5.422
307.368,218.954,6.197,5.422
307.619,218.931,6.197,5.422
307.916,219.045,6.197,5.422
307.482,219.297,6.197,5.422
307.962,218.634,6.197,5.422
307.665,218.931,6.197,5.422
308.328,219.319,6.197,5.422
308.076,218.794,6.197,5.422
308.054,219.137,6.197,5.422
308.122,219.617,6.197,5.422
308.191,219.274,6.197,5.422
308.351,219.891,6.197,5.422
308.602,219.640,6.197,5.422
308.854,219.525,6.197,5.422
309.197,219.640,6.197,5.422
308.671,219.800,6.197,5.422
309.059,219.960,6.197,5.422
308.716,220.165,6.197,5.422
309.288,220.417,6.197,5.422
309.037,219.708,6.197,5.422
308.831,220.051,6.197,5.422
309.768,220.440,6.197,5.422
309.882,219.914,6.197,5.422
310.042,220.394,6.197,5.422
309.379,220.097,6.197,5.422
309.722,221.034,6.197,5.422
310.111,221.057,6.197,5.422
309.722,221.308,6.197,5.422
310.294,220.737,6.197,5.422
309.997,221.080,6.197,5.422
309.745,221.514,6.197,5.422
310.637,221.125,6.197,5.422
310.797,221.651,6.197,5.422
311.002,221.308,6.197,5.422
310.248,221.057,6.197,5.422
310.500,221.903,6.197,5.422
310.751,221.697,6.197,5.422
311.048,221.765,6.197,5.422
310.522,221.971,6.197,5.422
310.957,222.268,6.197,5.422
310.568,222.657,6.197,5.422
311.094,222.268,6.197,5.422
310.842,222.794,6.197,5.422
311.643,222.543,6.197,5.422
311.076,222.886,6.334,5.542
311.520,222.489,6.334,5.542
311.169,222.979,6.334,5.542
311.754,222.676,6.334,5.542
311.590,223.307,6.334,5.542
311.660,223.096,6.334,5.542
311.870,222.979,6.334,5.542
312.081,223.049,6.334,5.542
312.338,223.166,6.334,5.542
311.754,223.423,6.334,5.542
312.104,223.727,6.334,5.542
312.548,224.078,6.334,5.542
312.197,223.680,6.334,5.542
312.782,224.171,6.334,5.542
312.431,223.821,6.334,5.542
312.174,223.517,6.334,5.542
313.039,224.241,6.334,5.542
313.109,224.124,6.334,5.542
313.226,224.007,6.334,5.542
313.389,224.031,6.334,5.542
312.665,224.148,6.334,5.542
312.922,224.311,6.334,5.542
313.226,224.522,6.334,5.542
313.576,224.779,6.334,5.542
313.085,224.054,6.334,5.542
313.483,224.358,6.334,5.542
313.085,224.662,6.334,5.542
313.576,225.059,6.334,5.542
313.179,224.522,6.334,5.542
313.763,224.919,6.334,5.542
313.553,224.615,6.334,5.542
313.483,225.246,6.334,5.542
313.599,224.942,6.334,5.542
313.716,224.685,6.334,5.542
313.786,225.503,6.334,5.542
313.997,225.293,6.334,5.542
314.300,225.129,6.334,5.542
314.651,225.012,6.334,5.542
314.113,224.849,6.334,5.542
314.511,224.779,6.334,5.542
314.067,224.849,6.334,5.542
314.557,224.919,6.334,5.542
314.160,224.989,6.334,5.542
314.651,225.106,6.334,5.542
314.254,225.222,6.334,5.542
314.838,225.339,6.334,5.542
314.581,225.456,6.334,5.542
314.324,225.620,6.334,5.542
315.095,225.783,6.334,5.542
314.884,224.965,6.334,5.542
314.674,225.176,6.334,5.542
314.511,225.433,6.334,5.542
314.347,225.690,6.334,5.542
314.183,225.853,6.334,5.542
314.955,224.942,6.334,5.542
314.698,225.152,6.334,5.542
314.487,225.316,6.334,5.542
314.324,225.573,6.334,5.542
315.282,225.830,6.334,5.542
315.305,225.246,6.334,5.542
315.375,225.596,6.334,5.542
314.417,225.900,6.334,5.542
314.534,225.316,6.334,5.542
314.651,225.620,6.334,5.542
314.768,225.923,6.334,5.542
314.931,225.386,6.334,5.542
315.095,225.690,6.334,5.542
315.258,225.994,6.334,5.542
315.422,225.456,6.334,5.542
314.604,225.807,6.334,5.542
314.861,225.269,6.334,5.542
315.165,225.620,6.334,5.542
315.515,225.924,6.334,5.542
314.978,225.339,6.334,5.542
315.375,225.643,6.334,5.542
314.931,225.947,6.334,5.542
315.328,225.409,6.334,5.542
315.772,225.760,6.334,5.542
315.422,224.989,6.334,5.542
315.071,225.293,6.334,5.542
315.609,225.596,6.334,5.542
315.352,225.853,6.334,5.542
315.188,225.129,6.334,5.542
316.146,225.480,6.334,5.542
316.356,225.830,6.334,5.542
315.492,225.293,6.334,5.542
315.655,225.643,6.334,5.542
315.819,225.994,6.334,5.542
315.936,225.456,6.334,5.542
316.099,225.760,6.334,5.542
316.263,225.129,6.334,5.542
316.520,225.433,6.334,5.542
315.796,225.737,6.334,5.542
316.099,225.106,6.334,5.542
316.403,225.456,6.334,5.542
315.866,225.760,6.334,5.542
316.216,225.129,6.334,5.542
316.567,225.433,6.334,5.542
316.076,225.690,6.334,5.542
316.473,225.947,6.334,5.542
316.029,225.082,6.334,5.542
316.426,225.339,6.334,5.542
315.936,225.550,6.334,5.542
316.333,225.807,6.334,5.542
315.889,224.989,6.334,5.542
316.286,225.246,6.334,5.542
316.637,225.550,6.334,5.542
316.099,225.853,6.334,5.542
316.403,225.269,6.334,5.542
315.819,225.573,6.334,5.542
316.123,225.924,6.334,5.542
316.426,225.339,6.334,5.542
315.842,225.643,6.334,5.542
316.099,225.994,6.334,5.542
316.263,225.503,6.334,5.542
316.473,225.853,6.334,5.542
315.609,225.316,6.334,5.542
315.819,225.667,6.334,5.542
316.029,226.017,6.334,5.542
316.193,225.573,6.334,5.542
316.497,225.924,6.334,5.542
315.679,225.433,6.334,5.542
315.842,225.783,6.334,5.542
315.312,225.455,6.474,5.665
315.144,225.766,6.474,5.665
316.076,225.169,6.474,5.665
315.956,225.479,6.474,5.665
315.742,225.694,6.474,5.665
315.383,224.763,6.474,5.665
314.977,224.978,6.474,5.665
315.336,225.193,6.474,5.665
314.738,225.121,6.474,5.665
315.097,224.954,6.474,5.665
315.407,224.787,6.474,5.665
314.762,224.619,6.474,5.665
314.977,225.503,6.474,5.665
315.192,225.288,6.474,5.665
315.407,225.025,6.474,5.665
314.619,224.667,6.474,5.665
314.834,225.169,6.474,5.665
315.049,224.763,6.474,5.665
315.168,224.213,6.474,5.665
315.192,224.476,6.474,5.665
314.977,224.548,6.474,5.665
314.762,224.428,6.474,5.665
314.500,224.213,6.474,5.665
313.950,224.237,6.474,5.665
314.500,223.975,6.474,5.665
314.141,223.569,6.474,5.665
314.547,224.022,6.474,5.665
314.046,223.521,6.474,5.665
314.404,223.831,6.474,5.665
313.855,222.900,6.474,5.665
314.213,222.876,6.474,5.665
314.571,222.661,6.474,5.665
314.070,223.306,6.474,5.665
314.476,222.948,6.474,5.665
313.974,222.542,6.474,5.665
314.380,222.948,6.474,5.665
313.927,222.446,6.474,5.665
314.333,222.709,6.474,5.665
313.831,221.777,6.474,5.665
314.285,221.754,6.474,5.665
313.879,221.491,6.474,5.665
314.333,221.992,6.474,5.665
313.927,221.443,6.474,5.665
314.428,221.754,6.474,5.665
314.022,220.965,6.474,5.665
314.524,221.133,6.474,5.665
314.213,221.061,6.474,5.665
314.762,220.846,6.474,5.665
314.452,220.488,6.474,5.665
314.237,220.846,6.474,5.665
314.739,219.915,6.474,5.665
314.476,219.986,6.474,5.665
314.213,219.771,6.474,5.665
315.001,219.509,6.474,5.665
314.930,220.058,6.474,5.665
314.810,219.604,6.474,5.665
314.882,219.915,6.474,5.665
314.906,219.127,6.474,5.665
315.073,219.007,6.474,5.665
315.288,218.649,6.474,5.665
314.643,219.103,6.474,5.665
315.001,218.649,6.474,5.665
315.359,219.103,6.474,5.665
314.810,218.649,6.474,5.665
315.168,218.864,6.474,5.665
315.574,217.789,6.474,5.665
315.121,217.574,6.474,5.665
315.527,218.267,6.474,5.665
315.073,217.956,6.474,5.665
315.479,217.598,6.474,5.665
315.073,218.052,6.474,5.665
315.527,217.598,6.474,5.665
315.121,218.004,6.474,5.665
315.574,217.455,6.474,5.665
315.216,217.718,6.474,5.665
315.670,216.929,6.474,5.665
315.359,217.192,6.474,5.665
315.097,217.407,6.474,5.665
315.885,217.622,6.474,5.665
315.718,217.789,6.474,5.665
315.694,216.905,6.474,5.665
315.670,217.073,6.474,5.665
315.694,217.240,6.474,5.665
315.765,217.455,6.474,5.665
315.933,217.670,6.474,5.665
316.195,216.882,6.474,5.665
316.506,217.097,6.474,5.665
315.909,217.311,6.474,5.665
316.267,217.622,6.474,5.665
315.766,217.980,6.474,5.665
316.219,217.526,6.474,5.665
316.625,217.980,6.474,5.665
316.219,217.670,6.474,5.665
316.721,217.407,6.474,5.665
316.315,218.147,6.474,5.665
315.861,217.932,6.474,5.665
316.363,217.765,6.474,5.665
316.052,217.598,6.474,5.665
316.601,218.577,6.474,5.665
316.243,218.601,6.474,5.665
316.792,218.768,6.474,5.665
316.482,217.837,6.474,5.665
316.171,218.052,6.474,5.665
316.816,218.315,6.474,5.665
316.554,218.625,6.474,5.665
316.291,218.935,6.474,5.665
316.076,218.386,6.474,5.665
316.912,218.744,6.474,5.665
316.697,218.243,6.474,5.665
316.530,218.601,6.474,5.665
316.410,219.007,6.474,5.665
316.291,218.601,6.474,5.665
316.171,219.103,6.474,5.665
317.103,218.697,6.474,5.665
317.079,218.291,6.474,5.665
317.151,218.792,6.474,5.665
317.222,218.434,6.474,5.665
317.389,218.935,6.474,5.665
316.458,218.577,6.474,5.665
316.625,219.079,6.474,5.665
316.792,218.768,6.474,5.665
316.912,218.458,6.474,5.665
316.983,219.150,6.474,5.665
316.960,218.935,6.474,5.665
316.983,218.721,6.474,5.665
317.103,218.506,6.474,5.665
316.983,219.437,6.474,5.665
316.864,219.270,6.474,5.665
316.745,219.150,6.474,5.665
316.577,219.079,6.474,5.665
316.410,219.055,6.474,5.665
316.243,219.174,6.474,5.665
317.079,219.246,6.474,5.665
316.864,219.365,6.474,5.665
316.649,219.485,6.474,5.665
316.434,219.604,6.474,5.665
316.124,219.819,6.474,5.665
316.673,219.127,6.474,5.665
316.363,219.341,6.474,5.665
316.052,219.604,6.474,5.665
316.601,219.867,6.474,5.665
316.291,219.079,6.474,5.665
315.980,219.341,6.474,5.665
316.530,219.652,6.474,5.665
316.267,219.962,6.474,5.665
315.956,219.461,6.474,5.665
316.553,219.867,6.474,5.665
316.195,219.413,6.474,5.665
316.745,219.819,6.474,5.665
316.386,219.318,6.474,5.665
316.028,219.724,6.474,5.665
316.530,219.270,6.474,5.665
316.219,219.724,6.474,5.665
316.816,219.365,6.474,5.665
316.553,219.867,6.474,5.665
316.243,219.509,6.474,5.665
316.888,220.106,6.474,5.665
316.625,219.795,6.474,5.665
316.362,219.533,6.474,5.665
316.100,220.368,6.474,5.665
316.888,220.154,6.474,5.665
316.625,219.986,6.474,5.665
316.410,219.867,6.474,5.665
316.195,219.748,6.474,5.665
317.031,219.676,6.474,5.665
316.864,219.604,6.474,5.665
316.649,220.631,6.474,5.665
316.434,220.751,6.474,5.665
316.315,220.058,6.474,5.665
316.386,220.321,6.474,5.665
316.458,220.631,6.474,5.665
316.530,220.989,6.474,5.665
316.601,220.536,6.474,5.665
316.768,220.989,6.474,5.665
316.936,220.583,6.474,5.665
317.151,221.037,6.474,5.665
317.365,220.679,6.474,5.665
316.625,220.321,6.474,5.665
316.936,220.870,6.474,5.665
317.342,220.560,6.474,5.665
316.840,221.300,6.474,5.665
317.294,221.133,6.474,5.665
316.983,221.013,6.474,5.665
317.628,220.894,6.474,5.665
317.366,220.822,6.474,5.665
317.103,220.798,6.474,5.665
317.939,221.013,6.474,5.665
317.867,221.228,6.474,5.665
317.843,221.491,6.474,5.665
318.010,221.801,6.474,5.665
318.178,221.252,6.474,5.665
318.392,221.610,6.474,5.665
317.700,221.969,6.474,5.665
318.010,221.467,6.474,5.665
318.369,221.873,6.474,5.665
317.867,221.419,6.474,5.665
318.273,221.873,6.474,5.665
317.724,221.467,6.474,5.665
318.130,221.969,6.474,5.665
318.536,221.563,6.474,5.665
318.082,222.016,6.474,5.665
318.488,221.610,6.474,5.665
318.034,222.112,6.474,5.665
318.440,221.754,6.474,5.665
317.939,221.395,6.474,5.665
318.345,222.040,6.474,5.665
317.843,221.730,6.474,5.665
318.201,221.467,6.474,5.665
318.560,222.160,6.474,5.665
318.010,221.897,6.474,5.665
318.321,221.634,6.474,5.665
318.183,222.086,6.336,5.544
318.487,221.876,6.336,5.544
317.902,221.618,6.336,5.544
318.253,222.483,6.336,5.544
318.557,222.273,6.336,5.544
317.879,222.063,6.336,5.544
318.136,221.852,6.336,5.544
318.346,221.642,6.336,5.544
317.482,222.507,6.336,5.544
317.645,222.250,6.336,5.544
317.762,221.992,6.336,5.544
317.832,221.689,6.336,5.544
317.856,222.273,6.336,5.544
317.879,221.969,6.336,5.544
317.856,221.665,6.336,5.544
317.785,222.203,6.336,5.544
317.622,221.852,6.336,5.544
317.458,221.502,6.336,5.544
317.248,222.039,6.336,5.544
317.879,221.689,6.336,5.544
317.575,222.133,6.336,5.544
317.224,221.689,6.336,5.544
317.669,222.086,6.336,5.544
317.271,221.595,6.336,5.544
317.715,221.946,6.336,5.544
317.318,221.408,6.336,5.544
317.762,221.759,6.336,5.544
317.365,221.174,6.336,5.544
316.874,221.478,6.336,5.544
317.271,221.782,6.336,5.544
317.575,221.198,6.336,5.544
317.038,221.455,6.336,5.544
317.388,221.665,6.336,5.544
316.851,221.829,6.336,5.544
317.201,220.964,6.336,5.544
317.505,221.174,6.336,5.544
316.874,221.338,6.336,5.544
317.178,221.455,6.336,5.544
317.435,221.525,6.336,5.544
316.804,221.595,6.336,5.544
317.061,221.665,6.336,5.544
317.318,221.782,6.336,5.544
317.575,220.824,6.336,5.544
316.897,220.894,6.336,5.544
317.154,220.824,6.336,5.544
317.365,220.707,6.336,5.544
316.547,221.665,6.336,5.544
316.710,221.595,6.336,5.544
316.827,221.618,6.336,5.544
317.038,221.502,6.336,5.544
317.248,221.338,6.336,5.544
317.458,221.174,6.336,5.544
316.687,221.011,6.336,5.544
316.944,220.800,6.336,5.544
317.154,220.637,6.336,5.544
317.365,221.548,6.336,5.544
316.640,221.385,6.336,5.544
316.897,221.174,6.336,5.544
317.154,220.917,6.336,5.544
317.412,220.613,6.336,5.544
317.231,220.965,6.201,5.426
316.980,221.263,6.201,5.426
316.728,221.560,6.201,5.426
317.529,220.760,6.201,5.426
317.277,220.965,6.201,5.426
316.980,220.943,6.201,5.426
316.682,220.782,6.201,5.426
317.346,220.531,6.201,5.426
317.094,220.233,6.201,5.426
316.888,220.760,6.201,5.426
317.780,220.325,6.201,5.426
317.849,219.799,6.201,5.426
317.963,220.096,6.201,5.426
316.980,220.302,6.201,5.426
317.140,219.410,6.201,5.426
317.391,219.341,6.201,5.426
317.643,219.273,6.201,5.426
318.123,220.211,6.201,5.426
317.780,219.867,6.201,5.426
318.307,219.479,6.201,5.426
317.918,218.998,6.201,5.426
317.575,219.250,6.201,5.426
318.101,219.410,6.201,5.426
317.803,218.381,6.201,5.426
318.467,218.083,6.201,5.426
318.307,218.609,6.201,5.426
318.146,218.129,6.201,5.426
318.307,218.426,6.201,5.426
318.604,217.488,6.201,5.426
318.947,217.511,6.201,5.426
318.512,217.260,6.201,5.426
318.993,217.832,6.201,5.426
318.650,217.351,6.201,5.426
319.267,216.825,6.201,5.426
319.107,216.848,6.201,5.426
319.222,216.642,6.201,5.426
319.427,216.253,6.201,5.426
319.679,216.688,6.201,5.426
319.976,216.070,6.201,5.426
319.633,216.185,6.201,5.426
320.297,215.979,6.201,5.426
320.136,215.590,6.201,5.426
320.022,214.927,6.201,5.426
320.136,215.041,6.201,5.426
320.388,214.881,6.201,5.426
320.685,214.538,6.201,5.426
321.120,214.149,6.201,5.426
320.731,214.492,6.201,5.426
321.303,213.554,6.201,5.426
321.189,213.302,6.201,5.426
321.349,212.822,6.201,5.426
321.600,213.119,6.201,5.426
321.989,212.959,6.201,5.426
321.555,212.616,6.201,5.426
322.035,212.182,6.201,5.426
321.783,212.479,6.201,5.426
322.767,211.495,6.201,5.426
322.973,211.289,6.201,5.426
322.401,210.855,6.201,5.426
322.790,211.244,6.201,5.426
323.225,211.450,6.201,5.426
323.019,210.420,6.201,5.426
323.179,210.031,6.201,5.426
323.476,210.466,6.201,5.426
323.865,209.711,6.201,5.426
324.300,209.551,6.201,5.426
324.048,209.208,6.201,5.426
324.162,209.459,6.201,5.426
324.460,208.522,6.201,5.426
324.849,208.316,6.201,5.426
325.283,207.927,6.201,5.426
325.215,208.224,6.201,5.426
325.466,208.064,6.201,5.426
325.947,207.721,6.201,5.426
325.649,207.195,6.201,5.426
326.633,207.401,6.201,5.426
326.930,206.326,6.201,5.426
326.541,205.937,6.201,5.426
327.251,206.234,6.201,5.426
327.228,206.028,6.201,5.426
327.610,204.900,6.338,5.546
327.353,204.596,6.338,5.546
327.189,204.994,6.338,5.546
328.288,204.035,6.338,5.546
328.779,203.825,6.338,5.546
328.709,203.380,6.338,5.546
328.966,203.591,6.338,5.546
329.317,203.334,6.338,5.546
329.855,202.983,6.338,5.546
329.738,202.539,6.338,5.546
330.042,202.749,6.338,5.546
330.439,201.697,6.338,5.546
330.088,202.141,6.338,5.546
330.860,201.557,6.338,5.546
330.680,201.233,6.203,5.428
331.664,201.393,6.203,5.428
332.053,200.318,6.203,5.428
331.618,199.974,6.203,5.428
332.464,200.272,6.203,5.428
332.716,200.157,6.203,5.428
333.059,199.768,6.203,5.428
332.716,199.288,6.203,5.428
333.654,198.350,6.203,5.428
333.998,198.144,6.203,5.428
333.654,198.487,6.203,5.428
334.638,197.549,6.203,5.428
334.936,197.389,6.203,5.428
334.592,197.045,6.203,5.428
335.576,197.343,6.203,5.428
335.828,196.267,6.203,5.428
336.354,196.794,6.203,5.428
336.377,196.222,6.203,5.428
336.721,196.336,6.203,5.428
337.201,195.169,6.203,5.428
337.361,195.512,6.203,5.428
337.659,194.666,6.203,5.428
338.231,194.597,6.203,5.428
338.437,194.025,6.203,5.428
338.780,194.231,6.203,5.428
339.306,194.208,6.203,5.428
339.238,193.819,6.203,5.428
339.581,193.293,6.203,5.428
340.153,192.355,6.203,5.428
340.359,192.057,6.203,5.428
340.748,192.492,6.203,5.428
341.594,191.462,6.203,5.428
341.846,191.073,6.203,5.428
342.281,191.416,6.203,5.428
342.395,190.432,6.203,5.428
342.739,190.181,6.203,5.428
343.219,190.661,6.203,5.428
343.059,190.089,6.203,5.428
343.219,190.204,6.203,5.428
343.883,189.906,6.203,5.428
344.912,189.334,6.203,5.428
344.386,188.396,6.203,5.428
345.324,188.007,6.203,5.428
345.576,188.396,6.203,5.428
346.102,187.778,6.203,5.428
346.308,187.481,6.203,5.428
346.651,187.137,6.203,5.428
347.361,187.526,6.203,5.428
347.658,186.497,6.203,5.428
348.184,186.199,6.203,5.428
348.253,186.497,6.203,5.428
348.551,185.742,6.203,5.428
349.031,185.902,6.203,5.428
348.871,185.421,6.203,5.428
349.992,184.483,6.203,5.428
349.649,184.369,6.203,5.428
350.679,183.934,6.203,5.428
351.113,184.231,6.203,5.428
350.999,183.980,6.203,5.428
351.296,183.682,6.203,5.428
351.823,183.202,6.203,5.428
352.852,183.408,6.203,5.428
353.379,182.286,6.203,5.428
353.127,181.897,6.203,5.428
353.287,182.149,6.203,5.428
353.676,182.080,6.203,5.428
354.294,181.829,6.203,5.428
354.454,180.982,6.203,5.428
354.752,180.868,6.203,5.428
355.369,180.524,6.203,5.428
355.667,179.495,6.203,5.428
356.102,179.289,6.203,5.428
355.804,178.808,6.203,5.428
356.880,179.060,6.203,5.428
357.406,178.946,6.203,5.428
357.108,178.648,6.203,5.428
357.314,177.893,6.203,5.428
357.658,177.733,6.203,5.428
358.138,177.252,6.203,5.428
357.978,177.367,6.203,5.428
358.321,176.154,6.203,5.428
358.893,176.543,6.203,5.428
359.465,175.559,6.203,5.428
359.580,175.216,6.203,5.428
359.969,175.513,6.203,5.428
359.625,174.529,6.203,5.428
360.381,174.049,6.203,5.428
360.541,174.209,6.203,5.428
360.838,173.774,6.203,5.428
361.273,173.248,6.203,5.428
360.838,173.362,6.203,5.428
361.731,171.692,6.203,5.428
361.616,171.578,6.203,5.428
361.868,171.143,6.203,5.428
362.257,171.349,6.203,5.428
361.868,170.273,6.203,5.428
362.898,170.571,6.203,5.428
363.149,169.404,6.203,5.428
362.669,168.786,6.203,5.428
362.966,168.855,6.203,5.428
362.531,168.511,6.203,5.428
363.058,167.573,6.203,5.428
362.898,167.230,6.203,5.428
363.973,167.344,6.203,5.428
363.401,166.177,6.203,5.428
363.836,166.521,6.203,5.428
364.316,165.537,6.203,5.428
364.019,164.965,6.203,5.428
363.721,164.576,6.203,5.428
364.751,163.729,6.203,5.428
365.003,163.477,6.203,5.428
364.477,162.722,6.203,5.428
364.774,162.562,6.203,5.428
365.209,162.219,6.203,5.428
364.682,162.425,6.203,5.428
365.163,161.349,6.203,5.428
364.866,160.777,6.203,5.428
365.666,160.571,6.203,5.428
365.460,159.953,6.203,5.428
365.575,159.793,6.203,5.428
365.827,159.313,6.203,5.428
366.033,158.191,6.203,5.428
365.643,158.901,6.203,5.428
366.033,158.146,6.203,5.428
