292.000,218.000,6.000,5.000
292.270,218.192,6.133,5.111
291.850,218.391,6.133,5.111
292.182,218.634,6.133,5.111
291.762,217.904,6.133,5.111
292.093,218.103,6.133,5.111
291.673,218.302,6.133,5.111
292.005,218.501,6.133,5.111
291.585,217.727,6.133,5.111
291.917,217.926,6.133,5.111
292.248,218.125,6.133,5.111
291.828,218.324,6.133,5.111
292.160,218.523,6.133,5.111
291.740,217.749,6.133,5.111
292.071,217.904,6.133,5.111
291.695,218.059,6.133,5.111
292.027,218.214,6.133,5.111
291.651,218.368,6.133,5.111
291.983,218.523,6.133,5.111
291.607,217.661,6.133,5.111
291.983,217.816,6.133,5.111
291.607,217.971,6.133,5.111
291.983,218.170,6.133,5.111
291.607,218.369,6.133,5.111
291.983,218.612,6.133,5.111
291.651,218.059,6.133,5.111
292.160,218.391,6.133,5.111
291.917,218.722,6.133,5.111
292.381,218.258,6.133,5.111
292.138,218.722,6.133,5.111
291.894,218.391,6.133,5.111
292.624,218.943,6.133,5.111
292.381,218.656,6.133,5.111
292.226,218.457,6.133,5.111
292.071,218.346,6.133,5.111
291.872,219.297,6.133,5.111
292.646,219.408,6.133,5.111
292.491,219.562,6.133,5.111
292.337,218.744,6.133,5.111
292.226,218.943,6.133,5.111
292.116,219.187,6.133,5.111
292.005,219.430,6.133,5.111
291.939,219.673,6.133,5.111
291.872,219.164,6.133,5.111
292.779,219.540,6.133,5.111
292.801,219.120,6.133,5.111
292.956,219.496,6.133,5.111
292.226,219.120,6.133,5.111
292.425,219.540,6.133,5.111
292.624,219.164,6.133,5.111
292.823,219.673,6.133,5.111
292.978,219.341,6.133,5.111
292.337,219.894,6.133,5.111
292.536,219.651,6.133,5.111
292.779,219.496,6.133,5.111
293.022,219.386,6.133,5.111
292.514,220.248,6.133,5.111
292.757,220.270,6.133,5.111
293.000,220.336,6.133,5.111
292.447,220.447,6.133,5.111
292.735,219.585,6.133,5.111
293.022,219.739,6.133,5.111
292.558,219.894,6.133,5.111
292.845,220.093,6.133,5.111
293.133,220.292,6.133,5.111
292.668,220.447,6.133,5.111
293.000,219.806,6.133,5.111
292.580,220.049,6.133,5.111
292.956,220.292,6.133,5.111
292.536,220.535,6.133,5.111
292.867,219.938,6.133,5.111
293.243,220.182,6.133,5.111
292.779,220.425,6.133,5.111
293.155,220.668,6.133,5.111
292.690,219.983,6.133,5.111
293.066,220.226,6.133,5.111
292.602,220.469,6.133,5.111
292.934,219.695,6.133,5.111
293.221,219.850,6.133,5.111
292.757,219.960,6.133,5.111
293.044,220.115,6.133,5.111
292.536,220.270,6.133,5.111
292.823,220.469,6.133,5.111
293.110,219.651,6.133,5.111
292.558,219.761,6.133,5.111
292.801,219.872,6.133,5.111
293.088,219.938,6.133,5.111
292.580,219.872,6.133,5.111
292.867,219.806,6.133,5.111
293.155,219.607,6.133,5.111
292.646,219.363,6.133,5.111
292.889,220.049,6.133,5.111
293.132,219.806,6.133,5.111
292.535,219.474,6.133,5.111
292.734,219.142,6.133,5.111
292.933,219.651,6.133,5.111
293.088,219.319,6.133,5.111
292.403,219.784,6.133,5.111
292.513,219.408,6.133,5.111
292.668,219.828,6.133,5.111
292.690,219.408,6.133,5.111
292.668,219.784,6.133,5.111
292.469,219.319,6.133,5.111
292.314,219.651,6.133,5.111
292.115,219.142,6.133,5.111
291.916,219.474,6.133,5.111
292.469,218.966,6.133,5.111
292.226,219.253,6.133,5.111
291.983,219.540,6.133,5.111
291.695,218.988,6.133,5.111
292.204,219.275,6.133,5.111
291.961,219.474,6.133,5.111
291.673,218.700,6.133,5.111
292.182,218.899,6.133,5.111
291.894,219.054,6.133,5.111
292.403,219.209,6.133,5.111
292.204,216.622,6.133,5.111
292.546,216.826,6.002,5.002
291.529,215.765,6.002,5.002
292.373,216.566,6.002,5.002
291.313,214.554,6.002,5.002
291.291,214.402,6.002,5.002
288.553,208.353,6.135,5.112
289.637,208.242,6.135,5.112
290.500,207.070,6.135,5.112
288.310,207.446,6.135,5.112
286.696,206.406,6.135,5.112
287.735,208.684,6.135,5.112
287.801,208.220,6.135,5.112
286.983,205.588,6.135,5.112
287.536,209.326,6.135,5.112
287.735,209.171,6.135,5.112
282.538,212.511,6.135,5.112
282.206,212.090,6.135,5.112
281.874,212.466,6.135,5.112
282.294,212.090,6.135,5.112
281.963,212.511,6.135,5.112
281.012,212.754,6.135,5.112
280.724,212.953,6.135,5.112
281.012,212.975,6.135,5.112
281.034,212.643,6.135,5.112
280.348,212.931,6.135,5.112
280.724,214.457,6.135,5.112
280.746,214.081,6.135,5.112
280.812,214.634,6.135,5.112
280.304,214.346,6.135,5.112
280.414,213.970,6.135,5.112
279.463,213.816,6.135,5.112
283.201,207.910,6.135,5.112
279.419,211.294,6.135,5.112
280.193,211.184,6.135,5.112
280.348,212.090,6.135,5.112
280.193,211.847,6.135,5.112
278.534,211.471,6.135,5.112
282.980,210.210,6.135,5.112
279.950,214.037,6.135,5.112
280.414,214.501,6.135,5.112
279.906,213.373,6.135,5.112
280.857,213.882,6.135,5.112
281.896,214.789,6.135,5.112
280.282,214.368,6.135,5.112
279.817,214.081,6.135,5.112
283.113,208.176,6.135,5.112
282.825,208.596,6.135,5.112
283.290,208.353,6.135,5.112
283.002,208.773,6.135,5.112
282.715,208.530,6.135,5.112
283.135,208.065,6.135,5.112
283.555,206.628,6.135,5.112
280.127,212.533,6.135,5.112
279.309,213.307,6.135,5.112
279.375,213.904,6.135,5.112
278.335,213.882,6.135,5.112
278.092,214.391,6.135,5.112
277.672,214.590,6.135,5.112
275.261,208.684,6.135,5.112
274.885,207.955,6.135,5.112
272.519,208.729,6.135,5.112
274.399,206.716,6.135,5.112
275.173,207.534,6.135,5.112
278.910,209.370,6.135,5.112
279.906,211.206,6.135,5.112
278.955,212.820,6.135,5.112
278.092,212.710,6.135,5.112
275.062,218.615,6.135,5.112
276.013,218.239,6.135,5.112
275.283,217.598,6.135,5.112
275.482,217.133,6.135,5.112
275.770,217.686,6.135,5.112
276.544,217.929,6.135,5.112
275.726,218.040,6.135,5.112
275.261,217.841,6.135,5.112
274.531,216.669,6.135,5.112
275.350,214.169,6.135,5.112
274.708,214.280,6.135,5.112
275.836,218.062,6.135,5.112
276.610,218.748,6.135,5.112
281.764,216.912,6.135,5.112
282.582,217.111,6.135,5.112
282.737,217.310,6.135,5.112
288.642,223.215,6.135,5.112
289.151,223.237,6.135,5.112
289.040,223.215,6.135,5.112
288.929,223.237,6.135,5.112
289.792,223.038,6.135,5.112
290.124,223.989,6.135,5.112
289.792,224.365,6.135,5.112
290.433,224.963,6.135,5.112
284.528,222.552,6.135,5.112
283.975,222.353,6.135,5.112
283.776,222.817,6.135,5.112
284.683,222.353,6.135,5.112
285.988,222.596,6.135,5.112
286.231,222.132,6.135,5.112
286.209,222.375,6.135,5.112
285.479,222.043,6.135,5.112
285.767,222.375,6.135,5.112
288.885,223.370,6.135,5.112
289.659,223.436,6.135,5.112
289.460,223.680,6.135,5.112
290.323,224.011,6.135,5.112
289.991,224.343,6.135,5.112
289.173,224.587,6.135,5.112
288.177,224.741,6.135,5.112
287.226,225.073,6.135,5.112
286.939,225.405,6.135,5.112
287.271,225.560,6.135,5.112
285.479,224.034,6.135,5.112
285.767,224.365,6.135,5.112
287.249,223.193,6.135,5.112
290.102,226.312,6.135,5.112
289.858,225.538,6.135,5.112
290.367,220.915,6.135,5.112
291.185,223.414,6.135,5.112
291.252,223.967,6.135,5.112
287.204,220.628,6.135,5.112
286.917,220.827,6.135,5.112
281.012,225.228,6.135,5.112
281.078,225.560,6.135,5.112
282.162,224.343,6.135,5.112
283.113,224.277,6.135,5.112
282.781,225.184,6.135,5.112
284.395,225.648,6.135,5.112
279.154,227.572,6.135,5.112
279.070,221.935,6.004,5.003
275.975,221.048,6.004,5.003
275.866,219.944,6.004,5.003
275.758,220.312,6.004,5.003
277.338,220.030,6.004,5.003
277.100,221.134,6.004,5.003
279.546,224.489,6.004,5.003
279.611,224.987,6.004,5.003
278.194,229.067,5.876,4.897
278.512,229.173,5.876,4.897
275.694,228.092,5.876,4.897
273.978,230.317,5.876,4.897
273.872,227.881,5.876,4.897
270.207,228.876,5.876,4.897
270.610,228.643,5.876,4.897
269.141,227.777,5.751,4.792
267.464,228.649,5.878,4.898
266.077,228.885,5.752,4.794
265.303,230.015,5.880,4.900
265.028,230.206,5.880,4.900
264.116,231.923,5.880,4.900
267.359,228.128,5.880,4.900
271.027,224.546,5.880,4.900
271.726,224.694,5.880,4.900
270.772,224.928,5.880,4.900
270.030,224.313,5.880,4.900
270.221,224.800,5.880,4.900
271.090,225.161,5.880,4.900
271.832,224.334,5.880,4.900
271.599,224.694,5.880,4.900
271.535,224.970,5.880,4.900
271.726,225.373,5.880,4.900
270.984,224.631,5.880,4.900
270.793,224.398,5.880,4.900
270.518,223.529,5.880,4.900
270.454,223.338,5.880,4.900
270.433,222.977,5.880,4.900
270.624,223.041,5.880,4.900
270.306,222.214,5.880,4.900
267.995,222.999,5.880,4.900
267.169,223.783,5.880,4.900
266.172,223.168,5.880,4.900
265.642,223.741,5.880,4.900
266.003,222.787,5.880,4.900
264.964,221.239,5.880,4.900
265.028,220.794,5.880,4.900
263.353,219.755,5.880,4.900
263.077,220.497,5.880,4.900
262.590,219.883,5.880,4.900
263.586,218.929,5.880,4.900
263.311,219.247,5.880,4.900
263.756,218.505,5.880,4.900
263.777,218.696,5.880,4.900
263.332,219.522,5.880,4.900
263.692,219.925,5.880,4.900
263.374,220.370,5.880,4.900
262.971,221.070,5.880,4.900
263.968,220.836,5.880,4.900
264.159,220.010,5.880,4.900
264.307,220.285,5.880,4.900
264.074,219.883,5.880,4.900
263.968,220.201,5.880,4.900
264.031,219.883,5.880,4.900
264.264,219.565,5.880,4.900
264.159,219.755,5.880,4.900
264.349,219.437,5.880,4.900
264.074,220.307,5.880,4.900
264.688,220.667,5.880,4.900
264.964,221.282,5.880,4.900
265.905,222.662,5.754,4.795
265.347,222.932,5.882,4.901
265.749,223.971,5.882,4.901
263.523,223.653,5.882,4.901
262.357,219.051,5.882,4.901
261.403,219.073,5.882,4.901
261.805,218.670,5.882,4.901
257.331,220.260,5.882,4.901
257.437,220.324,5.882,4.901
259.282,219.115,5.882,4.901
259.600,218.882,5.882,4.901
258.688,219.157,5.882,4.901
258.582,218.712,5.882,4.901
258.222,219.412,5.882,4.901
257.904,219.391,5.882,4.901
258.519,218.733,5.882,4.901
259.049,219.009,5.882,4.901
258.858,219.157,5.882,4.901
258.667,218.967,5.882,4.901
258.434,219.327,5.882,4.901
258.710,219.518,5.882,4.901
258.349,219.454,5.882,4.901
258.555,219.772,5.756,4.797
258.410,220.457,5.756,4.797
258.347,220.021,5.756,4.797
257.330,221.827,5.756,4.797
257.019,222.802,5.756,4.797
257.247,219.419,5.756,4.797
257.268,219.440,5.756,4.797
257.870,219.751,5.756,4.797
258.223,220.270,5.756,4.797
257.912,220.789,5.756,4.797
258.085,219.896,5.884,4.903
257.639,219.154,5.884,4.903
257.406,218.836,5.884,4.903
257.385,219.239,5.884,4.903
258.891,219.599,5.884,4.903
257.936,219.324,5.884,4.903
257.194,218.921,5.884,4.903
258.021,218.899,5.884,4.903
258.169,219.345,5.884,4.903
258.106,219.069,5.884,4.903
258.594,218.793,5.884,4.903
258.233,219.027,5.884,4.903
258.127,218.878,5.884,4.903
257.215,219.833,5.884,4.903
256.982,220.024,5.884,4.903
256.621,220.596,5.884,4.903
255.073,220.363,5.884,4.903
254.076,219.536,5.884,4.903
255.073,219.302,5.884,4.903
255.942,218.899,5.884,4.903
256.260,219.302,5.884,4.903
257.427,218.518,5.884,4.903
257.363,219.642,5.884,4.903
258.360,220.596,5.884,4.903
252.697,224.393,5.884,4.903
251.615,223.311,5.884,4.903
251.170,223.078,5.884,4.903
251.403,223.523,5.884,4.903
251.679,223.587,5.884,4.903
251.106,223.948,5.884,4.903
250.703,222.993,5.884,4.903
251.403,224.117,5.884,4.903
252.230,222.951,5.884,4.903
254.457,223.057,5.884,4.903
254.691,222.781,5.884,4.903
255.603,223.099,5.884,4.903
255.327,222.866,5.884,4.903
256.239,223.905,5.884,4.903
256.218,223.672,5.884,4.903
257.300,224.584,5.884,4.903
257.491,224.436,5.884,4.903
258.360,224.542,5.884,4.903
258.509,222.527,5.884,4.903
258.785,222.208,5.884,4.903
257.703,221.127,5.884,4.903
257.215,221.572,5.884,4.903
258.170,222.102,5.884,4.903
262.423,227.613,5.758,4.798
262.984,230.623,5.758,4.798
268.671,234.253,5.886,4.905
268.522,234.020,5.886,4.905
267.949,233.999,5.886,4.905
268.819,234.359,5.886,4.905
268.713,233.447,5.886,4.905
269.795,233.001,5.886,4.905
270.283,232.768,5.886,4.905
270.771,232.662,5.886,4.905
270.538,232.429,5.886,4.905
268.225,234.190,5.886,4.905
267.780,234.126,5.886,4.905
267.292,234.614,5.886,4.905
267.610,234.847,5.886,4.905
268.395,235.675,5.886,4.905
268.671,237.181,5.886,4.905
268.386,237.909,5.760,4.800
269.320,238.179,5.760,4.800
267.057,237.826,5.760,4.800
267.576,233.444,5.760,4.800
268.261,234.586,5.760,4.800
269.154,233.569,5.760,4.800
270.878,236.372,5.760,4.800
269.362,234.150,5.760,4.800
267.804,234.046,5.760,4.800
267.618,233.942,5.760,4.800
267.846,231.886,5.760,4.800
266.166,231.639,5.887,4.906
266.230,231.321,5.887,4.906
265.784,231.852,5.887,4.906
264.829,232.085,5.887,4.906
264.129,232.191,5.887,4.906
265.041,232.000,5.887,4.906
265.275,232.404,5.887,4.906
265.806,232.595,5.887,4.906
265.402,232.828,5.887,4.906
265.254,232.425,5.887,4.906
266.166,232.913,5.887,4.906
265.593,232.085,5.887,4.906
264.766,231.257,5.887,4.906
264.490,230.599,5.887,4.906
264.808,231.385,5.887,4.906
264.108,231.491,5.887,4.906
263.195,231.724,5.887,4.906
264.065,231.958,5.887,4.906
263.698,231.744,5.762,4.802
263.553,230.893,5.762,4.802
262.784,230.581,5.762,4.802
266.336,225.035,5.762,4.802
266.025,224.017,5.762,4.802
266.212,224.370,5.762,4.802
265.900,224.391,5.762,4.802
265.470,223.928,5.889,4.908
263.028,220.297,5.889,4.908
263.899,219.342,5.889,4.908
264.132,218.301,5.889,4.908
264.493,217.856,5.889,4.908
264.345,220.000,5.889,4.908
264.833,220.276,5.889,4.908
263.920,219.915,5.889,4.908
263.814,219.045,5.889,4.908
264.132,219.575,5.889,4.908
264.536,219.214,5.889,4.908
264.769,218.938,5.889,4.908
264.239,219.384,5.889,4.908
264.387,219.236,5.889,4.908
264.748,219.342,5.889,4.908
264.430,219.066,5.889,4.908
264.791,219.002,5.889,4.908
264.345,219.406,5.889,4.908
264.706,219.087,5.889,4.908
264.302,218.684,5.889,4.908
265.045,219.002,5.889,4.908
265.321,219.406,5.889,4.908
265.555,219.257,5.889,4.908
265.789,219.703,5.889,4.908
265.045,219.894,5.889,4.908
265.279,220.000,5.889,4.908
265.130,220.701,5.889,4.908
264.047,220.127,5.889,4.908
263.559,219.469,5.889,4.908
262.519,219.745,5.889,4.908
260.799,220.149,5.889,4.908
257.720,223.185,5.889,4.908
257.402,222.824,5.889,4.908
258.187,223.270,5.889,4.908
257.147,220.998,5.889,4.908
256.616,220.892,5.889,4.908
256.468,219.384,5.889,4.908
257.381,219.363,5.889,4.908
257.529,218.535,5.889,4.908
257.848,218.132,5.889,4.908
258.124,218.450,5.889,4.908
258.018,218.599,5.889,4.908
257.954,218.747,5.889,4.908
257.253,220.425,5.889,4.908
257.359,220.573,5.889,4.908
257.168,219.703,5.889,4.908
257.317,219.469,5.889,4.908
257.550,221.741,5.889,4.908
257.274,222.102,5.889,4.908
256.659,221.741,5.889,4.908
256.935,222.144,5.889,4.908
257.253,222.038,5.889,4.908
257.741,223.164,5.889,4.908
256.998,222.803,5.889,4.908
256.977,223.164,5.889,4.908
256.744,222.421,5.889,4.908
256.000,223.121,5.889,4.908
256.871,221.953,5.889,4.908
257.147,221.592,5.889,4.908
257.508,220.552,5.889,4.908
258.205,219.888,5.764,4.803
257.935,219.618,5.764,4.803
256.901,218.724,5.891,4.909
256.667,218.490,5.891,4.909
257.029,218.299,5.891,4.909
257.347,217.981,5.891,4.909
257.666,218.724,5.891,4.909
257.899,219.467,5.891,4.909
258.770,219.744,5.891,4.909
258.876,219.595,5.891,4.909
257.878,218.639,5.891,4.909
257.517,218.405,5.891,4.909
257.836,217.407,5.891,4.909
257.857,217.513,5.891,4.909
257.029,218.214,5.891,4.909
257.517,217.683,5.891,4.909
257.241,217.152,5.891,4.909
257.432,217.471,5.891,4.909
257.751,217.535,5.891,4.909
256.880,217.811,5.891,4.909
256.476,215.283,5.891,4.909
255.988,214.370,5.891,4.909
256.859,213.117,5.891,4.909
254.544,212.926,5.891,4.909
253.758,214.179,5.891,4.909
253.227,213.350,5.891,4.909
257.581,219.021,5.891,4.909
257.390,219.467,5.891,4.909
257.963,219.659,5.891,4.909
257.644,219.637,5.891,4.909
257.198,219.319,5.891,4.909
257.517,218.788,5.891,4.909
257.963,218.512,5.891,4.909
257.220,218.830,5.891,4.909
257.496,219.021,5.891,4.909
257.772,218.660,5.891,4.909
257.283,218.767,5.891,4.909
257.560,219.128,5.891,4.909
257.029,218.342,5.891,4.909
257.177,219.340,5.891,4.909
257.496,219.191,5.891,4.909
257.730,218.958,5.891,4.909
257.538,219.149,5.891,4.909
257.645,218.320,5.891,4.909
256.901,218.342,5.891,4.909
258.452,218.788,5.891,4.909
258.473,219.021,5.891,4.909
258.707,219.170,5.891,4.909
258.218,218.554,5.891,4.909
258.452,218.788,5.891,4.909
258.685,219.021,5.891,4.909
258.664,219.297,5.891,4.909
258.346,219.616,5.891,4.909
258.622,219.425,5.891,4.909
258.048,219.106,5.891,4.909
258.494,219.467,5.891,4.909
258.558,219.106,5.891,4.909
257.730,218.915,5.891,4.909
257.623,219.786,5.891,4.909
257.857,219.722,5.891,4.909
257.581,219.574,5.891,4.909
257.305,219.425,5.891,4.909
258.091,219.106,5.891,4.909
258.239,218.788,5.891,4.909
258.218,219.106,5.891,4.909
257.730,218.618,5.891,4.909
257.453,218.936,5.891,4.909
257.262,221.124,5.891,4.909
257.241,219.659,5.891,4.909
257.560,219.680,5.891,4.909
257.241,218.851,5.891,4.909
256.965,218.066,5.891,4.909
257.284,217.705,5.891,4.909
257.602,217.428,5.891,4.909
257.156,218.087,5.891,4.909
257.730,218.236,5.891,4.909
256.901,218.979,5.891,4.909
257.135,219.085,5.891,4.909
257.326,218.936,5.891,4.909
256.753,219.637,5.891,4.909
256.476,219.361,5.891,4.909
256.880,219.255,5.891,4.909
256.816,219.064,5.891,4.909
257.432,219.255,5.891,4.909
258.133,219.446,5.891,4.909
258.452,219.128,5.891,4.909
258.770,218.724,5.891,4.909
258.027,218.915,5.891,4.909
259.407,219.234,5.891,4.909
259.811,218.830,5.891,4.909
259.025,219.234,5.891,4.909
259.174,218.788,5.891,4.909
257.708,219.701,5.891,4.909
257.220,219.680,5.891,4.909
257.921,219.871,5.891,4.909
257.475,220.020,5.891,4.909
258.303,219.659,5.891,4.909
258.792,219.977,5.891,4.909
258.643,220.211,5.891,4.909
258.537,219.892,5.891,4.909
259.068,220.211,5.891,4.909
258.792,219.213,5.891,4.909
259.025,219.319,5.891,4.909
259.131,219.552,5.891,4.909
258.855,219.786,5.891,4.909
258.367,219.510,5.891,4.909
258.430,218.894,5.891,4.909
258.367,218.873,5.891,4.909
258.770,218.979,5.891,4.909
257.857,219.425,5.891,4.909
257.538,219.701,5.891,4.909
257.772,218.958,5.891,4.909
257.453,218.809,5.891,4.909
258.367,218.363,5.891,4.909
258.176,218.044,5.891,4.909
257.857,218.363,5.891,4.909
258.558,218.044,5.891,4.909
257.857,219.807,5.891,4.909
258.176,219.701,5.891,4.909
257.984,219.510,5.891,4.909
257.538,219.319,5.891,4.909
258.069,219.552,5.891,4.909
258.218,219.404,5.891,4.909
257.857,219.128,5.891,4.909
258.770,218.979,5.891,4.909
258.154,219.297,5.891,4.909
257.751,220.168,5.891,4.909
257.475,220.487,5.891,4.909
258.473,219.531,5.891,4.909
258.792,218.788,5.891,4.909
258.388,218.682,5.891,4.909
257.602,219.467,5.891,4.909
256.731,219.276,5.891,4.909
256.370,219.382,5.891,4.909
256.689,219.064,5.891,4.909
257.050,218.023,5.891,4.909
257.453,218.469,5.891,4.909
257.220,218.363,5.891,4.909
257.156,218.002,5.891,4.909
257.135,217.641,5.891,4.909
258.048,217.280,5.891,4.909
258.197,217.046,5.891,4.909
257.878,218.044,5.891,4.909
257.475,217.896,5.891,4.909
257.751,218.044,5.891,4.909
257.390,218.915,5.891,4.909
258.176,219.064,5.891,4.909
258.367,218.703,5.891,4.909
258.558,219.064,5.891,4.909
258.154,218.745,5.891,4.909
257.878,218.384,5.891,4.909
257.602,218.023,5.891,4.909
257.921,219.361,5.891,4.909
258.069,218.788,5.891,4.909
258.898,218.554,5.891,4.909
258.749,218.405,5.891,4.909
258.388,218.682,5.891,4.909
258.579,219.128,5.891,4.909
258.176,218.979,5.891,4.909
257.772,219.425,5.891,4.909
257.581,219.106,5.891,4.909
257.305,218.915,5.891,4.909
257.538,219.149,5.891,4.909
257.772,218.660,5.891,4.909
257.496,219.021,5.891,4.909
257.730,218.660,5.891,4.909
256.731,218.554,5.891,4.909
256.413,218.278,5.891,4.909
256.816,218.002,5.891,4.909
258.919,219.128,5.891,4.909
259.195,218.809,5.891,4.909
257.730,216.536,5.891,4.909
257.284,216.812,5.891,4.909
257.390,217.343,5.891,4.909
257.623,216.558,5.891,4.909
257.772,217.641,5.891,4.909
258.133,218.129,5.891,4.909
258.919,218.320,5.891,4.909
258.558,218.682,5.891,4.909
258.154,218.915,5.891,4.909
258.558,219.064,5.891,4.909
258.239,218.915,5.891,4.909
258.728,219.616,5.891,4.909
257.815,219.722,5.891,4.909
257.623,219.956,5.891,4.909
263.294,218.788,5.891,4.909
264.293,218.851,5.891,4.909
263.974,219.552,5.891,4.909
264.250,219.191,5.891,4.909
258.579,214.880,5.891,4.909
257.708,214.136,5.891,4.909
257.305,217.683,5.891,4.909
257.751,218.384,5.891,4.909
256.965,217.811,5.891,4.909
257.284,218.342,5.891,4.909
257.475,218.575,5.891,4.909
257.666,218.979,5.891,4.909
257.475,219.297,5.891,4.909
257.921,219.531,5.891,4.909
257.730,220.274,5.891,4.909
257.453,219.828,5.891,4.909
258.197,219.552,5.891,4.909
258.048,219.361,5.891,4.909
257.857,219.425,5.891,4.909
257.453,219.106,5.891,4.909
257.645,218.703,5.891,4.909
257.708,218.809,5.891,4.909
258.324,219.085,5.891,4.909
258.176,218.384,5.891,4.909
257.177,218.830,5.891,4.909
256.816,219.149,5.891,4.909
257.050,218.830,5.891,4.909
256.816,219.276,5.891,4.909
257.772,219.552,5.891,4.909
258.048,219.319,5.891,4.909
258.324,218.788,5.891,4.909
258.176,218.554,5.891,4.909
258.282,219.213,5.891,4.909
259.110,217.747,5.891,4.909
257.645,218.788,5.891,4.909
257.114,218.809,5.891,4.909
257.602,219.595,5.891,4.909
257.156,219.319,5.891,4.909
257.262,218.958,5.891,4.909
256.986,219.191,5.891,4.909
257.050,218.830,5.891,4.909
257.241,219.149,5.891,4.909
258.027,219.892,5.891,4.909
257.241,219.701,5.891,4.909
256.455,219.382,5.891,4.909
256.774,219.021,5.891,4.909
256.370,219.382,5.891,4.909
256.646,219.021,5.891,4.909
256.200,219.382,5.891,4.909
256.392,218.427,5.891,4.909
257.900,218.660,5.891,4.909
257.496,218.257,5.891,4.909
258.452,217.811,5.891,4.909
258.167,217.679,5.766,4.805
257.896,217.824,5.766,4.805
258.250,218.053,5.766,4.805
257.231,217.949,5.766,4.805
256.421,217.637,5.766,4.805
257.314,217.450,5.766,4.805
257.585,217.720,5.766,4.805
257.938,217.409,5.766,4.805
257.464,216.989,5.893,4.911
257.698,217.350,5.893,4.911
257.379,217.116,5.893,4.911
257.783,217.223,5.893,4.911
257.337,217.414,5.893,4.911
257.571,218.115,5.893,4.911
256.870,218.051,5.893,4.911
257.188,217.902,5.893,4.911
257.124,218.221,5.893,4.911
256.891,218.072,5.893,4.911
256.615,217.839,5.893,4.911
256.806,217.520,5.893,4.911
258.357,218.944,5.893,4.911
258.803,218.667,5.893,4.911
258.569,218.816,5.893,4.911
258.336,218.667,5.893,4.911
258.442,218.944,5.893,4.911
258.505,219.177,5.893,4.911
258.697,218.731,5.893,4.911
261.735,219.815,5.893,4.911
262.564,219.538,5.893,4.911
262.797,220.112,5.893,4.911
260.481,222.598,5.893,4.911
260.843,224.319,5.893,4.911
261.459,223.405,5.893,4.911
262.840,224.489,5.893,4.911
263.796,220.218,5.893,4.911
263.562,220.155,5.893,4.911
263.923,219.326,5.893,4.911
264.327,219.305,5.893,4.911
264.773,219.071,5.893,4.911
264.284,219.347,5.893,4.911
264.731,218.434,5.893,4.911
264.284,218.030,5.893,4.911
264.688,219.029,5.893,4.911
264.412,220.749,5.893,4.911
264.476,220.431,5.893,4.911
264.582,219.900,5.893,4.911
264.221,219.878,5.893,4.911
264.497,220.070,5.893,4.911
264.518,219.538,5.893,4.911
264.242,220.452,5.893,4.911
265.113,218.306,5.893,4.911
264.072,221.387,5.893,4.911
263.541,220.176,5.893,4.911
263.690,221.089,5.893,4.911
263.923,220.983,5.893,4.911
264.157,221.939,5.893,4.911
264.943,222.003,5.893,4.911
265.177,220.367,5.893,4.911
265.198,220.091,5.893,4.911
265.007,220.197,5.893,4.911
264.731,219.283,5.893,4.911
264.582,218.922,5.893,4.911
264.391,218.646,5.893,4.911
264.922,218.710,5.893,4.911
264.561,218.561,5.893,4.911
264.327,218.200,5.893,4.911
265.241,217.881,5.893,4.911
264.964,218.710,5.893,4.911
264.688,218.434,5.893,4.911
263.944,218.115,5.893,4.911
264.008,217.329,5.893,4.911
263.052,217.308,5.893,4.911
263.371,218.816,5.893,4.911
264.879,221.982,5.893,4.911
265.198,220.516,5.893,4.911
263.944,221.514,5.893,4.911
265.134,223.758,5.768,4.806
264.572,223.571,5.768,4.806
264.055,223.755,5.895,4.913
264.119,221.566,5.895,4.913
264.565,221.757,5.895,4.913
264.204,220.291,5.895,4.913
263.928,219.759,5.895,4.913
263.056,219.696,5.895,4.913
262.313,219.972,5.895,4.913
262.249,220.418,5.895,4.913
262.313,219.972,5.895,4.913
262.674,220.206,5.895,4.913
261.802,219.929,5.895,4.913
261.951,220.333,5.895,4.913
262.823,220.312,5.895,4.913
263.311,220.461,5.895,4.913
263.715,220.949,5.895,4.913
265.309,222.076,5.895,4.913
265.501,221.927,5.895,4.913
265.819,222.246,5.895,4.913
265.203,221.970,5.895,4.913
266.117,220.461,5.895,4.913
265.288,220.737,5.895,4.913
263.609,222.203,5.895,4.913
263.078,218.612,5.895,4.913
263.311,219.568,5.895,4.913
263.588,220.312,5.895,4.913
263.099,220.121,5.895,4.913
257.424,218.016,5.895,4.913
258.721,217.230,5.895,4.913
257.892,216.571,5.895,4.913
254.300,215.615,5.895,4.913
258.742,218.782,5.895,4.913
260.931,219.993,5.895,4.913
262.398,219.759,5.895,4.913
259.443,218.123,5.895,4.913
259.295,218.569,5.895,4.913
259.103,218.973,5.895,4.913
258.912,219.377,5.895,4.913
260.548,219.015,5.895,4.913
261.632,219.929,5.895,4.913
263.907,219.610,5.895,4.913
263.035,219.589,5.895,4.913
263.056,219.951,5.895,4.913
262.823,220.142,5.895,4.913
262.589,219.568,5.895,4.913
262.270,219.929,5.895,4.913
263.099,222.076,5.895,4.913
263.248,221.672,5.895,4.913
264.034,221.353,5.895,4.913
264.353,221.034,5.895,4.913
264.162,221.566,5.895,4.913
263.885,220.482,5.895,4.913
263.609,222.288,5.895,4.913
263.333,222.055,5.895,4.913
263.736,221.226,5.895,4.913
263.418,219.632,5.895,4.913
264.332,219.100,5.895,4.913
264.650,218.144,5.895,4.913
263.566,219.100,5.895,4.913
263.843,217.676,5.895,4.913
263.609,217.868,5.895,4.913
263.885,217.761,5.895,4.913
264.162,217.528,5.895,4.913
264.013,217.591,5.895,4.913
264.119,217.358,5.895,4.913
264.098,218.442,5.895,4.913
263.566,220.673,5.895,4.913
263.035,223.542,5.895,4.913
263.864,221.778,5.895,4.913
263.800,221.290,5.895,4.913
263.566,220.843,5.895,4.913
263.758,220.737,5.895,4.913
263.736,221.226,5.895,4.913
263.545,221.077,5.895,4.913
264.289,221.013,5.895,4.913
263.928,221.290,5.895,4.913
263.524,221.056,5.895,4.913
264.438,220.864,5.895,4.913
264.289,221.608,5.895,4.913
264.438,220.779,5.895,4.913
265.182,220.631,5.895,4.913
264.778,219.802,5.895,4.913
264.374,219.015,5.895,4.913
264.183,218.697,5.895,4.913
264.332,218.548,5.895,4.913
264.523,218.314,5.895,4.913
264.417,219.185,5.895,4.913
264.480,218.994,5.895,4.913
264.629,219.611,5.895,4.913
263.545,219.674,5.895,4.913
263.906,219.653,5.895,4.913
263.503,219.929,5.895,4.913
264.119,220.248,5.895,4.913
263.715,222.437,5.895,4.913
262.674,223.861,5.895,4.913
263.715,223.797,5.895,4.913
264.629,222.331,5.895,4.913
264.693,223.415,5.895,4.913
264.757,223.606,5.895,4.913
270.431,229.281,5.895,4.913
268.667,226.837,5.895,4.913
268.646,225.540,5.895,4.913
262.971,219.866,5.895,4.913
263.843,219.674,5.895,4.913
263.566,219.568,5.895,4.913
263.248,218.442,5.895,4.913
263.864,218.123,5.895,4.913
264.111,217.950,5.769,4.808
264.382,218.262,5.769,4.808
263.821,218.101,5.897,4.914
264.028,218.993,5.771,4.809
264.298,220.429,5.771,4.809
263.736,220.325,5.771,4.809
264.048,221.885,5.771,4.809
264.402,219.826,5.771,4.809
264.090,219.680,5.771,4.809
264.319,219.409,5.771,4.809
263.924,218.432,5.771,4.809
264.319,217.703,5.771,4.809
264.090,217.308,5.771,4.809
264.569,216.497,5.771,4.809
264.714,216.933,5.771,4.809
264.985,216.663,5.771,4.809
264.727,217.063,5.899,4.916
264.152,217.382,5.899,4.916
264.514,217.829,5.899,4.916
258.836,212.150,5.899,4.916
257.836,210.896,5.899,4.916
258.058,210.599,6.030,5.025
257.775,210.794,6.030,5.025
256.753,210.425,6.030,5.025
256.993,210.794,6.030,5.025
257.797,209.903,6.030,5.025
257.384,209.620,6.030,5.025
257.536,209.164,6.030,5.025
257.384,209.403,6.030,5.025
259.623,212.772,6.030,5.025
259.210,213.142,6.030,5.025
258.797,212.468,6.030,5.025
256.906,216.359,6.030,5.025
257.101,216.598,6.030,5.025
256.651,216.385,6.163,5.136
257.651,216.762,6.163,5.136
257.806,218.029,6.163,5.136
258.006,218.407,6.163,5.136
257.540,218.162,6.163,5.136
257.740,217.829,6.163,5.136
257.984,218.207,6.163,5.136
257.607,218.718,6.163,5.136
257.895,218.651,6.163,5.136
257.435,218.986,6.299,5.249
257.186,218.645,6.299,5.249
256.890,218.168,6.299,5.249
256.277,217.964,6.299,5.249
257.079,216.704,6.439,5.366
257.288,216.310,6.439,5.366
256.801,216.379,6.439,5.366
257.056,218.213,6.439,5.366
256.672,217.841,6.581,5.484
257.075,217.295,6.581,5.484
257.224,217.161,6.727,5.606
256.326,216.942,6.727,5.606
257.369,218.858,6.727,5.606
258.024,219.222,6.727,5.606
257.806,219.586,6.727,5.606
258.121,218.543,6.727,5.606
258.388,219.295,6.727,5.606
261.710,219.707,6.727,5.606
262.123,220.168,6.727,5.606
262.680,220.434,6.727,5.606
262.608,220.362,6.727,5.606
263.602,220.483,6.727,5.606
263.869,220.459,6.727,5.606
263.417,220.673,6.876,5.730
270.207,224.031,7.028,5.856
270.689,224.461,7.028,5.856
271.373,222.510,7.028,5.856
268.662,224.107,7.028,5.856
269.853,224.537,7.028,5.856
271.753,225.576,7.028,5.856
271.727,224.487,7.028,5.856
271.803,225.171,7.028,5.856
271.981,225.449,7.028,5.856
271.854,225.475,7.028,5.856
271.981,225.095,7.028,5.856
271.905,224.563,7.028,5.856
271.626,225.500,7.028,5.856
271.246,225.677,7.028,5.856
271.018,225.399,7.028,5.856
270.689,225.272,7.028,5.856
271.069,225.449,7.028,5.856
271.228,224.885,7.183,5.986
270.891,224.963,7.183,5.986
271.228,224.782,7.183,5.986
271.014,224.688,7.342,6.118
270.723,224.874,7.342,6.118
271.053,224.504,7.505,6.254
270.431,222.691,7.505,6.254
271.540,222.448,7.505,6.254
271.838,222.637,7.505,6.254
271.432,223.043,7.505,6.254
271.730,224.315,7.505,6.254
271.161,224.017,7.505,6.254
270.810,223.719,7.505,6.254
263.232,221.657,7.671,6.392
262.928,221.298,7.671,6.392
262.845,221.491,7.671,6.392
262.707,221.242,7.671,6.392
262.845,220.883,7.671,6.392
262.983,220.523,7.671,6.392
263.011,220.717,7.671,6.392
262.873,219.749,7.671,6.392
262.988,219.994,7.840,6.534
262.579,219.423,8.014,6.678
262.161,219.619,8.191,6.826
262.427,219.235,8.191,6.826
269.307,227.120,8.191,6.826
269.927,227.386,8.191,6.826
269.543,227.356,8.191,6.826
270.164,230.634,8.191,6.826
270.548,231.195,8.191,6.826
270.636,230.457,8.191,6.826
270.134,232.022,8.191,6.826
270.518,232.524,8.191,6.826
269.957,233.026,8.191,6.826
269.750,233.233,8.191,6.826
268.303,234.384,8.191,6.826
267.876,235.504,8.372,6.977
266.698,236.560,8.372,6.977
266.306,234.296,8.372,6.977
265.733,234.689,8.372,6.977
266.246,233.149,8.372,6.977
266.698,235.473,8.372,6.977
267.030,235.081,8.372,6.977
266.578,235.473,8.372,6.977
266.970,237.315,8.372,6.977
266.517,236.983,8.372,6.977
267.091,236.711,8.372,6.977
266.578,236.319,8.372,6.977
267.030,234.538,8.372,6.977
267.544,237.043,8.372,6.977
268.057,237.375,8.372,6.977
267.725,237.949,8.372,6.977
268.057,237.617,8.372,6.977
267.483,238.009,8.372,6.977
267.634,238.401,8.372,6.977
267.604,238.190,8.372,6.977
267.876,238.341,8.372,6.977
266.759,236.862,8.372,6.977
267.332,236.349,8.372,6.977
267.061,236.077,8.372,6.977
266.789,235.806,8.372,6.977
264.646,235.836,8.372,6.977
267.340,227.397,8.558,7.131
267.186,227.860,8.558,7.131
266.723,227.150,8.558,7.131
266.446,228.600,8.558,7.131
266.639,228.938,8.747,7.289
265.135,229.544,8.940,7.450
262.729,220.533,9.138,7.615
262.367,219.907,9.138,7.615
261.873,219.347,9.138,7.615
262.235,220.236,9.138,7.615
261.675,219.874,9.138,7.615
261.576,220.105,9.138,7.615
261.477,220.006,9.138,7.615
261.378,220.368,9.138,7.615
263.059,219.940,9.138,7.615
263.157,220.171,9.138,7.615
262.795,219.742,9.138,7.615
262.367,219.182,9.138,7.615
262.004,219.808,9.138,7.615
262.367,220.302,9.138,7.615
262.334,220.797,9.138,7.615
262.828,219.512,9.138,7.615
263.454,219.281,9.138,7.615
262.630,220.829,9.138,7.615
263.388,219.940,9.138,7.615
263.289,219.643,9.138,7.615
262.795,220.072,9.138,7.615
263.026,220.368,9.138,7.615
262.597,220.138,9.138,7.615
263.157,218.721,9.138,7.615
262.861,217.963,9.138,7.615
263.487,217.667,9.138,7.615
263.454,218.227,9.138,7.615
263.157,218.787,9.138,7.615
262.663,219.281,9.138,7.615
262.762,219.907,9.138,7.615
262.993,219.281,9.138,7.615
262.696,219.643,9.138,7.615
262.531,219.940,9.138,7.615
262.301,218.721,9.138,7.615
262.004,218.227,9.138,7.615
261.576,217.930,9.138,7.615
256.074,215.525,9.138,7.615
255.448,216.151,9.138,7.615
255.218,216.711,9.138,7.615
254.855,216.349,9.138,7.615
256.470,214.142,9.138,7.615
256.437,214.372,9.138,7.615
256.601,213.153,9.138,7.615
247.805,208.376,9.138,7.615
247.311,203.731,9.138,7.615
246.817,203.632,9.138,7.615
247.179,204.060,9.138,7.615
246.685,204.027,9.138,7.615
246.322,203.731,9.138,7.615
243.654,203.303,9.138,7.615
242.764,204.653,9.138,7.615
243.390,205.477,9.138,7.615
243.028,203.929,9.138,7.615
243.234,203.195,9.340,7.784
244.952,203.565,9.340,7.784
245.255,204.273,9.340,7.784
245.289,203.969,9.340,7.784
245.794,204.677,9.340,7.784
248.117,204.374,9.340,7.784
247.410,204.138,9.340,7.784
247.242,204.508,9.340,7.784
247.073,205.148,9.340,7.784
247.040,204.778,9.340,7.784
241.955,204.273,9.340,7.784
242.376,202.684,9.547,7.956
242.734,201.703,9.758,8.132
243.174,202.161,9.974,8.312
243.399,202.554,10.195,8.496
244.098,202.811,10.195,8.496
243.620,202.333,10.195,8.496
244.098,203.105,10.195,8.496
244.862,203.507,10.420,8.684
245.576,203.469,10.420,8.684
245.313,203.732,10.420,8.684
246.853,205.047,10.420,8.684
247.191,205.235,10.420,8.684
246.778,205.724,10.420,8.684
246.139,202.681,10.420,8.684
246.778,202.267,10.420,8.684
245.922,203.379,10.651,8.876
244.578,204.647,10.651,8.876
244.924,204.071,10.651,8.876
244.578,203.495,10.651,8.876
244.156,203.917,10.651,8.876
243.440,203.381,10.887,9.072
254.192,211.302,11.128,9.273
254.874,211.824,11.128,9.273
254.513,211.463,11.128,9.273
254.232,211.423,11.128,9.273
254.994,210.981,11.128,9.273
254.794,211.182,11.128,9.273
254.433,211.062,11.128,9.273
261.935,219.366,11.128,9.273
261.012,217.881,11.128,9.273
260.892,219.606,11.128,9.273
260.611,219.807,11.128,9.273
260.250,220.329,11.128,9.273
260.691,219.887,11.128,9.273
260.250,216.878,11.128,9.273
261.895,219.005,11.128,9.273
261.974,219.374,10.890,9.075
261.778,218.785,10.890,9.075
261.346,218.982,10.890,9.075
252.120,216.979,10.890,9.075
252.316,218.353,10.890,9.075
252.041,220.199,10.890,9.075
252.473,220.395,10.890,9.075
255.163,222.128,11.131,9.276
253.518,221.606,11.131,9.276
253.157,219.640,11.131,9.276
253.117,217.593,11.131,9.276
252.675,215.948,11.131,9.276
253.197,216.148,11.131,9.276
258.936,218.997,11.131,9.276
259.377,218.396,11.131,9.276
255.645,217.553,11.131,9.276
256.407,218.074,11.131,9.276
256.929,218.596,11.131,9.276
255.685,216.871,11.131,9.276
259.865,219.174,10.894,9.078
258.333,216.464,10.894,9.078
254.210,215.797,10.894,9.078
253.315,216.470,11.135,9.279
253.733,216.160,11.381,9.484
254.267,215.626,11.381,9.484
253.651,217.308,11.381,9.484
254.595,215.872,11.381,9.484
254.882,215.421,11.381,9.484
254.349,215.626,11.381,9.484
254.964,214.764,11.381,9.484
254.431,214.559,11.381,9.484
254.718,215.421,11.381,9.484
254.513,215.872,11.381,9.484
253.815,214.764,11.381,9.484
242.860,225.720,11.381,9.484
245.691,227.238,11.381,9.484
246.389,227.443,11.381,9.484
248.317,226.089,11.381,9.484
248.522,225.638,11.381,9.484
247.989,226.582,11.381,9.484
247.948,226.130,11.381,9.484
247.579,226.828,11.381,9.484
248.112,226.540,11.381,9.484
247.414,228.059,11.381,9.484
247.702,227.689,11.381,9.484
248.235,227.074,11.381,9.484
248.686,226.787,11.381,9.484
248.235,226.253,11.381,9.484
248.768,225.227,11.381,9.484
248.071,224.694,11.381,9.484
249.917,221.781,11.381,9.484
250.533,220.427,11.381,9.484
251.148,220.386,11.381,9.484
251.518,220.263,11.381,9.484
251.887,219.565,11.381,9.484
253.077,217.719,11.381,9.484
254.431,218.498,11.381,9.484
254.882,218.293,11.381,9.484
254.923,217.842,11.381,9.484
254.554,217.637,11.381,9.484
253.774,218.827,11.381,9.484
253.861,219.190,11.633,9.694
254.211,218.082,11.890,9.909
254.569,216.949,12.153,10.128
255.401,215.854,12.153,10.128
255.007,216.687,12.153,10.128
254.525,217.081,12.153,10.128
254.072,217.196,12.422,10.352
259.223,217.957,12.422,10.352
260.701,217.644,12.422,10.352
260.477,217.330,12.422,10.352
260.074,217.107,12.422,10.352
259.939,217.957,12.422,10.352
259.894,217.554,12.422,10.352
260.566,217.420,12.422,10.352
260.432,218.181,12.422,10.352
260.118,218.764,12.422,10.352
260.701,218.540,12.422,10.352
260.358,218.607,12.157,10.131
260.108,219.095,11.898,9.915
259.807,218.280,11.898,9.915
259.764,218.151,11.898,9.915
263.067,222.141,11.898,9.915
262.252,222.613,11.898,9.915
261.866,221.025,11.898,9.915
262.510,221.154,11.898,9.915
263.325,218.623,11.898,9.915
269.545,211.460,11.898,9.915
270.016,212.017,11.898,9.915
269.459,211.717,11.898,9.915
270.102,211.932,11.898,9.915
269.716,211.546,11.898,9.915
269.931,210.816,11.898,9.915
270.145,213.004,11.898,9.915
270.703,212.704,11.898,9.915
270.145,212.661,11.898,9.915
270.360,211.846,11.898,9.915
270.032,210.587,11.644,9.704
260.566,219.633,11.396,9.497
260.727,220.170,11.153,9.294
260.044,221.577,11.153,9.294
260.486,220.652,11.153,9.294
260.365,220.210,11.153,9.294
261.049,220.411,11.153,9.294
261.250,216.993,11.153,9.294
261.451,216.712,11.153,9.294
254.897,215.948,11.153,9.294
256.484,217.555,11.400,9.500
254.717,216.939,11.400,9.500
254.593,216.405,11.400,9.500
254.306,217.761,11.400,9.500
253.771,215.912,11.400,9.500
254.566,217.320,11.157,9.297
254.043,217.843,11.157,9.297
259.715,218.848,11.157,9.297
260.077,219.452,11.157,9.297
255.693,217.320,11.157,9.297
255.250,218.889,11.157,9.297
254.727,218.205,11.157,9.297
254.204,218.084,11.157,9.297
254.405,217.320,11.157,9.297
254.204,217.119,11.157,9.297
254.623,216.807,11.404,9.503
255.158,217.506,11.404,9.503
256.525,219.065,11.656,9.713
258.416,219.779,11.656,9.713
260.391,221.754,11.656,9.713
266.316,222.384,11.656,9.713
266.778,221.922,11.656,9.713
266.400,222.132,11.656,9.713
266.778,222.342,11.656,9.713
267.240,221.628,11.656,9.713
267.114,221.838,11.656,9.713
267.997,222.637,11.656,9.713
267.702,222.090,11.656,9.713
266.904,222.637,11.656,9.713
267.114,222.258,11.656,9.713
267.240,222.469,11.656,9.713
266.862,223.267,11.656,9.713
267.324,224.065,11.656,9.713
268.039,223.267,11.656,9.713
267.156,224.906,11.656,9.713
268.375,223.183,11.656,9.713
267.408,224.822,11.656,9.713
268.039,223.015,11.656,9.713
268.585,222.216,11.656,9.713
267.955,220.830,11.656,9.713
267.408,220.283,11.656,9.713
267.871,220.914,11.656,9.713
268.602,222.597,11.407,9.506
268.726,223.378,11.407,9.506
268.849,223.419,11.407,9.506
268.138,222.530,11.164,9.303
267.776,222.168,11.164,9.303
268.219,222.288,11.164,9.303
269.064,222.892,11.164,9.303
269.426,222.449,11.164,9.303
268.984,221.443,11.164,9.303
268.541,221.725,11.164,9.303
268.420,221.926,11.164,9.303
267.977,221.966,11.164,9.303
267.896,222.490,11.411,9.509
267.556,221.659,11.664,9.720
268.103,222.122,11.664,9.720
268.673,222.752,11.415,9.512
268.596,222.338,11.171,9.310
267.670,222.056,11.171,9.310
268.113,221.049,11.171,9.310
268.717,224.956,11.171,9.310
264.891,230.473,11.171,9.310
264.367,229.708,11.171,9.310
253.087,223.713,11.419,9.515
253.457,224.413,11.419,9.515
253.910,223.960,11.419,9.515
253.293,222.849,11.419,9.515
252.511,223.796,11.419,9.515
251.658,224.502,11.671,9.726
249.681,225.301,11.671,9.726
251.237,223.660,11.671,9.726
250.454,223.335,11.929,9.941
251.185,223.894,11.929,9.941
251.744,223.679,11.929,9.941
251.443,222.948,11.929,9.941
250.970,222.216,11.929,9.941
253.163,217.528,11.929,9.941
253.912,217.344,11.675,9.729
254.207,216.629,11.675,9.729
253.912,216.587,11.675,9.729
254.543,216.460,11.675,9.729
254.080,216.671,11.675,9.729
253.645,216.782,11.933,9.944
253.022,216.270,12.197,10.164
252.803,216.490,12.197,10.164
250.706,219.981,12.467,10.389
249.029,220.846,12.743,10.619
248.501,221.446,12.471,10.393
248.677,220.907,12.205,10.171
248.809,222.799,12.205,10.171
246.917,225.923,12.205,10.171
246.081,226.847,12.205,10.171
245.597,228.387,12.205,10.171
247.665,228.695,12.205,10.171
247.797,229.355,12.205,10.171
247.753,228.255,12.205,10.171
248.149,227.331,12.205,10.171
248.545,226.847,12.205,10.171
248.413,227.419,12.205,10.171
247.753,226.847,12.205,10.171
254.033,217.328,11.945,9.954
253.588,216.816,12.209,10.174
247.379,204.510,12.480,10.400
238.512,191.932,12.756,10.630
239.294,191.242,12.756,10.630
239.616,191.748,12.756,10.630
239.938,191.426,12.756,10.630
239.248,192.300,12.756,10.630
239.478,192.714,12.756,10.630
239.800,192.208,12.756,10.630
239.386,193.082,12.756,10.630
239.892,193.404,12.756,10.630
239.478,194.093,12.756,10.630
240.076,193.863,12.756,10.630
239.662,194.277,12.756,10.630
239.248,194.875,12.756,10.630
239.846,194.737,12.756,10.630
239.340,195.059,12.756,10.630
239.846,195.473,12.756,10.630
239.340,196.071,12.756,10.630
239.754,195.841,12.756,10.630
239.248,195.979,12.756,10.630
239.846,196.209,12.756,10.630
239.432,196.439,12.756,10.630
240.030,196.853,12.756,10.630
239.708,196.347,12.756,10.630
239.386,196.761,12.756,10.630
239.984,196.255,12.756,10.630
239.662,196.853,12.756,10.630
239.340,196.531,12.756,10.630
240.030,197.404,12.756,10.630
239.800,197.910,12.756,10.630
239.662,197.404,12.756,10.630
239.524,198.094,12.756,10.630
240.214,197.772,12.756,10.630
240.444,197.910,12.756,10.630
240.674,198.324,12.756,10.630
239.984,198.922,12.756,10.630
240.398,198.508,12.756,10.630
240.720,199.014,12.756,10.630
240.122,198.416,12.756,10.630
240.444,198.922,12.756,10.630
240.858,198.232,12.756,10.630
240.168,198.554,12.756,10.630
240.398,198.876,12.756,10.630
240.628,198.002,12.756,10.630
239.938,197.496,12.756,10.630
240.168,198.002,12.756,10.630
240.306,197.404,12.756,10.630
240.260,197.818,12.756,10.630
240.030,197.220,12.756,10.630
239.708,197.634,12.756,10.630
239.202,198.140,12.756,10.630
239.708,197.634,12.756,10.630
239.018,198.140,12.756,10.630
238.788,197.634,12.756,10.630
238.374,198.232,12.756,10.630
238.880,197.910,12.756,10.630
238.190,197.680,12.756,10.630
237.777,198.462,12.756,10.630
237.179,198.876,12.756,10.630
237.317,198.370,12.756,10.630
237.271,199.152,12.756,10.630
236.857,198.922,12.756,10.630
236.259,198.968,12.756,10.630
236.581,199.290,12.756,10.630
236.719,199.796,12.756,10.630
235.937,199.382,12.756,10.630
235.615,200.072,12.756,10.630
236.213,200.118,12.756,10.630
235.707,200.531,12.756,10.630
235.109,201.129,12.756,10.630
234.920,200.582,13.038,10.865
235.343,201.193,13.038,10.865
234.826,200.958,13.038,10.865
235.249,201.945,13.038,10.865
234.638,202.368,13.038,10.865
234.967,201.851,13.038,10.865
235.202,202.650,13.038,10.865
234.497,203.074,13.038,10.865
234.450,202.556,13.038,10.865
234.309,203.262,13.038,10.865
233.980,203.497,13.038,10.865
234.591,203.826,13.038,10.865
234.168,204.437,13.038,10.865
233.839,204.296,13.038,10.865
234.450,204.719,13.038,10.865
234.027,205.236,13.038,10.865
233.510,204.813,13.038,10.865
233.933,205.800,13.038,10.865
234.450,206.505,13.038,10.865
233.839,206.364,13.038,10.865
234.074,206.787,13.038,10.865
233.369,207.492,13.038,10.865
233.604,207.915,13.038,10.865
233.839,208.526,13.038,10.865
233.886,208.855,13.038,10.865
233.745,209.372,13.038,10.865
233.698,209.419,13.038,10.865
233.557,209.842,13.038,10.865
233.604,210.453,13.038,10.865
233.651,210.218,13.038,10.865
233.604,210.547,13.038,10.865
233.557,211.064,13.038,10.865
233.510,211.769,13.038,10.865
233.275,211.910,13.038,10.865
233.040,212.333,13.038,10.865
232.993,211.816,13.038,10.865
232.852,212.521,13.038,10.865
233.557,212.568,13.038,10.865
233.604,212.897,13.038,10.865
233.557,213.320,13.038,10.865
233.604,212.897,13.038,10.865
