336.000,349.000,13.000,10.000
336.678,349.587,13.000,10.000
336.181,349.090,13.000,10.000
335.684,349.587,13.000,10.000
336.181,348.910,13.000,10.000
335.593,349.226,13.000,10.000
336.000,349.361,13.000,10.000
336.407,349.407,13.000,10.000
335.639,349.361,13.000,10.000
335.823,349.016,13.288,10.221
335.130,348.324,13.288,10.221
335.638,348.739,13.288,10.221
334.853,349.063,13.288,10.221
335.176,348.370,13.288,10.221
335.407,348.786,13.288,10.221
334.345,349.201,13.288,10.221
334.853,348.416,13.288,10.221
334.160,348.739,13.288,10.221
334.484,349.063,13.288,10.221
333.606,348.370,13.288,10.221
333.929,348.878,13.288,10.221
334.253,349.386,13.288,10.221
334.484,348.693,13.288,10.221
333.699,349.201,13.288,10.221
334.114,348.601,13.288,10.221
334.437,349.201,13.288,10.221
333.560,348.693,13.288,10.221
333.748,349.299,13.582,10.447
333.040,348.591,13.582,10.447
333.560,349.110,13.582,10.447
333.796,349.724,13.582,10.447
332.804,349.299,13.582,10.447
332.474,348.874,13.582,10.447
333.088,349.676,13.582,10.447
332.663,349.440,13.582,10.447
333.276,349.393,13.582,10.447
332.852,349.629,13.582,10.447
332.427,350.054,13.582,10.447
332.946,350.573,13.582,10.447
332.238,350.054,13.582,10.447
332.663,350.856,13.582,10.447
333.088,350.526,13.582,10.447
332.191,350.290,13.582,10.447
332.427,350.148,13.582,10.447
332.568,351.140,13.582,10.447
332.521,351.470,13.582,10.447
332.474,350.856,13.582,10.447
332.521,351.564,13.582,10.447
332.191,351.140,13.582,10.447
331.766,351.848,13.582,10.447
330.964,351.517,13.582,10.447
331.388,351.281,13.582,10.447
331.719,351.140,13.582,10.447
330.916,352.131,13.582,10.447
331.247,352.367,13.582,10.447
331.483,351.659,13.582,10.447
331.247,351.612,13.582,10.447
330.916,351.659,13.582,10.447
330.492,351.800,13.582,10.447
331.105,352.131,13.582,10.447
330.586,352.556,13.582,10.447
331.011,352.036,13.582,10.447
330.303,352.556,13.582,10.447
330.633,352.036,13.582,10.447
330.964,352.650,13.582,10.447
329.972,352.225,13.582,10.447
330.114,353.122,13.582,10.447
329.878,352.886,13.582,10.447
329.925,353.028,13.582,10.447
329.595,353.264,13.582,10.447
330.208,353.688,13.582,10.447
329.784,353.075,13.582,10.447
329.359,353.594,13.582,10.447
329.972,353.075,13.582,10.447
329.264,353.783,13.582,10.447
329.689,353.452,13.582,10.447
330.020,353.122,13.582,10.447
329.217,354.019,13.582,10.447
329.453,353.877,13.582,10.447
329.784,354.113,13.582,10.447
328.981,354.632,13.582,10.447
329.312,354.113,13.582,10.447
329.548,354.821,13.582,10.447
329.312,354.491,13.582,10.447
328.887,354.444,13.582,10.447
328.462,354.680,13.582,10.447
329.170,355.104,13.582,10.447
329.406,355.812,13.582,10.447
329.642,355.388,13.582,10.447
329.878,355.152,13.582,10.447
328.981,356.048,13.582,10.447
328.651,356.284,13.582,10.447
329.264,355.671,13.582,10.447
328.745,356.379,13.582,10.447
328.226,355.954,13.582,10.447
328.934,356.851,13.582,10.447
328.415,356.520,13.582,10.447
329.123,356.851,13.582,10.447
328.509,357.370,13.582,10.447
329.028,356.945,13.582,10.447
328.509,357.842,13.582,10.447
329.123,358.172,13.582,10.447
328.604,358.597,13.582,10.447
329.217,357.984,13.582,10.447
328.698,358.692,13.582,10.447
329.312,358.456,13.582,10.447
329.548,358.880,13.582,10.447
329.972,359.494,13.582,10.447
329.170,358.975,13.582,10.447
328.934,359.683,13.582,10.447
328.887,359.352,13.582,10.447
328.651,359.305,13.582,10.447
329.359,359.730,13.582,10.447
329.595,360.344,13.582,10.447
329.925,359.824,13.582,10.447
329.217,360.532,13.582,10.447
329.737,360.202,13.582,10.447
329.028,361.004,13.582,10.447
329.548,361.335,13.582,10.447
330.067,360.721,13.582,10.447
329.548,361.335,13.582,10.447
330.256,361.004,13.582,10.447
330.586,361.901,13.582,10.447
331.105,362.043,13.582,10.447
330.492,362.279,13.582,10.447
330.916,361.571,13.582,10.447
330.208,362.184,13.582,10.447
330.728,362.987,13.582,10.447
330.303,362.940,13.582,10.447
331.200,363.270,13.582,10.447
331.530,363.789,13.582,10.447
331.955,363.270,13.582,10.447
331.247,363.884,13.582,10.447
331.672,363.553,13.582,10.447
332.097,363.506,13.582,10.447
331.766,363.931,13.582,10.447
332.097,364.544,13.582,10.447
332.521,364.025,13.582,10.447
332.946,364.733,13.582,10.447
332.238,364.308,13.582,10.447
332.757,363.978,13.582,10.447
332.333,364.780,13.582,10.447
333.135,364.733,13.582,10.447
333.371,364.969,13.582,10.447
333.701,365.394,13.582,10.447
334.032,364.686,13.582,10.447
333.418,365.111,13.582,10.447
334.221,365.252,13.582,10.447
334.457,365.111,13.582,10.447
334.881,364.780,13.582,10.447
334.173,364.167,13.582,10.447
334.787,364.120,13.582,10.447
335.117,363.695,13.582,10.447
335.353,362.798,13.582,10.447
335.873,362.090,13.582,10.447
335.165,361.665,13.582,10.447
335.967,360.580,13.582,10.447
336.203,359.777,13.582,10.447
336.533,359.164,13.582,10.447
337.241,358.644,13.582,10.447
336.722,357.559,13.582,10.447
336.769,356.568,13.582,10.447
337.289,355.576,13.582,10.447
337.713,354.680,13.582,10.447
337.100,353.877,13.582,10.447
337.902,352.980,13.582,10.447
338.327,352.178,13.582,10.447
338.563,351.470,13.582,10.447
339.082,349.629,13.582,10.447
338.752,348.827,13.582,10.447
338.799,348.213,13.582,10.447
339.035,347.694,13.582,10.447
339.554,346.231,13.582,10.447
340.073,345.523,13.582,10.447
339.648,343.965,13.582,10.447
340.451,343.351,13.582,10.447
340.781,341.605,13.582,10.447
340.168,340.897,13.582,10.447
340.781,340.283,13.582,10.447
340.545,338.631,13.582,10.447
341.537,337.923,13.582,10.447
342.056,337.310,13.582,10.447
341.537,335.469,13.582,10.447
342.245,334.667,13.582,10.447
342.197,333.770,13.582,10.447
342.433,332.967,13.582,10.447
342.953,332.070,13.582,10.447
342.433,330.985,13.582,10.447
343.141,329.899,13.582,10.447
343.000,328.908,13.582,10.447
343.425,328.011,13.582,10.447
343.944,327.114,13.582,10.447
343.330,326.312,13.582,10.447
343.944,324.471,13.582,10.447
343.802,323.858,13.582,10.447
343.661,323.244,13.582,10.447
344.652,322.725,13.582,10.447
345.077,321.734,13.582,10.447
344.369,320.837,13.582,10.447
344.982,320.129,13.582,10.447
344.463,319.515,13.582,10.447
345.265,318.524,13.582,10.447
344.935,317.721,13.582,10.447
345.171,317.202,13.582,10.447
345.501,317.061,13.582,10.447
345.926,316.447,13.582,10.447
345.124,315.361,13.582,10.447
345.549,314.653,13.582,10.447
345.973,314.229,13.582,10.447
345.360,314.465,13.582,10.447
346.068,313.285,13.582,10.447
345.737,312.577,13.582,10.447
345.313,312.246,13.582,10.447
346.209,312.577,13.582,10.447
346.257,311.585,13.582,10.447
346.398,310.972,13.582,10.447
346.823,310.830,13.582,10.447
346.115,310.405,13.582,10.447
346.445,309.792,13.582,10.447
346.681,309.745,13.582,10.447
347.012,309.414,13.582,10.447
346.304,308.801,13.582,10.447
346.729,309.037,13.582,10.447
345.926,308.706,13.582,10.447
346.351,308.281,13.582,10.447
347.059,307.762,13.582,10.447
346.634,307.904,13.582,10.447
347.248,307.668,13.582,10.447
346.729,307.243,13.582,10.447
346.493,307.762,13.582,10.447
347.295,307.054,13.582,10.447
347.437,307.196,13.582,10.447
347.673,307.243,13.582,10.447
347.720,306.913,13.582,10.447
346.823,306.488,13.582,10.447
346.587,305.874,13.582,10.447
347.389,306.299,13.582,10.447
347.814,305.591,13.582,10.447
347.201,305.638,13.582,10.447
347.909,305.591,13.582,10.447
347.484,305.355,13.582,10.447
348.286,305.119,13.582,10.447
348.050,305.827,13.582,10.447
347.720,305.308,13.582,10.447
347.295,304.694,13.582,10.447
348.097,305.119,13.582,10.447
347.956,305.449,13.582,10.447
347.814,304.552,13.582,10.447
347.673,304.505,13.582,10.447
348.569,304.458,13.582,10.447
348.805,304.222,13.582,10.447
348.097,305.024,13.582,10.447
348.711,304.883,13.582,10.447
348.286,304.647,13.582,10.447
348.994,304.411,13.582,10.447
348.758,304.175,13.582,10.447
348.522,304.977,13.582,10.447
349.419,304.647,13.582,10.447
349.655,304.316,13.582,10.447
349.985,303.892,13.582,10.447
349.372,304.600,13.582,10.447
349.985,304.175,13.582,10.447
349.655,304.788,13.582,10.447
350.457,304.269,13.582,10.447
350.316,304.883,13.582,10.447
350.363,304.364,13.582,10.447
350.599,303.845,13.582,10.447
350.929,304.364,13.582,10.447
350.221,303.845,13.582,10.447
350.741,304.364,13.582,10.447
350.127,303.750,13.582,10.447
350.552,304.081,13.582,10.447
350.977,304.411,13.582,10.447
350.269,303.703,13.582,10.447
350.788,303.939,13.582,10.447
350.174,304.269,13.582,10.447
350.599,304.600,13.582,10.447
350.929,303.892,13.582,10.447
350.033,304.033,13.582,10.447
349.891,304.175,13.582,10.447
349.655,304.128,13.582,10.447
350.269,303.892,13.582,10.447
349.372,303.750,13.582,10.447
349.041,303.514,13.582,10.447
348.333,303.373,13.582,10.447
347.909,303.231,13.582,10.447
347.012,304.128,13.582,10.447
346.398,303.703,13.582,10.447
346.068,303.184,13.582,10.447
345.077,303.797,13.582,10.447
344.085,303.278,13.582,10.447
343.188,302.759,13.582,10.447
342.292,303.373,13.582,10.447
341.300,302.948,13.582,10.447
340.309,303.561,13.582,10.447
339.318,303.042,13.582,10.447
338.138,303.656,13.582,10.447
336.769,303.042,13.582,10.447
335.495,303.278,13.582,10.447
334.881,302.570,13.582,10.447
333.135,302.806,13.582,10.447
332.332,302.665,13.582,10.447
331.341,302.523,13.582,10.447
329.972,302.570,13.582,10.447
327.943,302.429,13.582,10.447
326.763,302.098,13.582,10.447
324.827,302.901,13.582,10.447
323.836,302.570,13.582,10.447
321.807,302.617,13.582,10.447
320.721,302.381,13.582,10.447
318.691,302.240,13.582,10.447
318.361,303.042,13.582,10.447
316.331,303.089,13.582,10.447
315.057,302.948,13.582,10.447
312.933,303.089,13.582,10.447
311.186,303.231,13.582,10.447
310.101,303.561,13.582,10.447
308.071,302.948,13.582,10.447
306.986,303.278,13.582,10.447
304.956,302.665,13.582,10.447
303.304,303.089,13.582,10.447
302.218,303.609,13.582,10.447
300.283,303.089,13.582,10.447
299.009,303.703,13.582,10.447
296.979,303.373,13.582,10.447
295.138,303.042,13.582,10.447
293.864,303.845,13.582,10.447
291.645,303.892,13.582,10.447
290.937,303.845,13.582,10.447
288.625,303.797,13.582,10.447
287.728,304.033,13.582,10.447
285.226,304.364,13.582,10.447
283.857,303.845,13.582,10.447
281.733,304.269,13.582,10.447
279.893,304.883,13.582,10.447
278.807,304.458,13.582,10.447
276.683,304.033,13.582,10.447
275.975,304.930,13.582,10.447
273.756,304.694,13.582,10.447
271.727,304.647,13.582,10.447
270.358,304.694,13.582,10.447
269.461,304.930,13.582,10.447
267.715,305.355,13.582,10.447
265.496,304.741,13.582,10.447
264.694,305.261,13.582,10.447
263.608,305.969,13.582,10.447
261.579,305.638,13.582,10.447
260.021,305.213,13.582,10.447
257.708,306.110,13.582,10.447
256.906,306.252,13.582,10.447
254.687,306.582,13.582,10.447
253.791,305.874,13.582,10.447
251.667,306.299,13.582,10.447
251.053,305.685,13.582,10.447
249.023,306.299,13.582,10.447
247.560,305.874,13.582,10.447
246.569,306.582,13.582,10.447
245.483,306.252,13.582,10.447
243.737,307.054,13.582,10.447
241.613,306.913,13.582,10.447
241.094,306.677,13.582,10.447
240.008,306.913,13.582,10.447
238.356,307.243,13.582,10.447
237.459,307.573,13.582,10.447
236.751,307.243,13.582,10.447
234.722,307.951,13.582,10.447
233.730,307.621,13.582,10.447
232.739,307.385,13.582,10.447
231.937,307.715,13.582,10.447
231.323,308.140,13.582,10.447
230.804,308.565,13.582,10.447
229.813,308.140,13.582,10.447
228.916,308.848,13.582,10.447
228.114,308.423,13.582,10.447
227.406,307.998,13.582,10.447
226.886,308.612,13.582,10.447
226.084,308.376,13.582,10.447
225.659,308.140,13.582,10.447
225.518,309.037,13.582,10.447
224.998,309.461,13.582,10.447
224.196,308.753,13.582,10.447
223.488,309.273,13.582,10.447
223.252,309.697,13.582,10.447
222.544,309.084,13.582,10.447
222.308,309.603,13.582,10.447
221.694,309.178,13.582,10.447
221.741,309.886,13.582,10.447
220.656,309.745,13.582,10.447
220.986,309.697,13.582,10.447
220.089,309.839,13.582,10.447
219.476,309.981,13.582,10.447
219.712,310.500,13.582,10.447
218.815,309.886,13.582,10.447
218.390,310.311,13.582,10.447
218.815,309.792,13.582,10.447
217.918,310.311,13.582,10.447
217.493,309.792,13.582,10.447
218.296,310.500,13.582,10.447
217.682,310.075,13.582,10.447
218.296,310.972,13.582,10.447
217.777,310.925,13.582,10.447
217.257,310.877,13.582,10.447
217.871,311.113,13.582,10.447
217.446,311.444,13.582,10.447
218.154,310.736,13.582,10.447
218.013,311.161,13.582,10.447
217.965,311.680,13.582,10.447
217.918,311.066,13.582,10.447
218.437,311.585,13.582,10.447
219.051,310.972,13.582,10.447
218.721,311.397,13.582,10.447
219.051,310.689,13.582,10.447
219.665,311.302,13.582,10.447
220.467,310.594,13.582,10.447
221.081,311.113,13.582,10.447
221.317,311.727,13.582,10.447
221.930,311.208,13.582,10.447
222.450,311.821,13.582,10.447
222.969,311.208,13.582,10.447
223.582,311.821,13.582,10.447
224.385,311.019,13.582,10.447
225.093,311.349,13.582,10.447
225.801,310.830,13.582,10.447
226.509,311.538,13.582,10.447
227.500,310.925,13.582,10.447
228.208,311.444,13.582,10.447
228.916,310.830,13.582,10.447
229.624,311.444,13.582,10.447
231.276,310.925,13.582,10.447
231.890,311.538,13.582,10.447
232.409,311.019,13.582,10.447
234.061,311.633,13.582,10.447
234.580,311.113,13.582,10.447
235.854,311.444,13.582,10.447
236.279,310.830,13.582,10.447
237.554,310.972,13.582,10.447
239.206,311.397,13.582,10.447
239.819,310.594,13.582,10.447
240.622,310.925,13.582,10.447
242.651,311.538,13.582,10.447
243.643,311.019,13.582,10.447
245.011,311.255,13.582,10.447
245.531,311.397,13.582,10.447
247.466,310.689,13.582,10.447
248.363,310.830,13.582,10.447
249.920,310.972,13.582,10.447
250.628,310.925,13.582,10.447
252.563,310.689,13.582,10.447
254.215,310.736,13.582,10.447
254.923,310.500,13.582,10.447
255.631,310.170,13.582,10.447
257.944,310.878,13.582,10.447
258.652,310.547,13.582,10.447
260.776,310.028,13.582,10.447
261.484,310.642,13.582,10.447
263.703,310.122,13.582,10.447
265.260,310.642,13.582,10.447
266.346,309.934,13.582,10.447
268.187,310.264,13.582,10.447
269.367,310.594,13.582,10.447
271.208,309.886,13.582,10.447
272.199,309.745,13.582,10.447
274.040,309.603,13.582,10.447
275.409,309.178,13.582,10.447
277.627,309.981,13.582,10.447
279.468,309.462,13.582,10.447
281.214,309.037,13.582,10.447
282.772,309.650,13.582,10.447
283.669,308.942,13.582,10.447
286.265,309.367,13.582,10.447
288.011,308.565,13.582,10.447
289.191,308.518,13.582,10.447
291.410,308.565,13.582,10.447
293.345,308.234,13.582,10.447
295.374,309.131,13.582,10.447
297.026,308.612,13.582,10.447
298.395,307.904,13.582,10.447
300.614,308.329,13.582,10.447
302.926,307.715,13.582,10.447
304.390,308.234,13.582,10.447
306.608,308.659,13.582,10.447
308.638,307.857,13.582,10.447
310.762,307.810,13.582,10.447
311.753,307.668,13.582,10.447
313.688,307.243,13.582,10.447
316.473,307.951,13.582,10.447
318.503,307.432,13.582,10.447
320.343,306.913,13.582,10.447
322.373,307.432,13.582,10.447
324.403,306.724,13.582,10.447
326.527,306.771,13.582,10.447
328.651,306.535,13.582,10.447
330.869,306.110,13.582,10.447
332.238,306.535,13.582,10.447
334.645,305.827,13.582,10.447
337.052,305.969,13.582,10.447
338.704,306.016,13.582,10.447
341.112,305.780,13.582,10.447
342.952,305.544,13.582,10.447
344.982,305.119,13.582,10.447
347.106,305.827,13.582,10.447
349.325,305.119,13.582,10.447
351.637,305.261,13.582,10.447
354.045,304.930,13.582,10.447
355.697,304.694,13.582,10.447
358.481,304.364,13.582,10.447
360.700,304.034,13.582,10.447
362.918,304.553,13.582,10.447
364.287,303.656,13.582,10.447
366.694,303.420,13.582,10.447
369.196,303.090,13.582,10.447
371.226,303.703,13.582,10.447
373.538,303.184,13.582,10.447
375.851,303.609,13.582,10.447
377.314,302.618,13.582,10.447
379.816,302.287,13.582,10.447
381.562,301.768,13.582,10.447
384.064,302.098,13.582,10.447
385.811,302.334,13.582,10.447
387.557,301.249,13.582,10.447
390.153,301.579,13.582,10.447
391.805,300.682,13.582,10.447
393.551,300.446,13.582,10.447
395.675,300.210,13.582,10.447
397.611,300.824,13.582,10.447
399.168,300.210,13.582,10.447
400.348,300.541,13.582,10.447
402.095,299.738,13.582,10.447
403.652,299.408,13.582,10.447
405.399,298.983,13.582,10.447
406.484,299.502,13.582,10.447
408.136,298.700,13.582,10.447
408.750,299.125,13.582,10.447
409.647,299.078,13.582,10.447
411.865,298.842,13.582,10.447
412.384,298.417,13.582,10.447
413.564,297.898,13.582,10.447
414.744,298.228,13.582,10.447
415.075,298.181,13.582,10.447
416.066,298.134,13.582,10.447
416.868,298.181,13.582,10.447
417.577,297.756,13.582,10.447
418.945,297.237,13.582,10.447
419.370,297.662,13.582,10.447
420.173,297.048,13.582,10.447
420.597,297.473,13.582,10.447
421.400,296.765,13.582,10.447
422.013,296.906,13.582,10.447
422.155,296.670,13.582,10.447
422.863,296.246,13.582,10.447
423.005,296.859,13.582,10.447
423.618,296.246,13.582,10.447
424.326,296.576,13.582,10.447
424.468,295.868,13.582,10.447
425.081,296.104,13.582,10.447
424.940,296.246,13.582,10.447
425.270,296.482,13.582,10.447
425.789,295.585,13.582,10.447
425.270,295.349,13.582,10.447
426.167,295.018,13.582,10.447
426.592,295.632,13.582,10.447
427.205,295.113,13.582,10.447
426.969,295.726,13.582,10.447
427.394,295.207,13.582,10.447
428.008,295.538,13.582,10.447
427.961,294.735,13.582,10.447
428.385,294.971,13.582,10.447
428.999,294.830,13.582,10.447
428.574,294.594,13.582,10.447
429.471,294.358,13.582,10.447
429.802,294.122,13.582,10.447
429.094,294.830,13.582,10.447
429.613,294.405,13.582,10.447
430.415,293.886,13.582,10.447
430.651,294.405,13.582,10.447
431.170,293.791,13.582,10.447
430.557,294.216,13.582,10.447
431.170,294.641,13.582,10.447
430.934,294.027,13.582,10.447
431.170,294.452,13.582,10.447
431.595,293.838,13.582,10.447
432.114,294.358,13.582,10.447
431.501,293.838,13.582,10.447
432.114,294.358,13.582,10.447
431.784,293.838,13.582,10.447
432.020,294.452,13.582,10.447
432.350,294.027,13.582,10.447
432.775,294.735,13.582,10.447
432.161,294.310,13.582,10.447
432.775,293.886,13.582,10.447
432.445,294.594,13.582,10.447
433.153,294.169,13.582,10.447
433.200,294.877,13.582,10.447
433.436,294.452,13.582,10.447
433.766,294.122,13.582,10.447
433.153,294.830,13.582,10.447
433.672,294.499,13.582,10.447
434.285,294.074,13.582,10.447
433.766,294.688,13.582,10.447
433.247,294.169,13.582,10.447
433.955,294.782,13.582,10.447
433.530,294.263,13.582,10.447
434.333,294.782,13.582,10.447
434.474,294.263,13.582,10.447
434.805,294.877,13.582,10.447
434.097,294.358,13.582,10.447
434.522,293.933,13.582,10.447
434.946,294.546,13.582,10.447
434.238,294.122,13.582,10.447
434.758,294.830,13.582,10.447
434.144,294.405,13.582,10.447
434.758,293.980,13.582,10.447
434.144,294.688,13.582,10.447
434.758,294.358,13.582,10.447
434.333,294.027,13.582,10.447
435.041,294.830,13.582,10.447
434.805,294.594,13.582,10.447
434.663,294.358,13.582,10.447
435.466,294.122,13.582,10.447
435.607,295.018,13.582,10.447
435.843,294.877,13.582,10.447
435.041,294.735,13.582,10.447
435.466,294.688,13.582,10.447
435.890,294.546,13.582,10.447
435.182,294.405,13.582,10.447
435.607,294.263,13.582,10.447
436.126,295.160,13.582,10.447
435.418,294.924,13.582,10.447
435.843,294.688,13.582,10.447
435.135,294.452,13.582,10.447
435.560,294.216,13.582,10.447
436.079,295.113,13.582,10.447
435.371,294.971,13.582,10.447
435.890,294.924,13.582,10.447
435.182,294.877,13.582,10.447
435.607,294.924,13.582,10.447
436.032,294.971,13.582,10.447
435.324,295.207,13.582,10.447
435.749,295.538,13.582,10.447
435.041,294.830,13.582,10.447
435.465,295.254,13.582,10.447
435.890,295.679,13.582,10.447
435.182,295.066,13.582,10.447
435.513,295.490,13.582,10.447
435.749,294.877,13.582,10.447
434.946,295.396,13.582,10.447
434.993,294.782,13.582,10.447
434.663,295.302,13.582,10.447
435.277,294.782,13.582,10.447
434.758,295.396,13.582,10.447
434.144,294.971,13.582,10.447
434.569,295.679,13.582,10.447
434.899,295.349,13.582,10.447
434.097,295.018,13.582,10.447
434.333,295.821,13.582,10.447
434.569,295.585,13.582,10.447
434.899,295.349,13.582,10.447
434.097,295.302,13.582,10.447
434.522,295.538,13.582,10.447
434.946,295.774,13.582,10.447
434.238,296.104,13.582,10.447
434.758,296.529,13.582,10.447
434.049,295.915,13.582,10.447
434.569,296.529,13.582,10.447
435.088,296.104,13.582,10.447
434.474,296.812,13.582,10.447
434.899,296.482,13.582,10.447
434.191,296.151,13.582,10.447
434.616,296.859,13.582,10.447
434.946,296.529,13.582,10.447
434.144,296.293,13.582,10.447
434.380,296.246,13.582,10.447
434.616,297.142,13.582,10.447
434.757,297.190,13.582,10.447
433.861,297.331,13.582,10.447
433.436,296.529,13.582,10.447
434.144,296.670,13.582,10.447
433.813,296.906,13.582,10.447
433.389,297.142,13.582,10.447
434.191,297.567,13.582,10.447
433.955,296.954,13.582,10.447
433.719,297.473,13.582,10.447
433.483,296.954,13.582,10.447
434.285,297.662,13.582,10.447
434.049,297.237,13.582,10.447
433.813,298.039,13.582,10.447
433.389,298.086,13.582,10.447
434.002,298.228,13.582,10.447
433.294,298.464,13.582,10.447
433.719,297.756,13.582,10.447
432.917,298.181,13.582,10.447
433.153,298.700,13.582,10.447
433.200,298.181,13.582,10.447
433.247,298.889,13.582,10.447
433.483,298.653,13.582,10.447
433.719,298.606,13.582,10.447
432.917,298.842,13.582,10.447
432.964,299.078,13.582,10.447
432.917,299.408,13.582,10.447
432.775,298.700,13.582,10.447
432.445,299.030,13.582,10.447
433.153,299.361,13.582,10.447
432.633,298.747,13.582,10.447
433.153,299.266,13.582,10.447
432.445,299.786,13.582,10.447
432.869,299.361,13.582,10.447
432.067,299.030,13.582,10.447
432.492,299.833,13.582,10.447
432.822,299.691,13.582,10.447
432.020,299.738,13.582,10.447
432.256,299.974,13.582,10.447
432.492,300.399,13.582,10.447
432.728,299.786,13.582,10.447
431.925,300.305,13.582,10.447
432.161,299.691,13.582,10.447
432.397,300.210,13.582,10.447
432.445,300.824,13.582,10.447
432.209,300.305,13.582,10.447
431.784,299.880,13.582,10.447
431.265,300.494,13.582,10.447
431.784,300.069,13.582,10.447
431.170,300.777,13.582,10.447
431.501,300.446,13.582,10.447
431.737,300.210,13.582,10.447
430.840,301.107,13.582,10.447
430.793,301.060,13.582,10.447
430.651,300.918,13.582,10.447
431.359,301.060,13.582,10.447
430.934,301.296,13.582,10.447
430.509,300.588,13.582,10.447
431.217,301.107,13.582,10.447
430.887,301.721,13.582,10.447
430.462,301.202,13.582,10.447
431.170,301.910,13.582,10.447
430.840,301.579,13.582,10.447
430.415,301.343,13.582,10.447
431.029,301.296,13.582,10.447
430.509,301.438,13.582,10.447
431.029,301.674,13.582,10.447
430.415,302.098,13.582,10.447
430.934,302.523,13.582,10.447
430.321,301.910,13.582,10.447
430.745,302.334,13.582,10.447
429.943,301.721,13.582,10.447
430.273,302.334,13.582,10.447
430.509,301.815,13.582,10.447
430.745,302.429,13.582,10.447
429.943,301.910,13.582,10.447
430.085,302.523,13.582,10.447
430.321,302.098,13.582,10.447
430.557,302.712,13.582,10.447
430.887,302.287,13.582,10.447
430.085,301.862,13.582,10.447
430.226,302.570,13.582,10.447
430.368,302.146,13.582,10.447
430.226,302.854,13.582,10.447
430.085,302.429,13.582,10.447
429.754,301.910,13.582,10.447
429.424,302.523,13.582,10.447
430.132,302.098,13.582,10.447
429.707,302.712,13.582,10.447
430.321,302.287,13.582,10.447
429.801,301.768,13.582,10.447
429.377,302.382,13.582,10.447
429.990,301.957,13.582,10.447
429.471,302.665,13.582,10.447
430.085,302.240,13.582,10.447
429.660,302.948,13.582,10.447
430.273,302.523,13.582,10.447
429.849,302.098,13.582,10.447
429.424,302.806,13.582,10.447
430.037,302.382,13.582,10.447
429.518,301.862,13.582,10.447
430.132,302.476,13.582,10.447
429.613,301.957,13.582,10.447
430.226,302.570,13.582,10.447
429.707,302.146,13.582,10.447
430.321,302.854,13.582,10.447
429.802,302.334,13.582,10.447
429.282,301.910,13.582,10.447
429.896,302.618,13.582,10.447
429.377,302.099,13.582,10.447
429.990,302.712,13.582,10.447
429.471,302.193,13.582,10.447
430.179,302.901,13.582,10.447
429.754,302.382,13.582,10.447
429.330,301.863,13.582,10.447
430.038,302.382,13.582,10.447
429.518,301.768,13.582,10.447
430.226,302.004,13.582,10.447
429.802,302.051,13.582,10.447
429.471,302.004,13.582,10.447
430.274,301.768,13.582,10.447
430.415,301.532,13.582,10.447
430.557,301.296,13.582,10.447
430.793,301.060,13.582,10.447
429.990,301.957,13.582,10.447
430.226,301.627,13.582,10.447
430.462,301.296,13.582,10.447
430.698,300.966,13.582,10.447
431.123,301.768,13.582,10.447
430.321,301.532,13.582,10.447
430.746,301.296,13.582,10.447
430.038,301.060,13.582,10.447
430.557,301.957,13.582,10.447
431.076,301.721,13.582,10.447
430.462,301.579,13.582,10.447
431.170,301.438,13.582,10.447
430.934,301.202,13.582,10.447
430.887,302.099,13.582,10.447
430.934,301.957,13.582,10.447
431.170,301.910,13.582,10.447
431.501,302.051,13.582,10.447
431.831,302.004,13.582,10.447
431.123,301.863,13.582,10.447
431.642,301.721,13.582,10.447
432.256,301.579,13.582,10.447
431.831,301.438,13.582,10.447
431.595,301.485,13.582,10.447
432.398,301.438,13.582,10.447
432.445,301.391,13.582,10.447
432.681,301.343,13.582,10.447
433.106,301.391,13.582,10.447
432.492,301.343,13.582,10.447
433.106,301.202,13.582,10.447
432.775,302.099,13.582,10.447
432.539,302.146,13.582,10.447
433.436,302.193,13.582,10.447
433.672,302.240,13.582,10.447
434.002,302.287,13.582,10.447
433.389,301.485,13.582,10.447
434.002,301.532,13.582,10.447
433.578,301.485,13.582,10.447
434.286,301.532,13.582,10.447
433.955,301.674,13.582,10.447
433.625,301.815,13.582,10.447
434.333,301.957,13.582,10.447
434.097,302.099,13.582,10.447
433.955,302.335,13.582,10.447
434.002,301.627,13.582,10.447
434.144,301.957,13.582,10.447
434.474,302.571,13.582,10.447
434.710,302.051,13.582,10.447
433.908,302.665,13.582,10.447
434.144,302.146,13.582,10.447
434.380,302.759,13.582,10.447
434.616,302.335,13.582,10.447
434.852,301.910,13.582,10.447
433.955,302.618,13.582,10.447
434.097,302.193,13.582,10.447
434.050,302.901,13.582,10.447
433.814,302.476,13.582,10.447
433.578,302.051,13.582,10.447
434.286,302.759,13.582,10.447
434.050,302.429,13.582,10.447
433.908,302.099,13.582,10.447
433.672,302.901,13.582,10.447
434.474,302.571,13.582,10.447
434.333,302.335,13.582,10.447
434.097,302.099,13.582,10.447
433.861,302.901,13.582,10.447
433.719,302.665,13.582,10.447
433.578,302.429,13.582,10.447
434.474,302.287,13.582,10.447
434.522,302.146,13.582,10.447
434.663,303.043,13.582,10.447
434.710,302.995,13.582,10.447
433.814,302.948,13.582,10.447
433.955,302.901,13.582,10.447
434.097,302.948,13.582,10.447
434.238,303.184,13.582,10.447
434.474,303.420,13.582,10.447
434.805,302.807,13.582,10.447
434.097,303.231,13.582,10.447
434.427,303.656,13.582,10.447
434.852,303.043,13.582,10.447
434.238,303.562,13.582,10.447
434.758,303.043,13.582,10.447
434.144,303.656,13.582,10.447
434.758,303.231,13.582,10.447
434.238,303.845,13.582,10.447
434.852,303.420,13.582,10.447
434.333,302.995,13.582,10.447
434.946,303.703,13.582,10.447
434.427,303.373,13.582,10.447
435.041,303.137,13.582,10.447
434.616,303.939,13.582,10.447
435.418,303.798,13.582,10.447
435.466,303.562,13.582,10.447
435.513,303.420,13.582,10.447
435.843,303.279,13.582,10.447
435.041,303.137,13.582,10.447
435.371,304.034,13.582,10.447
435.796,303.987,13.582,10.447
435.088,304.034,13.582,10.447
435.513,304.081,13.582,10.447
435.938,304.223,13.582,10.447
435.324,304.364,13.582,10.447
435.843,303.562,13.582,10.447
435.230,303.798,13.582,10.447
435.843,304.034,13.582,10.447
435.418,304.364,13.582,10.447
436.126,303.656,13.582,10.447
435.796,303.987,13.582,10.447
435.466,304.317,13.582,10.447
436.268,303.703,13.582,10.447
436.126,304.128,13.582,10.447
435.985,304.553,13.582,10.447
436.032,303.939,13.582,10.447
436.079,304.364,13.582,10.447
435.938,303.751,13.582,10.447
436.079,304.175,13.582,10.447
436.221,304.695,13.582,10.447
436.362,304.175,13.582,10.447
436.504,304.695,13.582,10.447
436.740,304.175,13.582,10.447
435.938,304.789,13.582,10.447
436.079,304.270,13.582,10.447
436.221,304.884,13.582,10.447
436.362,304.459,13.582,10.447
436.504,304.034,13.582,10.447
436.646,304.742,13.582,10.447
436.787,304.411,13.582,10.447
435.890,303.987,13.582,10.447
436.032,304.695,13.582,10.447
436.174,304.364,13.582,10.447
436.315,304.034,13.582,10.447
436.362,304.836,13.582,10.447
436.410,304.600,13.582,10.447
436.362,304.364,13.582,10.447
436.410,304.128,13.582,10.447
436.362,305.025,13.582,10.447
436.315,304.884,13.582,10.447
436.362,304.742,13.582,10.447
436.410,304.600,13.582,10.447
436.457,304.459,13.582,10.447
436.504,304.411,13.582,10.447
436.740,304.364,13.582,10.447
435.843,304.411,13.582,10.447
435.985,304.459,13.582,10.447
436.221,304.600,13.582,10.447
436.457,304.742,13.582,10.447
436.693,304.884,13.582,10.447
436.929,305.214,13.582,10.447
436.032,305.450,13.582,10.447
436.268,304.742,13.582,10.447
436.504,305.072,13.582,10.447
436.646,305.403,13.582,10.447
436.787,304.695,13.582,10.447
435.890,305.025,13.582,10.447
436.126,305.450,13.582,10.447
436.362,304.836,13.582,10.447
436.598,305.261,13.582,10.447
436.834,305.780,13.582,10.447
435.938,305.167,13.582,10.447
435.985,305.686,13.582,10.447
435.843,305.167,13.582,10.447
435.607,305.686,13.582,10.447
436.315,305.167,13.582,10.447
436.174,305.686,13.582,10.447
436.221,305.167,13.582,10.447
436.362,305.780,13.582,10.447
436.598,305.261,13.582,10.447
436.834,305.875,13.582,10.447
436.032,305.356,13.582,10.447
436.268,304.931,13.582,10.447
436.598,305.733,13.582,10.447
436.646,305.403,13.582,10.447
436.598,305.072,13.582,10.447
436.834,305.969,13.582,10.447
435.938,305.733,13.582,10.447
436.268,305.592,13.582,10.447
436.693,305.450,13.582,10.447
437.118,305.308,13.582,10.447
436.410,305.450,13.582,10.447
436.929,305.686,13.582,10.447
436.315,305.922,13.582,10.447
436.929,306.441,13.582,10.447
436.410,305.922,13.582,10.447
437.118,306.536,13.582,10.447
436.693,306.205,13.582,10.447
437.401,307.102,13.582,10.447
437.070,307.149,13.582,10.447
437.118,307.385,13.582,10.447
437.259,306.772,13.582,10.447
437.495,307.385,13.582,10.447
437.920,306.960,13.582,10.447
437.212,307.763,13.582,10.447
437.637,307.621,13.582,10.447
438.156,307.857,13.582,10.447
437.448,308.282,13.582,10.447
437.967,307.763,13.582,10.447
437.354,308.471,13.582,10.447
438.062,308.235,13.582,10.447
438.109,309.320,13.582,10.447
438.062,308.707,13.582,10.447
437.731,309.320,13.582,10.447
437.590,308.990,13.582,10.447
438.486,309.887,13.582,10.447
438.534,310.312,13.582,10.447
438.958,309.792,13.582,10.447
438.062,310.595,13.582,10.447
437.637,310.548,13.582,10.447
438.345,310.878,13.582,10.447
437.920,311.492,13.582,10.447
437.306,311.256,13.582,10.447
437.731,312.152,13.582,10.447
436.929,312.294,13.582,10.447
436.882,311.680,13.582,10.447
436.457,312.388,13.582,10.447
436.882,312.247,13.582,10.447
435.985,313.332,13.582,10.447
435.560,313.002,13.582,10.447
435.985,313.993,13.582,10.447
434.899,314.418,13.582,10.447
434.380,313.899,13.582,10.447
434.522,314.796,13.582,10.447
433.814,315.220,13.582,10.447
432.822,315.834,13.582,10.447
432.209,315.409,13.582,10.447
432.161,315.173,13.582,10.447
431.265,316.259,13.582,10.447
430.368,316.967,13.582,10.447
429.754,316.542,13.582,10.447
428.480,316.495,13.582,10.447
428.244,317.014,13.582,10.447
427.253,317.722,13.582,10.447
426.261,317.580,13.582,10.447
425.270,317.911,13.582,10.447
424.373,318.336,13.582,10.447
423.571,317.628,13.582,10.447
422.580,318.336,13.582,10.447
421.117,318.383,13.582,10.447
419.276,318.902,13.582,10.447
418.473,319.704,13.582,10.447
417.671,319.374,13.582,10.447
416.680,319.232,13.582,10.447
415.594,320.318,13.582,10.447
413.470,319.799,13.582,10.447
411.724,320.696,13.582,10.447
409.694,320.554,13.582,10.447
409.080,320.601,13.582,10.447
407.178,321.213,13.292,10.225
406.208,321.352,13.292,10.225
404.406,321.952,13.292,10.225
402.050,321.906,13.292,10.225
401.819,321.767,13.292,10.225
400.203,322.553,13.292,10.225
399.140,322.229,13.292,10.225
397.061,322.368,13.292,10.225
394.983,323.061,13.292,10.225
392.904,323.015,13.292,10.225
391.472,323.246,13.292,10.225
389.486,323.477,13.292,10.225
387.684,323.800,13.292,10.225
386.067,324.216,13.292,10.225
384.543,323.892,13.292,10.225
382.095,324.123,13.292,10.225
380.293,324.631,13.292,10.225
378.584,325.324,13.292,10.225
376.320,324.909,13.292,10.225
375.350,324.585,13.292,10.225
373.272,325.463,13.292,10.225
371.100,325.694,13.292,10.225
368.837,326.202,13.292,10.225
366.296,326.063,13.292,10.225
364.702,326.573,13.009,10.007
362.848,326.166,13.009,10.007
360.904,327.025,13.009,10.007
359.050,326.980,13.009,10.007
355.921,327.392,12.731,9.793
354.284,326.994,12.731,9.793
352.205,327.923,12.731,9.793
349.948,328.232,12.731,9.793
347.603,327.657,12.731,9.793
346.320,328.232,12.731,9.793
343.975,327.923,12.731,9.793
341.630,328.763,12.731,9.793
339.639,328.985,12.731,9.793
336.321,329.383,12.731,9.793
334.507,328.896,12.731,9.793
332.427,329.648,12.731,9.793
330.171,329.516,12.731,9.793
327.737,329.648,12.731,9.793
325.215,329.958,12.731,9.793
323.136,330.445,12.731,9.793
320.791,329.869,12.731,9.793
318.357,330.533,12.731,9.793
316.189,330.223,12.731,9.793
313.756,330.002,12.731,9.793
310.880,330.843,12.731,9.793
308.535,330.887,12.731,9.793
306.544,331.285,12.731,9.793
304.199,330.710,12.731,9.793
301.854,331.285,12.731,9.793
299.244,330.887,12.731,9.793
297.076,331.639,12.731,9.793
294.731,331.418,12.731,9.793
291.678,331.197,12.731,9.793
289.421,330.976,12.731,9.793
287.519,331.816,12.731,9.793
285.262,331.595,12.731,9.793
282.740,331.462,12.731,9.793
279.510,331.684,12.731,9.793
277.696,332.170,12.731,9.793
274.467,331.507,12.731,9.793
272.741,331.993,12.731,9.793
269.511,332.568,12.731,9.793
267.874,332.170,12.731,9.793
264.644,331.772,12.731,9.793
262.299,332.436,12.731,9.793
260.220,332.126,12.731,9.793
257.963,331.816,12.731,9.793
255.176,332.568,12.731,9.793
253.008,332.259,12.731,9.793
250.663,331.861,12.731,9.793
247.521,332.524,12.731,9.793
245.973,332.126,12.731,9.793
242.655,331.639,12.731,9.793
240.398,332.303,12.731,9.793
238.584,331.728,12.731,9.793
236.416,332.214,12.731,9.793
234.071,331.639,12.731,9.793
231.549,332.126,12.731,9.793
229.381,331.462,12.731,9.793
227.125,331.772,12.731,9.793
224.780,331.905,12.731,9.793
222.169,332.126,12.731,9.793
220.090,331.197,12.731,9.793
218.010,331.241,12.731,9.793
215.665,331.108,12.731,9.793
213.143,330.710,12.731,9.793
211.506,331.374,12.731,9.793
210.223,330.976,12.731,9.793
207.967,331.639,12.731,9.793
205.710,331.241,12.731,9.793
203.454,330.666,12.731,9.793
202.348,331.064,12.731,9.793
200.003,331.197,12.731,9.793
197.835,330.002,12.731,9.793
195.667,330.577,12.731,9.793
193.853,330.091,12.731,9.793
192.481,330.666,12.731,9.793
191.552,330.179,12.731,9.793
189.915,329.693,12.731,9.793
187.835,329.825,12.731,9.793
185.844,329.427,12.731,9.793
184.561,328.852,12.731,9.793
183.721,329.427,12.731,9.793
181.376,328.675,12.731,9.793
180.623,328.542,12.731,9.793
179.429,327.967,12.731,9.793
177.438,327.923,12.731,9.793
176.243,327.878,12.731,9.793
174.518,327.746,12.731,9.793
173.588,327.259,12.731,9.793
172.128,326.418,12.731,9.793
170.403,326.109,12.731,9.793
169.474,325.711,12.731,9.793
168.456,326.020,12.731,9.793
166.731,325.888,12.731,9.793
164.828,325.312,12.731,9.793
164.076,324.649,12.731,9.793
163.147,324.516,12.731,9.793
162.129,324.118,12.731,9.793
160.934,323.454,12.731,9.793
159.828,323.233,12.731,9.793
158.014,322.569,12.731,9.793
157.174,322.436,12.731,9.793
156.421,321.950,12.731,9.793
155.758,322.436,12.731,9.793
154.032,321.507,12.731,9.793
153.369,320.932,12.731,9.793
153.147,321.330,12.731,9.793
152.218,320.401,12.731,9.793
151.378,319.914,12.731,9.793
150.625,320.136,12.731,9.793
150.227,319.295,12.731,9.793
149.210,318.808,12.731,9.793
148.457,318.499,12.731,9.793
148.059,318.100,12.731,9.793
147.219,318.764,12.731,9.793
146.555,317.835,12.731,9.793
146.334,317.260,12.731,9.793
145.758,316.773,12.731,9.793
144.652,316.729,12.731,9.793
143.989,316.331,12.731,9.793
144.387,315.844,12.731,9.793
143.900,315.711,12.731,9.793
143.325,315.313,12.731,9.793
143.723,314.738,12.731,9.793
142.706,314.517,12.731,9.793
142.219,313.853,12.731,9.793
142.617,313.809,12.731,9.793
142.484,313.234,12.731,9.793
142.263,312.393,12.731,9.793
141.776,311.995,12.731,9.793
141.378,312.481,12.731,9.793
141.953,311.552,12.731,9.793
141.378,310.977,12.731,9.793
141.776,310.756,12.731,9.793
141.024,310.181,12.731,9.793
141.511,309.428,12.731,9.793
142.086,309.030,12.731,9.793
141.688,309.251,12.731,9.793
141.290,308.057,12.731,9.793
142.130,308.013,12.731,9.793
142.617,307.703,12.731,9.793
143.281,307.128,12.731,9.793
142.794,305.579,12.731,9.793
142.307,305.269,12.731,9.793
143.856,304.871,12.731,9.793
143.369,304.650,12.731,9.793
144.298,303.986,12.731,9.793
145.051,303.677,12.731,9.793
145.626,303.101,12.731,9.793
146.289,302.615,12.731,9.793
146.865,301.863,12.731,9.793
147.263,301.464,12.731,9.793
147.926,300.712,12.731,9.793
148.325,300.226,12.731,9.793
149.342,299.385,12.731,9.793
149.917,298.721,12.731,9.793
150.670,298.500,12.731,9.793
151.245,297.836,12.731,9.793
153.059,297.438,12.731,9.793
153.811,296.597,12.731,9.793
154.652,296.022,12.731,9.793
155.581,295.801,12.731,9.793
157.837,295.137,12.731,9.793
158.413,294.208,12.731,9.793
160.138,293.456,12.731,9.793
160.890,292.881,12.731,9.793
161.908,292.483,12.731,9.793
163.722,291.819,12.731,9.793
164.474,291.244,12.731,9.793
166.907,290.315,12.731,9.793
167.837,289.563,12.731,9.793
169.562,289.164,12.731,9.793
171.819,288.324,12.731,9.793
172.836,287.749,12.731,9.793
174.827,287.439,12.731,9.793
176.553,286.598,12.731,9.793
178.898,285.935,12.731,9.793
180.181,285.625,12.731,9.793
182.349,284.961,12.731,9.793
184.517,284.474,12.731,9.793
186.773,283.634,12.731,9.793
187.880,283.059,12.731,9.793
190.136,282.572,12.731,9.793
192.304,281.377,12.731,9.793
194.472,280.448,12.731,9.793
197.436,280.050,12.731,9.793
199.250,279.652,12.731,9.793
201.241,278.900,12.731,9.793
203.321,278.324,12.731,9.793
206.374,277.484,12.731,9.793
208.365,277.174,12.731,9.793
210.887,276.422,12.731,9.793
213.055,276.024,12.731,9.793
215.311,275.979,12.731,9.793
218.541,275.581,12.731,9.793
220.798,274.829,12.731,9.793
222.966,274.165,12.731,9.793
225.222,273.148,12.731,9.793
228.275,272.661,12.731,9.793
230.620,272.351,12.731,9.793
233.584,271.688,12.731,9.793
235.841,271.378,12.731,9.793
237.920,270.803,12.731,9.793
239.911,270.405,12.731,9.793
242.522,270.006,12.731,9.793
245.840,269.874,12.731,9.793
247.389,269.387,12.731,9.793
250.442,268.723,12.731,9.793
252.521,268.768,12.731,9.793
254.689,268.192,12.731,9.793
256.503,267.440,12.731,9.793
259.733,267.396,12.731,9.793
261.370,266.909,12.731,9.793
263.715,267.042,12.731,9.793
265.441,266.821,12.731,9.793
268.405,266.423,12.731,9.793
270.396,265.759,12.731,9.793
272.210,265.449,12.731,9.793
274.290,264.874,12.731,9.793
276.458,265.184,12.731,9.793
278.537,264.255,12.731,9.793
280.440,263.856,12.731,9.793
282.077,264.343,12.731,9.793
283.625,263.502,12.731,9.793
285.705,263.281,12.731,9.793
286.722,262.883,12.731,9.793
288.625,263.547,12.731,9.793
290.704,262.971,12.731,9.793
291.280,263.193,12.731,9.793
293.271,262.441,12.731,9.793
294.731,262.396,12.731,9.793
295.394,262.175,12.731,9.793
297.474,261.954,12.731,9.793
299.199,262.706,12.731,9.793
299.863,262.308,12.731,9.793
300.704,261.910,12.731,9.793
302.164,262.573,12.731,9.793
303.712,262.087,12.731,9.793
304.464,262.662,12.731,9.793
306.367,262.175,12.731,9.793
307.296,261.688,12.731,9.793
308.314,262.352,12.731,9.793
309.420,261.865,12.731,9.793
310.703,262.529,12.731,9.793
311.101,262.131,12.731,9.793
312.119,261.733,12.731,9.793
313.313,262.485,12.731,9.793
314.420,262.175,12.731,9.793
315.526,261.865,12.731,9.793
316.632,262.706,12.731,9.793
317.826,262.662,12.731,9.793
318.225,262.706,12.731,9.793
319.242,262.750,12.731,9.793
320.083,262.971,12.731,9.793
320.835,263.193,12.731,9.793
321.499,262.617,12.731,9.793
323.047,263.016,12.731,9.793
323.534,263.502,12.731,9.793
324.463,262.927,12.731,9.793
325.304,263.591,12.731,9.793
325.967,263.193,12.731,9.793
326.631,263.060,12.731,9.793
328.534,264.078,12.731,9.793
329.197,264.564,12.731,9.793
329.684,263.989,12.731,9.793
329.994,264.741,12.731,9.793
330.657,264.609,12.731,9.793
331.321,264.918,12.731,9.793
333.135,265.582,12.731,9.793
333.622,265.272,12.731,9.793
334.462,265.228,12.731,9.793
335.215,265.626,12.731,9.793
335.878,266.201,12.731,9.793
336.542,265.980,12.731,9.793
338.090,266.998,12.731,9.793
338.489,267.573,12.731,9.793
339.152,267.263,12.731,9.793
339.550,267.307,12.731,9.793
340.391,267.883,12.731,9.793
341.055,268.723,12.731,9.793
341.364,269.033,12.731,9.793
342.117,269.520,12.731,9.793
342.692,269.122,12.731,9.793
343.090,269.343,12.731,9.793
343.931,269.918,12.731,9.793
344.506,270.670,12.731,9.793
345.347,270.626,12.731,9.793
346.010,271.024,12.731,9.793
346.408,271.688,12.731,9.793
346.984,271.643,12.731,9.793
347.116,272.042,12.731,9.793
347.691,272.794,12.731,9.793
348.001,272.927,12.731,9.793
348.665,273.325,12.731,9.793
348.975,272.927,12.731,9.793
349.638,273.856,12.731,9.793
349.859,274.165,12.731,9.793
350.346,273.590,12.731,9.793
351.010,274.342,12.731,9.793
351.320,274.475,12.731,9.793
352.072,275.050,12.731,9.793
352.381,275.802,12.731,9.793
352.957,275.670,12.731,9.793
353.178,275.979,12.731,9.793
353.665,276.466,12.731,9.793
353.709,276.068,12.731,9.793
354.019,276.909,12.731,9.793
354.505,277.307,12.731,9.793
355.169,277.263,12.731,9.793
355.390,277.572,12.731,9.793
355.877,278.059,12.731,9.793
355.567,278.811,12.731,9.793
356.496,279.032,12.731,9.793
357.071,279.519,12.731,9.793
356.673,279.209,12.731,9.793
356.983,279.519,12.731,9.793
357.470,280.183,12.731,9.793
358.045,280.138,12.731,9.793
358.089,280.448,12.731,9.793
358.399,280.935,12.731,9.793
358.797,281.687,12.731,9.793
358.222,281.908,12.731,9.793
358.885,282.395,12.731,9.793
359.018,281.997,12.731,9.793
359.328,282.926,12.731,9.793
359.726,283.413,12.731,9.793
359.239,282.926,12.731,9.793
359.992,283.767,12.731,9.793
360.301,284.253,12.731,9.793
360.523,283.855,12.731,9.793
360.921,284.696,12.731,9.793
360.523,285.182,12.731,9.793
361.275,284.784,12.731,9.793
361.407,285.625,12.731,9.793
361.629,285.846,12.731,9.793
362.115,286.244,12.731,9.793
361.540,285.669,12.731,9.793
362.115,286.244,12.731,9.793
362.160,285.935,12.731,9.793
362.469,286.775,12.731,9.793
362.779,286.819,12.731,9.793
361.938,286.952,12.731,9.793
362.337,287.173,12.731,9.793
362.823,286.510,12.731,9.793
362.337,286.908,12.731,9.793
363.000,287.395,12.731,9.793
362.956,286.908,12.731,9.793
363.266,287.572,12.731,9.793
363.664,287.085,12.731,9.793
363.089,287.748,12.731,9.793
363.664,287.350,12.731,9.793
363.531,287.041,12.731,9.793
364.460,287.881,12.731,9.793
364.859,287.748,12.731,9.793
364.195,287.793,12.731,9.793
364.770,288.014,12.731,9.793
364.283,288.235,12.731,9.793
364.947,287.572,12.731,9.793
364.726,287.970,12.731,9.793
364.859,288.545,12.731,9.793
364.991,288.058,12.731,9.793
365.301,288.722,12.731,9.793
365.611,288.324,12.731,9.793
366.009,287.925,12.731,9.793
365.434,288.678,12.731,9.793
365.920,288.368,12.731,9.793
365.522,288.324,12.731,9.793
366.274,288.545,12.731,9.793
366.584,288.855,12.731,9.793
366.982,289.164,12.731,9.793
366.319,288.589,12.731,9.793
366.805,289.164,12.731,9.793
366.142,288.589,12.731,9.793
366.628,289.253,12.731,9.793
367.115,288.855,12.731,9.793
366.628,289.607,12.731,9.793
367.292,289.474,12.731,9.793
367.248,289.430,12.731,9.793
367.380,289.563,12.731,9.793
367.602,289.695,12.731,9.793
367.823,290.005,12.731,9.793
366.982,290.315,12.731,9.793
367.292,289.651,12.731,9.793
367.779,290.226,12.731,9.793
367.204,289.651,12.731,9.793
367.779,290.226,12.731,9.793
367.292,289.740,12.731,9.793
367.867,290.492,12.731,9.793
367.381,290.182,12.731,9.793
368.044,289.961,12.731,9.793
367.734,290.978,12.731,9.793
367.425,291.200,12.731,9.793
368.177,290.536,12.731,9.793
368.133,291.023,12.731,9.793
368.177,291.598,12.731,9.793
368.310,291.111,12.731,9.793
368.619,290.713,12.731,9.793
369.018,291.465,12.731,9.793
368.265,291.244,12.731,9.793
368.664,291.023,12.731,9.793
367.911,291.952,12.731,9.793
368.221,292.173,12.731,9.793
368.619,291.598,12.731,9.793
368.929,292.173,12.731,9.793
368.177,291.686,12.731,9.793
368.487,292.350,12.731,9.793
368.796,291.952,12.731,9.793
368.133,292.616,12.731,9.793
368.442,292.217,12.731,9.793
368.752,291.908,12.731,9.793
368.177,292.748,12.731,9.793
368.664,292.616,12.731,9.793
368.177,292.571,12.731,9.793
368.841,292.881,12.731,9.793
368.885,293.279,12.731,9.793
369.018,292.616,12.731,9.793
369.239,293.014,12.731,9.793
369.460,293.589,12.731,9.793
369.365,292.884,13.013,10.010
368.777,292.839,13.013,10.010
369.184,292.974,13.013,10.010
368.596,293.200,13.013,10.010
369.003,293.517,13.013,10.010
368.415,292.839,13.013,10.010
369.003,293.336,13.013,10.010
368.687,294.014,13.013,10.010
369.365,293.607,13.013,10.010
368.958,293.200,13.013,10.010
369.636,293.969,13.013,10.010
369.320,293.562,13.013,10.010
369.184,293.155,13.013,10.010
369.139,293.924,13.013,10.010
369.365,293.698,13.013,10.010
