277.000,261.000,43.000,26.000
282.796,260.596,43.000,26.000
287.514,259.922,43.000,26.000
292.771,260.596,43.000,26.000
298.028,259.652,43.000,26.000
303.284,259.517,43.000,26.000
309.081,259.382,43.000,26.000
313.798,258.978,43.000,26.000
318.516,259.652,43.000,26.000
322.964,258.708,43.000,26.000
329.030,259.382,43.000,26.000
334.017,258.708,43.000,26.000
337.117,259.113,43.000,26.000
316.923,257.567,43.951,26.575
280.137,258.531,43.951,26.575
247.489,256.951,44.924,27.163
238.054,256.528,44.924,27.163
245.518,257.514,44.924,27.163
252.137,256.810,44.924,27.163
255.657,257.232,44.924,27.163
261.431,255.965,44.924,27.163
265.796,255.542,44.924,27.163
271.570,256.246,44.924,27.163
276.217,255.261,44.924,27.163
281.146,255.120,44.924,27.163
286.075,254.697,44.924,27.163
291.849,255.402,44.924,27.163
297.904,254.416,44.924,27.163
303.396,254.557,44.924,27.163
307.762,254.134,44.924,27.163
313.817,253.712,44.924,27.163
319.028,254.697,44.924,27.163
324.801,253.712,44.924,27.163
329.730,253.289,44.924,27.163
335.504,252.867,44.924,27.163
340.714,253.289,44.924,27.163
345.925,252.022,44.924,27.163
351.698,252.163,44.924,27.163
357.191,252.022,44.924,27.163
361.556,251.599,44.924,27.163
367.611,252.585,44.924,27.163
373.104,251.881,44.924,27.163
365.640,252.585,44.924,27.163
333.110,251.318,44.924,27.163
295.792,250.614,44.924,27.163
267.768,251.318,44.924,27.163
239.181,250.050,44.924,27.163
234.534,249.346,44.924,27.163
244.251,250.050,44.924,27.163
249.180,248.783,44.924,27.163
253.545,250.050,44.924,27.163
259.882,248.501,44.924,27.163
265.937,249.205,44.924,27.163
271.148,248.220,44.924,27.163
275.513,248.360,44.924,27.163
281.850,248.220,44.924,27.163
287.906,247.797,44.924,27.163
293.680,248.783,44.924,27.163
299.172,248.079,44.924,27.163
304.382,247.093,44.924,27.163
310.156,247.516,44.924,27.163
315.366,247.375,44.924,27.163
321.140,246.952,44.924,27.163
326.351,245.967,44.924,27.163
332.406,246.671,44.924,27.163
337.898,247.093,44.924,27.163
335.786,245.826,44.924,27.163
306.072,247.093,44.924,27.163
268.472,245.544,44.924,27.163
240.167,247.093,44.924,27.163
210.453,245.826,44.924,27.163
184.965,247.093,44.924,27.163
186.232,245.826,44.924,27.163
193.977,247.093,44.924,27.163
199.751,245.544,44.924,27.163
204.398,246.811,44.924,27.163
209.609,246.107,44.924,27.163
215.101,245.122,44.924,27.163
219.184,244.981,44.924,27.163
225.240,245.403,44.924,27.163
231.014,245.544,44.924,27.163
236.787,245.403,44.924,27.163
242.279,244.418,44.924,27.163
246.645,245.122,44.924,27.163
252.982,244.136,44.924,27.163
258.756,244.558,44.924,27.163
263.966,244.418,44.924,27.163
270.021,244.277,44.924,27.163
275.232,243.854,44.924,27.163
280.161,244.840,44.924,27.163
283.400,244.136,44.924,27.163
264.389,243.995,44.924,27.163
227.071,243.291,44.924,27.163
197.207,244.598,45.918,27.764
166.548,243.590,45.918,27.764
135.601,244.310,45.918,27.764
124.230,243.014,45.918,27.764
131.859,244.310,45.918,27.764
139.200,242.439,45.918,27.764
142.798,242.870,45.918,27.764
148.412,242.726,45.918,27.764
152.874,242.295,45.918,27.764
158.775,241.287,45.918,27.764
164.101,242.295,45.918,27.764
167.987,241.287,45.918,27.764
174.465,241.719,45.918,27.764
179.790,242.151,45.918,27.764
185.404,240.855,45.918,27.764
190.442,241.863,45.918,27.764
196.343,241.719,45.918,27.764
201.381,240.999,45.918,27.764
206.419,241.431,45.918,27.764
212.032,240.423,45.918,27.764
217.934,240.567,45.918,27.764
223.260,240.423,45.918,27.764
227.434,240.279,45.918,27.764
233.335,240.136,45.918,27.764
238.085,239.416,45.918,27.764
243.123,239.560,45.918,27.764
248.737,239.416,45.918,27.764
254.638,239.272,45.918,27.764
259.676,238.552,45.918,27.764
265.290,239.848,45.918,27.764
269.464,238.840,45.918,27.764
275.365,239.560,45.918,27.764
280.691,238.552,45.918,27.764
268.744,239.560,45.918,27.764
234.343,239.416,45.918,27.764
200.517,239.272,45.918,27.764
169.858,238.552,45.918,27.764
159.351,238.984,45.918,27.764
166.980,238.552,45.918,27.764
173.745,238.408,45.918,27.764
177.919,237.689,45.918,27.764
183.245,238.408,45.918,27.764
187.131,237.401,45.918,27.764
192.745,237.545,45.918,27.764
198.358,237.401,45.918,27.764
202.532,236.681,45.918,27.764
208.722,237.689,45.918,27.764
213.760,237.257,45.918,27.764
219.373,236.825,45.918,27.764
223.547,237.833,45.918,27.764
229.161,237.401,45.918,27.764
233.623,236.681,45.918,27.764
239.813,237.401,45.918,27.764
245.714,236.393,45.918,27.764
250.752,236.537,45.918,27.764
255.790,236.969,45.918,27.764
261.115,237.113,45.918,27.764
264.714,237.257,45.918,27.764
257.949,235.961,45.918,27.764
224.987,237.257,45.918,27.764
191.737,235.961,45.918,27.764
165.396,237.257,45.918,27.764
165.252,235.386,45.918,27.764
173.457,235.817,45.918,27.764
179.358,236.537,45.918,27.764
182.957,235.242,45.918,27.764
189.146,235.961,45.918,27.764
193.033,236.681,45.918,27.764
199.222,235.673,45.918,27.764
203.108,236.105,45.918,27.764
209.298,236.249,45.918,27.764
214.623,234.954,45.918,27.764
220.525,236.249,45.918,27.764
225.563,235.242,45.918,27.764
231.176,235.386,45.918,27.764
235.638,235.529,45.918,27.764
241.540,235.098,45.918,27.764
247.153,235.817,45.918,27.764
251.615,234.810,45.918,27.764
257.805,235.817,45.918,27.764
263.706,235.098,45.918,27.764
269.032,235.817,45.918,27.764
274.934,234.522,45.918,27.764
279.396,233.802,45.918,27.764
284.721,234.810,45.918,27.764
290.623,234.666,45.918,27.764
296.524,233.946,45.918,27.764
299.835,234.666,45.918,27.764
280.115,233.658,45.918,27.764
241.684,234.090,45.918,27.764
212.752,234.522,45.918,27.764
197.063,233.226,45.918,27.764
203.540,232.507,45.918,27.764
211.169,233.226,45.918,27.764
214.767,232.219,45.918,27.764
220.957,232.939,45.918,27.764
227.146,233.658,45.918,27.764
231.608,232.651,45.918,27.764
237.797,233.083,45.918,27.764
242.835,233.514,45.918,27.764
248.449,231.931,45.918,27.764
253.775,232.939,45.918,27.764
259.100,232.219,45.918,27.764
263.562,230.923,45.918,27.764
270.040,232.507,45.918,27.764
276.229,231.211,45.918,27.764
279.827,230.492,45.918,27.764
285.153,231.499,45.918,27.764
264.282,231.643,45.918,27.764
226.138,231.211,45.918,27.764
196.343,230.780,45.918,27.764
167.124,231.787,45.918,27.764
136.177,231.067,45.918,27.764
110.988,232.363,45.918,27.764
113.147,230.492,45.918,27.764
120.488,230.636,45.918,27.764
126.101,230.492,45.918,27.764
129.988,229.772,45.918,27.764
136.753,230.780,45.918,27.764
141.790,230.348,45.918,27.764
147.116,229.052,45.918,27.764
151.290,230.636,45.918,27.764
157.192,229.340,45.918,27.764
162.805,230.060,45.918,27.764
168.707,230.492,45.918,27.764
173.745,229.196,45.918,27.764
179.071,229.052,45.918,27.764
184.396,230.636,45.918,27.764
190.010,229.628,45.918,27.764
195.623,230.636,45.918,27.764
200.373,229.340,45.918,27.764
205.987,230.060,45.918,27.764
211.313,230.780,45.918,27.764
215.199,229.772,45.918,27.764
221.377,230.762,44.939,27.172
225.522,230.101,43.980,26.593
228.516,229.986,43.042,26.026
234.587,230.391,43.042,26.026
244.800,231.579,42.124,25.471
251.231,229.686,41.226,24.927
258.770,221.108,40.347,24.396
258.591,211.982,39.487,23.876
258.467,209.383,39.487,23.876
257.353,207.773,39.487,23.876
256.462,206.238,38.644,23.366
267.032,193.994,37.820,22.868
265.965,194.824,37.820,22.868
298.388,192.480,38.657,23.374
284.695,197.448,38.657,23.374
287.240,198.781,38.657,23.374
288.937,197.279,37.833,22.876
287.632,198.583,37.833,22.876
286.802,199.176,37.833,22.876
287.548,198.620,37.026,22.388
286.504,198.040,37.026,22.388
287.458,198.390,36.236,21.910
287.117,199.640,36.236,21.910
288.051,198.450,35.464,21.443
287.718,199.451,35.464,21.443
287.384,198.228,35.464,21.443
287.051,198.784,35.464,21.443
288.179,198.048,34.707,20.986
288.070,199.245,34.707,20.986
287.744,200.224,34.707,20.986
287.417,199.027,34.707,20.986
287.961,198.701,34.707,20.986
287.200,199.027,34.707,20.986
287.744,198.048,34.707,20.986
279.584,196.198,34.707,20.986
278.169,190.432,34.707,20.986
276.770,191.893,35.475,21.450
245.572,191.310,36.260,21.925
213.684,192.600,37.062,22.410
229.197,194.295,36.272,21.932
251.393,195.077,35.499,21.464
255.096,194.340,34.742,21.006
255.991,193.829,34.001,20.559
254.393,193.723,34.001,20.559
253.433,194.256,34.001,20.559
254.310,194.783,33.276,20.120
254.205,195.305,33.276,20.120
254.310,194.157,33.276,20.120
254.622,194.679,33.276,20.120
255.144,193.740,33.276,20.120
254.996,194.859,32.566,19.691
255.639,193.987,31.871,19.271
254.140,194.487,31.871,19.271
255.346,194.018,31.192,18.860
255.444,194.311,31.192,18.860
255.542,194.018,31.192,18.860
256.723,194.879,30.527,18.458
255.861,194.592,30.527,18.458
256.340,194.305,30.527,18.458
255.466,194.778,29.876,18.064
256.497,194.872,29.876,18.064
256.028,194.216,29.876,18.064
255.747,194.497,29.876,18.064
255.253,193.516,29.239,17.679
256.445,194.891,29.239,17.679
255.620,195.166,29.239,17.679
255.392,193.925,29.885,18.070
256.235,194.955,29.885,18.070
256.141,194.487,29.885,18.070
248.553,193.269,29.885,18.070
222.271,192.194,30.547,18.470
221.793,192.098,30.547,18.470
220.163,191.199,31.223,18.879
216.264,190.685,31.913,19.296
215.163,190.785,31.913,19.296
213.876,190.053,32.619,19.723
212.348,189.941,33.341,20.160
211.004,189.392,34.079,20.606
209.828,189.926,34.079,20.606
205.572,191.139,34.833,21.062
226.598,221.153,35.603,21.528
232.736,227.515,35.603,21.528
236.196,229.189,35.603,21.528
241.416,228.881,34.844,21.069
248.210,229.421,34.101,20.619
253.020,229.742,34.101,20.619
258.258,228.566,34.101,20.619
263.496,229.742,34.101,20.619
270.969,228.828,33.374,20.180
275.677,230.188,33.374,20.180
280.594,229.456,33.374,20.180
286.975,230.398,33.374,20.180
293.886,229.907,32.662,19.749
298.903,229.395,32.662,19.749
304.534,230.317,32.662,19.749
309.551,229.805,32.662,19.749
317.103,230.311,31.966,19.328
306.181,229.810,31.966,19.328
314.498,236.925,31.966,19.328
327.224,235.622,31.966,19.328
324.117,236.925,31.966,19.328
327.023,235.822,31.966,19.328
326.358,236.960,32.673,19.756
325.641,235.629,32.673,19.756
324.535,236.154,33.396,20.193
323.188,236.039,34.135,20.640
322.256,235.922,34.890,21.096
321.756,236.256,35.662,21.563
321.710,235.669,36.451,22.040
321.425,236.018,37.257,22.528
321.710,235.020,36.463,22.047
321.662,235.132,37.270,22.535
320.611,234.548,37.270,22.535
320.961,234.197,37.270,22.535
321.545,231.510,37.270,22.535
323.181,230.512,36.475,22.055
323.240,201.543,35.697,21.584
322.680,203.221,35.697,21.584
321.897,203.781,35.697,21.584
323.128,202.550,35.697,21.584
320.330,201.767,35.697,21.584
294.482,199.864,35.697,21.584
299.293,201.319,35.697,21.584
304.123,196.320,36.487,22.062
334.432,195.062,36.487,22.062
331.573,189.915,36.487,22.062
301.035,190.945,36.487,22.062
300.211,190.188,35.709,21.591
302.338,190.747,35.709,21.591
301.747,190.007,34.947,21.131
301.592,189.704,34.202,20.680
302.267,191.061,33.473,20.239
301.113,191.586,33.473,20.239
302.267,191.061,33.473,20.239
300.903,190.327,33.473,20.239
300.798,191.271,33.473,20.239
300.483,191.166,33.473,20.239
300.168,190.642,33.473,20.239
301.532,191.586,33.473,20.239
300.588,191.691,33.473,20.239
300.844,192.210,32.759,19.808
300.330,190.875,32.759,19.808
301.460,191.799,32.759,19.808
301.768,191.491,32.759,19.808
301.049,191.389,32.759,19.808
301.768,190.670,32.759,19.808
301.665,191.389,32.759,19.808
301.768,190.670,32.759,19.808
301.665,191.594,32.759,19.808
301.152,191.491,32.759,19.808
302.281,191.594,32.759,19.808
298.071,191.697,32.759,19.808
269.263,192.436,33.483,20.246
248.746,221.288,34.224,20.694
218.649,222.728,34.982,21.152
187.886,223.973,35.756,21.620
162.667,222.741,35.756,21.620
167.046,222.215,34.993,21.159
175.560,223.181,34.247,20.707
180.176,221.785,34.247,20.707
185.404,222.937,33.516,20.266
190.926,222.039,32.802,19.834
196.132,223.539,32.102,19.411
201.421,222.679,31.418,18.997
207.167,222.027,30.748,18.592
211.890,223.088,30.748,18.592
218.926,223.377,30.748,18.592
224.034,222.316,30.748,18.592
229.286,222.422,30.092,18.195
235.040,223.082,30.092,18.195
242.115,222.799,30.092,18.195
246.527,223.811,29.450,17.807
251.201,223.023,28.822,17.427
257.517,222.250,28.208,17.056
262.203,221.455,28.208,17.056
267.420,222.427,28.208,17.056
254.599,222.869,28.208,17.056
247.774,198.187,28.832,17.433
222.419,195.275,29.470,17.819
196.503,220.667,30.122,18.213
196.072,220.564,30.788,18.616
196.493,220.855,30.131,18.219
196.258,220.752,30.798,18.622
195.817,220.446,31.479,19.034
196.247,220.744,30.808,18.628
196.669,221.035,30.151,18.231
196.899,221.321,29.508,17.842
197.125,221.600,28.879,17.462
197.346,221.699,28.263,17.089
197.562,221.796,27.660,16.725
197.525,221.521,28.272,17.095
172.662,222.527,28.898,17.473
168.405,222.437,28.898,17.473
172.844,223.071,28.898,17.473
178.188,222.074,28.898,17.473
183.895,222.165,28.898,17.473
189.421,222.618,28.898,17.473
194.403,222.708,28.898,17.473
199.204,223.161,28.898,17.473
204.005,221.984,28.898,17.473
210.437,221.893,28.898,17.473
215.238,221.984,28.898,17.473
220.401,221.168,28.898,17.473
226.108,221.984,28.898,17.473
230.547,221.350,28.898,17.473
237.160,221.803,28.898,17.473
241.961,220.806,28.898,17.473
244.407,220.897,28.898,17.473
218.993,220.985,29.537,17.860
244.315,200.519,30.191,18.255
248.763,193.042,30.191,18.255
238.448,191.055,30.191,18.255
211.898,164.637,30.859,18.659
207.932,159.703,30.859,18.659
209.769,157.865,30.859,18.659
208.318,157.962,30.859,18.659
207.448,157.478,30.859,18.659
208.125,158.542,30.859,18.659
207.061,158.833,30.859,18.659
207.158,157.962,30.859,18.659
206.674,158.059,30.859,18.659
205.997,157.575,30.859,18.659
206.867,158.639,30.859,18.659
206.190,157.962,30.859,18.659
206.287,157.478,30.859,18.659
206.771,158.542,30.859,18.659
205.707,157.865,30.859,18.659
205.803,157.188,30.859,18.659
206.674,158.059,30.859,18.659
205.997,157.575,30.859,18.659
207.061,158.639,30.859,18.659
206.384,157.962,30.859,18.659
206.674,157.478,30.859,18.659
205.803,158.349,30.859,18.659
206.094,157.672,30.859,18.659
206.577,156.995,30.859,18.659
205.900,157.865,30.859,18.659
206.190,157.575,30.859,18.659
207.254,158.833,30.859,18.659
206.384,157.382,30.859,18.659
207.448,158.639,30.859,18.659
206.771,158.929,30.859,18.659
205.707,157.478,30.859,18.659
205.610,158.349,30.859,18.659
206.481,158.833,30.859,18.659
206.964,157.769,30.859,18.659
206.287,157.865,30.859,18.659
207.545,158.929,30.859,18.659
194.292,159.026,30.859,18.659
167.155,161.329,31.541,19.072
189.994,134.930,31.541,19.072
191.873,157.374,31.541,19.072
194.147,158.659,31.541,19.072
196.485,157.814,30.869,18.665
195.807,158.879,30.869,18.665
195.110,158.238,30.211,18.267
194.448,159.280,30.211,18.267
195.489,159.375,30.211,18.267
195.720,158.565,29.566,17.877
195.589,159.560,28.936,17.496
195.460,158.960,28.319,17.123
197.045,160.083,27.715,16.758
196.437,159.302,27.715,16.758
196.872,160.257,27.715,16.758
196.611,159.128,27.715,16.758
195.655,158.520,27.715,16.758
197.040,159.787,27.124,16.400
196.444,160.212,27.124,16.400
196.019,159.617,27.124,16.400
196.955,160.552,27.124,16.400
196.529,159.787,27.124,16.400
197.125,160.382,27.124,16.400
196.699,159.447,27.124,16.400
197.125,160.382,27.124,16.400
197.040,159.957,27.124,16.400
196.755,161.033,26.545,16.051
197.338,160.284,26.545,16.051
197.920,161.200,26.545,16.051
183.857,160.950,26.545,16.051
182.787,159.305,27.133,16.406
195.811,152.329,27.733,16.769
192.167,151.512,28.347,17.140
167.239,156.024,28.974,17.519
165.882,151.967,29.615,17.907
164.495,150.517,30.270,18.303
163.667,149.428,30.940,18.708
163.426,148.114,31.624,19.122
162.973,146.977,32.324,19.545
162.510,146.025,33.039,19.977
163.112,147.416,33.770,20.419
161.750,146.201,34.517,20.871
161.480,146.756,35.281,21.333
161.205,145.258,36.062,21.805
161.627,145.134,36.859,22.287
161.339,145.727,37.675,22.780
160.309,144.372,38.509,23.284
160.760,144.991,39.361,23.799
161.221,145.880,40.231,24.326
160.383,144.433,41.121,24.864
161.132,145.629,42.031,25.414
159.710,144.118,42.961,25.977
160.772,145.088,43.912,26.551
159.286,143.795,44.883,27.139
160.395,144.516,45.876,27.739
159.101,143.222,45.876,27.739
159.638,144.258,46.891,28.353
158.609,143.523,46.891,28.353
150.313,142.142,47.929,28.980
113.775,141.977,48.989,29.621
70.693,140.534,50.073,30.277
43.852,141.633,50.073,30.277
41.498,142.732,50.073,30.277
44.166,141.947,50.073,30.277
44.951,143.359,50.073,30.277
43.225,142.575,50.073,30.277
44.009,142.104,50.073,30.277
42.597,142.889,50.073,30.277
42.754,142.104,50.073,30.277
43.538,143.830,50.073,30.277
42.126,142.104,50.073,30.277
43.852,143.203,50.073,30.277
43.382,143.987,50.073,30.277
44.166,143.203,50.073,30.277
43.068,143.673,50.073,30.277
42.911,142.261,50.073,30.277
43.695,143.987,50.073,30.277
42.283,151.679,50.073,30.277
43.382,169.729,50.073,30.277
42.597,187.152,50.073,30.277
41.554,204.568,51.181,30.947
42.819,206.390,52.313,31.631
42.983,204.914,52.313,31.631
42.163,205.734,52.313,31.631
41.999,203.930,52.313,31.631
22.876,204.090,53.471,32.331
-10.815,207.275,53.471,32.331
-6.206,190.980,52.331,31.642
-5.386,190.159,52.331,31.642
-4.354,191.920,51.215,30.967
-4.514,190.475,51.215,30.967
-5.638,189.672,51.215,30.967
-4.514,191.117,51.215,30.967
-4.996,189.351,51.215,30.967
-5.477,189.191,51.215,30.967
-4.675,189.993,51.215,30.967
-4.193,190.796,51.215,30.967
-4.032,189.672,51.215,30.967
-5.099,188.497,52.348,31.652
-5.591,188.333,52.348,31.652
-4.242,190.094,51.231,30.977
-4.724,188.969,51.231,30.977
-4.242,190.736,51.231,30.977
-4.403,189.933,51.231,30.977
-6.169,190.094,51.231,30.977
-9.493,168.908,50.139,30.317
25.338,212.111,51.248,30.987
-6.478,214.144,50.155,30.326
-12.459,240.078,49.086,29.680
-12.677,242.026,48.039,29.047
-10.859,241.610,47.015,28.427
-10.784,242.907,46.012,27.821
-10.710,241.953,45.031,27.228
-10.366,243.468,44.070,26.647
-10.828,242.553,43.131,26.079
-9.717,244.004,42.211,25.523
-8.884,243.894,41.311,24.979
-9.068,244.035,40.430,24.446
-9.492,244.418,39.568,23.925
-8.233,245.988,38.724,23.414
-8.597,244.653,38.724,23.414
-7.833,245.722,37.898,22.915
-8.689,244.935,37.090,22.426
-7.509,246.407,36.299,21.948
-8.305,245.838,36.299,21.948
-7.370,246.621,35.525,21.480
-6.813,247.177,35.525,21.480
-7.592,245.953,35.525,21.480
-6.813,246.509,35.525,21.480
-7.592,245.953,35.525,21.480
-6.813,246.509,35.525,21.480
-7.615,245.128,34.767,21.022
-2.711,243.929,34.767,21.022
8.079,229.653,34.767,21.022
-0.095,228.236,34.767,21.022
12.524,226.759,35.536,21.487
10.397,226.406,36.323,21.963
12.788,226.520,36.323,21.963
12.674,225.723,36.323,21.963
12.333,226.520,36.323,21.963
12.902,225.951,36.323,21.963
12.105,226.292,36.323,21.963
11.349,226.876,37.126,22.448
10.334,226.024,37.948,22.945
9.502,226.857,37.948,22.945
10.810,225.548,37.948,22.945
8.786,226.158,38.787,23.453
6.969,225.773,39.645,23.972
7.949,224.089,40.523,24.502
6.806,225.995,40.523,24.502
7.441,224.851,40.523,24.502
5.789,225.995,40.523,24.502
4.419,225.065,41.419,25.044
4.365,223.845,42.336,25.598
3.966,225.570,42.336,25.598
4.630,224.110,42.336,25.598
5.028,225.305,42.336,25.598
4.973,223.782,43.272,26.165
3.209,224.189,43.272,26.165
3.074,225.139,43.272,26.165
4.023,223.647,43.272,26.165
-2.895,222.426,43.272,26.165
16.774,215.779,43.272,26.165
-4.599,213.574,42.349,25.607
-7.652,222.999,42.349,25.607
-5.926,225.256,42.349,25.607
-7.121,224.858,42.349,25.607
-6.074,224.988,43.286,26.173
-7.024,225.666,43.286,26.173
-6.799,224.954,44.244,26.752
-6.569,223.939,45.223,27.344
-7.590,225.187,44.259,26.761
-6.208,225.035,45.238,27.353
-7.503,226.557,44.273,26.770
-6.409,226.405,45.253,27.362
-7.704,227.107,44.288,26.779
-6.177,226.412,44.288,26.779
-6.871,225.163,44.288,26.779
-6.732,225.579,44.288,26.779
-6.315,225.718,44.288,26.779
-7.010,225.857,44.288,26.779
-6.593,225.996,44.288,26.779
-7.287,225.579,44.288,26.779
-5.905,226.003,45.268,27.371
-7.436,224.376,46.269,27.977
-6.894,225.420,47.293,28.596
-7.676,225.582,46.284,27.986
-6.532,224.219,47.308,28.605
-7.314,225.525,46.299,27.995
-9.483,221.752,47.324,28.614
-8.445,224.570,47.324,28.614
-10.943,223.589,46.315,28.004
-3.773,183.363,47.339,28.624
-4.759,141.939,48.387,29.257
-7.337,134.810,48.387,29.257
-6.275,131.322,48.387,29.257
-6.124,130.563,48.387,29.257
-7.508,131.898,47.355,28.633
-5.716,133.778,46.345,28.023
-6.482,131.976,45.357,27.425
-6.340,130.981,45.357,27.425
-5.445,103.454,44.389,26.840
3.878,66.302,44.389,26.840
2.340,63.503,43.443,26.268
3.722,61.814,42.516,25.708
4.817,62.988,41.610,25.159
3.878,63.382,40.722,24.623
5.173,62.537,39.854,24.098
4.756,64.118,39.004,23.584
5.611,62.773,39.004,23.584
6.381,61.729,38.172,23.081
6.500,62.806,38.172,23.081
5.184,64.122,38.172,23.081
6.500,62.566,38.172,23.081
5.424,63.643,38.172,23.081
6.022,62.566,38.172,23.081
5.424,63.882,38.172,23.081
5.304,63.284,38.172,23.081
5.826,63.876,37.358,22.589
5.709,62.588,37.358,22.589
5.358,63.876,37.358,22.589
5.241,63.057,37.358,22.589
4.849,64.990,36.562,22.107
4.465,64.232,35.782,21.636
6.036,65.219,35.019,21.174
5.246,64.493,34.272,20.723
6.543,65.646,33.541,20.281
5.583,66.572,32.826,19.848
6.509,65.440,32.826,19.848
5.768,66.346,32.126,19.425
6.596,65.679,31.441,19.011
5.697,66.357,30.770,18.605
6.861,66.648,30.114,18.209
5.823,65.987,30.114,18.209
7.145,65.727,29.472,17.820
8.083,67.074,28.843,17.440
6.365,66.803,28.843,17.440
7.282,66.553,28.228,17.068
6.816,66.479,27.626,16.704
8.028,67.409,27.037,16.348
6.757,66.476,27.037,16.348
7.689,67.070,27.037,16.348
7.266,67.154,27.037,16.348
6.842,67.239,27.037,16.348
7.944,67.832,27.037,16.348
7.181,66.900,27.037,16.348
6.757,66.985,27.037,16.348
7.689,67.578,27.037,16.348
6.927,66.646,27.037,16.348
8.028,67.409,27.037,16.348
6.588,66.646,27.037,16.348
7.520,67.239,27.037,16.348
7.266,67.324,27.037,16.348
7.011,67.409,27.037,16.348
6.418,66.476,27.037,16.348
7.520,67.070,27.037,16.348
7.266,67.324,27.037,16.348
7.011,67.578,27.037,16.348
7.708,67.344,26.461,15.999
8.289,67.095,26.461,15.999
7.372,67.665,25.896,15.658
8.352,67.911,25.344,15.324
7.319,67.513,25.344,15.324
8.125,67.294,24.804,14.998
8.981,67.838,24.804,14.998
7.970,67.294,24.804,14.998
8.825,67.838,24.804,14.998
7.814,67.294,24.804,14.998
8.514,67.838,24.804,14.998
9.214,67.449,24.804,14.998
8.359,68.149,24.804,14.998
8.903,67.760,24.804,14.998
7.737,67.372,24.804,14.998
8.436,67.916,24.804,14.998
8.514,67.216,24.804,14.998
9.369,67.760,24.804,14.998
8.514,67.216,24.804,14.998
9.369,67.760,24.804,14.998
8.359,67.216,24.804,14.998
9.214,67.760,24.804,14.998
8.203,67.372,24.804,14.998
9.058,67.916,24.804,14.998
8.048,67.527,24.804,14.998
8.747,66.983,24.804,14.998
8.048,67.838,24.804,14.998
8.747,67.294,24.804,14.998
8.048,68.149,24.804,14.998
8.987,67.185,24.275,14.678
8.606,66.652,24.275,14.678
8.834,67.489,24.275,14.678
8.454,66.957,24.275,14.678
8.682,67.794,24.275,14.678
7.997,67.109,24.275,14.678
8.834,67.946,24.275,14.678
8.150,67.413,24.275,14.678
8.682,66.881,24.275,14.678
8.758,67.566,24.275,14.678
8.073,67.033,24.275,14.678
8.911,67.870,24.275,14.678
8.226,67.337,24.275,14.678
8.758,66.805,24.275,14.678
8.834,67.489,24.275,14.678
8.150,66.805,24.275,14.678
8.987,67.642,24.275,14.678
8.302,67.109,24.275,14.678
9.139,67.946,24.275,14.678
8.454,67.413,24.275,14.678
7.769,66.728,24.275,14.678
8.606,67.566,24.275,14.678
7.921,67.033,24.275,14.678
8.758,67.870,24.275,14.678
9.531,67.366,23.757,14.365
8.572,68.057,24.283,14.683
7.887,67.524,24.283,14.683
8.420,67.144,24.283,14.683
8.344,67.981,24.283,14.683
9.029,67.601,24.283,14.683
8.648,67.068,24.283,14.683
9.029,67.905,24.283,14.683
8.801,67.372,24.283,14.683
8.572,66.839,24.283,14.683
8.953,67.677,24.283,14.683
8.725,67.144,24.283,14.683
9.105,67.981,24.283,14.683
9.029,67.448,24.283,14.683
8.801,66.916,24.283,14.683
9.181,67.753,24.283,14.683
9.105,67.220,24.283,14.683
8.284,67.768,24.820,15.007
8.984,67.379,24.820,15.007
8.128,68.235,24.820,15.007
8.673,67.846,24.820,15.007
7.661,67.457,24.820,15.007
8.517,68.157,24.820,15.007
9.217,67.768,24.820,15.007
8.362,67.535,24.820,15.007
9.062,67.146,24.820,15.007
8.362,68.002,24.820,15.007
9.062,67.768,24.820,15.007
8.206,67.535,24.820,15.007
8.906,66.990,24.820,15.007
8.050,67.691,24.820,15.007
8.751,67.146,24.820,15.007
8.050,67.846,24.820,15.007
8.751,67.302,24.820,15.007
8.050,68.002,24.820,15.007
8.990,67.037,24.291,14.687
9.218,67.874,24.291,14.687
8.685,67.494,24.291,14.687
8.152,67.113,24.291,14.687
8.990,67.951,24.291,14.687
8.305,67.418,24.291,14.687
8.838,67.037,24.291,14.687
9.066,67.874,24.291,14.687
8.381,67.341,24.291,14.687
8.981,67.732,24.828,15.012
7.969,67.187,24.828,15.012
8.825,67.732,24.828,15.012
7.969,67.343,24.828,15.012
8.981,68.043,24.828,15.012
7.969,67.654,24.828,15.012
9.059,67.289,24.299,14.692
8.079,67.838,24.836,15.017
9.169,67.473,24.307,14.697
8.189,68.021,24.844,15.022
9.280,67.656,24.315,14.702
8.594,67.123,24.315,14.702
8.822,67.961,24.315,14.702
8.136,67.428,24.315,14.702
8.670,67.046,24.315,14.702
8.899,67.885,24.315,14.702
8.213,67.351,24.315,14.702
8.746,66.970,24.315,14.702
8.975,67.809,24.315,14.702
8.289,67.275,24.315,14.702
8.822,66.894,24.315,14.702
8.899,67.580,24.315,14.702
8.213,66.894,24.315,14.702
9.051,67.732,24.315,14.702
8.365,67.046,24.315,14.702
8.441,67.732,24.315,14.702
7.755,67.046,24.315,14.702
8.594,67.885,24.315,14.702
7.908,67.199,24.315,14.702
8.441,66.665,24.315,14.702
8.670,67.351,24.315,14.702
8.136,66.665,24.315,14.702
8.975,67.351,24.315,14.702
8.310,68.059,24.852,15.027
9.401,67.543,24.322,14.707
8.737,68.250,24.861,15.032
7.880,67.861,24.861,15.032
8.971,67.345,24.330,14.711
8.306,68.053,24.869,15.037
9.398,67.687,24.338,14.716
8.101,67.763,24.338,14.716
8.635,67.229,24.338,14.716
9.236,67.621,24.877,15.042
8.067,67.854,24.877,15.042
9.159,67.338,24.346,14.721
8.493,68.047,24.885,15.047
9.435,67.530,24.354,14.726
8.612,68.239,24.893,15.052
7.899,67.873,24.362,14.731
8.434,67.338,24.362,14.731
7.899,66.651,24.362,14.731
8.739,67.338,24.362,14.731
8.205,66.651,24.362,14.731
9.045,67.338,24.362,14.731
8.510,66.803,24.362,14.731
8.892,67.644,24.362,14.731
8.357,66.956,24.362,14.731
8.739,67.796,24.362,14.731
9.809,67.291,23.843,14.417
8.688,68.113,23.843,14.417
8.314,67.440,23.843,14.417
8.688,66.768,23.843,14.417
9.360,67.590,23.843,14.417
9.174,68.438,24.370,14.736
8.624,67.786,23.851,14.421
9.213,68.014,24.378,14.740
8.984,67.326,24.378,14.740
8.755,66.638,24.378,14.740
9.290,67.326,24.378,14.740
8.941,67.877,24.918,15.067
9.175,67.486,24.918,15.067
8.613,66.969,24.386,14.745
9.148,67.657,24.386,14.745
8.919,66.816,24.386,14.745
9.454,67.504,24.386,14.745
9.105,68.055,24.926,15.071
8.542,67.538,24.394,14.750
9.145,67.771,24.934,15.076
8.582,67.254,24.402,14.755
9.185,67.488,24.942,15.081
8.622,66.970,24.410,14.760
9.158,67.812,24.410,14.760
8.928,67.123,24.410,14.760
8.579,67.833,24.950,15.086
8.813,67.599,24.950,15.086
9.204,67.520,24.950,15.086
8.641,67.154,24.418,14.765
9.245,67.387,24.959,15.091
8.832,68.227,24.426,14.769
8.281,67.720,23.905,14.454
8.805,66.896,23.905,14.454
9.480,67.720,23.905,14.454
8.982,68.415,24.434,14.774
8.430,67.909,23.913,14.459
8.955,67.084,23.913,14.459
9.630,67.909,23.913,14.459
8.656,67.557,23.403,14.151
9.542,66.930,22.904,13.849
9.901,67.002,22.904,13.849
10.318,67.668,23.411,14.155
9.224,67.041,22.912,13.854
9.583,67.256,22.912,13.854
10.000,67.923,23.419,14.160
9.047,67.437,22.919,13.858
9.464,68.104,23.426,14.165
8.657,67.443,23.426,14.165
9.543,66.815,22.927,13.863
9.812,67.482,23.434,14.169
8.716,66.996,22.934,13.867
9.134,67.365,23.442,14.174
9.030,68.153,22.942,13.872
9.533,66.931,22.942,13.872
9.802,67.598,23.449,14.179
8.706,66.970,22.949,13.876
9.123,67.339,23.457,14.183
8.877,68.128,22.957,13.881
8.997,67.153,23.465,14.188
9.460,67.942,22.964,13.885
8.683,66.818,23.472,14.193
9.416,67.195,23.992,14.507
10.179,68.147,23.480,14.197
9.081,67.518,22.979,13.895
9.350,68.187,23.488,14.202
8.393,67.377,23.488,14.202
8.973,67.754,24.008,14.516
9.801,67.077,24.008,14.516
8.824,67.885,23.496,14.207
9.192,67.664,23.496,14.207
9.561,67.443,23.496,14.207
8.888,66.671,22.995,13.904
9.537,67.032,22.995,13.904
9.897,67.825,22.995,13.904
9.105,66.887,22.995,13.904
9.465,67.680,22.995,13.904
8.672,66.743,22.995,13.904
9.321,67.104,22.995,13.904
9.681,67.897,22.995,13.904
8.888,66.960,22.995,13.904
9.537,67.320,22.995,13.904
10.042,68.113,22.995,13.904
8.672,67.464,22.995,13.904
9.321,67.825,22.995,13.904
8.528,66.887,22.995,13.904
9.177,67.248,22.995,13.904
9.681,68.041,22.995,13.904
8.888,67.104,22.995,13.904
9.537,67.464,22.995,13.904
10.042,68.257,22.995,13.904
8.672,67.608,22.995,13.904
9.177,66.815,22.995,13.904
9.537,67.608,22.995,13.904
8.744,66.815,22.995,13.904
9.393,67.176,22.995,13.904
9.897,67.969,22.995,13.904
9.105,67.176,22.995,13.904
9.609,67.969,22.995,13.904
8.816,67.176,22.995,13.904
9.465,67.536,22.995,13.904
9.970,68.329,22.995,13.904
9.177,67.536,22.995,13.904
9.681,68.329,22.995,13.904
8.888,67.392,22.995,13.904
9.537,67.752,22.995,13.904
8.744,66.815,22.995,13.904
9.393,67.176,22.995,13.904
9.753,67.969,22.995,13.904
8.960,67.032,22.995,13.904
9.609,67.392,22.995,13.904
9.970,68.185,22.995,13.904
