297.000,338.000,98.000,40.000
297.797,338.266,98.000,40.000
298.594,338.531,98.000,40.000
298.859,339.328,98.000,40.000
299.125,339.062,98.000,40.000
298.859,338.797,98.000,40.000
299.125,340.125,98.000,40.000
298.859,339.859,98.000,40.000
299.125,340.125,98.000,40.000
298.859,339.859,98.000,40.000
299.125,340.656,98.000,40.000
298.859,340.390,98.000,40.000
299.125,340.656,98.000,40.000
298.328,340.921,98.000,40.000
298.062,340.656,98.000,40.000
297.797,340.921,98.000,40.000
298.594,341.187,98.000,40.000
297.797,340.921,98.000,40.000
298.062,341.187,98.000,40.000
296.734,340.921,98.000,40.000
297.000,341.718,98.000,40.000
296.734,341.453,98.000,40.000
296.469,341.718,98.000,40.000
296.203,341.984,98.000,40.000
295.406,342.249,98.000,40.000
295.141,341.453,98.000,40.000
294.344,341.718,98.000,40.000
294.079,341.984,98.000,40.000
293.282,342.249,98.000,40.000
290.891,341.453,98.000,40.000
291.157,341.187,98.000,40.000
289.829,340.921,98.000,40.000
290.095,341.718,98.000,40.000
288.767,341.453,98.000,40.000
289.032,341.718,98.000,40.000
287.173,341.984,98.000,40.000
286.908,342.249,98.000,40.000
287.173,341.453,98.000,40.000
286.377,341.187,98.000,40.000
286.111,340.921,98.000,40.000
285.314,341.718,98.000,40.000
285.049,341.453,98.000,40.000
283.721,341.718,98.000,40.000
283.455,341.984,98.000,40.000
282.658,342.249,98.000,40.000
282.393,341.453,98.000,40.000
281.596,341.718,98.000,40.000
281.330,341.984,98.000,40.000
280.534,342.249,98.000,40.000
280.268,341.453,98.000,40.000
279.471,341.187,98.000,40.000
279.206,341.453,98.000,40.000
278.940,341.718,98.000,40.000
279.206,341.453,98.000,40.000
278.940,341.187,98.000,40.000
279.206,340.922,98.000,40.000
278.409,341.718,98.000,40.000
278.143,341.453,98.000,40.000
277.878,341.187,98.000,40.000
278.143,341.453,98.000,40.000
277.347,342.249,98.000,40.000
277.081,342.515,98.000,40.000
276.815,342.781,98.000,40.000
277.081,343.577,98.000,40.000
276.284,343.843,98.000,40.000
276.019,344.640,98.000,40.000
275.222,344.905,98.000,40.000
274.956,345.702,98.000,40.000
275.753,346.499,98.000,40.000
274.956,346.764,98.000,40.000
274.691,347.561,98.000,40.000
273.894,348.358,98.000,40.000
273.628,349.155,98.000,40.000
272.832,349.420,98.000,40.000
272.566,350.748,98.000,40.000
272.300,351.545,98.000,40.000
270.972,352.342,98.000,40.000
271.769,352.607,98.000,40.000
270.972,353.935,98.000,40.000
270.707,354.732,98.000,40.000
270.441,354.998,98.000,40.000
269.645,355.794,98.000,40.000
269.379,356.060,98.000,40.000
269.113,355.794,98.000,40.000
268.317,356.591,98.000,40.000
268.582,356.857,98.000,40.000
268.317,357.653,98.000,40.000
268.051,357.919,98.000,40.000
267.785,358.185,98.000,40.000
268.051,357.919,98.000,40.000
267.254,358.716,98.000,40.000
266.989,358.981,98.000,40.000
267.785,359.247,98.000,40.000
267.520,358.450,98.000,40.000
266.723,359.247,98.000,40.000
266.989,358.981,98.000,40.000
266.723,359.778,98.000,40.000
266.457,360.575,98.000,40.000
266.192,360.840,98.000,40.000
265.926,361.106,98.000,40.000
266.723,360.840,98.000,40.000
266.457,362.168,98.000,40.000
266.192,361.372,98.000,40.000
265.926,362.168,98.000,40.000
266.723,362.434,98.000,40.000
266.989,363.231,98.000,40.000
267.785,362.965,98.000,40.000
267.520,363.762,98.000,40.000
267.785,352.342,98.000,40.000
268.582,336.141,98.000,40.000
268.848,319.409,98.000,40.000
269.113,315.425,98.000,40.000
268.848,317.284,98.000,40.000
269.644,318.612,98.000,40.000
269.910,319.409,98.000,40.000
270.707,319.143,98.000,40.000
270.972,319.409,98.000,40.000
271.769,320.206,98.000,40.000
272.035,319.940,98.000,40.000
271.769,321.799,98.000,40.000
273.097,321.533,98.000,40.000
273.363,321.268,98.000,40.000
273.628,321.533,98.000,40.000
274.425,322.330,98.000,40.000
275.222,322.065,98.000,40.000
275.487,321.799,98.000,40.000
275.753,323.127,98.000,40.000
276.550,322.330,98.000,40.000
276.815,322.596,98.000,40.000
277.612,322.861,98.000,40.000
277.878,323.127,98.000,40.000
278.143,322.330,98.000,40.000
278.409,322.596,98.000,40.000
278.674,322.330,98.000,40.000
279.471,322.065,98.000,40.000
279.737,321.799,98.000,40.000
280.002,323.127,98.000,40.000
279.737,321.799,98.000,40.000
280.534,323.127,98.000,40.000
280.799,322.861,98.000,40.000
281.596,323.658,98.000,40.000
281.861,323.924,98.000,40.000
282.127,324.189,98.000,40.000
281.861,323.393,98.000,40.000
282.658,324.189,98.000,40.000
282.924,323.924,98.000,40.000
283.189,324.720,98.000,40.000
282.393,324.455,98.000,40.000
282.658,324.189,98.000,40.000
282.924,324.455,98.000,40.000
283.189,324.720,98.000,40.000
282.924,325.517,98.000,40.000
283.189,325.252,98.000,40.000
282.924,324.986,98.000,40.000
283.721,326.314,98.000,40.000
283.455,325.517,98.000,40.000
283.721,326.314,98.000,40.000
283.455,326.048,98.000,40.000
282.658,325.783,98.000,40.000
282.924,326.580,98.000,40.000
283.189,325.783,98.000,40.000
282.393,326.580,98.000,40.000
282.658,325.783,98.000,40.000
282.924,326.580,98.000,40.000
282.658,326.314,98.000,40.000
282.924,325.517,98.000,40.000
283.189,325.783,98.000,40.000
282.393,325.517,98.000,40.000
282.658,325.252,98.000,40.000
282.924,324.455,98.000,40.000
283.189,324.720,98.000,40.000
282.393,324.455,98.000,40.000
282.127,323.658,98.000,40.000
282.393,323.393,98.000,40.000
282.127,322.596,98.000,40.000
282.393,322.330,98.000,40.000
282.658,322.065,98.000,40.000
282.924,321.268,98.000,40.000
283.190,321.002,98.000,40.000
281.862,320.205,98.000,40.000
282.658,320.471,98.000,40.000
282.393,320.205,98.000,40.000
282.127,319.409,98.000,40.000
281.330,319.674,98.000,40.000
281.596,319.409,98.000,40.000
281.862,318.612,98.000,40.000
282.127,318.878,98.000,40.000
280.799,318.612,98.000,40.000
281.596,318.346,98.000,40.000
281.330,318.081,98.000,40.000
280.534,317.284,98.000,40.000
280.799,317.550,98.000,40.000
281.065,317.815,98.000,40.000
280.799,317.550,98.000,40.000
281.596,317.284,98.000,40.000
281.330,317.018,98.000,40.000
281.065,316.753,98.000,40.000
280.799,317.550,98.000,40.000
281.596,317.284,98.000,40.000
281.862,317.018,98.000,40.000
282.127,316.753,98.000,40.000
281.330,317.550,98.000,40.000
281.596,317.815,98.000,40.000
282.393,318.081,98.000,40.000
281.596,316.753,98.000,40.000
281.862,318.081,98.000,40.000
282.127,316.753,98.000,40.000
281.330,318.081,98.000,40.000
281.065,316.753,98.000,40.000
281.330,318.081,98.000,40.000
281.065,316.753,98.000,40.000
280.268,317.550,98.000,40.000
280.534,317.284,98.000,40.000
280.268,317.018,98.000,40.000
280.002,316.753,98.000,40.000
278.675,317.550,98.000,40.000
279.471,316.753,98.000,40.000
279.206,317.018,98.000,40.000
278.409,316.222,98.000,40.000
278.143,316.487,98.000,40.000
277.878,316.753,98.000,40.000
278.674,317.018,98.000,40.000
277.878,316.222,98.000,40.000
278.143,316.487,98.000,40.000
276.815,317.284,98.000,40.000
277.612,317.018,98.000,40.000
277.878,316.753,98.000,40.000
277.612,318.081,98.000,40.000
277.347,317.284,98.000,40.000
276.550,318.081,98.000,40.000
276.815,318.346,98.000,40.000
277.081,319.143,98.000,40.000
276.284,318.878,98.000,40.000
276.550,320.205,98.000,40.000
276.815,319.940,98.000,40.000
277.081,321.268,98.000,40.000
276.284,321.002,98.000,40.000
276.019,322.330,98.000,40.000
275.222,323.127,98.000,40.000
275.488,323.392,98.000,40.000
275.753,324.720,98.000,40.000
276.019,325.517,98.000,40.000
274.691,326.314,98.000,40.000
275.488,326.580,98.000,40.000
275.222,327.376,98.000,40.000
274.425,328.173,98.000,40.000
274.691,328.439,98.000,40.000
274.956,329.235,98.000,40.000
275.222,329.501,98.000,40.000
274.425,330.298,98.000,40.000
274.691,330.563,98.000,40.000
274.425,331.360,98.000,40.000
274.160,331.626,98.000,40.000
273.894,332.422,98.000,40.000
274.160,332.157,98.000,40.000
273.363,322.330,98.000,40.000
273.628,307.192,98.000,40.000
273.894,290.460,98.000,40.000
274.160,289.132,98.000,40.000
273.363,290.460,98.000,40.000
273.097,291.788,98.000,40.000
272.301,292.584,98.000,40.000
272.035,292.850,98.000,40.000
271.769,293.647,98.000,40.000
272.035,292.850,98.000,40.000
282.924,294.709,98.000,40.000
317.185,295.506,98.000,40.000
335.510,294.709,98.000,40.000
334.182,294.443,98.000,40.000
330.730,294.709,98.000,40.000
332.589,294.975,98.000,40.000
333.386,295.240,98.000,40.000
333.120,294.443,98.000,40.000
332.854,295.240,98.000,40.000
333.651,294.975,98.000,40.000
333.386,295.771,98.000,40.000
333.651,295.506,98.000,40.000
333.917,295.240,98.000,40.000
334.182,294.975,98.000,40.000
332.323,295.771,98.000,40.000
333.120,295.506,98.000,40.000
333.386,295.240,98.000,40.000
333.651,294.974,98.000,40.000
333.917,295.771,98.000,40.000
333.651,295.506,98.000,40.000
333.386,295.240,98.000,40.000
333.120,294.974,98.000,40.000
333.386,295.240,98.000,40.000
333.120,294.443,98.000,40.000
332.854,294.709,98.000,40.000
333.120,294.974,98.000,40.000
332.323,294.709,98.000,40.000
332.589,294.443,98.000,40.000
333.386,294.178,98.000,40.000
333.120,293.912,98.000,40.000
332.854,294.178,98.000,40.000
333.651,293.381,98.000,40.000
333.917,293.647,98.000,40.000
334.182,293.912,98.000,40.000
333.386,294.178,98.000,40.000
333.651,293.381,98.000,40.000
333.917,293.115,98.000,40.000
334.182,292.850,98.000,40.000
334.448,293.115,98.000,40.000
334.714,292.319,98.000,40.000
334.979,292.584,98.000,40.000
335.776,292.850,98.000,40.000
336.042,293.115,98.000,40.000
335.245,292.319,98.000,40.000
335.510,292.584,98.000,40.000
336.307,292.319,98.000,40.000
336.573,292.053,98.000,40.000
337.370,291.787,98.000,40.000
337.635,292.584,98.000,40.000
338.432,292.319,98.000,40.000
338.697,292.584,98.000,40.000
340.025,292.850,98.000,40.000
340.291,293.115,98.000,40.000
341.088,292.850,98.000,40.000
341.353,293.647,98.000,40.000
342.150,293.912,98.000,40.000
342.947,294.178,98.000,40.000
344.275,293.912,98.000,40.000
344.540,294.709,98.000,40.000
345.337,294.443,98.000,40.000
345.603,294.178,98.000,40.000
346.931,293.912,98.000,40.000
347.727,294.709,98.000,40.000
347.993,294.443,98.000,40.000
348.790,294.178,98.000,40.000
349.587,293.912,98.000,40.000
349.852,294.709,98.000,40.000
350.649,293.912,98.000,40.000
350.914,293.647,98.000,40.000
351.711,293.381,98.000,40.000
351.977,293.115,98.000,40.000
352.774,292.319,98.000,40.000
353.570,292.584,98.000,40.000
353.836,292.319,98.000,40.000
354.633,291.522,98.000,40.000
354.898,291.787,98.000,40.000
355.695,291.522,98.000,40.000
355.429,291.256,98.000,40.000
355.695,290.991,98.000,40.000
356.492,291.787,98.000,40.000
356.757,291.522,98.000,40.000
357.554,291.787,98.000,40.000
357.820,292.053,98.000,40.000
358.085,291.787,98.000,40.000
357.820,292.584,98.000,40.000
359.148,292.319,98.000,40.000
359.413,292.584,98.000,40.000
360.210,292.850,98.000,40.000
360.476,293.646,98.000,40.000
360.741,293.912,98.000,40.000
361.538,294.178,98.000,40.000
361.804,293.912,98.000,40.000
362.600,294.709,98.000,40.000
363.397,294.974,98.000,40.000
363.663,295.771,98.000,40.000
364.459,296.037,98.000,40.000
364.725,295.771,98.000,40.000
365.522,297.099,98.000,40.000
365.787,296.302,98.000,40.000
366.584,297.099,98.000,40.000
367.381,296.834,98.000,40.000
367.646,298.161,98.000,40.000
368.443,297.896,98.000,40.000
369.240,299.224,98.000,40.000
369.506,298.958,98.000,40.000
370.302,299.755,98.000,40.000
370.568,300.021,98.000,40.000
371.365,299.755,98.000,40.000
371.630,301.083,98.000,40.000
372.427,300.817,98.000,40.000
373.224,302.145,98.000,40.000
373.489,301.880,98.000,40.000
374.286,303.208,98.000,40.000
374.552,303.473,98.000,40.000
375.348,304.270,98.000,40.000
375.614,304.536,98.000,40.000
376.411,305.863,98.000,40.000
376.676,306.660,98.000,40.000
377.473,306.926,98.000,40.000
377.739,307.191,98.000,40.000
378.535,307.457,98.000,40.000
378.801,308.254,98.000,40.000
379.598,308.519,98.000,40.000
379.863,309.316,98.000,40.000
380.660,310.113,98.000,40.000
380.926,310.378,98.000,40.000
381.723,310.644,98.000,40.000
381.988,311.441,98.000,40.000
382.785,311.706,98.000,40.000
383.050,312.503,98.000,40.000
382.254,312.769,98.000,40.000
381.457,311.972,98.000,40.000
306.802,317.316,100.168,40.885
291.871,319.759,100.168,40.885
291.057,319.488,100.168,40.885
290.785,321.388,100.168,40.885
291.057,321.659,100.168,40.885
289.157,321.931,100.168,40.885
289.428,322.745,100.168,40.885
289.700,323.560,100.168,40.885
288.885,324.374,100.168,40.885
289.157,325.731,100.168,40.885
286.713,326.003,100.168,40.885
287.528,326.817,100.168,40.885
286.170,327.632,100.168,40.885
285.899,327.903,100.168,40.885
286.170,328.717,100.168,40.885
284.813,328.446,100.168,40.885
285.628,329.803,100.168,40.885
285.356,329.532,100.168,40.885
284.542,330.889,100.168,40.885
284.270,330.618,100.168,40.885
283.999,330.346,100.168,40.885
284.270,325.189,100.168,40.885
284.542,309.715,100.168,40.885
284.813,292.070,100.168,40.885
284.542,277.139,100.168,40.885
284.813,275.782,100.168,40.885
285.085,278.225,100.168,40.885
283.184,280.126,100.168,40.885
283.999,280.397,100.168,40.885
283.727,281.754,100.168,40.885
284.542,281.483,100.168,40.885
284.813,282.840,100.168,40.885
285.085,282.026,100.168,40.885
285.356,283.383,100.168,40.885
285.627,283.655,100.168,40.885
285.899,282.840,100.168,40.885
286.170,283.655,100.168,40.885
285.899,283.383,100.168,40.885
286.713,284.198,100.168,40.885
286.985,284.469,100.168,40.885
286.713,285.283,100.168,40.885
287.528,285.012,100.168,40.885
287.799,284.740,100.168,40.885
288.614,285.555,100.168,40.885
288.885,286.912,100.168,40.885
289.156,286.098,100.168,40.885
288.342,287.455,100.168,40.885
288.614,288.270,100.168,40.885
288.885,287.998,100.168,40.885
289.156,288.812,100.168,40.885
288.342,289.084,100.168,40.885
288.614,289.898,100.168,40.885
288.885,290.713,100.168,40.885
289.156,291.527,100.168,40.885
288.342,292.884,100.168,40.885
288.613,293.156,100.168,40.885
288.885,294.513,100.168,40.885
288.613,295.328,100.168,40.885
288.342,296.142,100.168,40.885
288.071,297.499,100.168,40.885
287.799,298.857,100.168,40.885
288.071,299.128,100.168,40.885
286.713,301.028,100.168,40.885
287.528,301.843,100.168,40.885
286.713,303.200,100.168,40.885
286.985,304.557,100.168,40.885
284.542,305.915,100.168,40.885
285.899,305.643,100.168,40.885
286.170,306.458,100.168,40.885
285.356,308.358,100.168,40.885
285.627,308.629,100.168,40.885
285.899,308.358,100.168,40.885
286.170,310.258,100.168,40.885
284.270,310.530,100.168,40.885
285.084,311.344,100.168,40.885
285.356,308.358,100.168,40.885
285.627,293.427,100.168,40.885
285.356,277.411,100.168,40.885
285.084,263.023,100.168,40.885
284.813,261.666,100.168,40.885
285.627,263.566,100.168,40.885
285.899,264.924,100.168,40.885
286.170,266.281,100.168,40.885
285.356,267.095,100.168,40.885
286.713,267.367,100.168,40.885
286.985,268.181,100.168,40.885
286.170,268.453,100.168,40.885
286.985,269.267,100.168,40.885
287.256,269.539,100.168,40.885
287.528,269.810,100.168,40.885
288.342,269.539,100.168,40.885
288.613,271.439,100.168,40.885
288.885,271.167,100.168,40.885
289.699,271.439,100.168,40.885
289.428,272.253,100.168,40.885
289.699,272.525,100.168,40.885
289.971,273.882,100.168,40.885
288.613,274.153,100.168,40.885
289.428,274.968,100.168,40.885
289.699,275.239,100.168,40.885
289.428,276.597,100.168,40.885
289.156,276.868,100.168,40.885
288.342,277.682,100.168,40.885
288.613,277.954,100.168,40.885
288.342,278.768,100.168,40.885
288.070,279.040,100.168,40.885
287.256,279.311,100.168,40.885
287.528,279.583,100.168,40.885
286.713,279.311,100.168,40.885
286.985,280.668,100.168,40.885
283.998,279.854,100.168,40.885
284.813,280.126,100.168,40.885
285.084,280.397,100.168,40.885
283.727,280.668,100.168,40.885
283.998,279.854,100.168,40.885
282.641,280.126,100.168,40.885
282.913,280.397,100.168,40.885
283.184,280.668,100.168,40.885
281.827,279.854,100.168,40.885
282.641,280.668,100.168,40.885
282.370,280.397,100.168,40.885
282.098,281.754,100.168,40.885
281.284,281.483,100.168,40.885
281.555,282.840,100.168,40.885
281.284,282.569,100.168,40.885
281.012,282.297,100.168,40.885
280.741,283.655,100.168,40.885
281.012,282.840,100.168,40.885
280.198,283.655,100.168,40.885
280.469,283.926,100.168,40.885
280.198,284.740,100.168,40.885
280.469,284.469,100.168,40.885
280.198,285.826,100.168,40.885
280.469,285.555,100.168,40.885
280.198,286.912,100.168,40.885
279.384,286.641,100.168,40.885
279.655,286.912,100.168,40.885
279.384,287.184,100.168,40.885
278.569,287.455,100.168,40.885
278.841,287.727,100.168,40.885
278.569,286.912,100.168,40.885
277.755,287.184,100.168,40.885
278.026,287.455,100.168,40.885
275.583,287.727,100.168,40.885
276.397,286.369,100.168,40.885
276.126,287.184,100.168,40.885
274.769,286.912,100.168,40.885
275.583,286.098,100.168,40.885
275.312,286.369,100.168,40.885
274.497,286.098,100.168,40.885
274.769,285.826,100.168,40.885
274.497,285.012,100.168,40.885
273.683,285.283,100.168,40.885
273.954,285.555,100.168,40.885
271.511,285.283,100.168,40.885
272.868,284.469,100.168,40.885
273.140,284.740,100.168,40.885
270.697,283.926,100.168,40.885
272.054,283.655,100.168,40.885
271.240,282.840,100.168,40.885
271.511,283.112,100.168,40.885
270.697,283.383,100.168,40.885
270.968,283.112,100.168,40.885
269.611,282.840,100.168,40.885
269.882,282.569,100.168,40.885
270.154,282.297,100.168,40.885
268.796,282.569,100.168,40.885
269.611,281.754,100.168,40.885
269.882,282.026,100.168,40.885
269.611,282.840,100.168,40.885
268.796,282.569,100.168,40.885
269.068,282.297,100.168,40.885
267.168,283.112,100.168,40.885
267.439,282.840,100.168,40.885
267.711,282.569,100.168,40.885
267.439,282.297,100.168,40.885
267.711,283.112,100.168,40.885
267.439,282.840,100.168,40.885
266.625,282.569,100.168,40.885
266.896,281.754,100.168,40.885
267.168,281.483,100.168,40.885
265.267,282.297,100.168,40.885
266.082,281.483,100.168,40.885
265.810,281.211,100.168,40.885
266.625,280.940,100.168,40.885
266.896,280.126,100.168,40.885
267.168,279.854,100.168,40.885
264.181,279.040,100.168,40.885
265.539,278.768,100.168,40.885
265.810,277.954,100.168,40.885
266.082,277.682,100.168,40.885
263.639,276.868,100.168,40.885
264.996,276.597,100.168,40.885
265.267,275.782,100.168,40.885
264.996,275.511,100.168,40.885
263.639,275.239,100.168,40.885
264.453,274.968,100.168,40.885
264.724,274.154,100.168,40.885
263.910,273.882,100.168,40.885
264.724,273.068,100.168,40.885
264.453,272.796,100.168,40.885
262.553,271.982,100.168,40.885
263.367,271.710,100.168,40.885
263.639,270.896,100.168,40.885
263.367,270.625,100.168,40.885
262.553,269.810,100.168,40.885
263.367,269.539,100.168,40.885
260.924,269.810,100.168,40.885
261.738,268.996,100.168,40.885
262.553,268.181,100.168,40.885
260.110,267.910,100.168,40.885
260.924,267.095,100.168,40.885
258.481,266.824,100.168,40.885
259.838,265.467,100.168,40.885
260.652,265.738,100.168,40.885
257.666,264.381,100.168,40.885
259.024,264.109,100.168,40.885
257.123,263.295,100.168,40.885
258.481,262.481,100.168,40.885
257.123,262.209,100.168,40.885
257.395,260.852,100.168,40.885
255.495,260.037,100.168,40.885
256.852,259.223,100.168,40.885
257.123,258.952,100.168,40.885
253.051,257.594,100.168,40.885
254.409,256.237,100.168,40.885
255.766,255.965,100.168,40.885
252.780,255.151,100.168,40.885
254.137,254.337,100.168,40.885
251.694,254.065,100.168,40.885
253.051,252.708,100.168,40.885
250.065,251.893,100.168,40.885
251.423,251.079,100.168,40.885
252.780,250.265,100.168,40.885
250.880,249.450,100.168,40.885
252.237,248.636,100.168,40.885
248.708,247.279,100.168,40.885
250.608,246.464,100.168,40.885
250.880,246.193,100.168,40.885
248.980,244.835,100.168,40.885
249.794,242.935,100.168,40.885
250.065,241.578,100.168,40.885
246.536,240.221,100.168,40.885
248.437,249.722,100.168,40.885
249.794,256.508,100.168,40.885
247.894,254.608,100.168,40.885
249.251,251.079,100.168,40.885
246.265,249.179,100.168,40.885
248.165,247.822,100.168,40.885
246.355,246.426,98.032,40.013
247.683,245.098,98.032,40.013
248.480,243.769,98.032,40.013
247.683,242.441,98.032,40.013
249.012,240.581,98.032,40.013
245.558,240.315,98.032,40.013
247.418,238.456,98.032,40.013
248.215,237.127,98.032,40.013
247.949,239.518,98.032,40.013
249.277,253.599,98.032,40.013
245.292,268.743,98.032,40.013
246.621,280.167,98.032,40.013
247.418,277.244,98.032,40.013
246.621,274.853,98.032,40.013
247.418,273.525,98.032,40.013
245.558,272.196,98.032,40.013
246.886,270.337,98.032,40.013
247.683,269.540,98.032,40.013
245.292,269.274,98.032,40.013
246.621,267.414,98.032,40.013
247.949,266.617,98.032,40.013
245.558,266.352,98.032,40.013
246.886,264.492,98.032,40.013
247.683,263.695,98.032,40.013
246.355,262.898,98.032,40.013
247.152,262.101,98.032,40.013
244.761,260.241,98.032,40.013
246.621,258.913,98.032,40.013
247.949,258.116,98.032,40.013
248.746,256.256,98.032,40.013
245.824,255.459,98.032,40.013
247.683,254.130,98.032,40.013
247.949,252.802,98.032,40.013
248.746,252.536,98.032,40.013
245.824,251.739,98.032,40.013
247.683,250.411,98.032,40.013
248.480,249.083,98.032,40.013
246.621,248.286,98.032,40.013
247.949,247.489,98.032,40.013
249.277,246.692,98.032,40.013
246.355,249.614,98.032,40.013
247.683,263.163,98.032,40.013
248.480,277.244,98.032,40.013
246.709,289.706,95.942,39.160
248.009,286.326,95.942,39.160
248.789,283.986,95.942,39.160
249.049,281.646,95.942,39.160
246.189,280.346,95.942,39.160
247.489,279.566,95.942,39.160
248.269,278.266,95.942,39.160
249.569,278.006,95.942,39.160
248.336,277.170,93.896,38.325
250.627,276.916,93.896,38.325
250.881,276.152,93.896,38.325
250.627,275.389,93.896,38.325
250.881,274.117,93.896,38.325
251.645,274.371,93.896,38.325
250.372,273.099,93.896,38.325
252.153,272.844,93.896,38.325
252.408,272.081,93.896,38.325
252.153,272.335,93.896,38.325
252.408,271.572,93.896,38.325
252.662,270.809,93.896,38.325
251.390,271.063,93.896,38.325
253.171,270.300,93.896,38.325
253.426,270.554,93.896,38.325
253.680,269.791,93.896,38.325
251.390,269.536,93.896,38.325
253.171,269.282,93.896,38.325
253.935,270.045,93.896,38.325
254.189,269.282,93.896,38.325
254.953,269.536,93.896,38.325
253.171,268.773,93.896,38.325
254.444,269.027,93.896,38.325
255.716,268.773,93.896,38.325
253.426,269.027,93.896,38.325
255.207,268.773,93.896,38.325
255.461,268.518,93.896,38.325
256.225,268.264,93.896,38.325
254.444,269.536,93.896,38.325
255.716,267.755,93.896,38.325
254.444,268.518,93.896,38.325
255.716,268.264,93.896,38.325
254.952,269.027,93.896,38.325
255.716,268.264,93.896,38.325
255.461,269.027,93.896,38.325
256.225,268.264,93.896,38.325
256.479,268.518,93.896,38.325
255.716,267.755,93.896,38.325
255.970,267.501,93.896,38.325
255.716,267.246,93.896,38.325
254.444,268.518,93.896,38.325
255.716,267.246,93.896,38.325
253.426,268.518,93.896,38.325
254.698,267.246,93.896,38.325
255.461,268.518,93.896,38.325
254.698,267.755,93.896,38.325
252.408,268.010,93.896,38.325
253.680,268.773,93.896,38.325
251.899,268.518,93.896,38.325
253.171,268.264,93.896,38.325
252.408,269.536,93.896,38.325
252.662,268.773,93.896,38.325
249.863,269.536,93.896,38.325
251.135,269.282,93.896,38.325
251.390,271.063,93.896,38.325
249.100,270.809,93.896,38.325
249.863,271.063,93.896,38.325
248.082,272.335,93.896,38.325
249.354,272.081,93.896,38.325
249.100,272.844,93.896,38.325
246.809,273.608,93.896,38.325
248.082,273.353,93.896,38.325
246.809,273.608,93.896,38.325
247.573,274.880,93.896,38.325
244.774,275.643,93.896,38.325
246.046,275.389,93.896,38.325
247.318,276.152,93.896,38.325
246.555,277.934,93.896,38.325
244.265,278.188,93.896,38.325
245.537,279.460,93.896,38.325
246.301,279.206,93.896,38.325
246.046,280.987,93.896,38.325
245.792,281.751,93.896,38.325
245.028,282.005,93.896,38.325
245.792,282.768,93.896,38.325
245.537,283.532,93.896,38.325
246.301,283.786,93.896,38.325
244.519,285.059,93.896,38.325
245.792,286.331,93.896,38.325
243.501,287.094,93.896,38.325
245.283,286.840,93.896,38.325
245.548,287.984,91.893,37.507
245.797,276.280,91.893,37.507
244.054,265.571,91.893,37.507
245.299,267.812,91.893,37.507
246.046,269.556,91.893,37.507
244.303,271.299,91.893,37.507
245.050,271.050,91.893,37.507
244.801,271.797,91.893,37.507
243.058,272.046,91.893,37.507
243.805,272.295,91.893,37.507
244.054,273.042,91.893,37.507
242.311,273.789,91.893,37.507
243.058,273.042,91.893,37.507
243.307,274.287,91.893,37.507
243.058,275.034,91.893,37.507
241.812,274.785,91.893,37.507
242.560,274.536,91.893,37.507
241.314,277.276,91.893,37.507
242.061,276.529,91.893,37.507
241.812,276.778,91.893,37.507
240.069,277.027,91.893,37.507
241.314,277.774,91.893,37.507
241.563,277.525,91.893,37.507
239.820,279.766,91.893,37.507
240.567,279.019,91.893,37.507
239.820,280.264,91.893,37.507
240.567,281.011,91.893,37.507
239.820,281.758,91.893,37.507
240.069,282.007,91.893,37.507
240.816,283.252,91.893,37.507
239.073,284.498,91.893,37.507
240.318,284.747,91.893,37.507
240.567,284.996,91.893,37.507
237.828,286.739,91.893,37.507
239.073,287.984,91.893,37.507
239.820,287.735,91.893,37.507
240.069,290.475,91.893,37.507
238.409,290.634,89.934,36.708
239.627,291.853,89.934,36.708
239.871,292.584,89.934,36.708
240.115,293.803,89.934,36.708
237.921,294.047,89.934,36.708
239.140,294.778,89.934,36.708
239.864,296.814,88.016,35.925
240.102,297.052,88.016,35.925
238.910,297.291,88.016,35.925
239.625,298.483,88.016,35.925
239.387,299.199,88.016,35.925
238.194,299.437,88.016,35.925
238.432,300.630,88.016,35.925
238.671,301.823,88.016,35.925
238.432,302.538,88.016,35.925
238.194,303.254,88.016,35.925
237.955,303.492,88.016,35.925
238.671,304.208,88.016,35.925
238.432,292.520,88.016,35.925
238.671,277.493,88.016,35.925
239.387,263.896,88.016,35.925
239.148,266.043,88.016,35.925
238.909,267.713,88.016,35.925
239.625,269.383,88.016,35.925
239.864,270.098,88.016,35.925
240.102,271.291,88.016,35.925
239.387,272.006,88.016,35.925
239.625,274.153,88.016,35.925
240.341,274.392,88.016,35.925
240.579,275.107,88.016,35.925
240.818,275.346,88.016,35.925
241.056,277.016,88.016,35.925
240.818,278.685,88.016,35.925
241.533,278.447,88.016,35.925
241.772,279.162,88.016,35.925
242.010,279.401,88.016,35.925
241.772,279.639,88.016,35.925
242.964,280.832,88.016,35.925
243.680,282.025,88.016,35.925
243.919,282.263,88.016,35.925
244.634,282.025,88.016,35.925
245.350,283.694,88.016,35.925
245.111,283.456,88.016,35.925
244.873,283.217,88.016,35.925
246.065,283.933,88.016,35.925
246.304,285.126,88.016,35.925
247.019,284.410,88.016,35.925
247.258,285.603,88.016,35.925
247.974,286.318,88.016,35.925
249.643,286.557,88.016,35.925
250.359,287.749,88.016,35.925
251.074,288.942,88.016,35.925
251.313,289.658,88.016,35.925
252.028,289.896,88.016,35.925
253.221,291.566,88.016,35.925
254.414,291.327,88.016,35.925
255.606,292.043,88.016,35.925
256.799,293.236,88.016,35.925
257.992,294.428,88.016,35.925
259.184,295.621,88.016,35.925
259.423,296.814,88.016,35.925
260.616,298.006,88.016,35.925
261.808,298.722,88.016,35.925
263.478,299.914,88.016,35.925
264.671,301.107,88.016,35.925
265.863,300.869,88.016,35.925
267.533,302.538,88.016,35.925
268.249,302.777,88.016,35.925
269.441,303.492,88.016,35.925
270.634,303.731,88.016,35.925
271.827,304.924,88.016,35.925
273.019,305.639,88.016,35.925
273.735,305.401,88.016,35.925
275.404,306.116,88.016,35.925
277.074,305.878,88.016,35.925
278.267,307.070,88.016,35.925
279.460,306.832,88.016,35.925
281.129,308.024,88.016,35.925
281.845,308.263,88.016,35.925
283.515,307.070,88.016,35.925
285.184,293.474,88.016,35.925
286.377,277.016,88.016,35.925
287.092,265.805,88.016,35.925
288.285,266.043,88.016,35.925
289.478,266.759,88.016,35.925
290.670,267.951,88.016,35.925
291.863,269.144,88.016,35.925
293.056,268.429,88.016,35.925
293.294,268.667,88.016,35.925
294.487,269.383,88.016,35.925
295.202,269.144,88.016,35.925
295.918,268.906,88.016,35.925
297.588,270.575,88.016,35.925
298.303,270.337,88.016,35.925
298.542,270.098,88.016,35.925
299.735,270.337,88.016,35.925
300.927,271.052,88.016,35.925
302.120,270.814,88.016,35.925
301.881,269.144,88.016,35.925
303.551,254.594,88.016,35.925
304.267,238.612,88.016,35.925
304.982,235.034,88.016,35.925
306.175,238.135,88.016,35.925
306.890,238.851,88.016,35.925
308.560,240.521,88.016,35.925
309.753,241.713,88.016,35.925
310.945,242.906,88.016,35.925
312.138,243.621,88.016,35.925
312.854,244.814,88.016,35.925
314.523,246.484,88.016,35.925
301.881,248.154,88.016,35.925
270.157,248.869,88.016,35.925
241.772,250.539,88.016,35.925
240.102,251.254,88.016,35.925
243.203,252.447,88.016,35.925
244.873,254.594,88.016,35.925
246.542,255.786,88.016,35.925
247.735,257.456,88.016,35.925
248.928,258.649,88.016,35.925
250.598,259.841,88.016,35.925
251.313,261.511,88.016,35.925
252.029,262.704,88.016,35.925
253.221,264.374,88.016,35.925
254.414,258.887,88.016,35.925
255.607,244.814,88.016,35.925
256.799,229.787,88.016,35.925
257.992,224.301,88.016,35.925
259.185,226.447,88.016,35.925
259.900,229.071,88.016,35.925
261.093,230.264,88.016,35.925
261.808,231.456,88.016,35.925
263.001,233.603,88.016,35.925
263.717,234.796,88.016,35.925
264.909,235.989,88.016,35.925
266.579,237.658,88.016,35.925
267.295,238.851,88.016,35.925
268.010,240.044,88.016,35.925
268.726,240.759,88.016,35.925
269.918,242.429,88.016,35.925
270.634,243.621,88.016,35.925
271.350,245.291,88.016,35.925
272.065,246.484,88.016,35.925
272.781,248.154,88.016,35.925
273.973,249.346,88.016,35.925
275.166,250.539,88.016,35.925
275.405,251.732,88.016,35.925
276.120,253.401,88.016,35.925
276.359,254.594,88.016,35.925
277.074,255.309,88.016,35.925
277.790,256.502,88.016,35.925
278.982,257.695,88.016,35.925
280.175,258.887,88.016,35.925
280.414,260.080,88.016,35.925
281.129,260.796,88.016,35.925
281.845,262.465,88.016,35.925
282.560,263.181,88.016,35.925
283.276,263.897,88.016,35.925
284.469,265.089,88.016,35.925
285.184,265.328,88.016,35.925
286.377,266.520,88.016,35.925
287.092,266.282,88.016,35.925
287.808,253.163,88.016,35.925
289.001,237.658,88.016,35.925
289.716,225.493,88.016,35.925
290.909,227.640,88.016,35.925
292.102,230.264,88.016,35.925
292.817,231.934,88.016,35.925
294.010,233.603,88.016,35.925
294.248,234.319,88.016,35.925
295.441,235.035,88.016,35.925
296.157,236.704,88.016,35.925
296.872,237.420,88.016,35.925
298.065,238.135,88.016,35.925
298.780,237.897,88.016,35.925
299.973,239.567,88.016,35.925
301.166,240.282,88.016,35.925
301.404,240.521,88.016,35.925
302.120,241.236,88.016,35.925
302.835,241.475,88.016,35.925
303.551,242.667,88.016,35.925
304.266,242.906,88.016,35.925
304.505,243.622,88.016,35.925
305.221,243.383,88.016,35.925
305.936,243.622,88.016,35.925
307.129,244.337,88.016,35.925
