235.000,291.000,48.000,22.000
235.406,288.427,48.000,22.000
235.812,286.396,48.000,22.000
235.135,284.095,48.000,22.000
235.542,281.522,48.000,22.000
234.865,278.408,48.000,22.000
235.000,276.648,48.000,22.000
235.135,274.075,48.000,22.000
235.000,272.044,48.000,22.000
234.323,273.804,48.000,22.000
234.729,276.377,48.000,22.000
234.052,280.033,48.000,22.000
234.458,282.605,48.000,22.000
234.865,284.636,48.000,22.000
234.188,287.750,48.000,22.000
234.594,290.594,48.000,22.000
233.646,290.458,48.000,22.000
233.511,289.511,48.000,22.000
233.104,286.396,48.000,22.000
233.781,284.095,48.000,22.000
233.375,281.793,48.000,22.000
233.781,279.220,48.000,22.000
233.375,277.460,48.000,22.000
234.052,274.888,48.000,22.000
233.917,272.044,48.000,22.000
233.781,269.472,48.000,22.000
233.646,267.712,48.000,22.000
233.781,266.493,48.000,22.000
234.188,270.149,48.000,22.000
234.323,272.992,48.000,22.000
234.458,275.565,48.000,22.000
234.594,278.137,48.000,22.000
233.375,281.522,48.000,22.000
234.052,283.824,48.000,22.000
234.188,286.396,48.000,22.000
234.052,289.781,48.000,22.000
234.188,291.812,48.000,22.000
234.323,294.385,48.000,22.000
234.458,297.228,48.000,22.000
234.594,299.801,48.000,22.000
233.375,301.832,48.000,22.000
234.052,302.780,48.000,22.000
233.917,300.478,48.000,22.000
233.781,298.718,48.000,22.000
233.104,295.604,48.000,22.000
233.511,292.489,48.000,22.000
232.563,290.729,48.000,22.000
232.698,287.615,48.000,22.000
232.834,285.313,48.000,22.000
232.698,288.157,48.000,22.000
232.834,290.729,48.000,22.000
232.698,293.031,48.000,22.000
232.563,295.604,48.000,22.000
232.427,297.635,48.000,22.000
232.834,300.207,48.000,22.000
232.698,302.780,48.000,22.000
231.750,304.811,48.000,22.000
225.116,307.112,48.000,22.000
215.503,309.414,48.000,22.000
204.265,311.987,48.000,22.000
194.922,314.018,48.000,22.000
184.496,316.319,48.000,22.000
181.653,318.892,48.000,22.000
182.601,320.923,48.000,22.000
184.361,323.225,48.000,22.000
186.121,325.797,48.000,22.000
186.798,327.558,48.000,22.000
187.475,329.589,48.000,22.000
188.152,331.890,48.000,22.000
188.288,334.463,48.000,22.000
188.423,337.306,48.000,22.000
188.558,339.879,48.000,22.000
187.069,342.451,48.000,22.000
187.746,345.295,48.000,22.000
187.340,347.326,48.000,22.000
187.746,345.295,48.000,22.000
187.069,342.451,48.000,22.000
187.204,338.796,48.000,22.000
187.069,333.786,48.000,22.000
186.667,330.758,46.976,21.531
187.807,324.984,45.975,21.072
186.640,320.186,45.975,21.072
186.769,315.647,45.975,21.072
186.640,311.368,45.975,21.072
186.769,305.532,45.975,21.072
186.640,300.993,45.975,21.072
186.510,295.157,45.975,21.072
186.899,289.840,45.975,21.072
185.991,287.895,45.975,21.072
185.862,288.802,45.975,21.072
185.732,289.191,45.975,21.072
185.602,288.024,45.975,21.072
184.694,288.154,45.975,21.072
185.083,288.543,45.975,21.072
185.213,289.192,45.975,21.072
185.602,288.543,45.975,21.072
184.694,289.451,45.975,21.072
184.565,289.581,45.975,21.072
184.176,289.710,45.975,21.072
184.824,289.840,45.975,21.072
184.176,290.488,45.975,21.072
184.305,290.359,45.975,21.072
184.435,290.488,45.975,21.072
184.305,291.137,45.975,21.072
183.398,291.267,45.975,21.072
183.527,291.656,45.975,21.072
182.360,292.304,45.975,21.072
183.268,292.434,45.975,21.072
182.879,293.082,45.975,21.072
182.749,292.693,45.975,21.072
182.619,293.860,45.975,21.072
182.230,294.509,45.975,21.072
182.619,294.379,45.975,21.072
181.971,294.768,45.975,21.072
181.582,295.935,45.975,21.072
174.449,296.584,45.975,21.072
165.760,296.195,45.975,21.072
154.997,296.584,45.975,21.072
145.530,297.492,45.975,21.072
141.769,298.140,45.975,21.072
144.233,298.270,45.975,21.072
146.956,299.177,45.975,21.072
148.123,299.826,45.975,21.072
149.031,300.993,45.975,21.072
149.420,300.604,45.975,21.072
150.328,302.031,45.975,21.072
150.976,302.420,45.975,21.072
151.365,303.327,45.975,21.072
152.532,303.976,45.975,21.072
152.403,304.365,45.975,21.072
154.348,305.013,45.975,21.072
155.256,305.143,45.975,21.072
156.423,305.792,45.975,21.072
157.590,307.218,45.975,21.072
158.757,306.570,45.975,21.072
159.925,307.477,45.975,21.072
161.351,307.866,45.975,21.072
163.296,308.774,45.975,21.072
164.723,308.904,45.975,21.072
165.890,309.812,45.975,21.072
167.057,310.201,45.975,21.072
169.002,309.812,45.975,21.072
170.429,311.238,45.975,21.072
171.855,311.109,45.975,21.072
173.023,311.498,45.975,21.072
174.449,312.146,45.975,21.072
176.654,312.016,45.975,21.072
178.340,312.146,45.975,21.072
181.582,311.757,45.975,21.072
184.565,311.368,45.975,21.072
189.622,309.941,45.975,21.072
191.568,311.109,45.975,21.072
193.772,309.423,45.975,21.072
195.717,310.071,45.975,21.072
197.663,308.904,45.975,21.072
199.867,310.071,45.975,21.072
200.570,308.358,46.992,21.538
194.870,307.695,46.992,21.538
188.110,308.623,46.992,21.538
181.614,307.960,46.992,21.538
174.854,308.358,46.992,21.538
168.359,307.695,46.992,21.538
163.720,307.828,46.992,21.538
165.973,307.430,46.992,21.538
171.673,307.032,46.992,21.538
175.782,307.430,46.992,21.538
180.156,305.972,46.992,21.538
184.796,306.105,46.992,21.538
188.110,305.972,46.992,21.538
192.219,305.574,46.992,21.538
195.798,304.912,46.992,21.538
196.726,304.779,46.992,21.538
192.086,304.646,46.992,21.538
186.121,303.719,46.992,21.538
179.626,303.321,46.992,21.538
173.131,302.658,46.992,21.538
174.854,302.791,46.992,21.538
180.554,302.393,46.992,21.538
186.254,301.465,46.992,21.538
191.689,301.598,46.992,21.538
196.328,301.200,46.992,21.538
200.967,301.598,46.992,21.538
205.077,300.935,46.992,21.538
208.656,301.598,46.992,21.538
212.500,300.405,46.992,21.538
216.609,299.742,46.992,21.538
219.658,299.609,46.992,21.538
223.767,298.947,46.992,21.538
227.876,299.079,46.992,21.538
232.250,299.212,46.992,21.538
236.890,299.079,46.992,21.538
241.264,298.681,46.992,21.538
245.903,298.019,46.992,21.538
248.157,298.416,46.992,21.538
244.843,297.754,46.992,21.538
238.613,297.886,46.992,21.538
233.178,298.284,46.992,21.538
228.804,297.621,46.992,21.538
222.574,298.284,46.992,21.538
216.609,297.091,46.992,21.538
210.379,297.754,46.992,21.538
208.197,296.578,45.990,21.079
212.997,297.227,45.990,21.079
218.575,296.318,45.990,21.079
223.115,296.448,45.990,21.079
228.175,295.800,45.990,21.079
232.975,295.670,45.990,21.079
237.515,295.021,45.990,21.079
242.315,294.113,45.990,21.079
247.374,293.724,45.990,21.079
246.726,294.373,45.990,21.079
240.888,293.724,45.990,21.079
236.088,293.854,45.990,21.079
231.288,293.464,45.990,21.079
226.748,293.075,45.990,21.079
220.651,292.427,45.990,21.079
214.553,292.816,45.990,21.079
208.716,292.945,45.990,21.079
203.137,293.075,45.990,21.079
198.337,291.648,45.990,21.079
199.764,291.778,45.990,21.079
205.602,291.648,45.990,21.079
211.699,291.000,45.990,21.079
217.537,289.832,45.990,21.079
222.856,290.740,45.990,21.079
228.694,290.870,45.990,21.079
232.715,291.518,45.990,21.079
230.250,290.351,45.990,21.079
225.969,290.481,45.990,21.079
220.391,290.091,45.990,21.079
215.332,289.443,45.990,21.079
209.753,289.313,45.990,21.079
204.175,288.924,45.990,21.079
204.564,289.313,45.990,21.079
210.402,288.146,45.990,21.079
218.315,288.016,45.990,21.079
224.672,287.886,45.990,21.079
229.472,288.794,45.990,21.079
235.829,287.627,45.990,21.079
240.629,287.497,45.990,21.079
245.169,286.848,45.990,21.079
249.710,287.237,45.990,21.079
253.731,286.070,45.990,21.079
258.790,285.681,45.990,21.079
261.515,286.589,45.990,21.079
257.753,285.940,45.990,21.079
252.174,286.070,45.990,21.079
246.596,284.902,45.990,21.079
240.499,285.292,45.990,21.079
237.775,283.865,45.990,21.079
242.056,283.735,45.990,21.079
249.191,283.346,45.990,21.079
255.547,282.438,45.990,21.079
260.347,282.827,45.990,21.079
265.407,283.216,45.990,21.079
268.131,282.308,45.990,21.079
263.590,281.659,45.990,21.079
256.455,282.308,45.990,21.079
250.099,282.178,45.990,21.079
242.964,282.308,45.990,21.079
239.721,282.178,45.990,21.079
243.742,282.567,45.990,21.079
248.542,282.956,45.990,21.079
252.045,283.346,45.990,21.079
255.288,282.697,45.990,21.079
257.234,283.086,45.990,21.079
258.920,282.438,45.990,21.079
259.828,282.567,45.990,21.079
260.996,282.438,45.990,21.079
262.163,282.308,45.990,21.079
258.142,281.919,45.990,21.079
248.412,282.308,45.990,21.079
238.683,281.659,45.990,21.079
228.175,282.048,45.990,21.079
218.705,280.881,45.990,21.079
208.197,281.529,45.990,21.079
198.467,280.881,45.990,21.079
192.111,281.011,45.990,21.079
193.019,279.843,45.990,21.079
195.224,280.751,45.990,21.079
196.911,280.362,45.990,21.079
197.559,279.713,45.990,21.079
197.689,280.102,45.990,21.079
198.338,279.194,45.990,21.079
198.986,279.584,45.990,21.079
198.856,279.973,45.990,21.079
198.727,279.324,45.990,21.079
198.597,279.713,45.990,21.079
198.467,280.102,45.990,21.079
199.375,279.454,45.990,21.079
199.246,280.102,45.990,21.079
201.192,279.713,45.990,21.079
209.883,280.362,45.990,21.079
219.613,279.713,45.990,21.079
228.564,280.102,45.990,21.079
237.775,279.454,45.990,21.079
247.764,279.584,45.990,21.079
257.753,279.713,45.990,21.079
263.331,279.843,45.990,21.079
261.645,279.973,45.990,21.079
259.180,278.805,45.990,21.079
258.531,279.973,45.990,21.079
256.845,278.805,45.990,21.079
256.974,282.308,45.990,21.079
257.104,287.108,45.990,21.079
257.234,291.908,45.990,21.079
257.104,296.189,45.990,21.079
256.715,295.021,45.990,21.079
256.585,294.373,45.990,21.079
256.196,294.762,45.990,21.079
256.845,294.632,45.990,21.079
256.455,294.502,45.990,21.079
256.845,294.373,45.990,21.079
255.936,294.502,45.990,21.079
256.326,294.113,45.990,21.079
256.455,293.724,45.990,21.079
256.585,294.632,45.990,21.079
254.899,295.021,45.990,21.079
255.547,294.632,45.990,21.079
255.677,295.281,45.990,21.079
256.066,295.151,45.990,21.079
256.455,295.540,45.990,21.079
257.364,296.189,45.990,21.079
257.753,295.800,45.990,21.079
256.066,296.708,45.990,21.079
257.493,296.837,45.990,21.079
258.142,296.967,45.990,21.079
256.715,296.059,45.990,21.079
257.104,295.670,45.990,21.079
255.418,296.578,45.990,21.079
254.250,296.967,45.990,21.079
255.677,295.800,45.990,21.079
256.845,296.708,45.990,21.079
257.816,295.801,47.007,21.545
257.419,296.199,47.007,21.545
257.036,296.098,48.047,22.022
257.714,296.505,48.047,22.022
256.765,295.014,48.047,22.022
256.901,295.692,48.047,22.022
256.494,295.285,48.047,22.022
255.816,295.963,48.047,22.022
255.410,295.285,48.047,22.022
255.545,295.963,48.047,22.022
255.410,295.556,48.047,22.022
256.901,294.879,48.047,22.022
262.457,295.827,48.047,22.022
272.893,295.421,48.047,22.022
282.516,296.370,48.047,22.022
292.681,295.692,48.047,22.022
303.117,295.014,48.047,22.022
313.282,295.692,48.047,22.022
315.586,295.014,48.047,22.022
312.197,295.150,48.047,22.022
310.978,295.556,48.047,22.022
309.487,294.879,48.047,22.022
307.996,295.556,48.047,22.022
307.589,294.608,48.047,22.022
306.641,296.370,48.047,22.022
306.234,301.926,48.047,22.022
306.912,306.670,48.047,22.022
306.234,310.058,48.047,22.022
306.099,311.007,48.047,22.022
305.692,310.058,48.047,22.022
305.285,309.923,48.047,22.022
305.692,309.516,48.047,22.022
305.014,309.381,48.047,22.022
304.879,310.058,48.047,22.022
304.472,309.381,48.047,22.022
304.066,310.058,48.047,22.022
303.659,309.381,48.047,22.022
303.252,310.329,48.047,22.022
302.846,310.736,48.047,22.022
302.439,310.329,48.047,22.022
302.304,311.549,48.047,22.022
302.168,310.329,48.047,22.022
301.491,312.091,48.047,22.022
300.542,312.227,48.047,22.022
299.593,312.904,48.047,22.022
299.187,313.040,48.047,22.022
299.322,314.260,48.047,22.022
298.915,314.937,48.047,22.022
298.509,315.073,48.047,22.022
297.831,315.750,48.047,22.022
297.696,315.344,48.047,22.022
297.018,316.835,48.047,22.022
296.611,316.157,48.047,22.022
295.934,317.648,48.047,22.022
296.069,317.241,48.047,22.022
295.392,318.461,48.047,22.022
294.985,319.139,48.047,22.022
294.307,319.003,48.047,22.022
293.901,319.139,48.047,22.022
292.952,319.274,48.047,22.022
292.275,320.223,48.047,22.022
291.868,320.630,48.047,22.022
290.919,319.952,48.047,22.022
289.970,321.443,48.047,22.022
289.293,322.392,48.047,22.022
289.157,322.798,48.047,22.022
288.480,322.121,48.047,22.022
286.989,323.340,48.047,22.022
286.582,323.747,48.047,22.022
285.634,323.069,48.047,22.022
284.685,324.560,48.047,22.022
284.007,323.882,48.047,22.022
283.601,324.831,48.047,22.022
282.652,324.967,48.047,22.022
281.432,325.644,48.047,22.022
281.297,325.238,48.047,22.022
280.077,326.458,48.047,22.022
278.857,326.864,48.047,22.022
277.908,326.729,48.047,22.022
276.959,326.864,48.047,22.022
276.011,327.271,48.047,22.022
275.062,328.219,48.047,22.022
274.113,328.355,48.047,22.022
273.165,329.033,48.047,22.022
272.487,328.897,48.047,22.022
270.725,329.575,48.047,22.022
270.047,329.168,48.047,22.022
269.099,330.388,48.047,22.022
267.879,331.066,48.047,22.022
266.659,330.659,48.047,22.022
265.439,330.795,48.047,22.022
264.491,331.472,48.047,22.022
263.000,332.421,48.047,22.022
261.780,332.827,48.047,22.022
261.102,332.421,48.047,22.022
267.743,333.641,48.047,22.022
268.421,334.047,48.047,22.022
269.912,334.725,48.047,22.022
273.571,333.505,48.047,22.022
271.538,333.912,48.047,22.022
269.234,334.589,48.047,22.022
267.743,334.454,48.047,22.022
265.981,335.403,48.047,22.022
265.033,336.080,48.047,22.022
264.084,335.674,48.047,22.022
263.135,335.809,48.047,22.022
262.458,336.487,48.047,22.022
261.780,337.436,48.047,22.022
260.831,338.113,48.047,22.022
259.882,337.978,48.047,22.022
259.205,338.384,48.047,22.022
258.527,339.333,48.047,22.022
257.307,339.468,48.047,22.022
256.630,340.146,48.047,22.022
255.410,340.282,48.047,22.022
254.461,341.230,48.047,22.022
253.512,341.908,48.047,22.022
252.022,342.315,48.047,22.022
251.073,343.263,48.047,22.022
250.124,344.212,48.047,22.022
259.205,348.956,48.047,22.022
268.285,349.633,48.047,22.022
274.113,349.227,48.047,22.022
274.249,350.989,48.047,22.022
271.945,351.124,48.047,22.022
270.498,350.706,47.023,21.552
268.773,347.655,47.023,21.552
269.171,342.747,47.023,21.552
269.800,338.247,46.020,21.092
268.915,334.092,45.038,20.643
269.804,330.154,45.038,20.643
269.182,325.354,44.078,20.202
270.251,320.895,43.138,19.772
268.669,315.663,43.138,19.772
269.521,310.674,43.138,19.772
276.214,306.658,43.138,19.772
275.362,307.510,43.138,19.772
274.754,309.335,43.138,19.772
273.898,308.485,44.092,20.209
273.525,309.605,44.092,20.209
272.133,308.478,45.068,20.656
274.549,309.622,45.068,20.656
281.041,310.581,46.065,21.113
291.306,309.151,46.065,21.113
300.792,310.321,46.065,21.113
310.797,310.191,46.065,21.113
320.023,311.100,46.065,21.113
323.692,309.384,47.084,21.580
320.903,310.314,47.084,21.580
318.911,310.712,47.084,21.580
316.919,311.110,47.084,21.580
315.724,312.040,47.084,21.580
314.528,312.173,47.084,21.580
313.864,312.571,47.084,21.580
314.308,311.368,48.126,22.058
313.086,312.861,48.126,22.058
312.136,312.997,48.126,22.058
311.186,313.676,48.126,22.058
311.593,312.997,48.126,22.058
309.285,314.490,48.126,22.058
309.692,314.355,48.126,22.058
307.656,315.848,48.126,22.058
307.249,316.255,48.126,22.058
306.841,317.477,48.126,22.058
306.434,316.255,48.126,22.058
306.027,318.020,48.126,22.058
305.077,318.699,48.126,22.058
310.642,318.835,48.126,22.058
317.294,320.056,48.126,22.058
323.946,321.278,48.126,22.058
334.128,321.957,48.126,22.058
344.852,321.278,48.126,22.058
351.776,321.957,48.126,22.058
349.740,321.550,48.126,22.058
347.432,321.414,48.126,22.058
345.938,322.907,48.126,22.058
344.717,322.228,48.126,22.058
343.223,323.450,48.126,22.058
342.545,323.586,48.126,22.058
341.323,322.636,48.126,22.058
340.916,323.586,48.126,22.058
340.237,322.907,48.126,22.058
339.558,324.129,48.126,22.058
338.608,324.265,48.126,22.058
337.657,324.943,48.126,22.058
337.522,324.265,48.126,22.058
336.571,324.943,48.126,22.058
336.164,324.265,48.126,22.058
336.028,325.215,48.126,22.058
335.350,324.808,48.126,22.058
335.214,324.129,48.126,22.058
334.264,324.808,48.126,22.058
333.856,324.129,48.126,22.058
332.906,324.808,48.126,22.058
332.770,323.857,48.126,22.058
332.092,324.265,48.126,22.058
331.684,324.672,48.126,22.058
330.734,323.722,48.126,22.058
329.784,324.129,48.126,22.058
329.105,324.265,48.126,22.058
328.969,324.400,48.126,22.058
328.290,324.265,48.126,22.058
328.155,324.400,48.126,22.058
327.747,323.993,48.126,22.058
327.069,323.586,48.126,22.058
326.661,323.179,48.126,22.058
325.983,323.857,48.126,22.058
325.847,323.179,48.126,22.058
325.168,323.857,48.126,22.058
325.032,323.179,48.126,22.058
324.354,323.857,48.126,22.058
324.218,322.907,48.126,22.058
323.811,323.314,48.126,22.058
322.860,323.179,48.126,22.058
321.910,323.043,48.126,22.058
321.231,322.907,48.126,22.058
321.639,322.771,48.126,22.058
320.688,322.907,48.126,22.058
319.738,322.500,48.126,22.058
319.059,322.093,48.126,22.058
318.380,323.043,48.126,22.058
318.788,322.093,48.126,22.058
317.294,322.228,48.126,22.058
316.616,322.636,48.126,22.058
315.665,321.414,48.126,22.058
314.715,322.364,48.126,22.058
314.851,321.685,48.126,22.058
314.444,320.735,48.126,22.058
313.222,320.599,48.126,22.058
313.358,319.920,48.126,22.058
312.679,320.871,48.126,22.058
313.358,320.735,48.126,22.058
310.235,318.156,48.126,22.058
309.013,318.291,48.126,22.058
308.606,317.613,48.126,22.058
307.656,316.934,48.126,22.058
307.249,317.613,48.126,22.058
307.927,316.391,48.126,22.058
306.706,317.613,48.126,22.058
306.298,316.119,48.126,22.058
306.163,317.070,48.126,22.058
305.755,316.662,48.126,22.058
304.805,315.712,48.126,22.058
304.398,316.119,48.126,22.058
304.805,316.527,48.126,22.058
303.583,315.305,48.126,22.058
302.905,316.527,48.126,22.058
303.040,315.305,48.126,22.058
302.633,316.527,48.126,22.058
301.954,315.033,48.126,22.058
301.819,315.984,48.126,22.058
301.411,315.305,48.126,22.058
301.547,315.984,48.126,22.058
300.054,315.305,48.126,22.058
300.461,315.984,48.126,22.058
298.968,315.033,48.126,22.058
299.375,315.169,48.126,22.058
299.511,315.033,48.126,22.058
298.017,315.169,48.126,22.058
298.696,314.490,48.126,22.058
297.203,313.540,48.126,22.058
297.610,313.947,48.126,22.058
296.660,314.626,48.126,22.058
296.253,313.404,48.126,22.058
296.660,314.355,48.126,22.058
295.438,313.676,48.126,22.058
295.031,312.726,48.126,22.058
295.167,312.861,48.126,22.058
294.759,312.726,48.126,22.058
293.809,312.318,48.126,22.058
293.130,313.269,48.126,22.058
293.266,312.318,48.126,22.058
292.587,312.997,48.126,22.058
291.637,312.318,48.126,22.058
290.958,312.997,48.126,22.058
291.365,312.047,48.126,22.058
290.958,312.726,48.126,22.058
290.279,311.775,48.126,22.058
289.329,311.368,48.126,22.058
288.379,312.318,48.126,22.058
288.499,311.376,47.100,21.587
287.835,311.774,47.100,21.587
287.702,310.844,47.100,21.587
287.038,311.509,47.100,21.587
286.108,311.907,47.100,21.587
285.709,310.712,47.100,21.587
285.311,310.313,47.100,21.587
284.381,311.509,47.100,21.587
284.248,310.844,47.100,21.587
283.849,310.180,47.100,21.587
283.451,310.844,47.100,21.587
282.786,309.914,47.100,21.587
282.388,310.579,47.100,21.587
281.458,311.243,47.100,21.587
281.064,310.321,46.095,21.127
280.413,311.231,46.095,21.127
281.118,309.783,47.115,21.594
279.390,309.916,47.115,21.594
278.991,310.049,47.115,21.594
278.061,309.916,47.115,21.594
277.662,309.783,47.115,21.594
277.529,309.384,47.115,21.594
276.879,310.255,46.110,21.134
277.269,310.905,46.110,21.134
276.358,309.735,46.110,21.134
275.708,310.125,46.110,21.134
275.578,310.515,46.110,21.134
274.928,309.605,46.110,21.134
274.798,309.995,46.110,21.134
274.407,310.385,46.110,21.134
273.497,310.775,46.110,21.134
273.107,309.865,46.110,21.134
272.196,310.515,46.110,21.134
271.806,309.345,46.110,21.134
271.676,310.775,46.110,21.134
270.765,309.865,46.110,21.134
270.115,310.515,46.110,21.134
268.945,309.344,46.110,21.134
269.595,310.515,46.110,21.134
268.424,309.344,46.110,21.134
267.514,310.775,46.110,21.134
266.863,309.865,46.110,21.134
266.213,310.515,46.110,21.134
264.782,309.605,46.110,21.134
265.433,309.995,46.110,21.134
269.725,310.645,46.110,21.134
278.700,309.995,46.110,21.134
285.333,310.645,46.110,21.134
283.642,309.214,46.110,21.134
281.691,310.385,46.110,21.134
279.480,309.735,46.110,21.134
277.789,308.564,46.110,21.134
276.879,309.214,46.110,21.134
275.968,309.344,46.110,21.134
274.537,308.954,46.110,21.134
274.407,308.304,46.110,21.134
273.757,308.954,46.110,21.134
273.367,308.044,46.110,21.134
272.456,308.174,46.110,21.134
272.066,308.304,46.110,21.134
271.156,307.654,46.110,21.134
270.765,307.003,46.110,21.134
270.895,307.654,46.110,21.134
270.505,306.483,46.110,21.134
269.595,306.873,46.110,21.134
269.465,306.483,46.110,21.134
268.814,305.833,46.110,21.134
268.684,306.223,46.110,21.134
268.034,305.833,46.110,21.134
267.124,304.922,46.110,21.134
266.733,305.312,46.110,21.134
266.863,305.442,46.110,21.134
266.473,304.012,46.110,21.134
265.563,304.922,46.110,21.134
264.912,304.012,46.110,21.134
264.782,304.402,46.110,21.134
264.132,304.272,46.110,21.134
263.221,303.621,46.110,21.134
262.571,302.971,46.110,21.134
262.181,303.621,46.110,21.134
261.270,302.191,46.110,21.134
260.620,303.101,46.110,21.134
260.230,302.451,46.110,21.134
259.319,301.280,46.110,21.134
258.669,302.451,46.110,21.134
258.799,301.020,46.110,21.134
258.669,301.931,46.110,21.134
257.498,301.540,46.110,21.134
256.588,300.890,46.110,21.134
256.198,301.540,46.110,21.134
255.287,300.630,46.110,21.134
254.637,301.020,46.110,21.134
254.507,300.890,46.110,21.134
253.596,300.760,46.110,21.134
252.946,300.370,46.110,21.134
251.255,301.280,46.110,21.134
250.605,300.370,46.110,21.134
250.475,300.500,46.110,21.134
249.564,299.069,46.110,21.134
253.336,299.980,46.110,21.134
261.010,299.849,46.110,21.134
269.725,299.459,46.110,21.134
279.220,298.809,46.110,21.134
283.512,298.939,46.110,21.134
281.821,299.069,46.110,21.134
279.350,299.199,46.110,21.134
276.879,299.329,46.110,21.134
275.708,299.199,46.110,21.134
274.797,298.809,46.110,21.134
273.887,298.419,46.110,21.134
272.977,299.329,46.110,21.134
271.806,298.679,46.110,21.134
271.416,298.029,46.110,21.134
270.765,298.679,46.110,21.134
270.630,299.030,45.127,20.683
269.994,298.902,45.127,20.683
269.103,298.520,45.127,20.683
268.466,298.139,45.127,20.683
268.084,299.030,45.127,20.683
267.448,298.648,45.127,20.683
267.066,298.266,45.127,20.683
266.684,297.629,45.127,20.683
266.302,298.266,45.127,20.683
265.666,297.375,45.127,20.683
265.284,298.011,45.127,20.683
264.647,298.648,45.127,20.683
264.265,297.757,45.127,20.683
263.629,298.393,45.127,20.683
263.247,297.757,45.127,20.683
262.611,298.393,45.127,20.683
262.229,297.502,45.127,20.683
261.847,298.393,45.127,20.683
261.465,297.757,45.127,20.683
260.828,298.648,45.127,20.683
260.446,298.011,45.127,20.683
260.319,298.648,45.127,20.683
259.937,298.011,45.127,20.683
258.778,297.914,46.126,21.141
258.387,298.305,46.126,21.141
257.997,298.435,46.126,21.141
257.347,297.524,46.126,21.141
256.956,298.175,46.126,21.141
256.566,298.825,46.126,21.141
256.176,297.914,46.126,21.141
255.525,298.565,46.126,21.141
255.135,297.654,46.126,21.141
254.224,298.305,46.126,21.141
253.573,299.216,46.126,21.141
253.443,298.825,46.126,21.141
253.313,298.175,46.126,21.141
252.663,299.346,46.126,21.141
252.527,298.693,45.142,20.690
251.891,299.330,45.142,20.690
252.273,298.439,45.142,20.690
251.636,299.075,45.142,20.690
250.745,299.712,45.142,20.690
250.612,298.828,44.179,20.249
250.239,300.448,44.179,20.249
250.363,299.576,44.179,20.249
249.989,300.448,44.179,20.249
249.366,300.323,44.179,20.249
248.992,300.448,44.179,20.249
248.618,300.573,44.179,20.249
248.743,300.946,44.179,20.249
248.868,300.074,44.179,20.249
249.242,300.697,44.179,20.249
248.369,301.570,44.179,20.249
247.746,301.196,44.179,20.249
247.621,301.320,44.179,20.249
247.248,301.196,44.179,20.249
246.375,301.071,44.179,20.249
246.251,301.196,44.179,20.249
245.877,301.819,44.179,20.249
246.001,302.442,44.179,20.249
245.129,301.819,44.179,20.249
244.755,302.940,44.179,20.249
244.880,301.570,44.179,20.249
244.506,302.691,44.179,20.249
243.883,303.065,44.179,20.249
244.257,302.193,44.179,20.249
243.384,303.065,44.179,20.249
243.010,302.691,44.179,20.249
242.387,304.062,44.179,20.249
242.263,302.940,44.179,20.249
241.889,303.813,44.179,20.249
242.014,304.934,44.179,20.249
241.141,303.813,44.179,20.249
240.767,305.184,44.179,20.249
241.141,304.560,44.179,20.249
240.518,305.931,44.179,20.249
240.144,305.059,44.179,20.249
239.521,305.931,44.179,20.249
239.646,305.557,44.179,20.249
243.509,306.928,44.179,20.249
251.859,306.056,44.179,20.249
261.704,306.928,44.179,20.249
263.822,306.554,44.179,20.249
261.704,307.676,44.179,20.249
259.336,307.801,44.179,20.249
257.716,308.424,44.179,20.249
257.342,307.801,44.179,20.249
256.220,308.424,44.179,20.249
256.119,306.777,45.157,20.697
254.464,307.924,45.157,20.697
254.336,308.051,45.157,20.697
253.954,307.924,45.157,20.697
252.808,308.051,45.157,20.697
253.444,308.179,45.157,20.697
253.572,307.032,45.157,20.697
253.444,308.433,45.157,20.697
252.553,307.796,45.157,20.697
252.680,308.433,45.157,20.697
252.553,307.542,45.157,20.697
251.661,308.179,45.157,20.697
252.043,307.542,45.157,20.697
251.152,308.179,45.157,20.697
250.515,307.542,45.157,20.697
250.897,308.179,45.157,20.697
251.279,307.287,45.157,20.697
250.387,307.924,45.157,20.697
250.260,308.051,45.157,20.697
249.878,308.179,45.157,20.697
250.260,306.777,45.157,20.697
249.114,307.669,45.157,20.697
249.496,307.032,45.157,20.697
249.623,307.924,45.157,20.697
248.732,307.287,45.157,20.697
249.114,306.395,45.157,20.697
248.490,307.721,44.194,20.255
248.116,307.098,44.194,20.255
247.742,306.973,44.194,20.255
248.366,307.098,44.194,20.255
247.742,306.973,44.194,20.255
248.116,306.100,44.194,20.255
246.994,306.474,44.194,20.255
247.368,306.350,44.194,20.255
247.742,306.474,44.194,20.255
248.116,306.100,44.194,20.255
245.748,305.726,44.194,20.255
246.620,306.350,44.194,20.255
246.994,305.228,44.194,20.255
245.423,305.324,43.251,19.824
246.277,305.690,43.251,19.824
246.643,304.348,43.251,19.824
247.009,304.958,43.251,19.824
244.935,303.860,43.251,19.824
245.545,303.494,43.251,19.824
246.155,303.860,43.251,19.824
244.325,303.005,43.251,19.824
245.179,303.371,43.251,19.824
245.545,303.005,43.251,19.824
243.959,302.395,43.251,19.824
244.569,302.517,43.251,19.824
244.935,302.883,43.251,19.824
242.861,301.785,43.251,19.824
243.715,301.419,43.251,19.824
244.569,301.785,43.251,19.824
243.031,301.409,42.329,19.401
243.628,301.767,42.329,19.401
242.076,302.125,42.329,19.401
242.912,300.573,42.329,19.401
249.923,299.514,41.426,18.987
251.208,298.930,41.426,18.987
250.624,299.748,41.426,18.987
250.728,299.612,40.543,18.582
250.613,299.955,40.543,18.582
250.499,299.155,40.543,18.582
250.156,299.498,40.543,18.582
250.919,299.145,39.678,18.186
250.359,299.257,39.678,18.186
250.247,298.921,39.678,18.186
249.912,298.361,39.678,18.186
249.576,298.921,39.678,18.186
250.135,298.138,39.678,18.186
249.352,298.250,39.678,18.186
249.464,298.138,39.678,18.186
249.352,297.578,39.678,18.186
249.240,296.794,39.678,18.186
248.904,297.130,39.678,18.186
248.568,296.571,39.678,18.186
248.904,296.011,39.678,18.186
247.897,296.347,39.678,18.186
248.009,296.683,39.678,18.186
248.345,295.675,39.678,18.186
248.680,295.563,39.678,18.186
247.701,296.081,38.832,17.798
248.249,296.190,38.832,17.798
247.263,295.424,38.832,17.798
247.153,296.190,38.832,17.798
247.044,295.862,38.832,17.798
247.592,295.533,38.832,17.798
246.606,296.300,38.832,17.798
246.934,295.752,38.832,17.798
247.044,295.204,38.832,17.798
246.934,295.752,38.832,17.798
247.044,295.204,38.832,17.798
246.715,295.971,38.832,17.798
246.606,295.204,38.832,17.798
246.058,295.752,38.832,17.798
246.606,294.766,38.832,17.798
246.058,294.876,38.832,17.798
246.606,294.985,38.832,17.798
246.492,294.858,38.004,17.419
246.385,295.180,38.004,17.419
246.480,295.676,37.194,17.047
246.165,294.522,37.194,17.047
246.900,294.207,37.194,17.047
246.588,295.501,36.400,16.684
246.896,294.782,36.400,16.684
245.972,293.858,36.400,16.684
245.870,293.755,36.400,16.684
245.356,293.242,36.400,16.684
246.075,293.755,36.400,16.684
245.562,292.831,36.400,16.684
246.280,292.318,36.400,16.684
246.174,293.189,35.624,16.328
245.872,292.887,35.624,16.328
245.571,292.184,35.624,16.328
246.274,292.284,35.624,16.328
245.772,291.782,35.624,16.328
250.495,291.078,35.624,16.328
260.242,291.581,35.624,16.328
269.989,290.676,35.624,16.328
280.345,291.529,34.864,15.980
285.741,290.846,34.121,15.639
284.297,289.980,34.121,15.639
282.527,290.796,33.393,15.305
281.303,290.890,33.393,15.305
279.890,289.854,33.393,15.305
278.477,289.760,33.393,15.305
278.571,290.419,33.393,15.305
277.912,289.948,33.393,15.305
276.499,289.289,33.393,15.305
276.814,289.608,34.132,15.644
275.562,290.089,34.132,15.644
274.086,289.217,34.887,15.990
272.985,289.755,35.659,16.344
273.890,289.252,35.659,16.344
272.784,288.548,35.659,16.344
273.086,289.051,35.659,16.344
246.229,289.352,35.659,16.344
245.155,289.818,34.899,15.995
245.622,290.273,34.155,15.654
246.264,289.790,33.426,15.320
244.850,290.261,33.426,15.320
244.752,290.515,32.713,14.994
245.029,290.054,32.713,14.994
244.044,290.125,32.016,14.674
244.676,290.215,32.016,14.674
244.234,290.285,31.333,14.361
244.322,290.373,31.333,14.361
243.527,289.401,31.333,14.361
242.753,289.980,30.665,14.055
243.359,289.893,30.665,14.055
243.102,290.627,30.011,13.755
242.848,289.526,30.011,13.755
242.923,290.081,29.371,13.462
242.199,290.943,28.745,13.175
241.645,289.911,28.132,12.894
241.716,290.737,27.532,12.619
241.949,290.349,27.532,12.619
242.182,290.893,27.532,12.619
242.415,290.660,27.532,12.619
241.405,291.669,27.532,12.619
241.774,291.579,26.945,12.350
242.002,291.351,26.945,12.350
242.230,291.123,26.945,12.350
242.004,291.768,26.370,12.086
241.640,292.685,25.808,11.828
241.567,292.030,25.808,11.828
242.222,292.540,25.808,11.828
242.150,293.340,25.808,11.828
242.222,293.413,25.808,11.828
242.295,293.486,25.808,11.828
242.659,294.141,25.808,11.828
242.004,294.359,25.808,11.828
242.659,294.578,25.808,11.828
242.878,294.942,25.808,11.828
242.950,294.723,25.808,11.828
243.023,294.651,25.808,11.828
243.242,294.869,25.808,11.828
243.606,295.524,25.808,11.828
243.387,296.471,25.808,11.828
244.042,296.835,25.808,11.828
243.970,296.471,25.808,11.828
243.751,297.417,25.808,11.828
243.387,297.781,25.808,11.828
