372.000,269.000,31.000,27.000
367.778,267.745,31.000,27.000
361.959,269.000,31.000,27.000
356.139,267.973,31.000,27.000
349.864,269.456,31.000,27.000
344.501,268.201,31.000,27.000
338.681,268.315,31.000,27.000
333.090,268.658,31.000,27.000
326.358,269.228,31.000,27.000
320.767,268.429,31.000,27.000
315.176,269.228,31.000,27.000
309.128,268.429,31.000,27.000
303.309,269.000,31.000,27.000
297.717,268.201,31.000,27.000
291.898,268.772,31.000,27.000
286.079,269.799,31.000,27.000
284.595,270.141,31.000,27.000
315.861,270.434,31.686,27.597
315.632,268.556,32.387,28.208
306.440,238.408,31.696,27.606
288.538,209.899,32.398,28.217
293.252,207.484,33.114,28.842
292.254,206.280,33.847,29.480
293.560,206.858,34.596,30.132
294.894,206.393,35.361,30.799
293.018,204.837,36.144,31.480
255.765,188.615,36.943,32.176
254.086,190.658,37.761,32.888
254.101,189.285,38.596,33.616
252.937,190.239,39.450,34.360
251.145,191.516,40.323,35.120
252.085,189.126,41.215,35.897
250.842,189.516,42.127,36.691
251.824,187.984,43.059,37.503
251.841,188.720,44.012,38.333
250.513,188.464,44.985,39.181
249.157,185.797,45.981,40.048
249.877,186.935,46.998,40.934
251.088,186.070,46.998,40.934
249.671,186.514,48.038,41.839
248.956,187.336,49.101,42.765
249.725,185.175,50.187,43.711
247.693,186.099,50.187,43.711
248.987,184.805,50.187,43.711
247.473,185.663,51.298,44.678
248.417,183.964,51.298,44.678
249.221,184.841,52.432,45.667
247.484,185.420,52.432,45.667
248.306,183.513,53.593,46.677
247.917,183.611,54.778,47.710
248.119,184.619,54.778,47.710
246.708,183.208,54.778,47.710
247.312,184.216,54.778,47.710
248.171,182.224,55.990,48.766
247.140,182.430,55.990,48.766
247.759,183.048,55.990,48.766
247.140,182.842,55.990,48.766
248.171,182.636,55.990,48.766
245.904,183.666,55.990,48.766
247.346,183.048,55.990,48.766
246.513,183.578,57.229,49.845
245.039,182.524,57.229,49.845
248.198,183.578,57.229,49.845
290.960,185.895,57.229,49.845
287.486,190.370,58.495,50.947
346.483,249.450,59.789,52.075
336.726,259.126,58.514,50.964
329.254,257.801,57.267,49.877
326.817,260.568,56.045,48.814
323.637,260.094,54.850,47.773
317.021,260.020,53.680,46.754
312.452,261.852,52.536,45.757
305.743,260.662,51.415,44.781
300.255,258.959,51.415,44.781
294.054,260.713,50.319,43.826
286.830,259.046,50.319,43.826
280.762,258.621,49.246,42.892
276.919,260.301,48.196,41.977
271.790,260.236,47.168,41.082
269.114,260.507,46.162,40.206
268.132,259.134,45.178,39.348
271.659,257.790,44.214,38.509
273.542,256.162,43.271,37.688
274.157,255.182,42.349,36.884
275.961,256.927,41.445,36.098
275.667,256.577,40.562,35.328
295.524,257.921,40.562,35.328
293.882,273.896,40.562,35.328
252.075,302.471,41.459,36.109
254.364,302.318,41.459,36.109
256.130,304.910,40.575,35.339
253.828,307.158,39.710,34.586
255.143,306.135,39.710,34.586
256.459,305.404,39.710,34.586
257.587,308.450,38.863,33.848
256.760,310.051,38.034,33.126
258.020,309.071,38.034,33.126
257.040,310.611,38.034,33.126
258.020,309.351,38.034,33.126
258.160,308.931,38.034,33.126
258.020,310.471,38.034,33.126
258.160,309.211,38.034,33.126
257.740,308.791,38.034,33.126
258.440,308.091,38.034,33.126
257.460,310.191,38.034,33.126
258.160,309.211,38.034,33.126
257.180,311.031,38.034,33.126
257.600,310.051,38.034,33.126
258.300,309.631,38.034,33.126
257.320,309.211,38.034,33.126
237.291,297.080,38.876,33.859
201.156,321.853,38.047,33.137
194.197,327.734,38.888,33.870
190.945,320.082,39.749,34.620
193.485,319.464,38.901,33.882
190.478,320.467,38.901,33.882
192.339,319.751,38.901,33.882
195.060,319.035,38.901,33.882
196.348,320.324,38.901,33.882
198.496,320.180,38.901,33.882
202.968,319.954,39.762,34.631
205.110,319.419,40.641,35.397
204.960,319.569,40.641,35.397
204.810,319.419,40.641,35.397
203.763,318.970,40.641,35.397
201.519,320.018,40.641,35.397
199.052,317.919,41.541,36.181
196.147,318.683,41.541,36.181
197.750,317.490,42.460,36.981
196.343,318.584,42.460,36.981
193.441,316.067,43.399,37.799
189.812,316.809,44.359,38.636
190.507,314.518,45.341,39.490
190.525,314.947,46.344,40.364
191.378,315.459,46.344,40.364
192.913,314.606,46.344,40.364
191.378,314.776,46.344,40.364
189.502,314.606,46.344,40.364
187.042,313.628,47.369,41.257
188.146,312.629,48.417,42.170
185.577,313.087,49.489,43.103
186.352,311.665,50.584,44.057
150.045,304.776,50.584,44.057
151.997,297.142,51.703,45.031
117.932,285.914,51.703,45.031
127.257,284.581,51.703,45.031
126.305,285.533,51.703,45.031
125.734,285.723,51.703,45.031
127.828,285.914,51.703,45.031
129.921,286.484,51.703,45.031
130.111,285.533,51.703,45.031
129.921,285.723,51.703,45.031
129.350,285.533,51.703,45.031
130.682,285.723,51.703,45.031
129.731,285.914,51.703,45.031
130.682,285.723,51.703,45.031
131.253,285.914,51.703,45.031
130.682,286.104,51.703,45.031
129.350,284.391,51.703,45.031
131.063,286.104,51.703,45.031
129.731,284.772,51.703,45.031
131.444,286.484,51.703,45.031
130.111,285.152,51.703,45.031
129.921,285.343,51.703,45.031
130.492,285.533,51.703,45.031
130.682,285.343,51.703,45.031
129.350,285.152,51.703,45.031
131.063,285.343,51.703,45.031
129.731,285.152,51.703,45.031
130.302,285.343,51.703,45.031
131.634,285.914,51.703,45.031
130.682,285.723,51.703,45.031
130.873,285.914,51.703,45.031
129.921,285.723,51.703,45.031
130.873,285.914,51.703,45.031
132.966,286.104,51.703,45.031
130.873,277.921,51.703,45.031
90.718,264.028,51.703,45.031
129.350,262.315,51.703,45.031
132.586,264.028,51.703,45.031
130.492,262.696,51.703,45.031
132.586,264.409,51.703,45.031
134.298,263.457,51.703,45.031
132.205,263.648,51.703,45.031
133.156,264.218,51.703,45.031
132.205,263.267,51.703,45.031
133.918,263.838,51.703,45.031
133.347,264.409,51.703,45.031
134.679,263.457,51.703,45.031
132.966,264.028,51.703,45.031
134.679,263.077,51.703,45.031
134.108,263.648,51.703,45.031
135.060,264.218,51.703,45.031
133.727,263.267,51.703,45.031
143.433,263.838,51.703,45.031
140.689,252.875,52.847,46.028
114.818,239.064,52.847,46.028
113.457,229.144,52.847,46.028
109.845,224.800,54.016,47.046
104.915,223.248,55.211,48.087
107.046,223.771,56.433,49.151
109.654,223.442,57.681,50.238
111.140,223.230,57.681,50.238
108.380,222.168,57.681,50.238
104.878,220.952,58.957,51.350
102.200,219.708,60.262,52.486
99.002,220.278,61.595,53.647
100.437,218.509,62.958,54.834
101.133,219.204,62.958,54.834
102.755,218.972,62.958,54.834
104.703,219.568,64.351,56.047
107.308,219.331,64.351,56.047
170.077,231.885,64.351,56.047
174.104,233.069,64.351,56.047
173.393,232.358,64.351,56.047
175.051,234.016,64.351,56.047
172.919,231.885,64.351,56.047
175.525,233.069,64.351,56.047
172.446,231.885,64.351,56.047
174.578,233.543,64.351,56.047
171.972,231.411,64.351,56.047
174.104,233.543,64.351,56.047
172.446,231.411,64.351,56.047
174.578,233.543,64.351,56.047
186.184,230.464,64.351,56.047
182.631,219.331,64.351,56.047
166.761,207.251,64.351,56.047
191.632,203.698,64.351,56.047
195.658,205.356,64.351,56.047
193.527,205.119,64.351,56.047
196.132,205.356,64.351,56.047
197.790,205.593,64.351,56.047
195.658,203.935,64.351,56.047
197.790,205.593,64.351,56.047
195.658,203.935,64.351,56.047
198.264,205.593,64.351,56.047
197.553,203.935,64.351,56.047
198.738,205.593,64.351,56.047
196.606,203.935,64.351,56.047
198.738,205.593,64.351,56.047
196.132,203.935,64.351,56.047
198.738,205.593,64.351,56.047
196.606,203.935,64.351,56.047
199.211,205.593,64.351,56.047
196.606,203.935,64.351,56.047
198.738,205.593,64.351,56.047
196.132,203.461,64.351,56.047
198.264,205.593,64.351,56.047
197.080,203.461,64.351,56.047
198.264,205.593,64.351,56.047
196.606,203.461,64.351,56.047
196.843,205.593,64.351,56.047
197.553,203.935,64.351,56.047
198.738,205.593,64.351,56.047
196.606,203.935,64.351,56.047
198.264,205.119,64.351,56.047
199.448,205.356,64.351,56.047
197.790,205.593,64.351,56.047
197.080,203.935,64.351,56.047
215.792,201.803,64.351,56.047
219.818,190.197,64.351,56.047
215.420,187.857,65.775,57.287
236.968,188.099,65.775,57.287
237.694,188.341,65.775,57.287
235.999,188.583,65.775,57.287
238.178,187.857,65.775,57.287
238.420,188.099,65.775,57.287
238.662,188.341,65.775,57.287
238.904,188.583,65.775,57.287
239.146,188.341,65.775,57.287
238.904,188.583,65.775,57.287
239.631,188.341,65.775,57.287
239.389,188.583,65.775,57.287
239.146,187.857,65.775,57.287
239.389,188.099,65.775,57.287
240.115,188.341,65.775,57.287
239.389,188.099,65.775,57.287
239.631,188.341,65.775,57.287
239.389,188.583,65.775,57.287
238.662,187.372,65.775,57.287
238.904,187.615,65.775,57.287
239.146,187.857,65.775,57.287
238.904,188.099,65.775,57.287
239.146,188.341,65.775,57.287
238.904,188.583,65.775,57.287
239.631,188.341,65.775,57.287
239.389,189.067,65.775,57.287
239.631,188.341,65.775,57.287
239.873,188.583,65.775,57.287
246.410,187.372,65.775,57.287
249.073,175.509,65.775,57.287
269.142,229.558,64.372,56.066
280.752,253.963,64.372,56.066
283.236,251.622,65.796,57.306
281.056,249.442,65.796,57.306
280.077,251.572,67.252,58.574
277.536,253.749,68.740,59.870
273.888,256.500,70.261,61.195
271.769,258.774,71.815,62.549
268.506,260.550,73.404,63.933
265.732,262.366,75.028,65.347
268.053,258.491,76.688,66.793
269.841,254.531,78.385,68.271
271.861,251.357,78.385,68.271
270.418,254.531,78.385,68.271
272.438,251.357,78.385,68.271
269.841,254.531,78.385,68.271
267.821,257.128,78.385,68.271
269.648,253.080,80.119,69.781
267.584,255.734,80.119,69.781
270.238,252.490,80.119,69.781
272.892,249.246,80.119,69.781
275.371,245.108,81.892,71.325
278.084,242.396,81.892,71.325
273.738,245.047,83.704,72.903
276.328,241.363,85.556,74.516
271.788,244.133,87.448,76.165
268.483,246.964,89.383,77.850
271.249,243.030,91.361,79.572
267.550,246.730,91.361,79.572
270.377,242.011,93.382,81.333
266.848,243.608,95.448,83.132
269.072,238.679,97.560,84.972
367.468,173.285,99.719,86.852
372.240,174.386,99.719,86.852
375.543,171.817,99.719,86.852
372.974,175.854,99.719,86.852
371.873,172.551,99.719,86.852
375.176,174.386,99.719,86.852
372.607,175.487,99.719,86.852
375.176,172.184,99.719,86.852
372.607,174.753,99.719,86.852
375.910,172.184,99.719,86.852
372.607,174.753,99.719,86.852
375.910,172.918,99.719,86.852
372.607,174.753,99.719,86.852
376.645,175.120,99.719,86.852
373.341,176.955,99.719,86.852
370.772,174.386,99.719,86.852
375.543,174.753,99.719,86.852
372.974,175.854,99.719,86.852
381.416,178.423,99.719,86.852
408.211,175.854,99.719,86.852
459.230,180.626,99.719,86.852
497.770,183.195,99.719,86.852
513.553,176.221,99.719,86.852
516.856,172.918,99.719,86.852
520.894,176.221,99.719,86.852
517.590,173.652,99.719,86.852
522.545,175.639,97.592,85.000
520.030,173.125,97.592,85.000
524.700,177.076,97.592,85.000
521.467,174.562,97.592,85.000
518.953,176.358,97.592,85.000
522.186,176.717,97.592,85.000
519.671,174.202,97.592,85.000
525.905,177.532,95.511,83.187
523.444,175.071,95.511,83.187
527.312,176.829,95.511,83.187
523.444,174.368,95.511,83.187
527.312,176.829,95.511,83.187
523.444,173.665,95.511,83.187
527.312,176.126,95.511,83.187
523.444,174.368,95.511,83.187
527.312,176.126,95.511,83.187
523.444,174.368,95.511,83.187
521.687,176.126,95.511,83.187
524.148,177.181,95.511,83.187
522.390,174.017,95.511,83.187
520.632,175.775,95.511,83.187
525.202,176.829,95.511,83.187
523.444,175.775,95.511,83.187
520.983,176.126,95.511,83.187
524.851,177.181,95.511,83.187
523.093,174.720,95.511,83.187
521.335,176.478,95.511,83.187
518.171,174.720,95.511,83.187
523.444,172.259,95.511,83.187
521.687,176.126,95.511,83.187
524.147,177.884,95.511,83.187
520.983,174.720,95.511,83.187
525.554,176.478,95.511,83.187
523.093,174.017,95.511,83.187
520.632,175.775,95.511,83.187
525.202,176.126,95.511,83.187
523.444,176.478,95.511,83.187
519.577,173.314,95.511,83.187
523.444,175.775,95.511,83.187
520.280,174.017,95.511,83.187
524.147,176.478,95.511,83.187
521.687,174.017,95.511,83.187
525.554,177.181,95.511,83.187
523.093,174.720,95.511,83.187
526.960,177.181,95.511,83.187
523.093,174.017,95.511,83.187
520.632,175.775,95.511,83.187
523.796,176.126,95.511,83.187
521.335,173.665,95.511,83.187
523.561,176.757,97.624,85.027
519.608,173.523,97.624,85.027
522.124,174.601,97.624,85.027
519.608,174.960,97.624,85.027
522.124,176.038,97.624,85.027
518.890,173.523,97.624,85.027
521.911,175.192,99.784,86.909
517.871,172.621,99.784,86.909
521.911,173.723,99.784,86.909
517.136,174.090,99.784,86.909
520.442,171.519,99.784,86.909
526.686,176.294,99.784,86.909
563.047,178.865,99.784,86.909
505.927,279.647,101.992,88.831
531.674,284.506,104.248,90.797
530.123,286.288,106.555,92.806
528.537,283.227,108.912,94.859
531.075,393.228,111.322,96.958
529.027,405.111,111.322,96.958
532.714,407.979,111.322,96.958
529.846,409.209,111.322,96.958
531.895,407.160,111.322,96.958
529.027,408.389,111.322,96.958
531.895,410.438,111.322,96.958
532.687,408.707,108.948,94.890
532.286,409.108,108.948,94.890
535.093,410.311,108.948,94.890
532.286,409.910,108.948,94.890
534.291,408.707,108.948,94.890
531.484,409.108,108.948,94.890
534.291,410.311,108.948,94.890
531.484,409.108,108.948,94.890
534.291,410.311,108.948,94.890
531.484,409.108,108.948,94.890
534.291,410.311,108.948,94.890
531.484,408.306,108.948,94.890
534.291,410.311,108.948,94.890
531.484,409.108,108.948,94.890
535.093,411.915,108.948,94.890
546.722,416.327,108.948,94.890
539.276,430.671,111.359,96.990
529.964,430.874,113.822,99.136
537.925,426.265,113.822,99.136
543.580,426.918,111.395,97.021
545.630,426.508,111.395,97.021
546.040,427.739,111.395,97.021
547.271,427.328,111.395,97.021
543.060,424.128,113.860,99.168
546.294,428.013,111.432,97.053
546.338,424.812,113.897,99.201
546.757,426.070,113.897,99.201
543.823,423.973,113.897,99.201
543.868,424.181,116.417,101.395
544.296,423.752,116.417,101.395
544.725,423.324,116.417,101.395
545.153,422.895,116.417,101.395
546.808,426.868,113.934,99.233
544.711,424.771,113.934,99.233
543.885,424.978,116.455,101.429
544.314,423.692,116.455,101.429
542.171,424.978,116.455,101.429
543.106,422.522,119.032,103.673
539.163,422.084,119.032,103.673
543.388,424.456,116.493,101.462
544.675,424.027,116.493,101.462
545.103,424.456,116.493,101.462
540.387,423.170,116.493,101.462
542.531,425.314,116.493,101.462
542.577,421.967,119.071,103.707
538.632,423.282,119.071,103.707
542.859,422.276,116.532,101.495
542.905,420.708,119.110,103.741
539.836,423.777,119.110,103.741
542.028,422.461,119.110,103.741
543.343,421.146,119.110,103.741
539.397,422.461,119.110,103.741
543.625,422.300,116.570,101.528
544.054,424.445,116.570,101.528
544.483,424.016,116.570,101.528
541.480,423.587,116.570,101.528
541.526,422.909,119.149,103.775
542.841,421.593,119.149,103.775
538.017,423.786,119.149,103.775
542.247,423.625,116.608,101.562
543.534,425.771,116.608,101.562
543.963,423.625,116.608,101.562
544.393,424.054,116.608,101.562
541.388,423.625,116.608,101.562
542.325,422.056,119.188,103.809
542.764,422.494,119.188,103.809
538.815,422.056,119.188,103.809
541.009,423.372,119.188,103.809
543.202,422.056,119.188,103.809
544.518,420.740,119.188,103.809
563.682,414.584,121.825,106.106
533.638,424.001,121.825,106.106
540.199,406.544,124.520,108.453
546.387,406.375,121.865,106.140
542.712,406.597,124.561,108.489
548.017,407.312,121.905,106.175
549.363,406.863,121.905,106.175
546.222,409.107,121.905,106.175
549.363,406.863,121.905,106.175
549.812,407.312,121.905,106.175
544.876,409.556,121.905,106.175
550.068,408.525,119.305,103.911
550.115,406.920,121.945,106.210
546.076,409.165,121.945,106.210
549.217,407.818,121.945,106.210
550.564,407.369,121.945,106.210
546.887,406.660,124.643,108.560
549.181,405.284,124.643,108.560
545.051,408.495,124.643,108.560
549.476,407.442,121.985,106.245
550.823,407.891,121.985,106.245
550.871,404.386,124.684,108.595
546.741,405.763,124.684,108.595
549.953,405.304,124.684,108.595
545.823,406.681,124.684,108.595
550.249,407.396,122.025,106.280
547.105,407.845,122.025,106.280
550.249,406.498,122.025,106.280
548.003,407.845,122.025,106.280
551.147,406.498,122.025,106.280
546.820,409.796,119.423,104.013
549.897,408.477,119.423,104.013
550.856,405.046,122.065,106.314
455.156,412.684,122.065,106.314
505.926,412.235,122.065,106.314
538.725,407.293,122.065,106.314
540.638,414.041,124.766,108.667
533.064,408.551,127.526,111.071
432.143,401.510,127.526,111.071
426.041,399.163,127.526,111.071
428.039,401.343,130.347,113.528
430.081,395.607,133.231,116.040
425.668,395.117,133.231,116.040
428.773,393.324,136.179,118.608
428.827,390.452,139.192,121.232
428.882,386.453,142.272,123.914
426.764,383.452,145.419,126.656
427.300,387.199,145.419,126.656
425.694,383.452,145.419,126.656
429.441,387.199,145.419,126.656
423.945,381.911,148.637,129.458
426.274,378.776,151.925,132.322
421.692,373.251,155.287,135.250
422.939,378.278,158.723,138.242
419.365,372.505,162.234,141.301
419.962,374.297,162.234,141.301
417.548,370.875,165.824,144.427
419.379,370.265,165.824,144.427
418.178,366.767,169.493,147.622
417.554,363.648,169.493,147.622
418.178,370.511,169.493,147.622
416.306,366.143,169.493,147.622
418.178,370.511,169.493,147.622
416.306,366.143,169.493,147.622
418.178,370.511,169.493,147.622
415.058,366.143,169.493,147.622
418.178,370.511,169.493,147.622
415.058,366.143,169.493,147.622
418.178,369.263,169.493,147.622
415.058,364.896,169.493,147.622
416.930,369.263,169.493,147.622
415.058,366.143,169.493,147.622
416.930,369.263,169.493,147.622
415.058,367.391,169.493,147.622
418.178,366.767,169.493,147.622
416.306,363.648,169.493,147.622
416.373,366.546,173.243,150.889
425.938,363.357,173.243,150.889
311.795,378.024,173.243,150.889
360.968,381.477,169.548,147.671
385.307,374.612,169.548,147.671
390.122,376.788,165.933,144.522
389.511,376.177,165.933,144.522
391.344,375.566,165.933,144.522
394.879,380.051,162.394,141.440
393.730,383.287,158.931,138.424
399.372,384.199,155.542,135.472
393.074,384.772,155.542,135.472
399.699,387.872,152.225,132.583
400.259,387.312,152.225,132.583
400.819,385.631,152.225,132.583
396.897,389.553,152.225,132.583
400.819,386.751,152.225,132.583
396.897,386.191,152.225,132.583
401.940,387.872,152.225,132.583
395.777,387.312,152.225,132.583
400.819,385.631,152.225,132.583
396.897,388.432,152.225,132.583
401.940,385.631,152.225,132.583
396.897,388.432,152.225,132.583
401.940,385.631,152.225,132.583
396.897,388.432,152.225,132.583
401.940,385.631,152.225,132.583
396.897,388.432,152.225,132.583
401.940,385.631,152.225,132.583
396.897,389.553,152.225,132.583
401.940,386.751,152.225,132.583
396.897,388.432,152.225,132.583
401.940,385.631,152.225,132.583
396.897,389.553,152.225,132.583
401.940,385.631,152.225,132.583
396.897,389.553,152.225,132.583
401.940,385.631,152.225,132.583
396.897,389.553,152.225,132.583
401.940,385.631,152.225,132.583
396.897,388.432,152.225,132.583
401.940,385.631,152.225,132.583
396.897,389.553,152.225,132.583
401.940,386.751,152.225,132.583
395.777,386.191,152.225,132.583
400.819,387.872,152.225,132.583
395.777,386.191,152.225,132.583
400.819,387.872,152.225,132.583
395.777,386.191,152.225,132.583
400.819,387.872,152.225,132.583
394.656,386.191,152.225,132.583
399.699,387.872,152.225,132.583
398.018,386.191,152.225,132.583
401.940,386.751,152.225,132.583
396.897,386.191,152.225,132.583
401.940,387.872,152.225,132.583
395.777,386.191,152.225,132.583
400.819,387.872,152.225,132.583
396.897,386.191,152.225,132.583
401.940,388.993,152.225,132.583
396.897,387.312,152.225,132.583
401.940,385.631,152.225,132.583
398.018,388.432,152.225,132.583
403.061,385.631,152.225,132.583
396.897,388.432,152.225,132.583
401.940,385.631,152.225,132.583
396.897,388.432,152.225,132.583
401.940,385.631,152.225,132.583
396.897,388.432,152.225,132.583
401.940,385.631,152.225,132.583
396.897,388.432,152.225,132.583
401.940,385.631,152.225,132.583
396.897,389.553,152.225,132.583
401.940,385.631,152.225,132.583
408.103,389.553,152.225,132.583
452.368,392.354,152.225,132.583
494.391,389.553,152.225,132.583
517.364,380.028,152.225,132.583
512.321,370.502,152.225,132.583
519.605,378.907,152.225,132.583
513.442,371.623,152.225,132.583
521.846,380.028,152.225,132.583
514.562,370.502,152.225,132.583
521.846,378.907,152.225,132.583
513.768,368.721,155.593,135.516
521.213,376.166,155.593,135.516
514.913,369.866,155.593,135.516
523.748,380.695,152.275,132.626
531.035,376.772,152.275,132.626
520.628,372.397,155.644,135.560
511.179,366.737,159.087,138.560
518.791,372.007,159.087,138.560
507.918,363.791,162.607,141.625
515.699,370.375,162.607,141.625
506.721,363.791,162.607,141.625
514.502,370.375,162.607,141.625
503.389,359.494,166.205,144.759
512.565,366.223,166.205,144.759
501.206,357.640,169.882,147.962
509.335,362.017,169.882,147.962
498.705,356.389,169.882,147.962
506.834,363.268,169.882,147.962
492.628,354.494,173.641,151.235
503.720,360.419,169.938,148.010
513.370,367.423,166.314,144.854
504.187,360.690,166.314,144.854
512.145,366.199,166.314,144.854
500.779,357.610,169.993,148.059
506.410,353.230,169.993,148.059
539.573,328.827,169.993,148.059
364.362,364.193,173.755,151.334
397.653,371.354,170.049,148.107
436.683,369.066,173.812,151.384
430.926,365.868,173.812,151.384
425.996,370.565,170.105,148.156
432.559,366.977,173.868,151.434
431.299,363.310,177.715,154.784
431.369,359.562,181.647,158.209
432.828,358.505,185.666,161.709
435.738,356.007,189.774,165.287
430.015,352.005,193.973,168.944
435.012,357.003,193.973,168.944
433.607,349.948,198.265,172.682
432.171,345.767,202.651,176.502
432.917,349.496,202.651,176.502
432.171,347.258,202.651,176.502
432.917,348.004,202.651,176.502
432.171,345.767,202.651,176.502
432.917,349.496,202.651,176.502
432.171,348.750,202.651,176.502
432.917,348.004,202.651,176.502
432.171,345.767,202.651,176.502
434.409,349.496,202.651,176.502
433.663,348.750,202.651,176.502
432.917,348.004,202.651,176.502
432.171,347.259,202.651,176.502
434.409,349.496,202.651,176.502
433.663,350.242,202.651,176.502
432.917,346.513,202.651,176.502
432.171,350.242,202.651,176.502
432.917,348.004,202.651,176.502
432.171,347.259,202.651,176.502
434.409,349.496,202.651,176.502
432.171,350.242,202.651,176.502
432.917,346.513,202.651,176.502
432.171,351.734,202.651,176.502
432.917,346.513,202.651,176.502
432.171,350.242,202.651,176.502
432.917,348.004,202.651,176.502
432.171,347.259,202.651,176.502
432.917,349.496,202.651,176.502
430.679,348.750,202.651,176.502
431.425,346.513,202.651,176.502
433.663,350.242,202.651,176.502
432.917,348.004,202.651,176.502
432.171,347.259,202.651,176.502
432.917,349.496,202.651,176.502
432.171,348.750,202.651,176.502
432.917,348.004,202.651,176.502
432.171,347.259,202.651,176.502
432.917,350.988,202.651,176.502
432.921,353.589,198.330,172.738
430.731,352.859,198.330,172.738
433.839,344.132,202.718,176.560
433.093,352.340,202.718,176.560
431.624,343.419,207.203,180.467
430.861,344.182,207.203,180.467
431.624,343.419,207.203,180.467
430.861,344.182,207.203,180.467
431.624,341.894,207.203,180.467
432.387,347.232,207.203,180.467
437.726,347.995,207.203,180.467
473.015,344.774,202.784,176.618
518.010,332.752,207.271,180.526
314.309,182.456,207.271,180.526
281.146,171.753,211.856,184.520
266.330,172.532,211.856,184.520
249.954,171.753,211.856,184.520
246.801,170.520,216.544,188.603
236.963,170.915,221.335,192.775
237.051,166.246,226.232,197.041
237.140,166.658,231.237,201.400
230.166,165.314,236.353,205.856
232.776,162.704,236.353,205.856
228.427,167.053,236.353,205.856
229.297,162.704,236.353,205.856
230.166,165.314,236.353,205.856
232.776,162.704,236.353,205.856
230.166,167.053,236.353,205.856
231.036,164.444,236.353,205.856
231.906,167.053,236.353,205.856
227.557,166.184,236.353,205.856
231.260,163.004,241.583,210.411
235.046,163.444,246.928,215.066
235.954,160.717,246.928,215.066
229.592,163.444,246.928,215.066
232.319,162.535,246.928,215.066
235.046,161.626,246.928,215.066
232.319,162.535,246.928,215.066
236.863,161.626,246.928,215.066
226.865,162.535,246.928,215.066
235.046,156.173,246.928,215.066
232.319,162.535,246.928,215.066
235.046,163.444,246.928,215.066
232.319,160.717,246.928,215.066
235.046,163.444,246.928,215.066
235.954,160.717,246.928,215.066
231.410,163.444,246.928,215.066
234.137,162.535,246.928,215.066
233.228,159.808,246.928,215.066
234.137,164.353,246.928,215.066
235.046,159.808,246.928,215.066
230.501,164.353,246.928,215.066
233.228,159.808,246.928,215.066
234.137,164.353,246.928,215.066
233.228,159.808,246.928,215.066
234.137,164.353,246.928,215.066
235.046,159.808,246.928,215.066
232.319,162.535,246.928,215.066
242.317,157.990,246.928,215.066
279.581,162.535,246.928,215.066
325.935,163.444,246.928,215.066
371.494,170.117,241.662,210.480
409.743,172.786,241.662,210.480
431.987,167.689,247.009,215.136
436.533,161.324,247.009,215.136
429.084,163.661,252.474,219.896
423.399,166.049,258.060,224.762
433.847,163.199,258.060,224.762
431.978,153.814,263.769,229.734
426.038,158.324,269.605,234.817
427.030,149.393,269.605,234.817
424.053,154.355,269.605,234.817
423.061,157.332,269.605,234.817
424.979,158.879,263.856,229.810
418.181,165.677,263.856,229.810
420.300,164.143,269.694,234.894
412.167,164.634,275.661,240.091
419.270,159.561,275.661,240.091
410.957,153.747,281.760,245.403
416.142,158.932,281.760,245.403
410.957,155.821,281.760,245.403
422.957,161.436,275.751,240.170
426.876,151.279,269.871,235.048
421.909,154.259,269.871,235.048
413.771,160.934,275.841,240.249
422.909,159.919,275.841,240.249
428.786,149.759,269.959,235.125
425.805,156.714,269.959,235.125
426.798,149.759,269.959,235.125
423.817,154.727,269.959,235.125
422.824,157.708,269.959,235.125
428.575,157.342,264.202,230.111
429.548,152.479,264.202,230.111
428.575,155.397,264.202,230.111
425.658,158.314,264.202,230.111
422.741,161.232,264.202,230.111
419.823,166.094,264.202,230.111
425.981,162.540,270.048,235.203
426.975,149.618,270.048,235.203
423.993,154.588,270.048,235.203
421.011,157.570,270.048,235.203
422.932,161.036,264.289,230.187
420.014,165.900,264.289,230.187
426.174,160.325,270.136,235.280
427.168,149.388,270.136,235.280
422.196,154.359,270.136,235.280
414.050,158.978,276.113,240.485
421.164,159.994,276.113,240.485
427.047,151.783,270.225,235.357
424.063,152.778,270.225,235.357
421.079,157.751,270.225,235.357
421.084,165.054,264.462,230.338
425.228,157.456,270.313,235.434
426.223,152.481,270.313,235.434
423.238,153.476,270.313,235.434
415.087,160.162,276.294,240.643
424.240,157.111,276.294,240.643
437.010,157.614,282.407,245.967
309.862,39.497,288.655,251.409
319.424,83.059,288.655,251.409
332.766,90.199,295.042,256.972
329.508,82.597,295.042,256.972
322.864,83.135,301.570,262.657
326.194,84.245,301.570,262.657
327.304,76.474,301.570,262.657
328.414,86.465,301.570,262.657
329.524,87.575,301.570,262.657
328.414,82.025,301.570,262.657
329.524,89.795,301.570,262.657
328.414,79.805,301.570,262.657
329.524,87.575,301.570,262.657
328.414,84.245,301.570,262.657
329.524,85.355,301.570,262.657
328.414,84.245,301.570,262.657
329.524,80.915,301.570,262.657
330.634,88.685,301.570,262.657
329.524,78.695,301.570,262.657
330.634,88.685,301.570,262.657
329.524,78.695,301.570,262.657
330.634,88.685,301.570,262.657
329.524,78.695,301.570,262.657
330.634,86.465,301.570,262.657
329.524,78.695,301.570,262.657
330.634,88.685,301.570,262.657
329.524,78.695,301.570,262.657
330.634,88.685,301.570,262.657
329.524,78.695,301.570,262.657
330.634,88.685,301.570,262.657
329.524,78.695,301.570,262.657
330.634,88.685,301.570,262.657
329.524,76.474,301.570,262.657
330.634,84.245,301.570,262.657
316.933,91.704,308.242,268.468
327.144,76.954,308.242,268.468
319.202,84.896,308.242,268.468
324.875,70.147,308.242,268.468
329.256,85.039,301.668,262.743
328.145,79.487,301.668,262.743
339.784,66.212,308.343,268.556
374.796,78.921,301.767,262.829
425.620,79.470,308.444,268.645
458.455,96.561,301.866,262.916
451.657,97.110,308.545,268.733
445.979,95.975,308.545,268.733
445.985,97.746,301.965,263.002
460.989,101.621,295.526,257.393
455.550,96.182,295.526,257.393
447.936,99.446,295.526,257.393
454.824,93.212,302.064,263.088
449.264,103.219,302.064,263.088
447.127,96.379,295.623,257.478
440.470,87.886,302.163,263.174
459.377,97.896,302.163,263.174
453.816,99.008,302.163,263.174
449.534,96.454,295.720,257.562
441.915,88.835,295.720,257.562
408.348,77.942,289.413,252.069
397.410,111.626,295.817,257.646
408.823,229.651,302.362,263.347
434.420,250.797,302.362,263.347
433.307,258.588,302.362,263.347
425.517,253.023,302.362,263.347
423.327,239.718,309.051,269.173
424.464,234.030,309.051,269.173
427.877,244.268,309.051,269.173
429.015,243.130,309.051,269.173
427.877,237.443,309.051,269.173
423.278,228.564,315.889,275.129
420.990,219.489,322.878,281.216
425.578,239.669,315.993,275.219
424.415,236.180,315.993,275.219
419.712,224.688,322.984,281.308
424.302,240.293,316.096,275.309
423.139,236.802,316.096,275.309
418.435,225.307,323.090,281.401
422.002,219.360,323.090,281.401
419.662,207.611,330.238,287.627
423.309,225.844,330.238,287.627
420.972,227.739,323.196,281.493
427.858,241.060,316.304,275.490
429.022,230.582,316.304,275.490
430.186,229.418,316.304,275.490
429.022,237.567,316.304,275.490
427.858,229.418,316.304,275.490
431.351,225.925,316.304,275.490
429.112,250.184,309.558,269.615
430.252,244.486,309.558,269.615
432.454,257.245,302.957,263.865
430.260,243.914,309.660,269.703
432.463,254.480,303.056,263.952
430.268,243.459,309.761,269.792
432.472,256.226,303.156,264.038
430.276,242.886,309.863,269.880
431.416,237.183,309.863,269.880
426.805,225.914,316.719,275.851
424.511,214.396,323.726,281.955
422.166,217.458,330.888,288.193
416.076,211.369,330.888,288.193
417.294,224.766,330.888,288.193
418.512,216.240,330.888,288.193
422.166,215.022,330.888,288.193
414.715,205.516,338.209,294.569
418.449,219.210,338.209,294.569
414.715,210.496,338.209,294.569
418.449,206.761,338.209,294.569
173.207,108.415,338.209,294.569
162.003,99.701,338.209,294.569
160.758,115.885,338.209,294.569
155.725,121.667,345.692,301.086
154.453,105.125,345.692,301.086
171.630,99.751,338.320,294.666
160.422,105.977,338.320,294.666
172.432,117.521,331.105,288.382
154.860,95.364,338.431,294.762
162.748,116.659,345.919,301.284
147.032,98.795,353.572,307.950
150.936,107.905,353.572,307.950
165.996,109.934,346.032,301.383
154.533,95.924,346.032,301.383
166.816,112.642,338.653,294.956
154.017,87.393,346.146,301.482
166.304,106.572,338.764,295.052
160.069,90.362,338.764,295.052
176.902,111.536,331.540,288.760
172.203,99.324,324.470,282.602
197.535,89.675,317.550,276.576
193.034,98.257,310.779,270.678
178.915,108.318,317.655,276.667
165.398,89.855,310.880,270.767
191.874,98.257,304.251,264.992
173.404,105.782,310.982,270.855
178.277,115.850,317.863,276.848
188.807,95.960,317.863,276.848
171.938,111.105,324.896,282.973
185.092,105.126,324.896,282.973
165.369,118.125,332.084,289.234
160.427,118.730,339.431,295.633
156.679,109.984,339.431,295.633
170.422,98.739,339.431,295.633
157.593,96.765,346.941,302.174
156.316,113.367,346.941,302.174
152.485,117.198,346.941,302.174
172.186,104.418,339.543,295.730
158.438,98.169,339.543,295.730
167.187,114.417,339.543,295.730
151.760,91.695,347.055,302.273
165.812,113.412,347.055,302.273
151.760,99.360,347.055,302.273
146.596,107.944,354.734,308.961
153.124,111.861,354.734,308.961
146.596,115.778,354.734,308.961
145.290,109.250,354.734,308.961
