219.000,170.000,11.000,12.000
219.770,170.588,11.000,12.000
219.634,170.181,11.000,12.000
219.498,170.770,11.000,12.000
219.453,170.181,11.000,12.000
219.317,170.679,11.000,12.000
219.181,170.091,11.000,12.000
219.045,170.498,11.000,12.000
218.819,170.905,11.000,12.000
219.498,170.226,11.000,12.000
219.362,170.634,11.000,12.000
219.226,169.955,11.000,12.000
219.091,170.272,11.000,12.000
218.955,170.588,11.000,12.000
219.724,169.909,11.000,12.000
219.589,170.226,11.000,12.000
219.453,170.543,11.000,12.000
219.317,169.683,11.000,12.000
219.181,169.819,11.000,12.000
219.045,169.955,11.000,12.000
219.000,170.090,11.000,12.000
218.955,170.226,11.000,12.000
219.724,170.453,11.000,12.000
219.770,170.588,11.000,12.000
219.815,169.728,11.000,12.000
219.951,169.864,11.000,12.000
220.086,170.000,11.000,12.000
219.136,170.136,11.000,12.000
219.272,170.271,11.000,12.000
219.407,170.407,11.000,12.000
219.634,170.543,11.000,12.000
219.860,169.683,11.000,12.000
219.996,169.819,11.000,12.000
220.222,169.955,11.000,12.000
219.453,170.181,11.000,12.000
219.679,170.407,11.000,12.000
219.905,170.634,11.000,12.000
220.222,169.864,11.000,12.000
219.543,170.090,11.000,12.000
219.951,170.407,11.000,12.000
220.358,170.724,11.000,12.000
219.770,169.955,11.000,12.000
220.267,170.362,11.000,12.000
219.679,170.769,11.000,12.000
220.177,170.090,11.000,12.000
219.679,170.498,11.000,12.000
220.177,170.905,11.000,12.000
219.770,170.226,11.000,12.000
220.358,170.634,11.000,12.000
219.951,170.045,11.000,12.000
220.539,170.543,11.000,12.000
220.041,169.955,11.000,12.000
219.543,170.452,11.000,12.000
220.132,171.041,11.000,12.000
219.724,170.815,11.000,12.000
220.222,170.679,11.000,12.000
219.815,170.905,11.000,12.000
220.403,171.313,11.000,12.000
219.996,171.901,11.000,12.000
220.494,171.494,11.000,12.000
219.996,172.354,11.000,12.000
220.584,172.670,11.000,12.000
220.267,172.082,11.000,12.000
219.951,172.852,11.000,12.000
220.630,173.259,11.000,12.000
220.403,173.847,11.000,12.000
220.177,174.074,11.000,12.000
220.041,174.572,11.000,12.000
220.086,174.617,11.000,12.000
219.951,175.205,11.000,12.000
220.720,176.065,11.000,12.000
220.675,176.473,11.000,12.000
220.630,177.514,11.000,12.000
220.765,177.106,11.000,12.000
220.901,178.238,11.000,12.000
221.128,179.098,11.000,12.000
220.449,179.777,11.000,12.000
220.946,180.275,11.000,12.000
221.354,181.225,11.000,12.000
220.856,181.904,11.000,12.000
221.444,182.493,11.000,12.000
221.128,183.987,11.000,12.000
220.720,184.213,11.000,12.000
221.490,185.073,11.000,12.000
221.535,185.661,11.000,12.000
221.490,186.159,11.000,12.000
221.716,187.291,11.000,12.000
221.942,188.242,11.000,12.000
222.259,189.373,11.000,12.000
221.490,190.233,11.000,12.000
221.897,191.184,11.000,12.000
222.395,191.953,11.000,12.000
221.897,192.632,11.000,12.000
222.485,193.221,11.000,12.000
222.169,194.805,11.000,12.000
222.214,195.303,11.000,12.000
222.811,196.085,10.765,11.744
223.121,197.990,10.765,11.744
223.343,198.655,10.765,11.744
223.653,199.230,10.765,11.744
223.254,199.895,10.765,11.744
223.919,201.711,10.765,11.744
224.229,202.464,10.765,11.744
224.716,203.306,10.765,11.744
224.849,204.325,10.765,11.744
225.336,205.344,10.765,11.744
225.912,206.983,10.765,11.744
226.134,208.622,10.765,11.744
226.709,209.375,10.765,11.744
227.020,210.217,10.765,11.744
227.507,211.147,10.765,11.744
228.437,212.166,10.765,11.744
229.013,213.362,10.765,11.744
229.412,214.913,10.765,11.744
229.988,216.729,10.765,11.744
230.298,217.571,10.765,11.744
230.962,218.678,10.765,11.744
231.272,220.228,10.765,11.744
231.937,220.893,10.765,11.744
232.424,222.709,10.765,11.744
233.532,223.640,10.765,11.744
234.373,225.101,10.765,11.744
235.126,226.829,10.765,11.744
235.791,227.582,10.765,11.744
236.101,228.690,10.765,11.744
237.031,229.974,10.765,11.744
237.784,231.525,10.765,11.744
238.449,232.278,10.765,11.744
239.645,233.208,10.765,11.744
239.512,234.670,10.765,11.744
241.417,236.398,10.765,11.744
242.081,237.151,10.765,11.744
242.746,238.081,10.765,11.744
243.322,240.163,10.765,11.744
244.606,240.739,10.765,11.744
245.803,242.556,10.765,11.744
246.201,243.309,10.765,11.744
247.220,244.328,10.765,11.744
248.328,245.524,10.765,11.744
249.435,247.163,10.765,11.744
250.543,247.916,10.765,11.744
251.650,249.909,10.765,11.744
251.872,250.751,10.765,11.744
252.979,251.858,10.765,11.744
254.441,253.055,10.765,11.744
255.991,254.162,10.765,11.744
256.744,254.826,10.765,11.744
257.675,256.731,10.765,11.744
258.605,257.573,10.765,11.744
260.687,258.415,10.765,11.744
261.174,259.256,10.765,11.744
262.902,260.187,10.765,11.744
263.832,260.851,10.765,11.744
264.763,262.668,10.765,11.744
265.959,263.332,10.765,11.744
267.598,264.085,10.765,11.744
269.591,265.990,10.765,11.744
270.787,266.655,10.765,11.744
271.275,267.142,10.765,11.744
272.914,267.629,10.765,11.744
274.110,268.914,10.765,11.744
275.572,269.667,10.765,11.744
277.300,270.509,10.765,11.744
278.407,271.084,10.765,11.744
279.780,272.192,10.765,11.744
280.622,272.413,10.765,11.744
281.907,273.078,10.765,11.744
283.457,274.363,10.765,11.744
285.539,274.141,10.765,11.744
286.913,274.717,10.765,11.744
287.754,275.736,10.765,11.744
289.039,276.400,10.765,11.744
290.501,276.533,10.765,11.744
292.583,277.198,10.765,11.744
293.956,277.242,10.765,11.744
294.798,277.729,10.765,11.744
296.171,278.571,10.765,11.744
297.988,278.970,10.765,11.744
299.095,279.546,10.765,11.744
300.734,279.236,10.765,11.744
301.664,279.546,10.765,11.744
303.215,280.033,10.765,11.744
305.031,280.520,10.765,11.744
306.404,280.122,10.765,11.744
308.309,280.875,10.765,11.744
309.683,281.008,10.765,11.744
310.524,281.229,10.765,11.744
312.518,280.476,10.765,11.744
314.157,280.875,10.765,11.744
315.176,281.273,10.765,11.744
316.460,280.609,10.765,11.744
318.365,281.008,10.765,11.744
319.561,281.318,10.765,11.744
321.378,280.565,10.765,11.744
322.574,280.520,10.765,11.744
324.213,280.565,10.765,11.744
325.232,280.166,10.765,11.744
326.871,279.767,10.765,11.744
327.978,280.343,10.765,11.744
329.617,279.679,10.765,11.744
330.459,279.989,10.765,11.744
332.098,280.299,10.765,11.744
333.117,279.457,10.765,11.744
334.668,279.324,10.765,11.744
335.687,278.837,10.765,11.744
337.237,279.236,10.765,11.744
339.142,278.483,10.765,11.744
340.338,278.350,10.765,11.744
341.800,277.862,10.765,11.744
342.819,278.261,10.765,11.744
344.458,277.419,10.765,11.744
346.363,276.932,10.765,11.744
347.736,277.419,10.765,11.744
348.578,276.489,10.765,11.744
350.926,275.913,10.765,11.744
351.590,276.135,10.765,11.744
353.672,274.584,10.765,11.744
354.159,274.717,10.765,11.744
355.976,274.230,10.765,11.744
357.083,273.211,10.765,11.744
358.634,272.724,10.765,11.744
359.653,272.768,10.765,11.744
361.203,272.015,10.765,11.744
363.197,271.616,10.765,11.744
364.393,270.774,10.765,11.744
366.120,270.110,10.765,11.744
367.139,269.888,10.765,11.744
368.247,269.135,10.765,11.744
369.974,267.673,10.765,11.744
371.082,267.806,10.765,11.744
372.721,267.053,10.765,11.744
373.563,266.477,10.765,11.744
375.822,265.281,10.765,11.744
376.398,264.262,10.765,11.744
378.303,263.421,10.765,11.744
379.410,262.756,10.765,11.744
380.961,262.092,10.765,11.744
381.714,261.693,10.765,11.744
382.733,260.497,10.765,11.744
384.017,259.567,10.765,11.744
385.745,258.636,10.765,11.744
386.675,257.795,10.765,11.744
387.783,257.130,10.765,11.744
389.511,255.491,10.765,11.744
391.327,254.915,10.765,11.744
392.257,254.339,10.765,11.744
393.276,252.700,10.765,11.744
394.561,252.036,10.765,11.744
396.288,251.283,10.765,11.744
397.130,249.555,10.765,11.744
397.972,248.713,10.765,11.744
398.902,247.871,10.765,11.744
400.010,247.118,10.765,11.744
401.383,246.188,10.765,11.744
402.933,244.106,10.765,11.744
403.509,243.796,10.765,11.744
405.060,242.600,10.765,11.744
405.636,240.961,10.765,11.744
406.389,240.119,10.765,11.744
408.205,239.100,10.765,11.744
409.047,237.815,10.765,11.744
409.888,236.088,10.765,11.744
410.730,235.246,10.765,11.744
411.483,233.164,10.765,11.744
412.836,232.563,10.536,11.494
414.093,231.479,10.536,11.494
415.264,230.222,10.536,11.494
415.394,228.445,10.536,11.494
416.391,227.621,10.536,11.494
417.302,226.364,10.536,11.494
418.039,224.499,10.536,11.494
419.643,223.415,10.536,11.494
420.800,221.658,10.311,11.249
421.691,220.682,10.311,11.249
422.327,219.112,10.311,11.249
422.879,218.136,10.311,11.249
423.006,216.566,10.311,11.249
423.897,214.826,10.311,11.249
424.534,213.766,10.311,11.249
425.934,212.111,10.311,11.249
426.061,211.220,10.311,11.249
426.698,209.904,10.311,11.249
428.183,207.995,10.311,11.249
428.395,206.510,10.311,11.249
429.116,204.601,10.311,11.249
429.329,203.455,10.311,11.249
429.965,201.715,10.311,11.249
430.177,200.739,10.311,11.249
430.898,199.170,10.311,11.249
431.195,198.279,10.311,11.249
431.917,196.793,10.311,11.249
432.129,194.714,10.311,11.249
432.681,192.890,10.311,11.249
433.656,191.829,10.311,11.249
433.953,190.089,10.311,11.249
434.350,188.533,10.091,11.009
434.806,187.578,10.091,11.009
435.097,185.626,10.091,11.009
435.471,184.172,10.091,11.009
435.014,182.304,10.091,11.009
435.637,180.850,10.091,11.009
435.762,179.978,10.091,11.009
436.135,178.442,10.091,11.009
436.509,176.490,10.091,11.009
435.803,175.120,10.091,11.009
436.177,173.168,10.091,11.009
436.550,171.798,10.091,11.009
435.928,171.009,10.091,11.009
436.384,168.725,10.091,11.009
436.758,167.936,10.091,11.009
436.218,166.150,10.091,11.009
436.592,164.033,10.091,11.009
436.052,162.247,10.091,11.009
436.592,160.794,10.091,11.009
435.803,159.921,10.091,11.009
436.260,158.136,10.091,11.009
436.550,156.018,10.091,11.009
435.595,154.232,10.091,11.009
434.723,153.360,10.091,11.009
434.569,151.472,10.315,11.252
434.951,149.647,10.315,11.252
434.144,148.077,10.315,11.252
433.592,147.355,10.315,11.252
433.126,146.464,10.315,11.252
432.319,144.214,10.315,11.252
431.767,143.408,10.315,11.252
431.980,141.158,10.315,11.252
430.918,140.182,10.315,11.252
430.112,138.697,10.315,11.252
429.560,137.041,10.315,11.252
429.226,136.168,10.543,11.501
428.749,134.303,10.543,11.501
427.664,133.218,10.543,11.501
426.927,131.439,10.543,11.501
426.189,130.615,10.543,11.501
425.452,129.704,10.543,11.501
423.933,128.446,10.543,11.501
423.456,126.667,10.543,11.501
422.198,125.756,10.543,11.501
421.981,123.630,10.543,11.501
420.810,123.153,10.543,11.501
419.638,121.548,10.543,11.501
418.467,120.724,10.543,11.501
417.209,119.899,10.543,11.501
416.558,117.860,10.543,11.501
415.040,116.689,10.543,11.501
414.302,116.212,10.543,11.501
412.437,114.607,10.543,11.501
411.439,113.869,10.543,11.501
410.267,112.090,10.543,11.501
408.662,111.266,10.543,11.501
407.838,110.442,10.543,11.501
406.667,109.704,10.543,11.501
405.322,108.880,10.543,11.501
403.369,107.015,10.543,11.501
402.285,106.277,10.543,11.501
400.593,105.366,10.543,11.501
399.595,104.628,10.543,11.501
398.077,103.978,10.543,11.501
397.166,102.806,10.543,11.501
395.647,101.895,10.543,11.501
393.521,100.898,10.543,11.501
391.916,100.160,10.543,11.501
390.919,99.509,10.543,11.501
389.053,99.032,10.543,11.501
387.882,98.121,10.543,11.501
385.756,97.297,10.543,11.501
383.977,96.733,10.543,11.501
382.208,96.312,10.318,11.256
380.467,96.015,10.318,11.256
379.164,95.229,10.546,11.505
377.645,94.405,10.546,11.505
375.345,94.014,10.546,11.505
373.218,93.276,10.546,11.505
372.394,92.799,10.546,11.505
369.920,92.148,10.546,11.505
368.835,91.757,10.546,11.505
366.708,91.106,10.546,11.505
364.669,91.237,10.546,11.505
362.629,90.846,10.546,11.505
360.676,90.108,10.546,11.505
358.810,90.239,10.546,11.505
357.118,89.935,10.546,11.505
356.120,89.371,10.546,11.505
353.993,89.848,10.546,11.505
351.953,89.023,10.546,11.505
349.914,88.720,10.546,11.505
347.874,89.284,10.546,11.505
345.921,88.720,10.546,11.505
344.142,89.197,10.546,11.505
342.623,88.546,10.546,11.505
340.496,88.937,10.546,11.505
338.544,88.286,10.546,11.505
336.677,88.676,10.546,11.505
334.898,88.893,10.546,11.505
333.119,88.155,10.546,11.505
331.340,88.459,10.546,11.505
328.927,88.737,10.780,11.760
327.019,88.604,10.780,11.760
325.201,88.560,10.780,11.760
323.559,88.693,10.780,11.760
322.450,88.826,10.780,11.760
320.366,89.225,10.780,11.760
318.369,88.560,10.780,11.760
316.373,89.225,10.780,11.760
314.555,88.915,10.780,11.760
312.647,89.935,10.780,11.760
310.385,90.600,10.780,11.760
308.921,90.556,10.780,11.760
306.836,90.866,10.780,11.760
304.840,91.443,10.780,11.760
302.933,91.665,10.780,11.760
301.292,92.330,10.780,11.760
299.651,92.729,10.780,11.760
297.566,93.483,10.780,11.760
296.812,93.971,10.780,11.760
294.461,94.726,10.780,11.760
293.352,95.125,10.780,11.760
291.356,95.347,10.780,11.760
289.803,96.012,10.780,11.760
287.630,97.210,10.780,11.760
285.722,97.165,10.780,11.760
284.525,97.742,10.780,11.760
283.682,98.851,10.780,11.760
281.215,99.687,11.018,12.020
279.810,100.277,11.018,12.020
278.858,101.501,11.018,12.020
277.543,101.909,11.018,12.020
275.304,102.670,11.262,12.286
274.331,103.828,11.262,12.286
272.812,104.894,11.511,12.557
270.491,105.605,11.511,12.557
269.686,106.315,11.511,12.557
268.691,107.120,11.511,12.557
267.507,109.063,11.511,12.557
266.133,109.963,11.511,12.557
264.476,110.863,11.511,12.557
263.481,111.857,11.511,12.557
262.486,112.757,11.511,12.557
261.397,113.941,11.511,12.557
260.212,115.505,11.511,12.557
259.028,116.310,11.511,12.557
257.749,117.115,11.511,12.557
256.470,119.152,11.511,12.557
256.044,120.431,11.511,12.557
254.860,121.047,11.511,12.557
253.770,122.989,11.511,12.557
252.776,124.078,11.511,12.557
251.876,125.736,11.511,12.557
251.260,126.636,11.511,12.557
250.834,128.010,11.511,12.557
249.744,129.762,11.511,12.557
249.886,130.662,11.511,12.557
248.607,132.320,11.511,12.557
248.465,133.220,11.511,12.557
247.755,135.541,11.511,12.557
246.571,136.441,11.511,12.557
246.902,138.194,11.511,12.557
245.718,140.230,11.511,12.557
246.049,140.846,11.511,12.557
244.960,142.978,11.511,12.557
244.344,144.825,11.511,12.557
244.581,146.009,11.511,12.557
244.344,148.046,11.511,12.557
243.728,149.325,11.511,12.557
243.965,150.130,11.511,12.557
242.876,152.451,11.511,12.557
243.409,154.457,11.266,12.290
242.529,155.709,11.266,12.290
242.668,157.702,11.266,12.290
242.436,159.510,11.266,12.290
242.019,160.483,11.266,12.290
242.621,162.384,11.266,12.290
242.111,163.728,11.266,12.290
242.714,165.722,11.266,12.290
242.390,167.530,11.266,12.290
242.158,168.781,11.266,12.290
242.853,170.682,11.266,12.290
243.085,172.397,11.266,12.290
243.502,173.742,11.266,12.290
242.992,175.920,11.266,12.290
243.688,176.616,11.266,12.290
243.919,178.887,11.266,12.290
244.429,179.861,11.266,12.290
244.476,181.854,11.266,12.290
244.800,184.218,11.266,12.290
245.403,185.285,11.266,12.290
245.727,187.278,11.266,12.290
246.423,189.179,11.266,12.290
246.840,190.523,11.266,12.290
247.721,192.795,11.266,12.290
248.045,194.788,11.266,12.290
248.926,196.411,11.266,12.290
249.714,197.848,11.266,12.290
250.317,199.934,11.266,12.290
251.661,200.722,11.266,12.290
251.986,203.179,11.266,12.290
252.959,204.616,11.266,12.290
253.747,206.516,11.266,12.290
254.350,208.324,11.266,12.290
255.972,209.761,11.266,12.290
256.482,211.940,11.266,12.290
256.992,212.728,11.266,12.290
258.151,215.093,11.266,12.290
259.403,216.159,11.266,12.290
260.005,218.152,11.266,12.290
261.535,219.775,11.266,12.290
262.323,221.768,11.266,12.290
264.317,223.669,11.266,12.290
265.383,225.106,11.266,12.290
265.800,225.987,11.266,12.290
267.052,227.516,11.266,12.290
268.767,229.602,11.266,12.290
269.740,231.410,11.266,12.290
270.807,232.477,11.266,12.290
272.336,234.470,11.266,12.290
274.330,236.185,11.266,12.290
275.582,237.159,11.266,12.290
276.277,238.874,11.266,12.290
278.363,239.940,11.266,12.290
279.893,241.841,11.266,12.290
280.959,244.205,11.266,12.290
282.489,244.993,11.266,12.290
283.555,246.059,11.266,12.290
284.807,247.682,11.266,12.290
286.800,249.675,11.266,12.290
288.423,251.112,11.266,12.290
289.674,251.900,11.266,12.290
292.162,253.953,11.025,12.028
293.206,255.269,11.025,12.028
294.885,257.038,11.025,12.028
297.289,258.081,11.025,12.028
298.423,259.216,11.025,12.028
300.283,260.894,11.025,12.028
301.781,261.756,11.025,12.028
304.094,262.981,11.025,12.028
305.229,264.388,11.025,12.028
307.180,266.157,11.025,12.028
308.858,267.110,11.025,12.028
311.172,268.063,11.025,12.028
312.306,269.197,11.025,12.028
314.348,270.694,11.025,12.028
316.208,271.374,11.025,12.028
317.796,272.962,11.025,12.028
320.200,273.461,11.025,12.028
321.607,275.049,11.025,12.028
323.921,275.821,11.025,12.028
326.234,276.683,11.025,12.028
327.369,277.091,11.025,12.028
329.320,278.225,11.025,12.028
331.361,279.087,11.025,12.028
333.130,279.858,11.025,12.028
335.081,280.630,11.025,12.028
336.941,281.129,11.025,12.028
339.618,282.263,11.025,12.028
341.388,282.943,11.025,12.028
343.066,283.443,11.025,12.028
344.745,284.305,11.025,12.028
347.240,285.076,11.025,12.028
348.919,285.303,11.025,12.028
351.596,285.983,11.025,12.028
353.456,286.210,11.025,12.028
355.134,286.709,11.025,12.028
356.995,286.391,11.025,12.028
358.855,287.526,11.025,12.028
361.290,287.873,10.790,11.771
363.643,288.183,10.790,11.771
365.020,287.606,10.790,11.771
367.284,288.272,10.790,11.771
369.815,288.494,10.790,11.771
371.369,288.716,10.790,11.771
373.900,288.849,10.790,11.771
375.632,289.338,10.790,11.771
377.186,288.672,10.790,11.771
379.628,289.071,10.790,11.771
381.093,289.471,10.790,11.771
383.535,288.716,10.790,11.771
385.977,289.027,10.790,11.771
387.265,289.338,10.790,11.771
389.618,288.494,10.790,11.771
390.906,288.627,10.790,11.771
393.348,288.583,10.790,11.771
395.879,288.006,10.790,11.771
397.166,288.317,10.790,11.771
399.519,287.384,10.790,11.771
401.784,287.162,10.790,11.771
402.894,286.851,10.790,11.771
404.981,287.162,10.790,11.771
406.979,286.141,10.790,11.771
409.066,285.653,10.790,11.771
410.975,286.052,10.790,11.771
412.707,285.741,10.790,11.771
414.261,285.164,10.790,11.771
416.614,284.321,10.790,11.771
417.635,283.654,10.790,11.771
419.811,283.610,10.790,11.771
421.898,283.033,10.790,11.771
423.718,282.988,10.790,11.771
425.272,282.322,10.790,11.771
427.537,281.035,10.790,11.771
429.712,281.257,10.790,11.771
430.467,279.703,10.790,11.771
432.508,279.015,10.560,11.520
434.290,278.276,10.560,11.520
435.550,277.798,10.560,11.520
437.679,276.799,10.560,11.520
439.548,275.973,10.560,11.520
440.895,275.322,10.560,11.520
442.763,274.757,10.560,11.520
444.197,273.410,10.560,11.520
446.327,273.018,10.560,11.520
446.978,271.932,10.560,11.520
449.108,270.933,10.560,11.520
450.802,270.020,10.560,11.520
451.976,268.934,10.560,11.520
453.670,267.934,10.560,11.520
454.670,266.935,10.560,11.520
456.191,265.935,10.560,11.520
457.972,264.936,10.560,11.520
459.146,263.850,10.560,11.520
460.667,262.763,10.560,11.520
461.492,261.590,10.560,11.520
462.579,261.286,10.560,11.520
464.013,260.286,10.560,11.520
465.707,258.852,10.560,11.520
466.533,257.245,10.560,11.520
467.532,256.506,10.560,11.520
468.706,255.767,10.560,11.520
469.966,253.812,10.560,11.520
471.313,252.725,10.560,11.520
471.878,252.247,10.560,11.520
473.486,250.466,10.560,11.520
474.051,249.553,10.560,11.520
475.658,248.554,10.560,11.520
476.818,246.875,10.335,11.274
477.881,245.982,10.335,11.274
477.924,245.004,10.335,11.274
478.732,243.686,10.335,11.274
480.561,242.112,10.335,11.274
481.284,241.474,10.335,11.274
481.921,239.561,10.335,11.274
482.474,238.327,10.335,11.274
483.878,237.689,10.335,11.274
484.090,235.861,10.335,11.274
484.983,234.968,10.335,11.274
485.877,233.989,10.335,11.274
486.599,232.416,10.335,11.274
488.088,230.757,10.335,11.274
488.386,230.034,10.335,11.274
489.194,229.226,10.335,11.274
489.832,228.333,10.335,11.274
491.235,227.355,10.335,11.274
491.022,226.462,10.335,11.274
491.490,224.548,10.335,11.274
492.553,223.740,10.335,11.274
493.276,222.847,10.335,11.274
493.744,221.954,10.335,11.274
494.637,220.976,10.335,11.274
495.275,219.913,10.335,11.274
495.488,218.850,10.335,11.274
496.126,217.871,10.335,11.274
496.423,216.808,10.335,11.274
497.231,215.915,10.335,11.274
497.529,215.107,10.335,11.274
498.167,214.384,10.335,11.274
498.465,212.896,10.335,11.274
499.018,212.428,10.335,11.274
499.145,211.535,10.335,11.274
499.443,210.897,10.335,11.274
500.081,210.514,10.335,11.274
500.293,209.706,10.335,11.274
500.676,209.153,10.335,11.274
501.144,208.941,10.335,11.274
500.846,208.218,10.335,11.274
500.804,207.835,10.335,11.274
501.697,207.197,10.335,11.274
501.994,207.410,10.335,11.274
501.272,206.091,10.335,11.274
501.654,206.474,10.335,11.274
502.122,205.496,10.335,11.274
501.654,204.943,10.335,11.274
502.207,205.241,10.335,11.274
501.824,205.368,10.335,11.274
502.462,204.305,10.335,11.274
502.080,204.858,10.335,11.274
501.782,204.135,10.335,11.274
502.420,204.263,10.335,11.274
502.037,204.135,10.335,11.274
501.654,203.922,10.335,11.274
502.122,203.540,10.335,11.274
501.569,203.072,10.335,11.274
501.952,203.540,10.335,11.274
501.229,202.817,10.335,11.274
501.527,203.029,10.335,11.274
501.824,202.902,10.335,11.274
502.037,202.434,10.335,11.274
501.144,201.881,10.335,11.274
501.016,202.434,10.335,11.274
500.804,201.711,10.335,11.274
501.527,201.838,10.335,11.274
501.144,201.796,10.335,11.274
500.676,201.413,10.335,11.274
501.144,200.775,10.335,11.274
500.506,201.073,10.335,11.274
500.889,200.945,10.335,11.274
500.166,200.478,10.335,11.274
500.549,199.925,10.335,11.274
500.846,200.222,10.335,11.274
499.953,200.180,10.335,11.274
500.166,199.967,10.335,11.274
500.293,199.499,10.335,11.274
499.996,198.861,10.335,11.274
499.613,199.159,10.335,11.274
500.251,199.287,10.335,11.274
499.783,199.074,10.335,11.274
500.251,198.691,10.335,11.274
499.698,198.139,10.335,11.274
500.166,198.691,10.335,11.274
499.443,198.053,10.335,11.274
499.741,198.266,10.335,11.274
500.038,198.139,10.335,11.274
499.230,197.926,10.335,11.274
499.103,197.458,10.335,11.274
498.805,196.905,10.335,11.274
499.273,197.373,10.335,11.274
498.720,196.650,10.335,11.274
499.188,197.033,10.335,11.274
498.635,197.245,10.335,11.274
499.018,197.203,10.335,11.274
498.295,197.075,10.335,11.274
498.507,196.948,10.335,11.274
498.550,196.565,10.335,11.274
498.592,196.097,10.335,11.274
498.380,196.565,10.335,11.274
498.167,195.927,10.335,11.274
497.784,196.310,10.335,11.274
498.337,196.778,10.335,11.274
497.784,196.140,10.335,11.274
498.337,196.608,10.335,11.274
497.699,195.970,10.335,11.274
498.082,196.437,10.335,11.274
497.359,195.799,10.335,11.274
497.742,196.267,10.335,11.274
497.954,196.820,10.335,11.274
497.146,196.352,10.335,11.274
497.359,196.990,10.335,11.274
497.572,196.522,10.335,11.274
497.614,196.140,10.335,11.274
497.402,196.778,10.335,11.274
497.104,196.395,10.335,11.274
496.636,196.097,10.335,11.274
497.104,196.820,10.335,11.274
496.381,196.522,10.335,11.274
496.594,196.480,10.335,11.274
496.296,196.522,10.335,11.274
495.743,196.650,10.335,11.274
496.126,196.437,10.335,11.274
495.233,196.225,10.335,11.274
494.680,197.033,10.335,11.274
495.063,196.990,10.335,11.274
494.084,197.118,10.335,11.274
493.447,197.416,10.335,11.274
493.574,196.693,10.335,11.274
493.021,197.075,10.335,11.274
492.213,197.458,10.335,11.274
491.830,196.735,10.335,11.274
492.043,197.118,10.335,11.274
491.065,197.501,10.335,11.274
490.342,196.863,10.335,11.274
490.214,197.160,10.335,11.274
489.662,197.288,10.335,11.274
489.789,197.415,10.335,11.274
489.321,196.522,10.335,11.274
488.598,196.650,10.335,11.274
488.131,196.778,10.335,11.274
487.408,197.075,10.335,11.274
487.025,197.373,10.335,11.274
486.302,196.565,10.335,11.274
485.919,196.607,10.335,11.274
485.281,196.565,10.335,11.274
484.899,196.607,10.335,11.274
484.261,196.905,10.335,11.274
484.303,197.288,10.335,11.274
483.750,197.586,10.335,11.274
483.963,197.118,10.335,11.274
482.900,197.671,10.335,11.274
482.262,197.373,10.335,11.274
482.474,197.160,10.335,11.274
482.007,197.968,10.335,11.274
481.369,198.181,10.335,11.274
481.666,198.479,10.335,11.274
481.454,197.756,10.335,11.274
480.901,198.224,10.335,11.274
480.263,198.861,10.335,11.274
480.476,198.904,10.335,11.274
480.518,199.202,10.335,11.274
480.221,199.584,10.335,11.274
479.668,199.032,10.335,11.274
480.135,199.584,10.335,11.274
479.498,199.032,10.335,11.274
479.880,199.755,10.335,11.274
479.157,199.882,10.335,11.274
479.370,200.095,10.335,11.274
479.413,200.478,10.335,11.274
479.200,199.840,10.335,11.274
478.902,200.222,10.335,11.274
478.519,200.690,10.335,11.274
479.072,200.052,10.335,11.274
478.519,200.520,10.335,11.274
479.072,200.052,10.335,11.274
478.519,200.690,10.335,11.274
479.072,200.307,10.335,11.274
478.519,200.945,10.335,11.274
479.072,200.648,10.335,11.274
478.519,200.435,10.335,11.274
479.072,200.733,10.335,11.274
478.605,201.115,10.335,11.274
479.327,201.668,10.335,11.274
479.030,201.286,10.335,11.274
479.072,202.094,10.335,11.274
479.455,202.476,10.335,11.274
480.093,201.923,10.335,11.274
479.846,202.725,10.564,11.524
480.498,203.551,10.564,11.524
480.716,203.942,10.564,11.524
481.368,203.377,10.564,11.524
481.498,204.464,10.564,11.524
482.063,205.116,10.564,11.524
483.063,205.333,10.564,11.524
483.715,206.072,10.564,11.524
483.932,206.377,10.564,11.524
484.671,207.029,10.564,11.524
485.150,207.333,10.564,11.524
485.975,208.072,10.564,11.524
486.714,208.550,10.564,11.524
487.193,209.463,10.564,11.524
488.018,210.028,10.564,11.524
488.670,210.419,10.564,11.524
489.236,211.158,10.564,11.524
489.279,211.723,10.564,11.524
489.844,212.723,10.564,11.524
491.366,213.375,10.564,11.524
491.496,213.593,10.564,11.524
492.148,214.331,10.564,11.524
493.756,214.723,10.564,11.524
493.800,215.462,10.564,11.524
494.365,215.766,10.564,11.524
494.495,215.462,10.564,11.524
495.147,216.461,10.564,11.524
495.973,216.940,10.564,11.524
496.451,216.635,10.564,11.524
496.234,217.983,10.564,11.524
496.625,217.505,10.564,11.524
497.103,218.418,10.564,11.524
497.755,218.896,10.564,11.524
497.886,218.591,10.564,11.524
498.277,219.591,10.564,11.524
497.799,220.069,10.564,11.524
498.364,219.504,10.564,11.524
498.854,220.004,10.338,11.278
498.301,220.557,10.338,11.278
498.854,220.174,10.338,11.278
498.386,220.898,10.338,11.278
498.854,221.025,10.338,11.278
498.301,221.323,10.338,11.278
498.854,221.791,10.338,11.278
498.386,221.238,10.338,11.278
498.939,221.706,10.338,11.278
498.556,221.153,10.338,11.278
499.109,221.621,10.338,11.278
498.556,221.153,10.338,11.278
498.939,221.791,10.338,11.278
498.130,221.408,10.338,11.278
498.343,221.110,10.338,11.278
498.471,221.834,10.338,11.278
498.598,221.451,10.338,11.278
498.726,221.068,10.338,11.278
498.683,221.706,10.338,11.278
498.471,221.323,10.338,11.278
498.173,222.046,10.338,11.278
497.705,221.919,10.338,11.278
498.258,221.791,10.338,11.278
497.705,221.663,10.338,11.278
498.173,221.536,10.338,11.278
497.365,221.748,10.338,11.278
497.662,222.046,10.338,11.278
497.875,222.429,10.338,11.278
497.067,221.791,10.338,11.278
497.195,222.259,10.338,11.278
497.152,222.897,10.338,11.278
496.599,222.940,10.338,11.278
497.067,223.152,10.338,11.278
496.344,223.535,10.338,11.278
496.727,222.812,10.338,11.278
497.109,223.365,10.338,11.278
496.216,222.897,10.338,11.278
496.429,223.705,10.338,11.278
496.556,223.748,10.338,11.278
496.344,224.046,10.338,11.278
495.876,224.429,10.338,11.278
495.153,223.875,10.338,11.278
495.365,224.514,10.338,11.278
495.408,224.386,10.338,11.278
495.025,224.088,10.338,11.278
494.302,225.067,10.338,11.278
494.259,225.364,10.338,11.278
493.706,224.726,10.338,11.278
493.749,225.364,10.338,11.278
493.196,225.237,10.338,11.278
492.047,226.215,10.338,11.278
491.324,226.598,10.338,11.278
490.856,226.045,10.338,11.278
489.792,226.683,10.338,11.278
490.005,226.385,10.338,11.278
488.431,226.003,10.338,11.278
487.878,226.981,10.338,11.278
486.559,227.364,10.338,11.278
486.091,226.726,10.338,11.278
484.772,227.194,10.338,11.278
484.219,227.832,10.338,11.278
482.730,227.449,10.338,11.278
482.007,227.321,10.338,11.278
479.923,228.215,10.338,11.278
478.604,228.257,10.338,11.278
477.881,228.555,10.338,11.278
475.796,227.747,10.338,11.278
475.413,228.215,10.338,11.278
473.584,228.853,10.338,11.278
472.520,228.385,10.338,11.278
470.861,228.257,10.338,11.278
468.692,229.236,10.338,11.278
468.054,229.619,10.338,11.278
465.884,229.066,10.338,11.278
463.970,229.704,10.338,11.278
462.736,229.406,10.338,11.278
461.757,229.704,10.338,11.278
460.098,230.087,10.338,11.278
457.759,230.555,10.338,11.278
456.695,230.257,10.338,11.278
454.866,231.150,10.338,11.278
452.441,231.703,10.338,11.278
451.207,231.490,10.338,11.278
448.952,231.703,10.338,11.278
446.953,232.171,10.338,11.278
445.039,232.894,10.338,11.278
443.209,233.107,10.338,11.278
441.550,233.575,10.338,11.278
440.146,233.618,10.338,11.278
437.722,233.915,10.338,11.278
436.233,234.468,10.338,11.278
433.808,234.596,10.338,11.278
432.319,235.064,10.338,11.278
429.894,235.787,10.338,11.278
427.299,236.000,10.338,11.278
425.299,236.638,10.338,11.278
423.300,236.766,10.338,11.278
421.215,237.234,10.338,11.278
418.961,237.872,10.338,11.278
416.706,237.999,10.338,11.278
415.387,238.467,10.338,11.278
412.792,238.255,10.338,11.278
410.878,239.743,10.338,11.278
407.857,239.105,10.338,11.278
405.517,239.999,10.338,11.278
403.688,240.297,10.338,11.278
401.689,241.105,10.338,11.278
399.434,241.147,10.338,11.278
396.924,241.445,10.338,11.278
394.074,241.062,10.338,11.278
391.904,241.956,10.338,11.278
389.394,242.424,10.338,11.278
387.480,242.721,10.338,11.278
385.310,243.189,10.338,11.278
382.857,243.727,10.567,11.528
380.378,244.292,10.567,11.528
377.378,243.988,10.567,11.528
374.899,244.118,10.567,11.528
372.855,244.596,10.567,11.528
370.377,245.075,10.567,11.528
367.811,244.596,10.567,11.528
365.420,245.336,10.567,11.528
362.506,245.292,10.567,11.528
360.115,245.596,10.567,11.528
358.071,245.901,10.567,11.528
355.680,245.249,10.567,11.528
353.114,245.727,10.567,11.528
350.897,246.379,10.567,11.528
348.418,245.814,10.567,11.528
345.070,245.509,10.567,11.528
343.200,246.336,10.567,11.528
340.808,246.466,10.567,11.528
337.634,246.597,10.567,11.528
335.243,246.814,10.567,11.528
332.155,246.162,10.567,11.528
330.459,246.814,10.567,11.528
327.546,246.336,10.567,11.528
325.242,246.988,10.567,11.528
322.067,246.770,10.567,11.528
320.197,246.640,10.567,11.528
317.893,247.379,10.567,11.528
315.327,246.988,10.567,11.528
311.805,246.684,10.567,11.528
309.588,247.423,10.567,11.528
306.935,246.944,10.567,11.528
304.544,246.553,10.567,11.528
301.369,247.205,10.567,11.528
298.804,246.640,10.567,11.528
296.412,247.205,10.567,11.528
293.847,246.466,10.567,11.528
294.238,246.684,10.567,11.528
296.717,247.249,10.567,11.528
304.761,246.857,10.567,11.528
314.632,246.379,10.567,11.528
326.242,247.205,10.567,11.528
334.832,246.582,10.801,11.783
344.995,246.682,11.040,12.043
355.307,245.819,11.040,12.043
361.531,245.955,11.040,12.043
363.575,245.546,11.040,12.043
364.348,245.228,11.040,12.043
362.939,246.091,11.040,12.043
360.895,245.955,11.040,12.043
359.396,245.728,11.040,12.043
356.443,245.046,11.040,12.043
353.944,245.546,11.040,12.043
352.173,244.774,11.040,12.043
348.857,245.183,11.040,12.043
347.539,245.682,11.040,12.043
345.131,245.092,11.040,12.043
342.815,245.501,11.040,12.043
341.588,244.547,11.040,12.043
339.180,244.047,11.040,12.043
336.863,244.456,11.040,12.043
335.909,244.774,11.040,12.043
335.319,243.911,11.040,12.043
336.273,243.502,11.040,12.043
340.588,242.729,11.040,12.043
350.265,242.321,11.040,12.043
362.073,241.617,10.804,11.787
374.270,240.703,11.043,12.047
384.949,239.930,11.043,12.047
397.415,239.372,11.288,12.314
409.817,238.397,11.288,12.314
422.219,237.143,11.288,12.314
434.961,234.838,11.537,12.586
447.637,233.556,11.537,12.586
457.560,231.705,11.537,12.586
463.494,230.898,11.537,12.586
467.150,230.565,11.537,12.586
468.906,229.568,11.537,12.586
468.574,228.951,11.537,12.586
469.476,228.334,11.537,12.586
469.903,226.482,11.537,12.586
468.527,225.960,11.537,12.586
468.859,226.292,11.537,12.586
468.147,225.485,11.537,12.586
468.384,225.058,11.537,12.586
468.811,225.010,11.537,12.586
468.194,223.918,11.537,12.586
468.527,222.827,11.537,12.586
468.764,221.924,11.537,12.586
467.862,221.402,11.537,12.586
468.099,220.785,11.537,12.586
468.432,220.927,11.537,12.586
470.663,220.120,11.537,12.586
474.604,218.933,11.537,12.586
482.342,216.987,11.537,12.586
493.119,215.040,11.537,12.586
505.796,213.948,11.537,12.586
518.472,211.907,11.537,12.586
531.496,209.748,11.793,12.865
543.094,207.273,11.793,12.865
552.751,205.187,11.793,12.865
555.905,203.876,11.793,12.865
559.253,201.984,11.793,12.865
559.787,201.353,11.793,12.865
560.418,201.693,11.793,12.865
560.952,199.897,11.793,12.865
561.291,199.461,11.793,12.865
560.272,198.830,11.793,12.865
560.418,197.034,11.793,12.865
560.175,196.500,11.793,12.865
560.722,195.936,11.541,12.590
561.244,195.509,11.541,12.590
560.532,194.511,11.541,12.590
560.769,193.419,11.541,12.590
559.772,192.232,11.541,12.590
559.440,191.329,11.541,12.590
560.152,190.617,11.541,12.590
559.819,190.474,11.541,12.590
559.297,189.857,11.541,12.590
559.535,189.335,11.541,12.590
559.202,188.147,11.541,12.590
558.775,187.910,11.541,12.590
558.062,187.102,11.541,12.590
558.110,186.675,11.541,12.590
557.682,185.963,11.541,12.590
558.015,185.630,11.541,12.590
556.638,184.823,11.541,12.590
556.685,184.300,11.541,12.590
555.973,183.493,11.541,12.590
554.785,182.971,11.541,12.590
554.168,183.493,11.541,12.590
553.741,182.591,11.541,12.590
552.743,181.878,11.541,12.590
551.936,181.736,11.541,12.590
551.318,181.308,11.541,12.590
550.796,180.596,11.541,12.590
549.514,180.264,11.541,12.590
549.181,179.836,11.541,12.590
548.089,179.979,11.541,12.590
546.902,179.551,11.541,12.590
545.714,178.839,11.541,12.590
545.192,178.981,11.541,12.590
544.445,178.520,11.295,12.322
542.354,178.381,11.295,12.322
541.378,177.870,11.295,12.322
540.123,177.266,11.295,12.322
539.240,177.498,11.295,12.322
538.264,177.173,11.295,12.322
537.009,176.568,11.295,12.322
535.103,177.173,11.295,12.322
534.034,176.382,11.295,12.322
532.500,176.243,11.295,12.322
530.501,175.918,11.295,12.322
528.968,175.406,11.295,12.322
527.992,175.918,11.295,12.322
526.365,175.313,11.295,12.322
524.087,175.453,11.295,12.322
523.111,175.871,11.295,12.322
521.392,175.081,11.295,12.322
519.114,175.220,11.295,12.322
518.138,175.360,11.295,12.322
516.139,175.592,11.295,12.322
514.327,175.732,11.295,12.322
512.700,175.871,11.295,12.322
510.237,174.988,11.295,12.322
508.982,175.127,11.295,12.322
506.611,175.360,11.295,12.322
504.241,175.592,11.295,12.322
502.893,176.104,11.295,12.322
500.522,175.406,11.295,12.322
497.966,176.104,11.295,12.322
496.060,175.778,11.295,12.322
493.969,176.661,11.295,12.322
491.691,176.708,11.295,12.322
489.228,177.033,11.295,12.322
487.322,176.522,11.295,12.322
485.045,177.219,11.295,12.322
482.674,176.987,11.295,12.322
480.025,177.405,11.295,12.322
477.748,178.009,11.295,12.322
475.673,178.723,11.054,12.059
473.262,178.314,11.054,12.059
470.487,179.087,11.054,12.059
467.985,179.587,11.054,12.059
464.665,179.178,11.054,12.059
462.800,180.133,11.054,12.059
460.298,180.724,11.054,12.059
457.523,180.406,11.054,12.059
455.112,181.452,11.054,12.059
452.429,182.044,11.054,12.059
450.018,182.271,11.054,12.059
446.697,182.862,11.054,12.059
445.105,183.090,11.054,12.059
441.329,183.772,11.054,12.059
439.646,183.363,11.054,12.059
440.056,184.682,11.054,12.059
443.374,185.819,10.818,11.802
450.741,185.473,10.588,11.550
460.718,185.255,10.588,11.550
470.783,184.601,10.588,11.550
480.586,184.296,10.588,11.550
489.692,183.730,10.588,11.550
501.324,182.205,10.588,11.550
508.600,182.684,10.588,11.550
512.304,183.251,10.588,11.550
514.306,183.080,10.362,11.304
513.496,183.634,10.362,11.304
511.236,184.274,10.362,11.304
509.232,185.937,10.362,11.304
507.143,185.894,10.362,11.304
503.945,186.704,10.362,11.304
500.320,187.088,10.362,11.304
498.402,187.642,10.362,11.304
494.863,188.367,10.362,11.304
491.324,189.007,10.362,11.304
488.978,190.926,10.362,11.304
485.439,191.139,10.362,11.304
483.009,192.034,10.362,11.304
478.958,192.588,10.362,11.304
476.442,192.887,10.362,11.304
473.159,194.550,10.362,11.304
471.496,195.019,10.362,11.304
472.136,195.829,10.362,11.304
475.504,196.554,10.362,11.304
483.563,196.000,10.362,11.304
492.901,196.383,10.362,11.304
502.580,195.573,10.362,11.304
509.957,195.701,10.362,11.304
512.046,196.341,10.362,11.304
513.795,197.321,10.362,11.304
513.326,198.046,10.362,11.304
509.701,199.368,10.362,11.304
507.868,198.729,10.362,11.304
504.926,200.647,10.362,11.304
500.022,202.310,10.362,11.304
497.762,203.547,10.362,11.304
495.332,204.016,10.362,11.304
491.793,205.252,10.362,11.304
489.447,206.233,10.362,11.304
485.738,207.043,10.362,11.304
482.455,208.024,10.362,11.304
478.757,209.093,10.591,11.554
475.488,210.096,10.591,11.554
471.871,211.621,10.591,11.554
468.863,213.408,10.591,11.554
465.507,213.800,10.591,11.554
461.890,213.931,10.591,11.554
459.231,214.933,10.591,11.554
455.353,216.459,10.591,11.554
451.910,218.420,10.591,11.554
449.164,219.335,10.591,11.554
445.808,220.338,10.591,11.554
442.278,220.992,10.591,11.554
438.312,221.471,10.591,11.554
434.956,223.171,10.591,11.554
432.559,224.086,10.591,11.554
428.689,224.998,10.826,11.810
425.169,226.914,10.826,11.810
422.185,227.493,10.826,11.810
418.665,228.072,10.826,11.810
414.968,229.542,10.826,11.810
412.429,230.210,10.826,11.810
408.980,232.182,10.595,11.558
405.711,232.923,10.595,11.558
401.411,234.097,10.369,11.311
398.602,234.670,10.148,11.070
395.053,235.380,10.148,11.070
391.754,237.176,10.148,11.070
388.956,237.969,10.148,11.070
385.156,239.431,10.148,11.070
381.690,240.976,10.148,11.070
379.060,241.686,10.148,11.070
374.508,242.646,10.148,11.070
371.460,243.523,10.148,11.070
369.354,245.211,9.931,10.834
366.044,246.804,9.931,10.834
362.407,248.725,9.931,10.834
359.423,249.992,9.931,10.834
356.195,251.913,9.931,10.834
353.048,253.261,9.931,10.834
349.656,253.874,9.931,10.834
346.019,256.122,9.931,10.834
343.036,257.634,9.931,10.834
339.807,259.391,9.931,10.834
336.415,261.067,9.931,10.834
333.514,263.151,9.931,10.834
330.449,263.846,9.931,10.834
327.138,266.339,9.931,10.834
323.828,267.197,9.931,10.834
320.355,268.954,9.931,10.834
317.290,271.447,9.931,10.834
313.898,272.551,9.931,10.834
309.933,274.390,9.931,10.834
306.950,276.147,9.931,10.834
303.558,277.577,9.931,10.834
299.758,279.580,9.931,10.834
297.755,281.582,9.931,10.834
294.363,283.421,9.931,10.834
292.115,284.606,9.931,10.834
288.070,286.772,9.931,10.834
284.841,288.530,9.931,10.834
281.776,290.450,9.931,10.834
278.711,291.881,9.931,10.834
275.564,293.965,9.931,10.834
272.336,295.804,9.931,10.834
270.333,296.826,9.931,10.834
267.187,298.665,9.931,10.834
264.122,299.605,9.931,10.834
261.547,301.362,9.931,10.834
258.400,302.220,9.931,10.834
256.643,303.160,9.931,10.834
253.578,304.264,9.931,10.834
251.575,305.530,9.931,10.834
248.756,306.552,9.931,10.834
246.916,307.492,9.931,10.834
244.996,308.350,9.931,10.834
243.075,309.208,9.931,10.834
240.991,309.985,9.931,10.834
238.988,311.579,9.931,10.834
236.986,312.028,9.931,10.834
235.065,313.050,9.931,10.834
233.389,313.581,9.931,10.834
231.877,313.295,9.931,10.834
229.957,313.745,9.931,10.834
228.281,314.521,9.931,10.834
226.687,315.052,9.931,10.834
225.093,315.911,9.931,10.834
224.317,316.033,9.931,10.834
222.478,316.483,9.931,10.834
221.947,316.033,9.931,10.834
220.026,316.973,9.931,10.834
218.677,317.423,9.931,10.834
216.920,316.973,9.931,10.834
216.225,317.750,9.931,10.834
215.694,317.709,9.931,10.834
213.855,318.077,9.931,10.834
213.160,318.690,9.931,10.834
212.547,318.404,9.931,10.834
210.953,318.117,9.931,10.834
210.504,317.750,9.931,10.834
210.054,318.444,9.931,10.834
209.441,317.995,9.931,10.834
208.992,318.444,9.931,10.834
207.970,317.831,9.931,10.834
207.357,318.444,9.931,10.834
207.480,317.668,9.931,10.834
206.949,317.545,9.931,10.834
206.254,317.178,9.931,10.834
206.376,316.238,9.931,10.834
206.499,315.706,9.931,10.834
205.886,315.584,9.931,10.834
205.109,315.052,9.931,10.834
205.559,314.603,9.931,10.834
204.864,313.745,9.931,10.834
205.396,312.968,9.931,10.834
205.273,312.437,9.931,10.834
205.559,311.579,9.931,10.834
204.456,310.884,9.931,10.834
204.905,310.353,9.931,10.834
204.129,309.413,9.931,10.834
204.415,308.636,9.931,10.834
203.965,308.023,9.931,10.834
203.189,307.819,9.931,10.834
203.638,307.042,9.931,10.834
202.944,306.348,9.931,10.834
203.311,304.590,9.931,10.834
203.025,304.223,9.931,10.834
202.331,302.792,9.931,10.834
202.862,302.588,9.931,10.834
202.249,301.893,9.931,10.834
202.617,301.198,9.931,10.834
201.922,299.605,9.931,10.834
201.391,299.237,9.931,10.834
201.758,298.379,9.931,10.834
200.900,297.684,9.931,10.834
201.268,296.907,9.931,10.834
201.636,296.294,9.931,10.834
201.023,294.701,9.931,10.834
201.554,294.169,9.931,10.834
200.941,292.902,9.931,10.834
201.391,292.616,9.931,10.834
201.922,291.758,9.931,10.834
201.145,291.145,9.931,10.834
201.431,289.551,9.931,10.834
201.145,289.184,9.931,10.834
200.696,288.325,9.931,10.834
200.165,287.467,9.931,10.834
200.451,286.936,9.931,10.834
200.001,287.385,9.931,10.834
199.388,286.691,9.931,10.834
199.511,285.914,9.931,10.834
199.061,285.710,9.931,10.834
198.448,285.015,9.931,10.834
198.080,284.892,9.931,10.834
197.304,284.770,9.931,10.834
196.691,284.402,9.931,10.834
194.852,284.443,9.931,10.834
194.402,284.075,9.931,10.834
194.852,284.116,9.931,10.834
193.095,283.421,9.931,10.834
192.482,283.380,9.931,10.834
191.787,283.912,9.931,10.834
190.029,284.361,9.931,10.834
189.416,283.912,9.931,10.834
188.885,284.688,9.931,10.834
187.373,284.647,9.931,10.834
186.842,284.361,9.931,10.834
185.003,284.811,9.931,10.834
184.226,285.587,9.931,10.834
182.469,286.037,9.931,10.834
182.020,286.568,9.931,10.834
180.181,286.119,9.931,10.834
178.505,286.650,9.931,10.834
177.974,287.508,9.931,10.834
176.216,287.304,9.931,10.834
175.358,287.917,9.931,10.834
173.171,288.518,10.151,11.074
171.040,289.311,10.151,11.074
170.080,290.188,10.151,11.074
168.033,291.483,10.151,11.074
167.097,291.751,10.376,11.319
166.030,292.989,10.376,11.319
163.938,293.544,10.376,11.319
163.041,294.099,10.376,11.319
161.291,294.910,10.376,11.319
160.394,295.551,10.376,11.319
157.875,297.301,10.376,11.319
156.978,297.942,10.376,11.319
155.826,298.155,10.376,11.319
153.904,299.650,10.376,11.319
153.008,300.461,10.376,11.319
151.684,301.357,10.376,11.319
150.019,302.083,10.376,11.319
149.122,302.638,10.376,11.319
148.226,303.364,10.376,11.319
147.415,303.919,10.376,11.319
145.323,304.133,10.376,11.319
144.426,305.115,10.376,11.319
143.529,306.182,10.376,11.319
142.547,306.652,10.376,11.319
141.736,307.548,10.376,11.319
141.096,308.103,10.376,11.319
140.455,308.231,10.376,11.319
139.559,308.616,10.376,11.319
139.052,309.271,10.154,11.077
138.342,309.564,10.154,11.077
138.300,309.104,10.154,11.077
137.590,309.982,10.154,11.077
137.297,310.274,10.154,11.077
136.587,310.734,10.154,11.077
136.712,310.107,10.154,11.077
136.252,310.734,10.154,11.077
135.793,310.191,10.154,11.077
136.336,310.650,10.154,11.077
135.542,310.107,10.154,11.077
135.500,310.650,10.154,11.077
134.957,310.107,10.154,11.077
134.330,310.567,10.154,11.077
134.706,309.689,10.154,11.077
134.999,309.313,10.154,11.077
134.121,309.773,10.154,11.077
133.829,308.895,10.154,11.077
134.456,308.519,10.154,11.077
134.497,307.725,10.154,11.077
134.205,307.098,10.154,11.077
133.745,306.555,10.154,11.077
134.288,305.594,10.154,11.077
133.996,303.965,10.154,11.077
133.536,303.505,10.154,11.077
134.163,302.544,10.154,11.077
133.703,300.998,10.154,11.077
134.163,300.288,10.154,11.077
133.620,299.326,10.154,11.077
134.163,297.697,10.154,11.077
133.620,295.900,10.154,11.077
133.912,294.939,10.154,11.077
134.121,293.477,10.154,11.077
133.160,291.346,10.154,11.077
133.369,290.552,10.154,11.077
133.662,288.253,10.154,11.077
133.871,287.292,10.154,11.077
133.662,285.412,10.154,11.077
133.787,283.615,10.154,11.077
134.163,281.150,10.154,11.077
133.369,279.437,10.154,11.077
133.662,277.891,10.154,11.077
133.871,275.676,10.154,11.077
134.330,273.545,10.154,11.077
133.536,271.163,10.154,11.077
134.080,269.701,10.154,11.077
133.369,267.486,10.154,11.077
133.829,265.272,10.154,11.077
134.456,263.976,10.154,11.077
133.996,261.762,10.154,11.077
133.703,259.714,10.154,11.077
134.247,257.416,10.154,11.077
133.871,256.372,10.154,11.077
134.497,254.324,10.154,11.077
134.790,252.109,10.154,11.077
135.250,249.895,10.154,11.077
134.623,247.513,10.154,11.077
135.166,244.714,10.154,11.077
134.706,243.502,10.154,11.077
135.333,241.538,10.154,11.077
135.041,239.741,10.154,11.077
134.915,238.028,10.154,11.077
135.960,236.315,10.154,11.077
135.333,234.685,10.154,11.077
136.043,231.886,10.154,11.077
135.584,229.922,10.154,11.077
136.211,228.041,10.154,11.077
136.503,226.412,10.154,11.077
136.796,224.866,10.154,11.077
137.255,222.735,10.154,11.077
136.712,220.604,10.154,11.077
137.339,218.389,10.154,11.077
136.963,216.676,10.154,11.077
137.088,214.461,10.154,11.077
137.464,212.832,10.154,11.077
137.924,210.868,10.154,11.077
137.297,208.820,10.154,11.077
137.924,206.940,10.154,11.077
137.631,205.060,10.154,11.077
138.174,203.096,10.154,11.077
137.882,201.132,10.154,11.077
138.759,199.084,10.154,11.077
139.135,197.204,10.154,11.077
138.509,195.407,10.154,11.077
