0.02932072
0.02798223
0.02799654
0.02799749
0.02800083
0.02799582
0.02800107
0.02799511
0.02797151
0.02399421
0.03199506
0.02797556
0.03199410
0.02800012
0.02575040
0.02799463
0.02924061
0.02800059
0.02400208
0.02799630
0.03008795
0.02801108
0.03325438
0.02797914
0.02798700
0.02801585
0.03999805
0.04399610
0.04397655
0.02000141
0.01979661
0.01999855
0.01999974
0.02800894
0.02800393
0.02800012
0.02000165
0.01999950
0.02000022
0.02000880
0.01999688
0.02399230
0.02399850
0.02803993
0.02398992
0.02700925
0.02399755
0.02530503
0.02399850
0.01598024
0.02000070
0.01999998
0.01999927
0.01999927
0.02000070
0.01999950
0.01999950
0.02800345
0.02000070
0.02002430
0.01999879
0.01997900
0.02800250
0.02399850
0.02799654
0.02798700
0.02398586
0.02799487
0.03199887
0.03199410
0.03223276
0.02398014
0.02399755
0.02800083
0.02400088
0.02400470
0.02399850
0.02800012
0.02800679
0.03199315
0.03200006
0.02399397
0.02400136
0.02400088
0.02398801
0.02399874
0.02799916
0.02399778
0.02400184
0.03199768
0.03200507
0.02403688
0.04800034
0.04221296
0.04400229
0.04401875
0.04400110
0.03199959
0.02399921
0.02399826
0.02399302
0.01599860
0.02001047
0.02000165
0.03200960
0.03199697
0.03200340
0.02797437
0.02401972
0.02399755
0.02395988
0.03200078
0.02928925
0.03600335
0.03200269
0.03338742
0.02399755
0.01999593
0.01715994
0.01999927
0.01999974
0.01999855
0.01999831
0.01999021
0.03200006
0.02800560
0.03200150
0.03199911
0.02800155
0.03200078
0.03199697
0.02400255
0.02400136
0.04399157
0.03999543
0.03599691
0.01999903
0.02000213
0.02000093
0.01999640
0.02000046
0.02400661
0.03600430
0.02800131
0.01999736
0.01999927
0.02000022
0.01978683
0.01965094
0.01999855
0.03200817
0.02799916
0.01999521
0.01999903
0.02797580
0.02800107
0.02798080
0.02799463
0.02799916
0.03199506
0.02800274
0.02799487
0.02399826
0.01999807
0.01602411
0.01972365
0.01981163
0.01999998
0.03200722
0.02800298
0.02797580
0.01970458
0.01999879
0.01598859
0.01599884
0.01599932
0.02000546
0.02799106
0.02800012
0.03200483
0.02800012
0.03199720
0.03199673
0.03199291
0.03199959
0.03200054
0.03600478
0.03200006
0.03199077
0.04399681
0.04173422
0.04799914
0.02797341
0.03201270
0.03200364
0.03199577
0.02397990
0.02400041
0.02400160
0.02403736
0.02799702
0.02404332
0.02399659
0.02800179
0.03197074
0.02799416
0.02400517
0.02399921
0.01999712
0.02001214
0.01999998
0.01602244
0.02001619
0.01599932
0.01600027
0.01885962
0.01999617
0.02002716
0.02799392
0.02799535
0.02799344
0.02799964
0.02399659
0.03200078
0.02800679
0.02400446
0.02400017
0.02399683
0.01992178
0.01979971
0.01599693
0.01599693
0.01599646
0.01999831
0.01599932
0.01599836
0.01973081
0.01599836
0.01989102
0.02000189
0.02400041
0.01599717
0.01599884
0.01600003
0.01999927
0.01984572
0.01808119
0.01601577
0.01599717
0.01599860
0.02000403
0.01599908
0.01599956
0.02000070
0.01999640
0.01600003
0.01990819
0.02000165
0.02801394
0.02400541
0.03199816
0.02172065
0.01999760
0.02127123
0.02402735
0.02799535
0.02398992
0.02000260
0.01600027
0.01601410
0.01600051
0.02800751
0.02799249
0.01999140
0.02000022
0.01599622
0.01573920
0.01732421
0.01600122
0.02528310
0.02800775
0.02799630
0.03200912
0.02401495
0.02799726
0.03200102
0.03200436
0.02800155
0.02400303
0.02800560
0.03199100
0.02399898
0.02397633
0.02399731
0.02371716
0.02000284
0.02000046
0.01601124
0.01599932
0.01979470
0.01979661
0.01974010
0.01603508
0.01999927
0.02376556
0.02000189
0.02178669
0.02800560
0.02932525
0.02798891
0.01999927
0.02002001
0.01999831
0.01999998
0.02800012
0.02799225
0.03199458
0.02800012
0.02000117
0.01997542
0.02000976
0.01999712
0.01997828
0.01979613
0.02000046
0.02000380
0.03199458
0.03200674
0.03199983
0.02797985
0.03600097
0.02399755
0.02258635
0.03200316
0.02800727
0.03199625
0.02799487
0.03200221
0.03199720
0.02799773
0.02002883
0.02399945
0.01999712
0.01999617
0.02002859
0.01598215
0.01999831
0.01999974
0.02001023
0.03199434
0.02799988
0.03199887
0.03199315
0.02798963
0.03197026
0.03510165
0.03200221
0.03228259
0.03196120
0.03200006
0.03199983
0.03199244
0.03200340
0.02800465
0.02799869
0.02397394
0.02399850
0.02374983
0.02399993
0.02002645
0.02400112
0.02399874
0.02390051
0.02399349
0.02002335
0.01999640
0.02000046
0.01999927
0.02002573
0.01999903
0.02003384
0.01999807
0.03597569
0.03199911
0.03199649
0.03200126
0.02799201
0.01999807
0.02399683
0.02399826
0.02400112
0.02399516
0.02399778
0.01978588
0.01965237
0.01974416
0.01999807
0.01975536
0.01999950
0.02399683
0.01999927
0.01999784
0.02400088
0.02400017
0.02800155
0.02800083
0.02799702
0.01999426
0.01980686
0.01999760
0.01999903
0.01999760
0.01972508
0.02000022
0.01942277
0.01999831
0.01999950
0.01600289
0.01966190
0.01999855
0.01999927
0.01999784
0.02000546
0.02399921
0.02397752
0.02799964
0.03200793
0.03199983
0.02801323
0.01999688
0.01999879
0.01980376
0.01986861
0.01996064
0.01599860
0.01599932
0.01975012
0.01999879
0.01601315
0.01975894
0.01964688
0.01596141
0.01599979
0.01599193
0.01599979
0.01999784
0.01599860
0.02000070
0.01599908
0.01618743
0.01600003
0.01600099
0.01599813
0.01599836
0.01601100
0.01976657
0.01600075
0.01599860
0.01999927
0.01600051
0.01600003
0.01599908
0.01599884
0.01599956
0.01572633
0.01577473
0.01600266
0.01600122
0.01599860
0.01529193
0.01600003
0.01599908
0.01600647
0.01599836
0.01599813
0.01599979
0.01598620
0.01600194
0.01978350
0.01599979
0.01700830
0.01600003
0.01599932
0.01599908
0.01599956
0.01600552
0.02179956
0.03199625
0.02941680
0.03199887
0.02799869
0.02800417
0.02002358
0.01999521
0.01969147
0.02000213
0.01971221
0.01999784
0.01985979
0.02000403
0.01976800
0.01999807
0.01999784
0.01999760
0.02000093
0.01999640
0.02800369
0.02799630
0.02400279
0.02399945
0.01999688
0.01999855
0.01599741
0.01599932
0.01999927
0.02000237
0.01599884
0.01999903
0.01999998
0.01999950
0.01716089
0.01999855
0.02087808
0.01737714
0.02000070
0.01985264
0.01599693
0.01986670
0.01999998
0.01599860
0.01976204
0.01978064
0.01599264
0.01966715
0.01972580
0.01992249
0.01981783
0.01599693
0.01599789
0.02000046
0.01967716
0.01999879
0.01986098
0.01599813
0.01599908
0.01599932
0.01999831
0.01999712
0.01565433
0.01969194
0.01974773
0.01567411
0.01996040
0.01999831
0.01999760
0.01599789
0.02558613
0.02399588
0.02801704
0.02399850
0.02400255
0.02802038
0.02799988
0.01600862
0.01983142
0.01599669
0.01968384
0.01982236
0.01999950
0.01982141
0.01976824
0.01599717
0.01599741
0.01599669
0.01599860
0.01599956
0.01599741
0.01599741
0.01599741
0.01590061
0.01999950
0.01999927
0.01999593
0.02399945
0.02799654
0.02699018
0.01600003
0.02399755
0.02800059
0.02002263
0.01999640
0.01999617
0.02000165
0.01999784
0.02399492
0.02399969
0.02000046
0.01599312
0.02000070
0.01999712
0.01998878
0.01999927
0.01599669
0.02000046
0.02399731
0.02000308
0.02400017
0.02799964
0.02400303
0.03173041
0.02799344
0.02000260
0.02000213
0.02000451
0.02399993
0.02397251
0.02399826
0.02399945
0.02799940
0.02803516
0.02400136
0.02801633
0.02800250
0.02399564
0.02400470
0.02401876
0.03113818
0.03600931
0.03199768
0.03200006
0.03200054
0.03198481
0.03200674
0.03200817
0.03200746
0.02800035
0.03200412
0.03199697
0.02400041
0.02399731
0.02399945
0.02400136
0.02399945
0.02399802
0.02399802
0.02271891
0.01928902
0.01999974
0.02000237
0.01720047
0.01999807
0.01599860
0.02000022
0.01599836
0.01965976
0.02000594
0.01599908
0.02000093
0.01999903
0.01999950
0.01999903
0.01999640
0.02000070
0.02799964
0.02800608
0.02800059
0.02800202
0.01999712
0.02000070
0.01999950
0.01599813
0.02002525
0.01599956
0.01999998
0.02799392
0.02802396
0.02799463
0.02797723
0.02800035
0.03022146
0.02800679
0.02400589
0.02399731
0.02399731
0.02395678
0.02400041
0.02402925
0.02400661
0.02400064
0.02400494
0.02400422
0.01999903
0.01999402
0.02000213
0.02001262
0.01999760
0.03199410
0.03199744
0.03200197
0.01999974
0.01999617
0.01980090
0.01599908
0.01999950
0.01979637
0.01599813
0.01972055
0.01980019
0.01599932
0.02167344
0.01783490
0.01999593
0.02000022
0.02000141
0.02400208
0.01999831
0.02399993
0.02398348
0.02000046
0.01999974
0.02400160
0.02401304
0.02799511
0.02400374
0.02400184
0.02399755
0.02400422
0.01999402
0.01601601
0.01599717
0.01967025
0.01975584
0.01975226
0.01599741
0.01599860
0.01969600
0.01599717
0.01599836
0.01599789
0.01576257
0.01593924
0.01569700
0.01567698
0.01199770
0.01573539
0.01599956
0.01719642
0.01599908
0.01999617
0.02000928
0.01999640
0.01999640
0.02000070
0.01999855
0.01999950
0.02800727
0.02400327
0.02799320
0.02799988
0.02399540
0.02399993
0.02799416
0.02399635
0.01599741
0.01599908
0.01599908
0.01599860
0.01999640
0.02399850
0.01999354
0.02000022
0.01999521
0.01599503
0.02000356
0.02399874
0.01600003
0.01599813
0.01583171
0.01599407
0.01599956
0.02001739
0.02114391
0.01985884
0.01976705
0.01599813
0.01599932
0.01999927
0.02001953
0.02799988
0.02398896
0.02801490
0.02800107
0.03200746
0.02800012
0.02800655
0.02799797
0.02800083
0.02800417
0.01999998
0.02400064
0.02400041
0.02399802
0.02399445
0.02001977
0.01599240
0.01971316
0.01969242
0.01976013
0.01975703
0.01974058
0.01661491
0.01598763
0.01597404
0.01599741
0.01999497
0.01999879
0.02400637
0.02400327
0.02399540
0.01599836
0.01600122
0.01596808
0.01979136
0.02000022
0.02400279
0.02400160
0.03203464
0.02399707
0.01998830
0.02000141
0.02000642
0.02002001
0.02400208
0.02000284
0.01999545
0.01997423
0.01998544
0.02400208
0.02402687
0.02400136
0.02399778
0.02171564
0.01841450
0.01999760
0.02000141
0.02799797
0.02799654
0.02801156
0.01600027
0.01999927
0.01967359
0.01999974
0.01977730
0.01999903
0.01999998
0.01999831
0.01975608
0.01999998
0.01975489
0.01983857
0.02000117
0.01599979
0.01970816
0.01999807
0.01599741
0.01600003
0.01967859
0.01600003
0.01600027
0.01599956
0.01599884
0.02000213
0.02000093
0.01999974
0.01999831
0.02241921
0.03199935
0.01599932
0.01587868
0.01600003
0.01599908
0.01980805
0.01599956
0.01599956
0.01599908
0.01600003
0.01600003
0.01980376
0.01576304
0.01600671
0.01599932
0.01599908
