0.01200080
0.02400565
0.01999807
0.01925302
0.01999903
0.01601028
0.01975203
0.01999927
0.01999879
0.02000022
0.02400136
0.02800250
0.03198481
0.02798820
0.02798700
0.02800250
0.03199458
0.02751160
0.03200364
0.02926350
0.02402520
0.03199697
0.03225636
0.02800155
0.03324628
0.02796984
0.02799582
0.02799749
0.03999352
0.03999639
0.03998685
0.02400184
0.02400684
0.02400041
0.02399993
0.02400780
0.02399588
0.01999640
0.01999974
0.02399874
0.02399635
0.02798891
0.02798486
0.02400231
0.02797103
0.02399707
0.02399564
0.02802086
0.01999807
0.01600194
0.01601577
0.01600122
0.02000165
0.02401805
0.02399921
0.02800751
0.02800035
0.02397370
0.02397108
0.02399564
0.04088211
0.04528952
0.04400611
0.03999734
0.04399371
0.04399538
0.03598523
0.03599954
0.01599932
0.01997399
0.02400684
0.02000356
0.02398562
0.01999736
0.02400470
0.02000690
0.02400541
0.02000523
0.02400255
0.01599836
0.01599956
0.01864314
0.01999950
0.01728463
0.02399397
0.02400041
0.01999402
0.01600075
0.01999688
0.02399778
0.02401280
0.02399421
0.02401519
0.01999140
0.01724195
0.02400613
0.02398562
0.02400446
0.03599811
0.03999782
0.03599906
0.03599930
0.01999927
0.01600003
0.01574826
0.01601219
0.01499867
0.01600194
0.02129269
0.02000237
0.02000070
0.02400708
0.01999593
0.02399659
0.02400351
0.02400780
0.02062702
0.02399683
0.01623774
0.02000070
0.01999497
0.02799344
0.02000666
0.02000046
0.02003288
0.02399993
0.01999784
0.02400279
0.02400351
0.02399921
0.02400279
0.02400017
0.02800322
0.02400041
0.03200030
0.04800200
0.04003596
0.03999448
0.03599858
0.03999829
0.03600383
0.02800059
0.01999807
0.01999974
0.01997352
0.01999784
0.01999593
0.02000260
0.01999974
0.02399945
0.02398348
0.02400064
0.02503300
0.02400351
0.02530646
0.02400255
0.02400184
0.02399993
0.02402258
0.02799916
0.02400017
0.02400589
0.02400947
0.02803493
0.02399635
0.02800560
0.02400661
0.02399755
0.01999998
0.02399611
0.02399707
0.02000046
0.02799630
0.02801418
0.03200197
0.02800035
0.03200626
0.03200078
0.02401352
0.03199863
0.03200030
0.02803087
0.02801466
0.02399850
0.02797413
0.03200555
0.04399729
0.03999972
0.03599763
0.01999927
0.02000093
0.02000165
0.01999879
0.01969147
0.01599956
0.01600003
0.02000046
0.02002215
0.02645874
0.02800751
0.02521038
0.02400303
0.02400088
0.02802038
0.02399850
0.02800822
0.02799678
0.02400017
0.02703452
0.02401328
0.02800322
0.02399540
0.02308440
0.02030587
0.02399755
0.02521825
0.01999259
0.01999998
0.02399111
0.02800202
0.02799439
0.02927804
0.03200793
0.03199983
0.03200650
0.03199291
0.02800131
0.02399898
0.03200078
0.03199720
0.03200197
0.03199959
0.02799273
0.02403069
0.02399874
0.02399921
0.02400231
0.02400017
0.02398086
0.01998782
0.02001739
0.03199840
0.03200221
0.02541113
0.02399898
0.02118301
0.02399969
0.02399874
0.01999807
0.02378440
0.02372479
0.02000070
0.01976967
0.01999474
0.02001643
0.02000141
0.02801895
0.02800131
0.02397323
0.02399445
0.02400208
0.01999974
0.02799749
0.02399898
0.02401805
0.02399874
0.02000427
0.02400112
0.01999402
0.02800322
0.02812505
0.02799678
0.02399921
0.02799535
0.02799892
0.02400255
0.02000308
0.01999903
0.01599813
0.02000046
0.02000117
0.01999712
0.02402902
0.01999807
0.02799988
0.03199959
0.03199649
0.02799535
0.02399993
0.02400184
0.02399993
0.03201056
0.03196168
0.03200102
0.03200173
0.02399778
0.02319455
0.02800202
0.02799535
0.02798939
0.02399969
0.02800155
0.03199625
0.03199959
0.03199625
0.03599119
0.03199506
0.03999901
0.03966856
0.04000068
0.01932740
0.02401710
0.02400017
0.01999760
0.02000070
0.02000213
0.02398396
0.02000594
0.02305317
0.02399516
0.02399325
0.02400041
0.02001452
0.02799439
0.01999545
0.01999831
0.01999688
0.01599741
0.01598549
0.01599693
0.01599932
0.01600122
0.01599932
0.02400517
0.02400517
0.02401257
0.02400661
0.02399659
0.02801371
0.02399492
0.02399468
0.02399969
0.02400661
0.03199983
0.02000022
0.02017760
0.01998258
0.01999879
0.01999998
0.02400112
0.02800584
0.02799749
0.02797294
0.02399802
0.02799630
0.02799606
0.03200006
0.03199768
0.03200078
0.03999996
0.04800224
0.04400396
0.04398513
0.04401827
0.04399371
0.01885581
0.02399373
0.02524209
0.02797508
0.01999831
0.02000332
0.02000380
0.02000332
0.01999998
0.01999807
0.02000499
0.02398634
0.01999354
0.01997900
0.01999593
0.02799964
0.02399731
0.02399969
0.02799916
0.02802229
0.02800035
0.02401638
0.02400184
0.02800274
0.02399635
0.02400112
0.02799344
0.02396894
0.02399588
0.01600432
0.01599908
0.01599932
0.02003407
0.02400041
0.03201008
0.03199768
0.03262687
0.02800035
0.02800131
0.02522516
0.02400017
0.02399898
0.02399778
0.01999187
0.01999807
0.02401471
0.02400208
0.02790093
0.02401042
0.02399874
0.02800846
0.02796459
0.02800059
0.02400565
0.02800608
0.02799702
0.02800369
0.02002597
0.01999831
0.02799940
0.02800202
0.03203464
0.01999998
0.02400112
0.02399683
0.01999950
0.02397966
0.02397490
0.02400041
0.01997542
0.02800250
0.02799916
0.01999426
0.01995230
0.01599932
0.01975465
0.02000046
0.02000093
0.01999831
0.01999092
0.02400017
0.02802110
0.02799392
0.02923822
0.02000093
0.01999927
0.02800560
0.03322744
0.02796912
0.03599644
0.02799749
0.03600049
0.03198218
0.03200483
0.02799988
0.03197694
0.03200054
0.02799726
0.03200459
0.02799320
0.02399898
0.02399778
0.03200269
0.03325295
0.03197217
0.04120493
0.04399824
0.03599858
0.02798700
0.01999760
0.01599789
0.01999736
0.02000523
0.02002764
0.02399969
0.02400517
0.02400732
0.02399588
0.02802682
0.02399230
0.02250624
0.01998639
0.01999998
0.02102065
0.01908064
0.02004266
0.02398944
0.02000403
0.02399540
0.03027678
0.02400351
0.02798200
0.02398705
0.02799487
0.02399778
0.01999831
0.01599956
0.01599932
0.01599908
0.01999974
0.02000070
0.01599932
0.01599908
0.01599908
0.01599884
0.01599860
0.01599979
0.01406240
0.01576734
0.01599741
0.01600742
0.01599455
0.01600146
0.01599956
0.01602912
0.01999712
0.01999950
0.01771665
0.01599741
0.02399969
0.02338290
0.02800107
0.02000856
0.01599741
0.01599884
0.01599813
0.01599717
0.01998043
0.02000093
0.01599908
0.01999807
0.02000237
0.01600051
0.01599860
0.01600003
0.01972103
0.01999712
0.02000070
0.01999927
0.01602578
0.01599979
0.01599836
0.01599813
0.01599789
0.01979375
0.01975203
0.01599765
0.01599789
0.01999784
0.01599932
0.01599622
0.01999712
0.01599407
0.01890707
0.02000046
0.01999784
0.02207160
0.02400041
0.02400732
0.02401090
0.02800536
0.02000380
0.02400708
0.01999927
0.02399945
0.01999927
0.02000070
0.01998425
0.02399945
0.02398038
0.01999998
0.02000403
0.01999950
0.01599908
0.01999187
0.02000046
0.01599789
0.02002811
0.01600027
0.01999903
0.02000260
0.01597333
0.02000308
0.02399969
0.01999760
0.01598692
0.01997399
0.02601171
0.02400184
0.01722360
0.02000046
0.01599908
0.02002406
0.01999640
0.02399707
0.02400041
0.02400684
0.02400112
0.02799749
0.02402496
0.02797222
0.02398491
0.02400255
0.02399540
0.02799487
0.02799129
0.02799320
0.02800298
0.02400613
0.02400112
0.02400017
0.02400565
0.02798700
0.02396226
0.02728581
0.02399755
0.02427101
0.02400017
0.02398539
0.02400446
0.02400184
0.02800322
0.02399611
0.02799726
0.01999998
0.01976252
0.01999998
0.01600003
0.02800322
0.03145242
0.03200936
0.02799702
0.02399778
0.02386618
0.01999807
0.02400017
0.02372766
0.01998734
0.02000022
0.01999760
0.02400684
0.02512360
0.02799416
0.02397537
0.02400041
0.02399826
0.02001595
0.02799392
0.02799630
0.02400470
0.02399945
0.02799916
0.02798367
0.02800369
0.02400112
0.02400255
0.02399468
0.01998448
0.02397776
0.01999974
0.01999831
0.01999712
0.01999784
0.02000070
0.01999998
0.01997995
0.02000022
0.01999903
0.02002621
0.02399945
0.02381039
0.02799749
0.02529049
0.03200340
0.02400279
0.01999998
0.02402472
0.02800179
0.02800846
0.02399325
0.02800894
0.02799416
0.02799559
0.02797675
0.01999879
0.02000070
0.02001619
0.01599956
0.01999927
0.01600194
0.01599979
0.01599932
0.01599908
0.01600003
0.01600099
0.01600528
0.01969600
0.01599836
0.01599717
0.01727986
0.01999736
0.01599765
0.02002788
0.01999521
0.02001572
0.01600027
0.01600647
0.01599956
0.01599908
0.01599884
0.01978445
0.01600218
0.01796746
0.01517391
0.01600504
0.01199889
0.01716876
0.01599956
0.02400279
0.02000642
0.02399659
0.02000213
0.02002239
0.01999784
0.01599979
0.01599956
0.01599956
0.01597500
0.01600122
0.01599956
0.01600051
0.01600122
0.01999903
0.01599026
0.01600099
0.01999760
0.01834822
0.01999998
0.02399683
0.02399778
0.02400064
0.02399802
0.01598191
0.01739335
0.01598001
0.01999092
0.01722980
0.02000046
0.01599884
0.01599693
0.02000093
0.01999998
0.02397394
0.02801228
0.01999402
0.01598811
0.02000141
0.01997590
0.02000070
0.02000070
0.01599884
0.01965690
0.01600099
0.01599956
0.01600623
0.02399683
0.02399659
0.02399826
0.02399945
0.02400708
0.02503943
0.02399087
0.02800322
0.02398610
0.02401638
0.02400351
0.02400303
0.02400351
0.02800393
0.02000046
0.02399802
0.02400041
0.01999426
0.02000093
0.02000046
0.01999545
0.01599646
0.02000022
0.02000380
0.01999688
0.02001262
0.02400351
0.02399898
0.02400112
0.02800941
0.02000165
0.02522326
0.02400160
0.02799821
0.02399516
0.02399898
0.02000141
0.01998281
0.01999950
0.01600003
0.01969719
0.02000022
0.02000022
0.01973510
0.02001715
0.01985621
0.01978302
0.01602244
0.01969409
0.01984859
0.01970267
0.01977205
0.01983452
0.01979947
0.01993394
0.01974416
0.01597857
0.01978922
0.02000165
0.01599884
0.01599979
0.02000070
0.01602149
0.01599908
0.01999998
0.02397966
0.02800584
0.02927899
0.02799368
0.03200388
0.02399659
0.02000093
0.01999927
0.02000356
0.02399635
0.02002335
0.02003288
0.01998663
0.01999927
0.01999927
0.02000070
0.01999784
0.01998138
0.01999617
0.02000189
0.01999927
0.01999950
0.01999974
0.02002025
0.01999950
0.01999903
0.02397704
0.02800345
0.01999617
0.02800298
0.02799773
0.02647161
0.03199744
0.02921820
0.02401781
0.02000165
0.02399731
0.02400398
0.02400112
0.02401304
0.02400160
0.02399373
0.03096795
0.02798891
0.01979446
0.02000308
0.01968789
0.02000022
0.01999927
0.01999950
0.01981378
0.02000046
0.01999927
0.01999879
0.01999927
0.01977229
0.01599956
0.01599956
0.01600075
0.02000022
0.02398491
0.02400017
0.02889991
0.03200006
0.03325081
0.02399945
0.02399564
0.02802873
0.02402735
0.01600003
0.01974797
0.01971841
0.01599836
0.01990032
0.02000022
0.01597905
0.01968241
0.01999998
0.02001929
0.01967454
0.02000141
0.02400231
0.02399778
0.02800274
0.02403378
0.02402210
0.02399659
0.02399969
0.02800751
0.03200507
0.02799559
0.02769756
0.02800822
0.02799678
0.03200388
0.02399731
0.02400041
