0.01200056
0.04801273
0.04399943
0.04399300
0.04799414
0.03999829
0.04399920
0.02398396
0.02399802
0.02399659
0.02000260
0.02397919
0.01599884
0.01599979
0.02400804
0.02400661
0.02511740
0.02401876
0.02800512
0.01597643
0.01999903
0.02800345
0.02400446
0.03200674
0.02400041
0.02400136
0.02400398
0.02800274
0.02400446
0.01999879
0.01999784
0.02000928
0.02800560
0.02800655
0.02400327
0.02400303
0.02401280
0.02799654
0.01998520
0.04158282
0.04530811
0.04000521
0.03999949
0.03599477
0.04000640
0.03600097
0.03386545
0.01999998
0.02000022
0.02118993
0.01600027
0.01999450
0.01999879
0.01599908
0.02000499
0.01600027
0.01976895
0.01999855
0.02000999
0.01599932
0.01999831
0.01600003
0.02399945
0.01599979
0.01599979
0.02154708
0.02400208
0.02116346
0.01999760
0.01601768
0.01999688
0.02000117
0.02000093
0.01599908
0.01743722
0.01999784
0.02000165
0.01716971
0.01600909
0.01999903
0.02000046
0.02002335
0.01999950
0.01968265
0.01999950
0.01599216
0.02000093
0.02000022
0.02000070
0.02803373
0.02800059
0.01999927
0.02000022
0.02000356
0.03175235
0.02400398
0.02525949
0.01999784
0.01999760
0.01999998
0.02399802
0.02400589
0.02399898
0.02400374
0.02398944
0.02799726
0.02399993
0.02400422
0.02399254
0.01999998
0.03199935
0.02800727
0.02800632
0.02798009
0.02399087
0.02400279
0.02399802
0.01999760
0.02964926
0.02799678
0.02526236
0.02400136
0.02800393
0.02799940
0.02800345
0.02800441
0.02800727
0.02799511
0.02399921
0.02399802
0.02800322
0.03199553
0.02954459
0.03200436
0.03200698
0.03202224
0.02800584
0.02798033
0.03999758
0.04726911
0.04400110
0.04000616
0.04400277
0.03999543
0.03999949
0.03999472
0.01599956
0.01599932
0.01998448
0.02399826
0.02402282
0.02400112
0.01999927
0.02400613
0.01999998
0.02399898
0.01999950
0.02399945
0.02400374
0.02399778
0.02575421
0.02400327
0.02400041
0.02000022
0.01601934
0.02000046
0.01599002
0.01599216
0.01997972
0.02797103
0.01999354
0.01597261
0.01600051
0.01575851
0.01600170
0.01599979
0.01999927
0.01999450
0.02000308
0.02402902
0.02800703
0.03200150
0.02400160
0.02800083
0.02399945
0.02799821
0.03341866
0.03200150
0.02925825
0.04801011
0.04800367
0.04000092
0.03999996
0.03999949
0.03600121
0.01599979
0.01599765
0.02000237
0.01999950
0.01999784
0.01997137
0.01999640
0.02400064
0.02000141
0.03202033
0.02800012
0.02400136
0.02797699
0.02397108
0.02003074
0.01999950
0.01965666
0.01997900
0.01982141
0.01999974
0.02402711
0.02519178
0.03200173
0.01999760
0.01997352
0.01600003
0.01974511
0.01599765
0.01999855
0.02400041
0.02399993
0.02000356
0.02000141
0.01982617
0.01975298
0.01599550
0.01999831
0.01990223
0.01600051
0.01999974
0.01970029
0.01994085
0.01602840
0.01601720
0.01999927
0.01999807
0.01763749
0.01999879
0.01999950
0.01999784
0.02000093
0.01999879
0.02093744
0.01971602
0.01973915
0.01970649
0.01999807
0.01984906
0.01599908
0.01975656
0.01974058
0.01599860
0.01599979
0.01968646
0.01600027
0.01998830
0.01999807
0.02404547
0.03199267
0.03201413
0.02799201
0.02800393
0.03200197
0.03195953
0.02799869
0.02399182
0.02400136
0.03199577
0.02801180
0.02799416
0.02803612
0.01812387
0.01981211
0.01599526
0.02000403
0.02402663
0.02400684
0.02399683
0.02400231
0.02799392
0.02799487
0.03200889
0.02401352
0.02800322
0.03199935
0.03199863
0.03200269
0.02400088
0.02400303
0.02399158
0.02400064
0.02399755
0.01999688
0.02399969
0.03199911
0.02799892
0.03427601
0.03599191
0.02399993
0.02399850
0.02428293
0.02400208
0.02797699
0.02400398
0.01999927
0.02400064
0.02399850
0.01999879
0.01999760
0.02000070
0.01999831
0.01999664
0.02000189
0.01999927
0.02400017
0.02399898
0.02000093
0.02000046
0.01999950
0.01999950
0.01976228
0.01999998
0.02385592
0.01999807
0.01999903
0.01999855
0.02000022
0.02189922
0.02399683
0.01999831
0.01999736
0.02117658
0.03202701
0.03199601
0.03199649
0.03198910
0.02799940
0.02800250
0.02399707
0.01999974
0.02002811
0.01999950
0.02400136
0.03197932
0.03200054
0.02399087
0.02000880
0.02003264
0.02000070
0.01999927
0.02399969
0.02400279
0.03600311
0.03199434
0.02799702
0.03137040
0.03196287
0.03200626
0.03600717
0.03602171
0.03597975
0.02800012
0.02799797
0.02799845
0.02800155
0.03600168
0.03600669
0.03198481
0.02800131
0.02797151
0.02399683
0.02399802
0.01999950
0.02375555
0.02001548
0.02400041
0.02384281
0.01999974
0.02400017
0.02634931
0.03200006
0.02926970
0.02799225
0.02399850
0.02399850
0.01999927
0.02400064
0.02399898
0.01999950
0.02000046
0.02000332
0.02399969
0.01999855
0.01999736
0.01999855
0.02399921
0.02002954
0.02401304
0.02002144
0.02400160
0.02400637
0.02400017
0.02800488
0.03199911
0.03600478
0.03199100
0.03200436
0.03881025
0.02800155
0.01999950
0.02399898
0.02399921
0.02800226
0.02399993
0.02047801
0.02000403
0.02399874
0.02399945
0.02400374
0.02401376
0.02399921
0.02400064
0.02799916
0.02399707
0.02799940
0.03200459
0.02800059
0.03200150
0.02802134
0.03199816
0.02800179
0.02400184
0.03199673
0.03599620
0.03923130
0.03200102
0.02319312
0.03724885
0.02803516
0.02800632
0.03198695
0.02799153
0.03599882
0.02399588
0.02000952
0.02400541
0.02400064
0.02400136
0.02799749
0.02800179
0.02799749
0.02000070
0.02376318
0.02391458
0.01997280
0.02399993
0.02602792
0.02399755
0.02400064
0.02116132
0.03208852
0.03999758
0.03721070
0.02799964
0.03200150
0.04399681
0.05599570
0.05200243
0.05199981
0.03200889
0.02800059
0.02800322
0.02859020
0.03200221
0.03998327
0.04000378
0.04000044
0.04000139
0.03200197
0.03600168
0.03200340
0.02532244
0.02399921
0.02400398
0.02800059
0.01999879
0.01999950
0.02401710
0.01999927
0.02371621
0.01999950
0.02375197
0.01999903
0.01977587
0.01968050
0.01999879
0.01982903
0.01999903
0.01999855
0.02399898
0.01999879
0.02400136
0.02400208
0.02800179
0.02397633
0.02000546
0.03999686
0.03999472
0.04000115
0.04403520
0.04614568
0.04124761
0.02800035
0.03600454
0.03200245
0.03600526
0.03200650
0.03199649
0.03600192
0.03199291
0.03199887
0.03200436
0.02799702
0.03201389
0.03200150
0.01999927
0.02400017
0.02400064
0.02400017
0.02779937
0.02399850
0.02399969
0.02400446
0.02397537
0.02796412
0.03187943
0.03602695
0.04124570
0.02367043
0.02402782
0.02798390
0.03599715
0.03599644
0.04000235
0.04400373
0.04400039
0.04400015
0.04399610
0.04399729
0.04400325
0.04403639
0.03839397
0.03999805
0.04000044
0.05600643
0.05199862
0.05187392
0.04001021
0.04000282
0.01999640
0.02380252
0.02399659
0.02799869
0.02400064
0.02800226
0.02798247
0.02801013
0.02799940
0.03199458
0.04799461
0.04399586
0.03200150
0.03199816
0.02800083
0.02799964
0.02799892
0.04399490
0.03600097
0.02400017
0.02399850
0.02852225
0.03199935
0.03199744
0.03999352
0.03600001
0.02799678
0.02399850
0.02771497
0.02399802
0.02799940
0.02400112
0.01995730
0.04402065
0.04799938
0.04399490
0.02798438
0.02799797
0.02801895
0.02800083
0.02799916
0.02797818
0.03999972
0.03999829
0.03999758
0.04400063
0.03764248
0.04799509
0.04400611
0.04399872
0.03999329
0.04799771
0.04000282
0.04399490
0.03999114
0.03999972
0.03199792
0.02800012
0.03199935
0.03200173
0.03201056
0.03597784
0.01999927
0.01999903
0.02371192
0.02399063
0.02792430
0.02927089
0.03600121
0.04800558
0.04801369
0.05200672
0.05199742
0.04797196
0.05999732
0.05199647
0.04400110
0.03999925
0.03998804
0.04400611
0.02799916
0.03600001
0.03599858
0.04068518
0.04399443
0.02800250
0.02799869
0.02846694
0.04400373
0.04125357
0.04402590
0.02799392
0.02399921
0.02402925
0.02399993
0.02399850
0.02799797
0.02400088
0.02399802
0.02800059
0.02399611
0.01999974
0.02399969
0.02400017
0.02399826
0.02400184
0.02400327
0.03599954
0.03199744
0.03199983
0.02802277
0.03200364
0.02800417
0.03200102
0.03199363
0.04570293
0.03599048
0.02519941
0.02799964
0.02799487
0.02800083
0.02400088
0.02800012
0.03199983
0.03199863
0.03200507
0.03600049
0.03200603
0.03200030
0.03600359
0.03200126
0.03355455
0.03600430
0.03600025
0.03597879
0.03600287
0.04002476
0.05199599
0.05199981
0.04865193
0.05725908
0.04000020
0.04400110
0.03600621
0.04397655
0.04399109
0.03999901
0.03199816
0.03176093
0.04399943
0.03999662
0.04400015
0.04798555
0.04400325
0.05200028
0.06800413
0.05601001
0.04799724
0.06640744
0.06527042
0.04398680
0.05199885
0.05199671
0.05199599
0.03600311
0.03601980
0.03599930
0.03583288
0.05603528
0.02400303
0.02400017
0.02370763
0.02397799
0.02399802
0.02399921
0.02781081
0.02399945
0.02399540
0.02373767
0.02400017
0.02367878
0.02379560
0.02382350
0.02403331
0.02519035
0.02399898
0.02398419
0.02399969
0.02385187
0.02399921
0.02399993
0.02399898
0.02399993
0.02400041
0.02797127
0.02800107
0.02398515
0.02799869
0.02799058
0.02801490
0.03599739
0.03597474
0.03599787
0.03599715
0.03198147
0.03201818
0.03202224
0.03200150
0.02777267
0.03199911
0.02800107
0.03124380
0.02799702
0.03199244
0.03997040
0.03600216
0.04399610
0.04399538
0.04000020
0.03999043
0.03999805
0.03999877
0.03199768
0.03201151
0.03199649
0.02799892
0.02799988
0.03222108
0.03228927
0.03600740
0.03322148
0.03601336
0.04000115
0.04400539
0.04818630
0.05599427
0.03199792
0.02800345
0.02799892
0.02783203
0.02799821
0.03184009
0.02799845
0.02766585
0.02399731
0.02775121
0.04399943
0.04800081
0.06799698
0.06400108
0.06400180
0.03599906
0.02399921
0.02399802
0.02799845
0.02399778
0.02001691
0.01999950
0.03523350
0.03600597
0.05325222
0.04800129
0.05200911
0.05200672
0.04799938
0.05200052
0.03599501
0.04399228
0.05200362
0.04399204
0.02777958
0.02662730
0.02399659
0.02399850
0.05200267
0.04799819
0.05199790
0.04000139
0.02952766
0.02400923
0.02882957
0.04402399
0.04801464
0.05200100
0.03199887
0.03599954
0.03597975
0.03599954
0.03199673
0.02794862
0.02399874
0.03199792
0.03599405
0.02402043
0.03349781
0.03599763
0.03322363
0.03199530
0.03599739
0.02799845
0.03600383
0.03600383
0.04796529
0.04924941
0.04400349
0.03600025
0.03199863
0.03599620
0.01999950
0.02371812
0.02371573
0.02800131
0.02799845
0.02799916
0.02801514
0.04800272
0.04399824
0.04799962
0.04399967
0.03199577
0.02802324
0.02399778
0.02371025
0.02400756
0.02372599
0.03200030
0.03200293
0.02702761
0.02001238
0.02399921
0.01999927
0.02372360
0.02368808
0.01998496
0.02367377
0.02381229
0.02399945
0.02799773
0.02800083
0.02801776
0.02799892
0.02400064
0.02798033
0.02798533
0.03999972
0.03200102
0.02399969
0.02400184
0.01999998
0.02364230
0.02400064
0.02399945
0.02800298
0.04800582
0.04400396
0.04495573
0.05199742
0.02400351
0.02799964
0.02777791
0.02400041
0.02799916
0.02797771
0.02789545
0.02418804
0.02399898
0.02776718
0.02767849
0.02399826
0.02399921
0.02399898
0.02784824
0.02770042
0.02399993
0.02399731
0.01999927
0.02798128
0.02800632
0.03198838
0.03108644
0.04932380
0.03999591
0.02960253
0.02731919
0.04000235
0.03200316
0.02399921
0.01999903
0.02397823
0.02377892
0.02399874
0.02704191
0.02400398
0.02399755
0.02401352
0.02401781
0.02400732
0.02002716
0.02377081
0.02375221
0.02397990
0.02376604
0.02399921
0.03200030
0.03999949
0.04000020
0.02399921
0.02399945
0.02799845
0.02800107
0.02799749
0.02801228
0.03469563
0.04399872
0.04398465
0.05199480
0.03200030
0.03199959
0.03199816
0.03599811
0.03200722
0.03200078
0.03600168
0.02799773
0.02768683
0.02400017
0.02395082
0.02400041
0.02799988
0.02799916
0.02799463
0.02799940
0.03199983
0.03200054
0.03199959
0.02799916
