0.01170945
0.02397084
0.01999974
0.03600001
0.04400134
0.04001641
0.02400255
0.01999927
0.01999807
0.02000070
0.01996517
0.02001333
0.01999950
0.01999474
0.01999688
0.01600671
0.01600027
0.01599932
0.01600909
0.01600075
0.02396703
0.03599477
0.01602507
0.01598883
0.01600194
0.01599836
0.01600051
0.01997423
0.01999712
0.02003741
0.02000046
0.02399874
0.02799988
0.02799630
0.02000070
0.02000117
0.01999950
0.01998186
0.01999998
0.01999879
0.01599979
0.02400708
0.02399707
0.02398014
0.01999855
0.01999807
0.01599789
0.01661348
0.01999426
0.02525425
0.02802300
0.02398562
0.02800107
0.02799273
0.02800298
0.02400303
0.02800155
0.02798271
0.03200293
0.02400136
0.02000356
0.02370429
0.02401662
0.01999974
0.01998258
0.02800059
0.02399421
0.02618027
0.02799654
0.02800035
0.02800012
0.03303480
0.02802491
0.03199744
0.02400923
0.02400279
0.02000093
0.02400160
0.02399898
0.02400017
0.02400374
0.02400756
0.02400112
0.02000237
0.02000475
0.02403212
0.02400875
0.02799439
0.02405024
0.02801275
0.02400947
0.03200889
0.02398944
0.02400374
0.02403116
0.02800250
0.02399731
0.02000260
0.02400255
0.02000022
0.02649021
0.02398634
0.02828097
0.02800393
0.01600051
0.02001905
0.01999807
0.01940656
0.01599860
0.01600051
0.02114534
0.01600051
0.01599932
0.01600003
0.01599956
0.01977944
0.02504659
0.02399635
0.02400756
0.02399778
0.02403760
0.02000928
0.01966310
0.02181816
0.02522421
0.02399206
0.01999521
0.02119422
0.01999998
0.01999974
0.01999974
0.02400112
0.02800918
0.03199553
0.02800250
0.02799678
0.02695322
0.03600335
0.02400589
0.02400136
0.01999927
0.01999807
0.01999879
0.02000284
0.01999998
0.02452874
0.01934481
0.01999998
0.01999950
0.01599789
0.01600027
0.01599908
0.01599908
0.01599765
0.01599789
0.01599765
0.01599860
0.01600075
0.01618600
0.01599836
0.01199985
0.01600218
0.01599765
0.01568508
0.01578832
0.01599741
0.01599979
0.01599884
0.01601696
0.01599717
0.02399778
0.01999927
0.01999688
0.02006316
0.01599526
0.01999903
0.02022171
0.01599813
0.02399731
0.02400374
0.02003622
0.02399421
0.02397323
0.02398944
0.02400970
0.02401519
0.02294493
0.02799654
0.02399874
0.03199506
0.01999950
0.02400184
0.02800131
0.03200293
0.02800393
0.03199387
0.03199291
0.02803278
0.02799892
0.02800107
0.02399778
0.02399731
0.01999640
0.01999521
0.01999855
0.01999974
0.01999879
0.01990151
0.01599979
0.01969862
0.01599765
0.01599860
0.01599932
0.01710081
0.01999807
0.01599813
0.01599884
0.01600194
0.01599836
0.01600075
0.01900768
0.01600027
0.01600003
0.01603222
0.01576543
0.01599836
0.01599860
0.01599956
0.01599884
0.01599765
0.01599979
0.01603079
0.02000117
0.01967263
0.01597452
0.01703072
0.01599956
0.01600194
0.01716208
0.02000141
0.01596570
0.01599884
0.01600099
0.01589751
0.01600242
0.01582313
0.01599693
0.01514030
0.01599741
0.01599813
0.01599741
0.02399731
0.02396297
0.02799869
0.01999402
0.02000237
0.01598263
0.01599956
0.01599264
0.01199746
0.01640868
0.01398516
0.01600075
0.01599956
0.01600671
0.01599860
0.01600027
0.01600027
0.01999807
0.01600266
0.01999760
0.01998377
0.01599956
0.01600027
0.01601863
0.01998472
0.01999712
0.01999593
0.01600027
0.02001119
0.01599979
0.01566553
0.01565385
0.01199913
0.01599932
0.01493526
0.01600099
0.01580000
0.01599789
0.01760292
0.01620889
0.02001023
0.01721859
0.02399898
0.02000380
0.02399707
0.02400708
0.02400374
0.02401996
0.02401328
0.02402115
0.02800083
0.01999354
0.02000141
0.02000117
0.01999974
0.01999664
0.02000165
0.02399898
0.02335238
0.01807022
0.01599550
0.02000189
0.01701498
0.02000165
0.01599956
0.01971197
0.01600170
0.01701522
0.02400017
0.02404261
0.01997995
0.02000189
0.01997304
0.02399039
0.02400017
0.02399659
0.02399278
0.02399373
0.01999855
0.02000690
0.03200817
0.02399731
0.02400732
0.02799821
0.02799821
0.03200698
0.03200555
0.01999640
0.02800345
0.02399707
0.02035260
0.02400541
0.02799869
0.02522826
0.02799797
0.02802420
0.02400136
0.03200555
0.02799535
0.02400112
0.02000046
0.02000117
0.02400446
0.02400732
0.02800417
0.02799988
0.02799511
0.02798748
0.02800417
0.02799606
0.02799869
0.02799702
0.02400327
0.02799940
0.02400279
0.02623105
0.02800512
0.02797055
0.02399802
0.03199911
0.03999710
0.03999615
0.03999972
0.03999472
0.01998258
0.02798367
0.02401423
0.02400088
0.02800298
0.02002001
0.01599956
0.01599932
0.01599598
0.02000093
0.02000022
0.01999831
0.02000046
0.02399588
0.02399659
0.01999259
0.01599884
0.01650834
0.01600289
0.01600075
0.01598072
0.01600003
0.01999831
0.01999593
0.01999831
0.02400064
0.02398968
0.02399397
0.02400398
0.02400017
0.02000093
0.02400303
0.02399540
0.02400255
0.01998544
0.01999736
0.02400184
0.01600003
0.01599693
0.01599860
0.01599836
0.01999760
0.01999784
0.02000308
0.02400041
0.02401543
0.02400398
0.02213359
0.01601529
0.01600027
0.01976991
0.01720452
0.01599956
0.01999760
0.02000523
0.01836491
0.01600266
0.02001619
0.02400494
0.02400684
0.02000237
0.01599693
0.01599836
0.01599956
0.01599932
0.01599169
0.01600718
0.01598740
0.01600027
0.01600289
0.01565909
0.01580381
0.01600003
0.01574683
0.01599836
0.01599932
0.01598382
0.01999855
0.02399969
0.02002597
0.01999807
0.01998234
0.01999927
0.02001166
0.01983380
0.01999974
0.01599789
0.01599813
0.01719213
0.01597381
0.01999712
0.02400541
0.02000046
0.01999974
0.02404189
0.02399993
0.02800727
0.02396345
0.01999807
0.01600075
0.01600122
0.01600122
0.01599264
0.01599813
0.01599956
0.01599908
0.01600003
0.01599956
0.02000165
0.01600218
0.02000093
0.01999307
0.01999760
0.02399921
0.02000237
0.02437711
0.02401376
0.02799702
0.02524161
0.02401805
0.02399254
0.01764393
0.01999640
0.01968789
0.02000165
0.01999974
0.01999974
0.02400708
0.02399993
0.02395821
0.02802563
0.02399755
0.02399969
0.02403188
0.02800107
0.03200245
0.02400160
0.01599932
0.01981330
0.01999927
0.01974297
0.01969981
0.01779032
0.01599956
0.01600027
0.02000070
0.01715684
0.01599860
0.01599860
0.01600218
0.01600003
0.02000260
0.02000022
0.02000213
0.01999950
0.01601481
0.01573968
0.01599979
0.01599908
0.01600075
0.01600099
0.01568961
0.01600099
0.01599884
0.01599860
0.01602340
0.02000189
0.01599574
0.01600051
0.01600122
0.01599979
0.01579905
0.01599884
0.01600218
0.01999855
0.01599932
0.01599860
0.01600885
0.01600099
0.01561999
0.01600456
0.01600003
0.01599860
0.01716590
0.01600456
0.01599956
0.01600051
0.02001214
0.01999974
0.02399135
0.02799678
0.02398849
0.02801132
0.01600051
0.01996851
0.02000475
0.01998305
0.02800274
0.02399683
0.02800155
0.02002692
0.02000022
0.01600170
0.02000237
0.02000046
0.01999998
0.01600003
0.01599979
0.01600027
0.01600075
0.01599979
0.01600003
0.01597834
0.01600170
0.01639009
0.01600099
0.01600075
0.01599979
0.01599956
0.01576924
0.01599956
0.01602268
0.01599932
0.02000022
0.02000189
0.02399707
0.02400827
0.02399540
0.01603413
0.01599932
0.01600170
0.01978660
0.01599884
0.01600003
0.01602650
0.01997495
0.01999903
0.01999545
0.01999092
0.02399564
0.02399325
0.02399540
0.01599956
0.01600122
0.02400017
0.02376080
0.01999378
0.02399850
0.02401996
0.02799726
0.02400255
0.02400064
0.02400112
0.02597642
0.02399635
0.02400041
0.02400184
0.02399731
0.02400255
0.02400303
0.03199673
0.02800822
0.02800345
0.02399993
0.02400899
0.02399874
0.02799606
0.02400470
0.02400208
0.02580309
0.01999164
0.02367568
0.01999974
0.01999831
0.02000046
0.01996803
0.02001762
0.01999974
0.01999903
0.02002740
0.01999879
0.01997471
0.01975965
0.01974273
0.01599860
0.01600790
0.01999927
0.01999855
0.01998901
0.01601458
0.01999784
0.01999807
0.01600075
0.01999760
0.01999784
0.01999879
0.01999927
0.02000165
0.01599765
0.01890063
0.02003050
0.01600075
0.01999760
0.01599956
0.01968479
0.01693821
0.01975489
0.01978064
0.01999950
0.02801681
0.02399325
0.02398515
0.02398515
0.02001381
0.02000308
0.02000046
0.02000594
0.01999950
0.02001858
0.01999760
0.01599836
0.02400422
0.02399564
0.02399278
0.02399373
0.02803135
0.01999903
0.01599813
0.01599693
0.01981902
0.01976967
0.01599884
0.01634407
0.01433039
0.01999974
0.02000189
0.02007055
0.02791715
0.02399349
0.02523637
0.01999569
0.01600051
0.02045107
0.01572418
0.01599956
0.02000117
0.01720285
0.01602292
0.01599932
0.01599765
0.01999950
0.01599908
0.01599884
0.01999998
0.01600623
0.01599526
0.01565814
0.01575279
0.01567578
0.01199818
0.01199865
0.01599956
0.01601458
0.01600051
0.01599979
0.02000260
0.01599789
0.01600122
0.01998281
0.01999998
0.01600194
0.01600075
0.01599884
0.01599669
0.01999593
0.01999712
0.02000451
0.02400064
0.02397466
0.02000046
0.01202440
0.01575589
0.01600456
0.01599765
0.01599956
0.01580715
0.01599860
0.01199937
0.01662636
0.01599884
0.01602721
0.02000451
0.01600122
0.02000117
0.01599646
0.01200080
0.01567793
0.01572490
0.02800226
0.02400088
0.02399564
0.02400088
0.02401590
0.02400565
0.01997328
0.01600027
0.01575780
0.01985812
0.01599956
0.02000022
0.01601362
0.01999760
0.02000093
0.01601124
0.02000642
0.02000523
0.01999784
0.01599431
0.01604080
0.01600766
0.01199985
0.01585340
0.02000523
0.01600170
0.01599956
0.01599884
0.02000284
0.01599765
0.01600099
0.02000165
0.01599932
0.01599598
0.01600671
0.01599860
0.01600528
0.01599765
0.01202679
0.01600051
0.01199937
0.01199841
0.01600051
0.01199841
0.01599956
0.01602793
0.01727605
0.01599979
0.02132463
0.02399683
0.01602769
0.01997828
0.02000117
0.02000260
0.02399373
0.02000022
0.01999879
0.01999164
0.02000237
0.01999903
0.02000260
0.01599979
0.01199937
0.01599908
0.01586986
0.01199865
0.01199841
0.01578856
0.01603055
0.01200795
0.01200032
0.01572084
0.02399445
0.02400351
0.01599908
0.01599860
0.01599932
0.01201129
0.01599932
0.02744937
0.02400446
0.02421546
0.02400064
0.02400279
0.02399158
0.02798486
0.02000022
0.01598907
0.01999807
0.02000189
0.02400303
0.02401352
0.02000117
0.02799940
0.01999950
0.01599789
0.01984429
0.01600003
0.01600051
0.01599979
0.01600146
0.01979423
0.01599765
0.01600218
0.01599956
0.01599908
0.01599836
0.01472449
0.01199841
0.01199841
0.01600146
0.01600385
0.01481652
0.01599932
0.01571560
0.01599741
0.01598406
0.01574659
0.01199961
0.01200104
0.01510191
0.01600051
0.01599789
0.01599789
0.01703906
0.01599956
0.01599860
0.01599932
0.01599908
0.01585627
0.01589346
0.01599956
0.01200008
0.01600122
0.01600099
0.01601529
0.02000165
0.01599741
0.01600051
0.01599765
0.01599050
0.01199913
0.01599765
0.01599908
0.01599956
0.01999950
0.01598334
0.01599908
0.01599908
0.02399445
0.01999283
0.02176213
0.02401900
0.02128553
0.01600003
0.01600027
0.01599813
0.01600671
0.01600003
0.01599884
0.01599813
0.01599884
0.01600051
0.01598406
0.01599836
0.01598144
0.01577330
0.01599669
0.01597619
0.01998067
0.01999831
0.01599622
0.01999593
0.01999950
0.01999617
0.02398205
0.02400708
0.01600099
0.01597476
0.01999736
0.01600242
0.02000165
0.01599741
0.02000260
0.02610755
0.01999354
0.01999998
0.02130580
0.02400017
0.01998925
0.01999784
0.01996350
0.02001762
0.02403879
0.01600003
0.01599860
0.01599836
0.01999879
0.01999998
0.01999688
0.01998901
0.01599693
0.01600027
0.02000237
0.02000141
0.02000666
0.02400088
0.01999998
0.01999950
0.02000332
0.01998115
0.02399731
0.02399492
0.01599693
0.01984453
0.01992846
0.01599956
0.01599979
0.01613569
0.01599789
0.01581073
0.01602364
0.01599860
0.01602125
0.01598477
0.02000093
0.02001524
