0.00800467
0.02001810
0.02400422
0.02400994
0.02399683
0.02472830
0.02399516
0.02001452
0.02000499
0.02399755
0.02000499
0.02000284
0.02802587
0.02800083
0.02400017
0.02800822
0.02400494
0.02801967
0.02000308
0.02000141
0.02000046
0.02000070
0.02000070
0.01600194
0.01999950
0.01999879
0.01999927
0.01999903
0.01600099
0.01999807
0.01600003
0.02000141
0.02401948
0.02585578
0.02399898
0.02399898
0.01978421
0.01599884
0.01600051
0.02399969
0.02399826
0.02401757
0.02803779
0.02800035
0.02766752
0.02800798
0.02800441
0.02800846
0.03199649
0.03200030
0.02799749
0.02797985
0.03200030
0.02800155
0.02399921
0.02800488
0.02800155
0.02000022
0.02257895
0.02800179
0.03199959
0.03199673
0.03200412
0.03200006
0.03184724
0.03199100
0.02399802
0.03200293
0.03199530
0.02801394
0.02403021
0.02801180
0.04000115
0.05600691
0.05200076
0.04400086
0.04000425
0.04000044
0.02399969
0.03200531
0.01707864
0.02000141
0.01985788
0.03600097
0.03200006
0.02800083
0.03200054
0.02398324
0.02396870
0.02400017
0.02399755
0.02800202
0.02001667
0.01999998
0.01998591
0.01600027
0.02000046
0.01998043
0.01996231
0.01600051
0.02014899
0.01879311
0.01988840
0.02400064
0.02800536
0.02399945
0.02827835
0.02800035
0.02926993
0.03200531
0.03200340
0.03200269
0.02800298
0.02801323
0.02400184
0.02000070
0.02399802
0.02399731
0.02799749
0.02800298
0.03199553
0.03200293
0.03199983
0.02400398
0.02799749
0.02799749
0.02800059
0.02800345
0.03599715
0.03200054
0.02948356
0.01974010
0.02017593
0.01982236
0.01990414
0.02000070
0.01999807
0.02400255
0.02399969
0.02400208
0.02399993
0.02399993
0.03034735
0.02801156
0.02800035
0.02800083
0.02524447
0.02800512
0.02210546
0.02800012
0.02399588
0.02376151
0.02373075
0.02399731
0.02399588
0.01999974
0.02206898
0.02102089
0.02003360
0.02396894
0.02799726
0.02799654
0.02800226
0.02399802
0.01999640
0.01999617
0.02800608
0.02800727
0.02397585
0.02800918
0.02399945
0.02399516
0.02399993
0.02398443
0.01999927
0.01600051
0.01599550
0.01998329
0.02926421
0.01999974
0.02097464
0.02010536
0.01999760
0.02400208
0.02401733
0.02803397
0.02799726
0.02800250
0.02800274
0.02799535
0.02800083
0.03400350
0.04399467
0.04523706
0.04397130
0.04000235
0.03999639
0.04000759
0.02000022
0.02400899
0.02399206
0.02399993
0.02802944
0.02195287
0.02399015
0.02523589
0.02800250
0.02399969
0.01999593
0.01999903
0.01599765
0.01599836
0.01999927
0.01599860
0.01999927
0.01599693
0.01593328
0.01599789
0.01599884
0.01599979
0.01599574
0.01997447
0.01601291
0.01599836
0.02000046
0.01599789
0.01599979
0.01599669
0.01600099
0.01999593
0.01999569
0.01999712
0.02400136
0.02000260
0.02000117
0.01599598
0.01601744
0.01569796
0.01636791
0.01599979
0.01599693
0.01599860
0.01994252
0.01594639
0.01600051
0.01599669
0.01601052
0.01600099
0.01599884
0.01599979
0.01998043
0.01834130
0.01600003
0.01600099
0.01718211
0.01199841
0.01602530
0.01600003
0.01599956
0.01578164
0.01599932
0.01598549
0.01599908
0.01599884
0.01599741
0.01599908
0.01600027
0.01598597
0.01596308
0.01600170
0.02399898
0.02800179
0.02400064
0.02346015
0.02399015
0.02524805
0.02399468
0.02000022
0.02800727
0.02401233
0.02400017
0.02797318
0.01999569
0.01599813
0.01601362
0.02000022
0.01999927
0.01599908
0.01999950
0.01909137
0.01599717
0.02000642
0.02799273
0.02397394
0.02399755
0.01999879
0.01999760
0.01599956
0.02400780
0.02199364
0.02799988
0.02520895
0.02400589
0.02402949
0.02399731
0.01999760
0.01999640
0.01596928
0.01599932
0.01999831
0.02000713
0.02799964
0.02403307
0.02799344
0.02398562
0.02399373
0.01601887
0.01567340
0.01599813
0.01596999
0.01599884
0.01599789
0.01568604
0.01600003
0.01999974
0.02004361
0.02397180
0.02400279
0.02134657
0.02399993
0.02521515
0.02400374
0.02799821
0.02800584
0.02000093
0.02399135
0.01999903
0.02399802
0.02400208
0.02399993
0.02399993
0.02400303
0.02400255
0.02399850
0.02798462
0.02799726
0.02797771
0.03200340
0.03600359
0.02800369
0.02562094
0.03200531
0.03200078
0.03175068
0.03596592
0.03323197
0.03598475
0.03599310
0.03998542
0.03197432
0.03599763
0.03599524
0.03198528
0.02799940
0.02800393
0.03200221
0.03199673
0.03600907
0.04924679
0.04804659
0.04396558
0.03979778
0.03975677
0.03964567
0.03948593
0.01591897
0.01999760
0.01577544
0.01599503
0.01601100
0.01599908
0.01598239
0.02400517
0.03200293
0.02400255
0.02000093
0.02000093
0.02000237
0.02400494
0.02000046
0.01999831
0.02797794
0.02400017
0.02800965
0.02639484
0.02800369
0.01599956
0.01999974
0.02399635
0.02400851
0.02400374
0.02802587
0.02800822
0.02400351
0.02800012
0.03199339
0.01581240
0.01600456
0.02000213
0.01600027
0.01599908
0.01934576
0.01981091
0.02399707
0.02400374
0.03198099
0.01999855
0.01999855
0.01599765
0.01999950
0.02799821
0.02799702
0.02799487
0.02800131
0.03199744
0.03199649
0.01599693
0.01999879
0.01976728
0.02085614
0.01784945
0.01599836
0.01599503
0.01714087
0.01997495
0.01600075
0.01967478
0.01599741
0.01973438
0.01599979
0.02000260
0.02400494
0.03199697
0.02799606
0.03201842
0.02399564
0.02802181
0.02800512
0.03202987
0.02398324
0.01999879
0.02000165
0.01999974
0.01599979
0.01600766
0.01596928
0.01999950
0.01599503
0.01599860
0.01598048
0.01999712
0.01850104
0.02000356
0.02001715
0.01999831
0.02115130
0.01999950
0.01999903
0.01599932
0.02398133
0.02400231
0.01999903
0.02799606
0.02800345
0.03203487
0.02799869
0.02798104
0.02800226
0.02798486
0.02800751
0.02800393
0.02800059
0.02399540
0.03200054
0.02399778
0.02800035
0.02400136
0.02800512
0.02399993
0.03095841
0.02799559
0.02532983
0.02799630
0.02802420
0.02403092
0.03197122
0.02799463
0.02800727
0.02401042
0.03599620
0.02399445
0.02399778
0.02800584
0.02398849
0.02799726
0.02399731
0.03600764
0.03199720
0.03250265
0.03600717
0.03599477
0.02399659
0.02399921
0.02000761
0.02399731
0.02384925
0.02378559
0.02400446
0.01599860
0.02000928
0.01997781
0.01998806
0.01998663
0.02800417
0.02800345
0.01999760
0.01601219
0.01599932
0.01984763
0.01999259
0.01999831
0.01980281
0.02399945
0.02000046
0.02401519
0.02000141
0.01599956
0.01998711
0.01597953
0.01974416
0.01997519
0.01999760
0.01599860
0.01999927
0.02000022
0.01599836
0.01599884
0.01802802
0.02000451
0.01972604
0.01966214
0.01600480
0.01998305
0.01599836
0.01999927
0.01999950
0.01999950
0.01999950
0.01999640
0.02400088
0.02401137
0.02399254
0.02400541
0.02800012
0.02800250
0.02802658
0.03199959
0.02800012
0.02399015
0.02397895
0.01999569
0.01999474
0.02399707
0.02000189
0.02800202
0.02799273
0.02800083
0.02134204
0.01999903
0.02429891
0.02799988
0.02800131
0.03199720
0.02003503
0.02799773
0.02400160
0.02800417
0.02800155
0.02000046
0.01996040
0.02388597
0.02377200
0.02366805
0.01999903
0.02001143
0.02799726
0.02799988
0.03200030
0.03199363
0.03199649
0.03199387
0.02797699
0.01999927
0.01999927
0.02012539
0.01999784
0.02399731
0.02520466
0.03598905
0.02799869
0.02000046
0.01999784
0.02000189
0.02000165
0.03199410
0.02799129
0.01999831
0.02000022
0.01997805
0.02400231
0.02399826
0.01987553
0.01999736
0.01997519
0.01999784
0.03600788
0.03203011
0.03199553
0.02799296
0.02398968
0.02399969
0.02400255
0.02799821
0.02799392
0.02375054
0.02800226
0.03600001
0.03598666
0.03199625
0.03199244
0.03600359
0.02799153
0.02799416
0.02798748
0.02799988
0.02400374
0.02399588
0.02800512
0.02400780
0.02800107
0.02400327
0.02799964
0.02400041
0.02799916
0.02400160
0.02400136
0.02399254
0.02799654
0.02800226
0.02668548
0.03199315
0.03600240
0.02799630
0.03199983
0.03199482
0.02800226
0.02856755
0.02796936
0.03200889
0.03200579
0.03600669
0.03601885
0.03599906
0.03200126
0.03199434
0.02399826
0.02399969
0.02399325
0.02399874
0.01999998
0.01985216
0.02000046
0.02400255
0.02399731
0.03202462
0.03600025
0.02792382
0.02399898
0.01999927
0.02399898
0.02001715
0.01970196
0.01979661
0.01999927
0.01973557
0.01599908
0.01999807
0.02000594
0.01600289
0.01602244
0.02000141
0.01602602
0.01599884
0.01599932
0.01986146
0.01974130
0.01579356
0.01199770
0.01602077
0.01569772
0.01599956
0.01601791
0.01600122
0.01599956
0.01572156
0.01595902
0.01657987
0.01334429
0.01573086
0.01600337
0.01617479
0.01572609
0.01199889
0.01570606
0.01575899
0.01599932
0.01599908
0.01599669
0.01599813
0.01600099
0.01599765
0.01999950
0.01600027
0.02000046
0.01598763
0.01599002
0.01999903
0.01573658
0.01572108
0.01570916
0.01600027
0.01580667
0.01599908
0.01598382
0.01599717
0.01600051
0.01599598
0.01200080
0.01599860
0.01599884
0.01599860
0.01599884
0.01599264
0.02000070
0.01999927
0.01999784
0.01999760
0.01999927
0.02399826
0.02399826
0.02400565
0.01999807
0.01600003
0.01603365
0.01966238
0.01793909
0.01600027
0.02000070
0.01600146
0.02000093
0.01999998
0.01600099
0.02000165
0.02799726
0.02800536
0.02800131
0.01999593
0.01974201
0.01599979
0.01597810
0.01976752
0.02087569
0.02400661
0.01998091
0.01998878
0.02000070
0.01977706
0.01999855
0.01999712
0.02400184
0.02800655
0.02398992
0.01999617
0.02399755
0.01999640
0.01999760
0.02399802
0.02438855
0.02399349
0.02420449
0.03199983
0.02800345
0.02800298
0.03200006
0.02800822
0.03203416
0.03198719
0.03199935
0.02799320
0.03200245
0.02800107
0.03600407
0.02400208
0.02399111
0.02400136
0.02399492
0.02801156
0.02798772
0.02400041
0.02376056
0.01999784
0.02399898
0.02399921
0.02399921
0.02404141
0.02797151
0.03201032
0.03201485
0.03198481
0.03200054
0.03599191
0.03195786
0.02400088
0.02387404
0.02799749
0.02799940
0.02399588
0.03200626
0.02799988
0.03200030
0.03197479
0.03599620
0.02800059
0.02801704
0.02399468
0.02802348
0.02399755
0.02399349
0.02799797
0.02951026
0.03200269
0.03325272
0.02799177
0.02400160
0.02800012
0.02397418
0.03199935
0.03199935
0.03195953
0.03200912
0.02399898
0.02402782
0.02799773
0.03601551
0.03199697
0.02799821
0.02799845
0.02000022
0.02399683
0.02368855
0.02022791
0.02377176
0.02001429
0.02520871
0.02398729
0.02400351
0.02399683
0.02211952
0.02799964
0.03201246
0.02797771
0.02800083
0.01999760
0.01999927
0.02000070
0.01999784
0.01999927
0.02002263
0.02390647
0.01999879
0.01999950
0.01970387
0.01974750
0.01969838
0.02001882
0.01999927
0.01994872
0.01997900
0.02000046
0.02000117
0.01999712
0.01999950
0.01999760
0.01999998
0.02400255
0.01997375
0.01999784
0.01999712
0.02000284
0.01999593
0.02400160
0.02955079
0.02397251
0.03199840
0.02001500
0.02400017
0.02399683
0.02399993
0.02400064
0.01999688
0.03197479
0.02800488
0.02399278
0.02799654
0.02001619
0.02400494
0.02401924
0.02399850
0.02003384
0.02400184
0.02399993
0.02401710
0.02799535
0.02398419
0.01999950
0.02399921
0.01999974
0.02399945
0.02158427
0.01999998
0.02930641
0.02799773
