0.01199937
0.01999950
0.01999903
0.02400208
0.02398491
0.02438569
0.02797818
0.02399969
0.02799988
0.02400923
0.02399683
0.02399945
0.02800322
0.02796292
0.02399731
0.02400374
0.02401233
0.02799964
0.02400327
0.03199816
0.02800012
0.02799439
0.02400041
0.01999974
0.02000237
0.01999950
0.02800035
0.02800536
0.02399826
0.02120638
0.02400064
0.01999760
0.01999927
0.02373624
0.02372122
0.02400017
0.02002764
0.02000475
0.01599956
0.01999831
0.01599932
0.02397871
0.02399635
0.02400446
0.02400327
0.02399850
0.02000308
0.01999974
0.02400112
0.02400160
0.02800488
0.02558565
0.02399683
0.02800155
0.02799749
0.02800322
0.02399206
0.02399826
0.02000356
0.02400041
0.02400303
0.02399993
0.02400208
0.02400470
0.02400351
0.02399588
0.02400255
0.02397847
0.02399993
0.02400088
0.01600075
0.01999855
0.01999784
0.01999545
0.02399707
0.01979041
0.01975536
0.01599979
0.02000070
0.02000046
0.02398038
0.02400517
0.02402806
0.02562761
0.02205014
0.02401853
0.01999927
0.02399087
0.02799368
0.02799749
0.02800202
0.01599932
0.02000022
0.01995206
0.01999974
0.01599240
0.02001214
0.02400303
0.02396822
0.02399325
0.02002001
0.01599908
0.02000022
0.01598907
0.01599813
0.01599813
0.01999784
0.02399874
0.02801776
0.02399969
0.02395964
0.02400327
0.02800250
0.02799463
0.03200102
0.02519393
0.02400064
0.02400088
0.02000356
0.02399993
0.02799654
0.02399921
0.02399945
0.01998305
0.02400160
0.02799988
0.02800035
0.02799821
0.02003670
0.01982999
0.02369714
0.01999903
0.02002025
0.01999617
0.01999927
0.01999211
0.02000165
0.01999950
0.02000093
0.02000284
0.02801538
0.02523470
0.02799869
0.02800488
0.02800107
0.02800751
0.02799058
0.02402949
0.02400374
0.02399015
0.02400208
0.02799654
0.02799559
0.02397823
0.02398515
0.02800345
0.02397823
0.02402329
0.02399802
0.02800345
0.02399015
0.03204870
0.01999092
0.01999736
0.01600051
0.01719975
0.01599932
0.01999831
0.02399492
0.02399707
0.02800465
0.02399659
0.02799225
0.02802920
0.02800107
0.02400470
0.02400541
0.02797055
0.03200269
0.03199792
0.02799988
0.02799845
0.03197169
0.02800202
0.02799654
0.03199792
0.04000187
0.04001927
0.03199816
0.02000022
0.02000213
0.02399802
0.02799630
0.02399659
0.02799749
0.03200173
0.02399254
0.02399588
0.01999736
0.01999927
0.02000070
0.01599789
0.01599932
0.01599765
0.01599789
0.02000046
0.01599956
0.01999879
0.01599979
0.02000093
0.01968765
0.01599860
0.01999712
0.01971698
0.01967382
0.01980042
0.01598358
0.01600027
0.02572489
0.01859665
0.01599884
0.01601934
0.01599741
0.01600266
0.01599860
0.01600289
0.01600766
0.01600027
0.01602697
0.02000189
0.01599622
0.02000117
0.01997018
0.02000022
0.01599741
0.01600051
0.01599789
0.01575041
0.01599932
0.01573443
0.01599765
0.01599789
0.01590729
0.01575947
0.01599956
0.02000046
0.02000022
0.02800155
0.02000165
0.01999593
0.01999497
0.01599765
0.01999831
0.01599503
0.02434945
0.02400756
0.02527857
0.02400398
0.02402735
0.02400804
0.02397633
0.02000046
0.02002168
0.02000141
0.02399588
0.02401733
0.02400970
0.02400780
0.02400851
0.02400446
0.02400327
0.02399778
0.02400327
0.01999950
0.02000022
0.02400279
0.02801085
0.02801156
0.02800226
0.02397966
0.01599932
0.02000093
0.01806021
0.02001429
0.02000046
0.02399683
0.02799988
0.02800608
0.02799869
0.02590108
0.02799630
0.02523541
0.02800083
0.02800226
0.02399659
0.02400088
0.02399969
0.02399778
0.02798319
0.02800274
0.02968073
0.03199649
0.02937913
0.03198242
0.02799964
0.02799797
0.02295756
0.02400112
0.01997709
0.02000427
0.02401114
0.02000070
0.02001214
0.01999807
0.01999736
0.02400541
0.02799678
0.01999688
0.02000046
0.01999950
0.01978779
0.01969695
0.01600051
0.01967597
0.01999950
0.01603866
0.01579022
0.01999974
0.01974869
0.01600146
0.01596618
0.02000046
0.02000022
0.01999903
0.01999950
0.02000237
0.02400064
0.01599979
0.01599789
0.02088118
0.01822472
0.01599884
0.01599956
0.01720071
0.01600122
0.01599836
0.01599908
0.01572919
0.01599956
0.01600933
0.01979923
0.01999998
0.02000070
0.02000380
0.02799487
0.02400231
0.02401829
0.02399302
0.02001286
0.01599813
0.02000165
0.02799916
0.02399945
0.02400446
0.02400303
0.02800107
0.02000237
0.02399683
0.02396798
0.02341628
0.02001262
0.01999640
0.02799726
0.02399778
0.01999807
0.02002621
0.01599813
0.01599693
0.01600051
0.01600170
0.01598501
0.02000022
0.01999927
0.01599765
0.01599813
0.01599813
0.01600003
0.01599956
0.01600003
0.01572633
0.01568532
0.01600051
0.01600003
0.01600003
0.01999712
0.02000093
0.01999784
0.01599908
0.02000189
0.01999736
0.01599956
0.01999950
0.02400112
0.02800751
0.02399755
0.02398300
0.01599860
0.01999927
0.01599813
0.02856183
0.02399564
0.01600075
0.01599932
0.02000093
0.01999807
0.01999879
0.02400279
0.02400136
0.02399969
0.02399898
0.02399492
0.02800703
0.01999998
0.02399755
0.02401042
0.02399683
0.02400041
0.01999521
0.02000070
0.02800870
0.02688169
0.02400994
0.01999950
0.01968122
0.01999879
0.01599932
0.01976275
0.01975083
0.02003026
0.01599979
0.01600027
0.02001309
0.01599073
0.01599932
0.01577234
0.01599360
0.01600075
0.02399278
0.01997924
0.02399635
0.02000356
0.02399874
0.02400112
0.02399921
0.01599932
0.01599979
0.01200056
0.01599956
0.01600361
0.01599908
0.01602530
0.01601100
0.01597786
0.01599908
0.01723218
0.01599932
0.02000237
0.01718831
0.01600051
0.01999998
0.01998544
0.02399874
0.01999807
0.01999831
0.02400017
0.02402377
0.02400398
0.02000308
0.02399540
0.02000666
0.02399516
0.02799797
0.01999950
0.01999998
0.01999950
0.02000093
0.02000093
0.01999760
0.02400208
0.02398205
0.02000833
0.01999950
0.01999998
0.02399802
0.02147675
0.02398014
0.02399087
0.02399850
0.03200793
0.02800107
0.03200674
0.02398849
0.03199720
0.02399206
0.01999807
0.01999760
0.02399993
0.02400088
0.02398229
0.02400279
0.02799988
0.02799702
0.02801299
0.02800679
0.02799654
0.02399826
0.02402616
0.02400279
0.02800107
0.02403283
0.02399659
0.02375340
0.02117896
0.02370477
0.01999927
0.01968670
0.02000952
0.02400041
0.01599860
0.01999927
0.02000117
0.01845360
0.02120566
0.02800727
0.02399349
0.02399111
0.02399755
0.02399898
0.02799535
0.02310324
0.02396727
0.02400112
0.01969242
0.01600027
0.01980710
0.01975226
0.01599956
0.02000141
0.01599932
0.01599860
0.01599908
0.01600933
0.01473165
0.01579285
0.01196933
0.01599932
0.01316547
0.01599932
0.01600647
0.01568866
0.01599956
0.01599836
0.01599836
0.01599813
0.01601219
0.01599979
0.02000189
0.01599884
0.02000093
0.01599431
0.01599741
0.01599932
0.01565433
0.01577163
0.01594853
0.01599979
0.01199913
0.01599789
0.01999784
0.02399898
0.02000046
0.01998305
0.02001262
0.01599979
0.01599789
0.01999640
0.01600003
0.01600289
0.01600099
0.01920128
0.02400064
0.02124619
0.02400136
0.02399850
0.01999855
0.01599932
0.01199746
0.01202655
0.01199937
0.01203275
0.01592994
0.01566958
0.01200128
0.01599979
0.01602435
0.01570916
0.01599884
0.01598024
0.01579475
0.01582527
0.01567388
0.01569271
0.01199841
0.01600266
0.01597404
0.01599169
0.01600051
0.01598024
0.01599622
0.01599455
0.01601624
0.01600099
0.01995993
0.01999950
0.01999784
0.02400327
0.02400446
0.02400661
0.02000451
0.02401209
0.02400970
0.01999784
0.01999879
0.02397394
0.02178860
0.01998544
0.01999211
0.02122712
0.02000499
0.02800083
0.02400494
0.02399707
0.01999474
0.02400541
0.02799416
0.01599741
0.01599884
0.01600027
0.01976204
0.01599979
0.01999927
0.01997852
0.02400494
0.01999998
0.02755523
0.02797699
0.02400804
0.02003479
0.01999998
0.02399826
0.01999569
0.02399492
0.01999831
0.02000022
0.02399945
0.02001882
0.01993799
0.01537347
0.02001452
0.02403569
0.02398229
0.02400064
0.02000260
0.01998901
0.02400184
0.02400136
0.02399755
0.01999545
0.02400017
0.02800131
0.02400303
0.02800965
0.02724266
0.03199148
0.02801371
0.01999879
0.01999712
0.01971579
0.01970696
0.01599932
0.01978111
0.02000117
0.01999974
0.02001262
0.02796626
0.02802682
0.02800417
0.02800083
0.02800202
0.02400184
0.02399707
0.02397633
0.02799463
0.02399969
0.01599169
0.01599932
0.01969194
0.01599908
0.01599383
0.01600027
0.01599932
0.01599240
0.01855636
0.01600003
0.01200151
0.01569653
0.01600003
0.02401114
0.02400732
0.02399182
0.02399755
0.01599860
0.01599884
0.01600075
0.01600051
0.01999879
0.01599979
0.01599908
0.01599836
0.01599956
0.01599813
0.01599646
0.01599693
0.01599860
0.01599836
0.01199794
0.01599646
0.01600051
0.01599979
0.01599836
0.01599908
0.01599979
0.01599908
0.01599622
0.01599717
0.01599932
0.01599932
0.01599646
0.01599908
0.01999688
0.01600361
0.01599669
0.01462483
0.01599836
0.01199937
0.01599908
0.01696992
0.01602983
0.01600051
0.01599932
0.01200008
0.01600051
0.01599741
0.01595712
0.01200175
0.01599979
0.01600003
0.01600742
0.01199746
0.01600146
0.01577449
0.01600051
0.01599693
0.01599932
0.01599860
0.01599717
0.01599860
0.01600266
0.01599979
0.01599813
0.01599908
0.01599264
0.02400374
0.02000666
0.01999497
0.01999521
0.01999974
0.02800369
0.02399945
0.02238202
0.02400780
0.02400017
0.01599979
0.01199508
0.01600003
0.01599932
0.01578164
0.02000070
0.01999974
0.01599908
0.01599956
0.02000523
0.01600075
0.01599956
0.01599932
0.01599956
0.01599789
0.01599956
0.01599884
0.01717401
0.02000546
0.01999998
0.02102900
0.02400041
0.02400613
0.02399397
0.01999712
0.01599765
0.01969481
0.01600003
0.01580834
0.01599956
0.01600027
0.01599741
0.01596546
0.01599956
0.02000070
0.02400112
0.02524543
0.02399993
0.02400160
0.02400208
0.02399993
0.02399635
0.01998210
0.02800417
0.02399635
0.02400780
0.02798176
0.02802634
0.02800179
0.02800131
0.02800751
0.02799630
0.03079009
0.02800035
0.02526474
0.02799869
0.02800393
0.02800226
0.02746511
0.02799726
0.02925277
0.03196955
0.03600621
0.03199887
0.02799559
0.01999235
0.01999927
0.02365661
0.02399945
0.02800250
0.03199530
0.03599596
0.02399898
0.02000022
0.02396321
0.02368569
0.02800155
0.02399921
0.02400041
0.02399802
0.02800822
0.02799869
0.02799845
0.03197432
0.03199959
0.02288866
0.02400064
0.02000046
0.02399898
0.01998329
0.01999950
0.02399993
0.02800131
0.02400112
0.02401400
0.02399993
0.02399921
0.02400017
0.02400613
0.04000020
0.02799749
0.02798700
0.02799988
0.02799821
0.02804208
0.02799368
0.02399802
0.02399659
0.02000046
0.02399945
0.02370334
0.01999831
0.01973462
0.01985288
0.01999855
0.02523971
0.03202939
0.03322434
0.03200245
0.02799988
0.03200340
0.03198242
0.02800012
0.03200316
0.03600049
0.02402091
0.02400160
0.02399683
0.01999903
0.02000022
0.02000427
0.02630377
0.02800393
0.02800035
0.03600621
0.04399419
0.02801132
0.02800941
0.02800274
0.02799702
0.02799535
0.04199052
0.03599668
0.03618622
0.03119040
0.03596878
0.02399445
0.02516270
0.02399898
0.02400064
0.03199983
0.03200459
0.03999996
0.03600025
0.02399397
0.02800369
0.02799940
0.02801323
0.02800131
0.02800655
0.02802706
0.03199339
0.02800322
0.03200412
0.03200293
0.02802396
0.03200054
0.03702736
0.02799892
0.04000354
0.03999996
0.03999901
0.03976059
0.01985049
0.01570725
0.01977968
0.01599836
0.01575637
0.01593757
0.01599216
0.01599908
0.01600051
0.02399850
0.01999784
0.01999950
0.02001834
0.02397990
0.01999998
0.02400827
0.01999688
0.01973319
0.01976299
0.01599932
0.01569247
0.01599860
