0.02800179
0.02524519
0.02398825
0.02800035
0.02800393
0.02800107
0.02800035
0.02799654
0.03199959
0.02800465
0.03200603
0.03200746
0.02800703
0.03199458
0.03200364
0.02898264
0.03202105
0.03226185
0.02800035
0.02799749
0.02399659
0.02799177
0.02799964
0.03199434
0.04800200
0.04798555
0.04399514
0.04400206
0.03999925
0.03999901
0.03596139
0.03449678
0.01999760
0.02124095
0.02338362
0.02400064
0.01999497
0.02119970
0.02799988
0.02797508
0.02799845
0.02799582
0.02400947
0.02799869
0.02399874
0.02800035
0.02400017
0.02797556
0.02799988
0.02524543
0.02401137
0.02800322
0.02400041
0.02397346
0.02100825
0.02799082
0.02928782
0.04799700
0.04802895
0.04799986
0.04799128
0.04799867
0.04799819
0.04160595
0.03998899
0.03701425
0.04400420
0.02399611
0.02399707
0.02797794
0.02798796
0.02400041
0.02399325
0.02648187
0.01999950
0.01999927
0.02000523
0.01599765
0.03199816
0.02399492
0.02399516
0.02000046
0.02000237
0.02239037
0.02799559
0.02401614
0.02399874
0.02399874
0.01599908
0.02000070
0.01999974
0.01999950
0.02800155
0.02799463
0.02800751
0.02800703
0.02800822
0.01997590
0.02224708
0.02023458
0.01999784
0.01999521
0.02118468
0.02001810
0.02002263
0.02400184
0.02399468
0.02471089
0.02400279
0.02400303
0.02400231
0.02000046
0.01999497
0.02800012
0.02800059
0.02800012
0.02801323
0.02799678
0.02399659
0.03199601
0.02400231
0.02800465
0.02399921
0.02799487
0.02399969
0.02291322
0.03199911
0.04397774
0.04001689
0.03999710
0.02800059
0.02000356
0.02799797
0.02397943
0.02403641
0.02800775
0.02400589
0.02800417
0.02799439
0.02400041
0.02399993
0.02799535
0.02400446
0.02718472
0.02000356
0.02000475
0.02400017
0.02400136
0.02399659
0.02399707
0.02800179
0.02401924
0.03200364
0.02400947
0.02399683
0.02400160
0.02799678
0.02000189
0.02400088
0.04800057
0.04800344
0.04799676
0.04152560
0.04398108
0.04503202
0.04800153
0.04799676
0.04000235
0.03999972
0.04400158
0.04399705
0.04400516
0.03999567
0.03999972
0.04000306
0.03999662
0.02396607
0.02000093
0.02797389
0.02399659
0.02799749
0.02282333
0.01599860
0.01599741
0.01781273
0.02399874
0.02400994
0.02400398
0.02399635
0.02399826
0.02399659
0.02400064
0.02402592
0.02400041
0.01602077
0.01600027
0.01599884
0.01600003
0.01974320
0.01999569
0.01966095
0.01600122
0.01999784
0.01999879
0.02400064
0.01998401
0.02799940
0.02399659
0.02798605
0.02652311
0.02399921
0.02527213
0.03199625
0.02151227
0.01999998
0.02000117
0.02800536
0.02799988
0.02399468
0.02000070
0.02400017
0.02000141
0.02799153
0.02800488
0.02799654
0.03200746
0.02799988
0.02800584
0.02799988
0.02399731
0.02800441
0.02478456
0.02800155
0.02799702
0.04799700
0.04800797
0.04402471
0.03997278
0.03599930
0.03599811
0.01568174
0.01601839
0.01599836
0.01999760
0.01997089
0.02002454
0.02397633
0.02399039
0.01998138
0.02799678
0.01999116
0.01602435
0.01599932
0.01599813
0.01599741
0.01579070
0.01569676
0.01601410
0.02000022
0.02399826
0.02522612
0.02000594
0.02000141
0.02400970
0.02800298
0.02800488
0.02399564
0.01599932
0.01598835
0.02400017
0.02800035
0.01600337
0.02400208
0.02399325
0.02800250
0.02799964
0.03200006
0.02796769
0.02800369
0.02800298
0.03199387
0.03156209
0.02502108
0.02399945
0.02800179
0.02403593
0.03199792
0.02799678
0.03202462
0.02799463
0.02399755
0.02399945
0.02799797
0.01999950
0.02379107
0.02399373
0.02400517
0.02800250
0.02399993
0.02802753
0.04800081
0.03999639
0.03600383
0.02000022
0.01599979
0.02000093
0.01926541
0.02000165
0.01999760
0.02000117
0.01600385
0.02000141
0.01999831
0.01599956
0.01599908
0.01600051
0.01599979
0.01554227
0.02120709
0.02399564
0.02399302
0.02399540
0.02799988
0.02402186
0.02399826
0.02399826
0.02399898
0.02400398
0.02399993
0.02399969
0.02397847
0.02619338
0.02000308
0.02124500
0.01999688
0.02399683
0.02800417
0.02399874
0.02399516
0.01599956
0.01599789
0.02000284
0.01999736
0.01999688
0.02399516
0.02800155
0.02800179
0.03199387
0.02399421
0.01918364
0.01999831
0.02399850
0.02399874
0.02799249
0.03200245
0.02798200
0.03128147
0.02400398
0.02399588
0.02120924
0.02799892
0.02798891
0.02800298
0.02799678
0.01999593
0.02370024
0.02056909
0.03599596
0.04123831
0.03999639
0.03199816
0.01600003
0.01599956
0.01974654
0.01967096
0.02000237
0.01601744
0.01573896
0.01600146
0.01999998
0.02400613
0.02399588
0.02800083
0.02282929
0.01999998
0.02400231
0.02047658
0.02000618
0.01999402
0.01600552
0.01999998
0.01999760
0.02400112
0.02000046
0.02000189
0.01999879
0.02000308
0.02399898
0.02001691
0.02400446
0.02800250
0.02399683
0.01999927
0.02000213
0.02000332
0.02398705
0.01997209
0.01578808
0.01599813
0.01583266
0.01598740
0.02400327
0.02800655
0.02399850
0.02396417
0.02799582
0.02400708
0.02799869
0.02400351
0.02799296
0.02400088
0.02399349
0.02399874
0.02656531
0.02799106
0.02800584
0.03200436
0.02400684
0.02399611
0.02399945
0.02399898
0.02400398
0.02799892
0.02799654
0.02800250
0.02799177
0.02400517
0.02801585
0.02714157
0.02800298
0.02802324
0.03200054
0.02800727
0.03200340
0.02400064
0.01999831
0.01999974
0.02400947
0.02799964
0.02397847
0.03999686
0.03999901
0.04000640
0.02000237
0.02401710
0.01999879
0.02400255
0.02399373
0.02399635
0.02401423
0.02800512
0.02399945
0.01999569
0.02062297
0.02399540
0.02115822
0.01996732
0.01600051
0.01977348
0.01999807
0.02400327
0.02800107
0.01999712
0.02000499
0.01999998
0.01999950
0.02000189
0.02399731
0.02000022
0.02000332
0.02400136
0.02800059
0.02400231
0.02800035
0.01999760
0.02402020
0.02399373
0.02400637
0.02799892
0.02399421
0.02641964
0.02398276
0.02800584
0.02400231
0.02799582
0.02399993
0.02797270
0.02802396
0.02801847
0.02799487
0.02401233
0.02798748
0.02400112
0.01999998
0.02000713
0.01796436
0.01999903
0.01999879
0.02800131
0.02799416
0.02800012
0.02801132
0.02400041
0.03200936
0.02800894
0.01999950
0.01999879
0.02400303
0.02641582
0.02802730
0.02801609
0.02400041
0.02920890
0.02399755
0.02400255
0.02799916
0.01997662
0.03200245
0.03199673
0.02799892
0.02399898
0.02399993
0.02400231
0.01999807
0.02800131
0.02398038
0.02398014
0.02400017
0.01999998
0.02000070
0.02000070
0.01999974
0.01999903
0.02000213
0.02400136
0.02201819
0.01999760
0.02400017
0.02002645
0.01999521
0.01999640
0.02002239
0.02400279
0.02399659
0.02800846
0.02800226
0.01999617
0.02000046
0.01999879
0.01999831
0.01974225
0.01997828
0.01999927
0.01999879
0.01999998
0.01600742
0.01979518
0.01999950
0.01599813
0.01999593
0.02000332
0.01600480
0.01999974
0.02002525
0.02399898
0.02399540
0.02399898
0.02400017
0.02400017
0.02800012
0.02399707
0.02399778
0.01997924
0.02000046
0.02000141
0.01599765
0.01985240
0.01999617
0.03200054
0.01999879
0.01999950
0.01599956
0.01999950
0.01999927
0.01999927
0.01599979
0.01999712
0.02399850
0.01999998
0.01999760
0.02399373
0.02400112
0.01999688
0.02400851
0.02014494
0.02000356
0.01599860
0.02000380
0.01600027
0.01599908
0.01999855
0.02799654
0.02799702
0.02797270
0.02798533
0.03200054
0.02799892
0.01999879
0.02800202
0.02800298
0.02799964
0.02399802
0.01999784
0.01999831
0.01999903
0.02000022
0.01999998
0.01805234
0.01999998
0.02524757
0.02399898
0.02981210
0.02802992
0.02800035
0.02398849
0.02799320
0.02396846
0.02400565
0.02400088
0.02399945
0.02799559
0.02801466
0.02399850
0.02799344
0.02401304
0.02399492
0.02799916
0.02399588
0.01999974
0.01999760
0.02000070
0.02800632
0.02796650
0.02800250
0.02801061
0.02800751
0.02799821
0.03064919
0.02399421
0.02401400
0.02124929
0.02400041
0.02400088
0.02000093
0.01999545
0.02400017
0.01999927
0.01999760
0.01999760
0.01999736
0.02001715
0.01999784
0.02000070
0.01602411
0.01999855
0.02400088
0.01999760
0.01999998
0.01999807
0.01999784
0.01999927
0.01999640
0.02000022
0.01599813
0.01599860
0.01587820
0.01984501
0.01573491
0.01572514
0.01599860
0.01600003
0.01572108
0.01576233
0.01600027
0.01643395
0.01598072
0.02000070
0.01719308
0.02000117
0.02000046
0.01999950
0.02000308
0.01999998
0.02400303
0.02400780
0.02399230
0.01999831
0.01999950
0.01599765
0.01599956
0.01599932
0.02000284
0.02799726
0.02401257
0.02800393
0.01599479
0.01599956
0.01599956
0.01572704
0.01599956
0.01599932
0.01599979
0.01599026
0.01999831
0.01999903
0.02428222
0.02399302
0.02127361
0.02399683
0.02399659
0.02401090
0.02399278
0.02000999
0.01999640
0.01600003
0.02002573
0.01600027
0.02000117
0.01999950
0.01599884
0.01600003
0.01966810
0.01999927
0.01975679
0.01599765
0.01999974
0.01999950
0.02000976
0.02000046
0.01998973
0.02000117
0.01999879
0.01999879
0.02000070
0.02274466
0.02399969
0.02800035
0.02399731
0.02002144
0.02000117
0.01603365
0.01999903
0.01969814
0.01599932
0.01996469
0.01599956
0.01600027
0.01599765
0.01600194
0.01999521
0.01998568
0.02000046
0.01999784
0.02400398
0.02400613
0.02797365
0.02799988
0.02400756
0.01999855
0.01599908
0.01601815
0.01598811
0.01602960
0.01600027
0.01967812
0.01600194
0.01601911
0.01600027
0.01602125
0.01585770
0.01573992
0.01822972
0.01599979
0.01599526
0.01997757
0.02000070
0.01600099
0.01999927
0.01999736
0.01999927
0.02000499
0.02400589
0.01999688
0.02401495
0.02400064
0.02400017
0.02399373
0.01999879
0.02397776
0.02000093
0.02399707
0.01999259
0.01574636
0.01599860
0.01599836
0.01999879
0.02000189
0.02400112
0.01999736
0.01999569
0.02000093
0.01999998
0.02000284
0.01871705
0.02399993
0.02399516
0.02000380
0.02800298
0.02799535
0.02799988
0.02399063
0.02400112
0.02400303
0.01999831
0.01999688
0.01599860
0.01599836
0.01975441
0.01968169
0.01599813
0.01967382
0.02000117
0.01965904
0.01573491
0.01575828
0.01599979
0.01573920
0.01568151
0.01601195
0.01569533
0.01599932
0.01599979
0.01199818
0.02000141
0.01600218
0.02432466
0.02146173
0.02000356
0.02527237
0.02400732
0.02400613
0.02800345
0.02000189
0.01999950
0.02000237
0.02000093
0.02000332
0.01600027
0.01574397
0.01600075
0.01577520
0.01199841
0.01602817
0.01599956
0.01599908
0.01596236
0.01599956
0.01458549
0.01600099
0.01599860
0.02000284
0.01999593
0.02000117
0.02000237
0.01600075
0.01603532
0.01599956
0.01199651
0.01600051
0.01999903
0.02154231
0.01996493
0.02002573
0.02526569
0.02400041
0.02400470
0.02800012
0.02400231
0.02400231
0.01996636
0.02400088
0.02000356
0.02399778
0.01999760
0.02399683
0.02399778
0.02400017
0.01600289
0.02000070
0.01994681
0.01599216
0.01600003
0.01992512
0.01600122
0.01603460
0.01600385
0.01999855
0.01199913
0.01595020
0.01572871
0.01600766
0.01199961
0.01602030
0.02000427
0.02400398
0.01722002
0.01999736
0.01599598
0.01597548
0.01999807
0.01600075
0.01599717
0.01575351
0.01599908
0.01197100
0.01602054
0.01571345
0.01199889
0.01601863
0.01600122
0.01600003
0.01598716
0.01598096
0.01599979
0.01599669
0.01599836
0.02002668
0.02000546
0.02380395
0.02401423
0.02400374
0.02123928
0.01997399
0.02400017
0.02399516
0.02000022
0.02511978
0.02400351
0.02800441
0.01999688
0.01600266
0.02000165
0.02000570
0.02002621
0.01968694
0.01599956
0.01599813
0.01599860
0.01599932
0.01600003
0.01600075
0.01999903
0.02000022
0.01999712
0.02002239
0.02000117
0.02400088
0.02400517
0.02800274
0.02400351
0.02399993
0.02400208
0.01599956
0.01969743
0.01999974
0.01968527
0.01599741
0.01599908
0.01658583
0.02002811
0.02398467
0.02400804
0.02801275
0.02400064
0.02402472
0.02399421
0.02523685
0.01600003
0.01599836
0.02400160
