0.02000046
0.02399111
0.02400780
0.02399659
0.02400780
0.02400184
0.02800393
0.01999998
0.01599932
0.01599860
0.01199841
0.01599884
0.01999784
0.01999760
0.02169609
0.01599932
0.01999807
0.01999617
0.02399945
0.02399135
0.02403307
0.02400732
0.01999688
0.02400684
0.02000165
0.02798343
0.02399302
0.02763796
0.02799249
0.02938056
0.02400255
0.02399755
0.01999927
0.01599956
0.01901126
0.02001548
0.01999426
0.02522278
0.02400184
0.02800417
0.02802706
0.02399349
0.02800417
0.02762604
0.02400398
0.02586889
0.02798510
0.02400351
0.02001429
0.02000165
0.02000070
0.02137470
0.01999021
0.01599884
0.02120304
0.02399945
0.02799749
0.02400422
0.03199458
0.02401900
0.02399588
0.01998901
0.01599813
0.01600146
0.02003264
0.02000046
0.02400017
0.02399635
0.01998639
0.01999903
0.02801108
0.02399921
0.02800775
0.02000737
0.01998734
0.02400160
0.02000332
0.01999664
0.01999784
0.02400851
0.02399516
0.02799940
0.02799821
0.03203106
0.01999998
0.01599884
0.01597118
0.01999950
0.02085805
0.01809430
0.02002883
0.01599908
0.02120090
0.01600099
0.01974249
0.01999593
0.02925467
0.02396750
0.01999307
0.02001619
0.01998115
0.02213001
0.02398133
0.01999950
0.02117181
0.01999950
0.01999879
0.02365565
0.02000070
0.02115798
0.02000117
0.01999950
0.01999903
0.02400017
0.01998138
0.01999974
0.01966929
0.01970077
0.02400208
0.02400088
0.02399659
0.02398896
0.02399969
0.02399635
0.02799869
0.02399969
0.03200245
0.02800465
0.02400184
0.02799940
0.02801991
0.03999591
0.02858400
0.02799749
0.02923965
0.03200150
0.03596926
0.03200269
0.03599405
0.05199623
0.04800630
0.04400492
0.04400206
0.04399753
0.02799821
0.02799821
0.02399826
0.02799678
0.02799797
0.02799416
0.02799892
0.03200316
0.03200245
0.02933574
0.03200006
0.03728628
0.02399874
0.02400064
0.02401781
0.02800655
0.03200150
0.03199220
0.02400064
0.02399683
0.02399993
0.03201032
0.02801299
0.03200650
0.03200006
0.02799630
0.02399969
0.01999879
0.02000928
0.04000115
0.03976583
0.04925275
0.04399729
0.04000092
0.03599977
0.03600121
0.03601646
0.03599882
0.01599479
0.01599956
0.02000022
0.01599002
0.02000308
0.02400231
0.03202343
0.02400231
0.01999664
0.02800107
0.02800465
0.02400208
0.02800679
0.01999784
0.02006149
0.01999927
0.02800393
0.02399898
0.02800703
0.02399111
0.02800226
0.02799726
0.02799511
0.02399755
0.02400398
0.01998234
0.02399874
0.02000260
0.01999760
0.01999974
0.01599526
0.01199841
0.01999855
0.02000070
0.02799511
0.02799940
0.02400231
0.02399755
0.02400088
0.03199506
0.02799582
0.02229571
0.02399778
0.01999807
0.02117586
0.02400208
0.02799916
0.02399659
0.02399826
0.03199625
0.02801108
0.02799845
0.02802014
0.02799869
0.02800035
0.03600240
0.03199482
0.03200006
0.03202844
0.03599715
0.03596115
0.03601718
0.02800131
0.03599739
0.03200126
0.04129148
0.03601575
0.03199911
0.05600810
0.05199933
0.04399800
0.03999901
0.03999949
0.02000523
0.02001357
0.03196931
0.02799916
0.01599884
0.01599956
0.01999617
0.02399945
0.01999807
0.02001095
0.02000189
0.01999950
0.02397847
0.02000070
0.02398849
0.03122568
0.03200340
0.03199649
0.02800369
0.03197837
0.02400517
0.02399802
0.02399874
0.02000022
0.02800488
0.03202653
0.03199720
0.03199840
0.02399969
0.01996374
0.01985931
0.02376103
0.01999998
0.01999784
0.03200889
0.03600788
0.03201604
0.05200005
0.05018353
0.04800963
0.03322792
0.03599596
0.03200197
0.03198910
0.03600359
0.03200459
0.03203368
0.03201580
0.02799869
0.02399802
0.02399945
0.03199530
0.02799988
0.02398968
0.02800059
0.03999591
0.02399993
0.02000499
0.02001119
0.02399683
0.03998852
0.03199792
0.02800632
0.03598332
0.04399872
0.03599572
0.03600574
0.02799726
0.02799845
0.05599070
0.06000185
0.05999422
0.04799771
0.04798484
0.02387691
0.02399993
0.03598571
0.04000640
0.04000401
0.04046750
0.03999949
0.03600359
0.03999901
0.04000449
0.04400158
0.02400041
0.02383542
0.01999998
0.01999950
0.02399731
0.02399325
0.02400136
0.02399635
0.02797031
0.02799988
0.02799797
0.02800083
0.02799821
0.02799606
0.02399468
0.02799988
0.03601217
0.05999351
0.04399705
0.04000068
0.02399898
0.02399969
0.02400064
0.03599620
0.03999925
0.03600287
0.03599453
0.02800107
0.03599834
0.03999949
0.03999710
0.03754473
0.04000664
0.02799249
0.03199220
0.03195190
0.03200531
0.03725624
0.04347682
0.03597426
0.04400325
0.03999305
0.03599143
0.02399969
0.02799988
0.02799845
0.02799988
0.03200388
0.03600287
0.05600667
0.05599880
0.04398060
0.04002070
0.03600001
0.03999877
0.01972461
0.02388597
0.01998734
0.01999974
0.02000093
0.03359103
0.03200126
0.03600693
0.03599763
0.04400349
0.02000046
0.02003217
0.01998687
0.01914310
0.01999807
0.01995897
0.02002883
0.01999950
0.01999974
0.01999879
0.02400041
0.01999760
0.04000521
0.03199220
0.03599954
0.03199124
0.02397990
0.03200078
0.03600264
0.04122353
0.03200293
0.03600812
0.03999615
0.04000783
0.03599358
0.03200340
0.02799535
0.02799821
0.02799797
0.02399945
0.02800059
0.02799344
0.02800155
0.06418610
0.03997374
0.04000735
0.04396415
0.02400208
0.01999450
0.01999998
0.02400613
0.02367949
0.02364063
0.02399874
0.02400136
0.02710223
0.04000330
0.03201103
0.03599906
0.03200126
0.02800488
0.02800202
0.03200054
0.02800059
0.03599811
0.03599739
0.01999998
0.02392936
0.01999974
0.02399921
0.01999950
0.01987720
0.02400208
0.02799869
0.02799940
0.02799702
0.03016353
0.02799988
0.02799940
0.03235507
0.04000735
0.03600860
0.02400136
0.02799845
0.03599715
0.03199697
0.02798247
0.03998399
0.03999782
0.04000020
0.02000022
0.02399945
0.02800107
0.04000735
0.03600526
0.03199911
0.01999784
0.02397799
0.02799821
0.02399683
0.03600860
0.03600907
0.03600073
0.03134871
0.03200126
0.03201985
0.02800250
0.03598189
0.03201604
0.04399729
0.03599334
0.02399659
0.02400136
0.02397728
0.02800131
0.04399753
0.04400396
0.03199625
0.01999903
0.02394843
0.01999784
0.01997709
0.02399898
0.02400064
0.02399969
0.02400064
0.02398729
0.03624773
0.03999662
0.03599405
0.03318381
0.02802825
0.03200197
0.03199482
0.03999972
0.04799891
0.04000068
0.04399800
0.04311538
0.04000878
0.03199840
0.03201771
0.03722668
0.03599977
0.03199983
0.03599930
0.04396653
0.04100299
0.03600287
0.04400826
0.04399467
0.04000235
0.05200028
0.04399610
0.04399371
0.03994274
0.05602527
0.05135489
0.05200243
0.04399776
0.04400277
0.04799819
0.04399872
0.04397678
0.02799964
0.03199625
0.03511047
0.04129171
0.03998804
0.03999805
0.02000117
0.02397799
0.02800107
0.02401662
0.02399039
0.02800059
0.02397895
0.02800155
0.02399826
0.02399778
0.02800107
0.03196907
0.03600121
0.01999497
0.04000258
0.03199792
0.02799439
0.02399945
0.02399969
0.02397871
0.02093101
0.02800083
0.03199983
0.03200197
0.02799582
0.04801488
0.05200219
0.05600142
0.05200839
0.05599356
0.03903651
0.04400039
0.04400468
0.03716135
0.03200221
0.02797055
0.02799821
0.03999400
0.03199911
0.03136849
0.02757192
0.02799821
0.02021909
0.01977992
0.01999879
0.01999569
0.01999950
0.02000189
0.02399659
0.03199887
0.03600335
0.03199410
0.02800250
0.02399850
0.02400136
0.02402902
0.03999853
0.03601170
0.03599858
0.03200006
0.04396558
0.03599954
0.04000020
0.02399778
0.02801251
0.02400184
0.03787875
0.04399633
0.04400396
0.04399967
0.03600144
0.03599763
0.03600192
0.03600144
0.05199885
0.04799771
0.05199790
0.02800298
0.03599191
0.03199291
0.02369261
0.01999784
0.02399874
0.02399826
0.02800083
0.04000545
0.03200150
0.03664899
0.04000020
0.03599548
0.03599811
0.02399349
0.02000189
0.01998830
0.02399921
0.02399945
0.03600264
0.04000115
0.04399681
0.03999829
0.03195858
0.03200006
0.03200173
0.02799392
0.01998711
0.01999784
0.02398324
0.04000497
0.04799795
0.05599618
0.05601192
0.04117370
0.03999853
0.04375434
0.02397537
0.02400517
0.02399778
0.02000880
0.01999903
0.01999903
0.02400112
0.02400279
0.02399945
0.02399683
0.02399921
0.02400136
0.02401066
0.02397299
0.02400088
0.02399826
0.02400160
0.02799916
0.02398849
0.02399683
0.01999927
0.01999879
0.02154207
0.02000308
0.02371883
0.01977420
0.02000117
0.01719117
0.02399898
0.02800131
0.02399230
0.02399969
0.02399731
0.02399969
0.02399731
0.01998210
0.02002287
0.02000690
0.01999998
0.01999879
0.01999807
0.02399945
0.02398205
0.03599501
0.03599644
0.03600693
0.03999639
0.03999686
0.03199577
0.02400064
0.02399755
0.02799964
0.02799964
0.02799940
0.02922225
0.03199911
0.02799702
0.04000401
0.03999972
0.03999305
0.03914189
0.03999186
0.03199506
0.02799869
0.02800226
0.02401352
0.02798271
0.02800035
0.02801085
0.03199959
0.03199744
0.03600335
0.03600001
0.04399681
0.04398322
0.04010415
0.03999186
0.04128575
0.04001045
0.02799892
0.04400182
0.03199220
0.03199911
0.04000306
0.04399896
0.04399896
0.02399850
0.03199387
0.04400182
0.03599596
0.02797771
0.02400231
0.03199482
0.01999784
0.01984358
0.02000070
0.02400041
0.04400420
0.04196882
0.03599262
0.04128432
0.03600407
0.03599286
0.02399826
0.01999784
0.02400112
0.01999903
0.01997948
0.02399969
0.02401996
0.02399945
0.01999736
0.02398181
0.02000165
0.01976967
0.01999998
0.01971793
0.01602602
0.01999784
0.01999974
0.01602554
0.02002001
0.01599860
0.01999950
0.02000189
0.01999950
0.01999784
0.01999998
0.01999950
0.02400017
0.02799988
0.04000020
0.03999329
0.03199673
0.03599715
0.03599453
0.02381492
0.02377534
0.02373099
0.02373910
0.02400041
0.02002478
0.02395535
0.03200388
0.02801681
0.03600359
0.03200006
0.03599787
0.03599787
0.03200245
0.02399850
0.02797627
0.02798605
0.02369261
0.02399945
0.02399921
0.03622890
0.03600383
0.04523873
0.04400349
0.03999925
0.02799797
0.03199983
0.02799845
0.02799821
0.02801943
0.03199983
0.03587222
0.03596950
0.03720546
0.04800391
0.04001546
0.03598309
0.03196836
0.02777648
0.02399850
0.03200245
0.03199649
0.03599787
0.03599834
0.03281665
0.03599596
0.04000592
0.03999972
0.04397750
0.03199863
0.04800010
0.04799724
0.04399824
0.03200173
0.02799463
0.02000070
0.02399778
0.02399921
0.02797484
0.03198099
0.04399347
0.03599143
0.02399945
0.02799940
0.02401090
0.02398372
0.03200746
0.04341125
0.04400849
0.04532671
0.03202724
0.03199768
0.01999950
0.02556229
0.02400160
0.02400327
0.02400041
0.02002525
0.02399969
0.02397847
0.02800083
0.03200054
0.03200579
0.04800701
0.04800010
0.04399633
0.04398298
0.03199983
0.04400849
0.04513216
0.02921915
0.02799964
0.04517150
0.05598164
0.05999756
0.04400110
0.04799938
0.03198004
0.03198981
0.03199577
0.02800250
0.03600049
0.03600144
0.03999805
0.03999424
0.03999996
0.04000258
0.02799964
0.02800012
0.02799177
0.03200006
0.02399778
0.03410006
0.03600597
0.04024959
0.04321861
0.04000282
0.04924774
0.02800226
0.02799654
0.02799988
0.03200269
0.03199625
0.03599405
0.04399347
0.02800250
0.02800155
0.03600073
0.05600142
0.05199456
0.04003215
0.01996517
0.02399993
0.02369356
0.02400064
0.02000308
0.02578545
0.02802491
0.02400064
0.03199887
0.02399850
0.01999831
0.02398658
0.04400682
0.03997016
0.03999758
0.03998780
0.03199697
0.02800059
0.03199792
0.02799225
0.02799940
0.02397609
0.02399731
0.02399826
0.02800012
0.02799940
0.02799702
0.03199983
0.03600311
0.04000020
0.03942776
0.02798009
0.03999376
0.03999949
0.03600121
0.03198791
0.03198838
0.04800463
0.04399991
0.04800797
0.05200148
0.04799438
0.05599380
0.05600905
0.05999470
0.07199931
0.04799962
0.05999947
0.06202936
0.06400371
0.04799795
0.05199766
0.03603005
0.02399778
