0.03200030
0.01600289
0.01599860
0.01599622
0.01582193
0.02000213
0.01999664
0.02001524
0.02002668
0.02398729
0.02400422
0.02399707
0.01999998
0.01999903
0.02400136
0.02400613
0.01599979
0.01202583
0.01599765
0.01600218
0.02420497
0.02800655
0.02799559
0.02800393
0.02799535
0.02802324
0.02399325
0.02399969
0.02800250
0.02802062
0.03199911
0.02800322
0.03200841
0.02801561
0.04801822
0.04398966
0.03999686
0.01999903
0.01999927
0.01999998
0.01599669
0.02030015
0.02399921
0.02800703
0.02799606
0.02399564
0.02397943
0.02400279
0.01999855
0.02001095
0.02400112
0.02401042
0.02397704
0.02402997
0.01599884
0.02000213
0.02400351
0.02799988
0.02800393
0.02399588
0.02800369
0.02800059
0.02400374
0.03259206
0.01601887
0.01601529
0.01599860
0.02001452
0.02799821
0.04800940
0.04415321
0.04400706
0.04400253
0.04399633
0.04000163
0.04000163
0.03599739
0.02399564
0.02245164
0.02000833
0.02399182
0.01999998
0.02000117
0.02003908
0.02402067
0.02718759
0.02399945
0.02400899
0.02399611
0.02400160
0.02399492
0.02399755
0.01601863
0.01999855
0.01599526
0.01999354
0.02400041
0.02399969
0.02400017
0.02400136
0.01999927
0.01997876
0.02400327
0.02397799
0.02001834
0.02399683
0.01999998
0.01999760
0.03976965
0.04400110
0.04402328
0.04001236
0.04799652
0.04799938
0.04000664
0.02338862
0.01997709
0.01999831
0.02000070
0.02399707
0.02399611
0.02399755
0.02462029
0.02402210
0.02400041
0.02801013
0.02002788
0.02118015
0.02399373
0.02398062
0.02800417
0.01599693
0.01617742
0.01599503
0.01999807
0.02000213
0.01600051
0.01969028
0.01999736
0.01600027
0.02798271
0.02402043
0.02799749
0.01999664
0.01999879
0.01600122
0.01999927
0.01997900
0.01997018
0.02399993
0.01999998
0.01999903
0.02399755
0.02799749
0.02799916
0.02667475
0.02528930
0.02800035
0.02801752
0.03087807
0.02399397
0.02400041
0.02799773
0.02399778
0.02400327
0.04400253
0.04399705
0.04398990
0.04399920
0.03999972
0.02399731
0.02550817
0.02397132
0.02400112
0.02799678
0.02799845
0.02399683
0.02800679
0.02803540
0.02400637
0.02399635
0.03199720
0.02799606
0.02400827
0.02000237
0.02400327
0.02400541
0.02799392
0.02800632
0.02800632
0.02799964
0.02403092
0.02400422
0.02399755
0.02800608
0.02760673
0.02399492
0.04527712
0.04399633
0.04399967
0.04399514
0.04399562
0.02799654
0.02399516
0.02401972
0.01999927
0.02399802
0.01997924
0.01999927
0.01999879
0.02399564
0.02400637
0.02400160
0.02397585
0.02400136
0.02901030
0.01509666
0.01600194
0.01997733
0.01999879
0.01720476
0.01599669
0.01999760
0.01999879
0.01979232
0.01974344
0.01599908
0.01999712
0.01599717
0.01599813
0.01599908
0.01599860
0.01999998
0.01999903
0.01602221
0.02000093
0.02399945
0.02400088
0.02000022
0.02400041
0.02399302
0.02800274
0.01999426
0.01999831
0.02399826
0.02399993
0.02445626
0.02000070
0.01999640
0.01600385
0.01595855
0.01999927
0.01599717
0.01599646
0.01999807
0.02400041
0.02000666
0.02399755
0.02399325
0.02399778
0.02875757
0.02804446
0.02799630
0.03199482
0.02800226
0.02802444
0.02799821
0.02799892
0.02000046
0.02503133
0.02400017
0.02799630
0.03200102
0.03199625
0.02800345
0.03997898
0.04399300
0.04400396
0.04398179
0.04402542
0.04400539
0.04403210
0.04399991
0.02800655
0.02800703
0.02800608
0.02400970
0.02800679
0.03081703
0.03200650
0.02799177
0.03200126
0.02400184
0.02516794
0.02399731
0.02000046
0.01999593
0.02400088
0.02400112
0.02401853
0.01999784
0.02399659
0.02401900
0.02000451
0.01999927
0.01600981
0.01965380
0.01599908
0.01966667
0.01600361
0.01999950
0.01599789
0.01999927
0.02000022
0.02976775
0.02398515
0.01999998
0.01999831
0.01999688
0.01999879
0.02396894
0.02799964
0.02400446
0.02400088
0.02798796
0.02800941
0.03202629
0.02399611
0.02800345
0.02800107
0.02803040
0.02799511
0.01999331
0.01999855
0.02399921
0.02397060
0.02801442
0.03775859
0.04000020
0.03718662
0.03600121
0.01599979
0.01599574
0.01600313
0.02213979
0.01999545
0.02127576
0.02000594
0.02399492
0.02400184
0.02000308
0.02399659
0.01599717
0.01999545
0.01599932
0.01599693
0.01999855
0.01597595
0.02003217
0.02000451
0.01599860
0.01601529
0.01599550
0.02001119
0.01599574
0.01765895
0.01599979
0.02931046
0.02400160
0.02401090
0.01996303
0.02000237
0.01599646
0.01599908
0.01200008
0.01199841
0.01199865
0.01199746
0.01601338
0.01199937
0.01600170
0.01999998
0.02397370
0.02400804
0.01998162
0.01999998
0.01999927
0.02399969
0.01999998
0.03198886
0.02399182
0.01997900
0.02002478
0.01999760
0.01600003
0.01770258
0.01965404
0.02002358
0.01894355
0.01999784
0.01599836
0.01599789
0.01999974
0.01599979
0.01979995
0.01599765
0.01599956
0.01600122
0.01599956
0.01600003
0.01599622
0.01600003
0.01999879
0.02400208
0.02399659
0.02399540
0.02000237
0.01599813
0.02001953
0.01679826
0.01599669
0.01600051
0.01199841
0.02000046
0.02400231
0.02400160
0.02800012
0.01472926
0.01599669
0.01599932
0.01599765
0.01599860
0.01599908
0.01600051
0.01999879
0.02399993
0.02000070
0.02000403
0.01999998
0.02000237
0.01999950
0.01200008
0.01600122
0.02003217
0.02400517
0.02400684
0.02397299
0.02400804
0.02399421
0.01599979
0.02000070
0.01999617
0.02402020
0.02399373
0.02570176
0.02397680
0.02525902
0.02800059
0.02400684
0.02400970
0.02799439
0.02800441
0.02403593
0.02400064
0.02217889
0.02401638
0.02521968
0.02402067
0.02396560
0.02798200
0.03201294
0.02800322
0.03200150
0.02799964
0.02803254
0.02399969
0.03029943
0.03199935
0.03326058
0.03199458
0.03200436
0.02799964
0.04800797
0.04799366
0.04399657
0.04372048
0.04000545
0.03320956
0.02000904
0.01597691
0.01999950
0.01599789
0.01600027
0.01997256
0.02000046
0.02001119
0.02000380
0.01998687
0.02799892
0.02792263
0.02399826
0.02399611
0.02400708
0.02359128
0.02400017
0.02399945
0.02399921
0.02000523
0.02521586
0.02000260
0.01999664
0.01600027
0.01598907
0.02002501
0.01599956
0.01990628
0.01599813
0.01602149
0.01598978
0.01600099
0.01599574
0.02396417
0.01999283
0.01998901
0.02398562
0.01599813
0.01599813
0.01599979
0.01601553
0.01602435
0.01611829
0.02399540
0.02423191
0.01600075
0.01599789
0.01599908
0.01579142
0.01599836
0.01599813
0.01599360
0.01600146
0.02002716
0.02399993
0.02399087
0.02000189
0.01600122
0.01998305
0.01600099
0.01999807
0.02400136
0.02002406
0.02000213
0.01999974
0.01999998
0.02399778
0.02000546
0.02000213
0.02000070
0.02538395
0.02800059
0.02399397
0.01999593
0.02001262
0.01998949
0.02400041
0.02000213
0.02399874
0.02399993
0.02400279
0.02399874
0.01999855
0.02252460
0.02800655
0.02801514
0.02799487
0.02799511
0.02399516
0.02399516
0.01999640
0.02003670
0.01999879
0.03199744
0.02466559
0.02399540
0.02799249
0.03199601
0.02797222
0.02800059
0.04397988
0.03999925
0.04000139
0.01999998
0.02800322
0.02800131
0.02400279
0.02799606
0.02802849
0.02800083
0.02399516
0.01999760
0.02000070
0.01999974
0.02000022
0.02799726
0.02399325
0.02000427
0.02000117
0.01990557
0.01599979
0.01600051
0.02000356
0.02000117
0.02402115
0.02399969
0.02399421
0.02400899
0.02400780
0.02398825
0.02400732
0.02000213
0.02000165
0.02001405
0.02399945
0.02799892
0.02000308
0.02800250
0.02800322
0.02799892
0.02799797
0.02399993
0.02142334
0.02399969
0.02801394
0.02799940
0.02800274
0.03200793
0.02799964
0.03200531
0.02797365
0.02402353
0.02400112
0.03200150
0.03597140
0.03599906
0.03600025
0.01601887
0.02396846
0.02400017
0.02400064
0.02400184
0.02799439
0.01999712
0.02216935
0.01999807
0.02800417
0.02000093
0.02399659
0.01999998
0.02399635
0.01997352
0.01599717
0.01999950
0.01999164
0.02003956
0.02000046
0.02000165
0.02400064
0.02400351
0.02400208
0.01846576
0.01999617
0.02421331
0.02400351
0.01999354
0.01600003
0.01602244
0.01599789
0.02000165
0.02400589
0.03200698
0.01999760
0.02000189
0.02000141
0.02000117
0.02800274
0.02399373
0.02800083
0.02799916
0.02800679
0.01999736
0.01987314
0.01999998
0.02000904
0.01598430
0.01999974
0.01600003
0.01598954
0.01597571
0.01600003
0.02000117
0.02000260
0.02399302
0.02400732
0.02400517
0.02399564
0.02399802
0.02070785
0.01996160
0.01720071
0.01600027
0.01999593
0.01999879
0.02399564
0.02399683
0.02000546
0.02399635
0.02101398
0.01999688
0.01715636
0.01600003
0.01997375
0.01600003
0.01999998
0.02000189
0.01999736
0.02000046
0.02000618
0.01999998
0.02399802
0.02401876
0.01998496
0.01999879
0.01776338
0.01998258
0.02528453
0.01999283
0.01999950
0.02399945
0.02401948
0.01999688
0.01999116
0.01999760
0.02000403
0.01999784
0.02800083
0.02400160
0.01999998
0.02400041
0.02399755
0.02400208
0.02798057
0.02800369
0.02799749
0.03201890
0.02399731
0.02015471
0.02001095
0.02799797
0.02984858
0.02799845
0.02797413
0.02799988
0.03200126
0.02397037
0.02399659
0.02403522
0.02799773
0.02833486
0.04799485
0.03600192
0.03600001
0.03998041
0.03999686
0.03200579
0.01599813
0.01999855
0.01739573
0.01999569
0.02399993
0.02001023
0.02400255
0.02400088
0.02702665
0.02397609
0.02799892
0.02000141
0.01999760
0.01600003
0.02399516
0.02399731
0.02799988
0.02399921
0.02399778
0.02799511
0.02401257
0.02399778
0.02398753
0.01599884
0.02000594
0.01975322
0.01968884
0.01986098
0.01983786
0.01600003
0.01600051
0.02000213
0.01599884
0.01999927
0.01599932
0.01692390
0.01600099
0.01599884
0.02399993
0.02400756
0.02400374
0.02399349
0.01999235
0.01599693
0.01600075
0.01599979
0.02000284
0.01600361
0.02399850
0.02400351
0.02399826
0.02400470
0.02399421
0.02399898
0.02397394
0.02400279
0.01999044
0.01599669
0.01579928
0.01597452
0.01600146
0.01599956
0.01564121
0.01601744
0.01541138
0.01998639
0.02524281
0.02399635
0.02000093
0.02000117
0.02397442
0.02402711
0.02398396
0.02400494
0.02399611
0.02399898
0.02400374
0.02796626
0.02799225
0.02799368
0.02399850
0.02799702
0.02799702
0.02400303
0.02800941
0.02800560
0.02796793
0.02801871
0.03095293
0.03199458
0.02799678
0.02800298
0.02799678
0.02400064
0.02399850
0.02524686
0.02000022
0.02398539
0.02399921
0.02399969
0.02392101
0.02101159
0.02399874
0.02423096
0.02799869
0.02400017
0.02799773
0.02799535
0.02800059
0.01999474
0.01998353
0.01600075
0.02004218
0.01999784
0.01999950
0.02837491
0.01999140
0.01998258
0.01979041
0.01600003
0.02000499
0.01999998
0.01999903
0.01999927
0.01999998
0.02329350
0.02000213
0.01998067
0.02000570
0.02799845
0.02799773
0.02399731
0.02399397
0.02397299
0.02400064
0.02800369
0.01999784
0.01600075
0.01999998
0.02000046
0.01999760
0.01977062
0.01600027
0.02000403
0.02808166
0.02799416
0.02399635
0.02429271
0.02802920
0.02399945
0.02398849
0.01999760
0.01603651
0.01599932
0.01599860
0.01599836
0.01600099
0.01565433
0.01600122
0.01576805
0.01590872
0.01600003
0.01599550
0.02399993
0.02399468
0.02400589
0.01999426
0.02399969
0.02307105
0.02800727
0.02121806
0.02400064
0.02156305
0.02398634
0.02124953
0.02399659
0.02800894
0.02399611
0.01599979
0.01589417
0.01599884
0.01997423
0.01999617
0.01998520
0.01999950
0.02401352
0.02400088
0.02003121
0.01997209
0.01999497
0.02003717
0.01999927
0.01600289
0.01600075
0.01599979
0.01600099
0.01999998
0.01999998
0.02000117
0.02000165
0.02323413
0.02400231
0.02503586
0.02399993
0.01998401
0.02000117
0.01999903
0.01999903
0.02000093
0.01599741
0.01999903
0.01599717
0.01998019
0.01999927
0.01999855
0.01599836
0.01599836
0.01599765
0.01600051
0.01599693
0.01794243
0.01524329
0.01600003
0.02000403
0.01999831
0.01999807
0.02000165
0.01999903
0.02400088
0.02000284
0.02196860
0.02400446
0.02527428
0.01997519
0.02400136
0.02399874
0.02400589
0.02399659
0.02797127
0.02000356
0.02399492
0.02400804
0.02402759
0.02399969
0.02400684
0.02399468
0.02000403
0.01999807
0.01999855
0.02000594
0.02000475
0.02001429
0.02000141
0.02395940
0.02000546
0.02404046
0.02751946
0.02399945
0.02399945
0.02800465
0.02800345
0.02800131
0.02801442
0.02800012
0.02802253
0.02799988
0.02684045
0.01999998
0.02117395
0.02399826
0.02402043
0.02000117
0.02399969
0.02399993
0.02399802
0.02802181
0.02800345
0.02800632
0.02399230
0.01999950
0.02469897
0.01808333
0.02401185
0.02399755
0.02400494
0.02000141
0.01600194
0.02400661
0.03200340
0.02798724
0.02395415
0.01999998
0.02400374
0.02398062
0.02400589
0.02400494
0.02400303
0.02400374
0.02399731
0.02800703
0.02400303
0.02400398
0.02800322
0.02800798
0.02799702
0.02400327
0.02994919
0.02800035
0.02799702
0.02803826
0.02399898
0.02001190
0.02000189
0.02000022
0.01999950
0.01999974
0.01999903
0.01998520
0.02000070
0.01999998
0.02000093
0.02000260
0.02000165
0.01600146
0.01999903
0.01599979
0.01599860
0.02000046
0.01999712
0.01999736
0.01999712
0.02000427
0.01999927
0.01999760
0.02400231
0.02398562
0.02800226
0.02814341
0.02400160
0.02400088
0.02000141
0.02525687
0.02002954
0.01599479
0.01599956
0.01999974
0.01999950
0.02000308
0.02000046
0.01598144
0.02000237
0.02400064
0.01999927
0.02000117
0.01999712
0.02400589
0.01999450
0.01999402
0.02400041
0.01997757
0.02800417
0.02399993
0.02399707
0.01978779
0.01601219
0.01999807
0.02256942
0.02799392
0.02400923
0.02920985
0.03198624
0.02798843
0.02799988
0.02799320
0.02401471
0.01999855
0.02400494
0.01999974
0.02000022
0.02800322
0.02399659
0.02802205
0.02399516
0.02400279
0.02400327
0.02400470
0.02800870
0.02400017
0.02400255
0.02399707
0.02799678
0.01999807
0.02215862
0.02002192
0.02797818
0.02525496
0.02796626
0.02401233
0.01999545
0.02000046
0.02400088
0.02399921
0.02002168
0.02799702
0.01999450
0.02398872
0.02401876
0.02400398
0.02800226
0.02399588
0.02399659
0.02800989
0.02799940
0.02799726
0.02397203
0.02397442
0.02399683
0.01999998
0.02623320
0.02000833
0.02126169
0.02800560
0.02800012
0.02398753
0.03600454
0.04799795
0.04400229
0.03999805
0.02400231
0.02400327
0.02398801
0.02000403
0.02800202
0.02400637
0.02799964
0.02399683
0.02800369
0.02248693
0.02799344
0.02399325
0.02363420
0.02399874
0.02400303
0.02399850
0.02397537
0.02399588
0.02001333
0.01999855
0.02000189
0.02000189
0.02799177
0.02400661
0.02801204
0.02399564
0.02800465
0.02399707
0.01999426
0.02000070
0.01600003
0.01999855
0.01999760
0.01999807
0.01999998
0.02000332
0.02400136
0.02799773
0.02401805
0.01710558
0.02000117
0.02000284
0.02828670
0.02399468
0.02800465
0.02400374
0.02800322
0.02400470
0.02800107
0.02799392
0.03200388
0.02399969
0.02398014
0.02399564
0.02399945
0.02800012
0.03199530
0.02798915
0.02400255
0.02800250
0.02800083
0.02889609
0.03200364
0.03629732
0.02800131
0.02801394
0.03199744
0.02798724
0.02399611
0.02399921
0.03200006
0.03999710
0.04400253
0.03999877
0.03999925
0.03599834
0.03199911
0.01599979
0.02399993
0.02402115
0.02400684
0.02400780
0.02000666
0.02526546
0.02000284
0.02400255
0.02129292
0.01999164
0.01597047
0.01600075
0.01599956
0.02000141
0.01999950
0.01999998
0.01599813
0.01599789
0.01600003
0.01598144
0.01599956
0.01566815
0.01599979
0.01599932
0.02400088
0.02399492
0.02400351
0.02399611
0.01996899
0.02801847
0.02002263
0.02000046
0.01999998
0.02000332
0.02058458
0.02402925
0.02799726
0.02800465
0.02399898
0.01999784
0.01999688
0.01980233
0.02000213
0.02000070
0.02399778
0.02000570
0.02399707
0.02399898
0.02000260
0.01997137
0.02400231
0.02399921
0.01999831
0.02402115
0.02400160
0.02400684
0.02400494
0.02796721
0.02399993
0.02801991
0.02797151
0.02751374
0.02399921
0.02802086
0.02799749
0.02799845
0.02799439
0.02800608
0.02800012
0.02799988
0.02400327
0.03199482
0.02800107
0.03599930
0.03599811
0.03597546
0.01599526
0.01596522
0.01599956
0.01600075
0.01600099
0.01603055
0.01582503
0.01199865
0.01199865
0.01599669
0.01600647
0.02399921
0.01929402
0.02000189
0.02398777
0.02000022
0.01999664
0.02400851
0.01199841
0.01598883
0.01599908
0.01602125
0.01599956
0.01199841
0.01600003
0.01599908
0.01999927
0.02403545
0.02399516
0.01999426
0.02000356
0.01999927
0.01600432
0.01599932
0.01598382
0.02000189
0.02400756
0.02000141
0.02800250
0.01999831
0.03243661
0.02400565
0.02400136
0.02399993
0.02399421
0.02399373
0.02000165
0.02000093
0.02399993
0.02399945
0.02000093
0.01999903
0.02002788
0.02400088
0.02401590
0.02800035
0.02399778
0.02270055
0.02399898
0.02119231
0.02000141
0.02800584
0.02399564
0.01999950
0.02400112
0.02175426
0.02802777
0.02800536
0.02797365
0.02799964
0.02799773
0.02800298
0.02802896
0.03200650
0.03199410
0.02799559
0.02800035
0.04004288
0.03999829
0.04399323
0.02401567
0.01934528
0.02401495
0.02400088
0.02000165
0.02398920
0.02800155
0.02400351
0.02523661
0.02400017
0.02799702
0.02803707
0.02399421
0.02800441
0.01999664
0.02399468
0.01999998
0.02396321
0.02400994
0.02400160
0.02400017
0.02000117
0.02399874
0.01999927
0.02000237
0.01999283
0.02000117
0.02400422
0.02400374
0.02799416
0.02403736
0.02400374
0.01600170
0.02075171
0.01600122
0.02400088
0.02396441
0.02398300
0.02399564
0.02799726
0.03200293
0.02401233
0.02796507
0.02399254
0.02800083
0.02400231
0.02399969
0.02800322
0.02400088
0.02799797
0.02799964
0.03200006
0.02799892
0.04400325
0.04000187
0.04000020
0.02800250
0.02009296
0.02400756
0.02400708
0.02800226
0.02400708
0.02800083
0.02001357
