0.02400064
0.05199456
0.04399753
0.04000092
0.04001451
0.01999021
0.02800107
0.02000427
0.02102804
0.02400517
0.02800059
0.02401948
0.02000213
0.01999831
0.02000117
0.02799559
0.02000928
0.02800417
0.02397275
0.02400351
0.02799678
0.01999211
0.01653767
0.02000046
0.02117729
0.02629995
0.02833366
0.02399635
0.02799845
0.04400682
0.04400063
0.04856062
0.04398489
0.04400635
0.04400110
0.04399800
0.04400277
0.04000211
0.04000711
0.04396391
0.03999710
0.03999829
0.04248047
0.03597951
0.04117036
0.04400086
0.04399681
0.03999329
0.03754640
0.04000020
0.02000356
0.02000403
0.02000165
0.03200340
0.01997638
0.02400255
0.02840185
0.02797484
0.02399969
0.01998854
0.01539254
0.02000785
0.02653170
0.02399445
0.02400923
0.01999640
0.01599884
0.01599979
0.01599765
0.01600027
0.01600003
0.02000189
0.01599908
0.01597786
0.01598859
0.02800918
0.02399445
0.04400635
0.03508925
0.03600049
0.03600407
0.04000497
0.04128408
0.03998995
0.03506374
0.04400229
0.04399967
0.01999903
0.02000260
0.01999760
0.02000475
0.01888371
0.01600027
0.01599979
0.01999998
0.02800798
0.02400279
0.02385974
0.02400470
0.01728725
0.03200483
0.02523661
0.02400088
0.02400899
0.02400398
0.02000070
0.02000189
0.02000189
0.02003980
0.02399611
0.02798605
0.04611349
0.04400206
0.04000497
0.04017711
0.04800153
0.04225993
0.04402924
0.03999472
0.04399300
0.04399228
0.03600287
0.04399967
0.03599834
0.03599882
0.03600073
0.03599977
0.03199887
0.02085567
0.02000117
0.02400661
0.02799797
0.02399659
0.02399135
0.01993775
0.01600122
0.02113938
0.01996017
0.02000093
0.01600194
0.02000022
0.01600218
0.02400947
0.02400589
0.01599121
0.02003288
0.01600075
0.02000022
0.02400374
0.02399969
0.02398443
0.02221322
0.02399635
0.02867436
0.04800010
0.04122329
0.04000068
0.04075861
0.03599620
0.03599858
0.04400158
0.04000282
0.04211330
0.03500509
0.04000568
0.04400587
0.03599358
0.03600049
0.04000258
0.03865170
0.03997803
0.02400923
0.02003050
0.02400684
0.02400064
0.02000070
0.02001452
0.01833367
0.02000141
0.02523947
0.02399993
0.02399898
0.01599860
0.01601505
0.02249336
0.01996136
0.01999497
0.01998997
0.02000308
0.02400398
0.02400088
0.02000237
0.02000952
0.01599693
0.01999950
0.02000546
0.01999903
0.02399659
0.02400231
0.04399586
0.03599691
0.03599834
0.01599932
0.01599932
0.01600194
0.01999974
0.02000022
0.01600003
0.01599884
0.01999950
0.01824021
0.01601267
0.01599789
0.01599860
0.01599789
0.01599717
0.01622224
0.01599717
0.01599288
0.01599646
0.02000046
0.01915193
0.01999855
0.01599693
0.01599908
0.01599765
0.01599979
0.02000117
0.01999927
0.02400231
0.01894927
0.02000070
0.02400160
0.02000690
0.02399302
0.01999426
0.02799582
0.02000070
0.01999903
0.01743913
0.01600242
0.02000260
0.01701260
0.02000022
0.03200054
0.02808118
0.02601838
0.02926898
0.02799487
0.02799368
0.03201842
0.03201008
0.03121758
0.02399921
0.02400064
0.05199337
0.03999400
0.03999829
0.04521441
0.03999543
0.04002357
0.03599906
0.01600051
0.02397799
0.02397776
0.02549553
0.02799678
0.02522612
0.02397704
0.02799773
0.02800155
0.02397490
0.01804709
0.01600003
0.01999950
0.01999712
0.01997590
0.02000713
0.02799964
0.02821779
0.02817202
0.02000213
0.02002811
0.02399445
0.02399206
0.02800417
0.01600027
0.01604676
0.02039576
0.02800059
0.04400778
0.04402637
0.04400015
0.04399586
0.03999829
0.04001045
0.03599882
0.02535844
0.02800012
0.01600599
0.01599908
0.01999784
0.02927279
0.01999354
0.01597643
0.01999927
0.01999974
0.01999950
0.01599979
0.01600027
0.01600003
0.02000165
0.01999426
0.02400327
0.01599574
0.02000356
0.01600718
0.01599693
0.01597071
0.01598167
0.02400184
0.02400565
0.02073312
0.02399993
0.02399659
0.02400327
0.02399993
0.02000475
0.02799535
0.02000976
0.01601052
0.02797198
0.02399063
0.02400088
0.02400112
0.02799749
0.02400351
0.02838492
0.04400158
0.04399657
0.04800010
0.03843021
0.03599691
0.03598595
0.02419686
0.02800608
0.02800035
0.02400470
0.02000427
0.02400565
0.02400136
0.02400136
0.02070713
0.01999855
0.01599741
0.02399778
0.02399659
0.02860284
0.02399898
0.01992321
0.01600695
0.02000690
0.02799654
0.02802181
0.02289772
0.01999903
0.01701403
0.02094865
0.02112627
0.02400112
0.02400541
0.02400279
0.02400327
0.04000044
0.03599930
0.03865600
0.02501416
0.01709723
0.02133965
0.02000070
0.02399325
0.02400017
0.02799654
0.02800512
0.01695371
0.01999998
0.02101994
0.02003193
0.02123976
0.02000022
0.02400184
0.02397156
0.02399850
0.02000070
0.01999855
0.01997662
0.02399850
0.01999760
0.02400398
0.01999879
0.01999688
0.02212572
0.02400064
0.01999712
0.01999974
0.01999974
0.03599668
0.03592038
0.04020214
0.01600027
0.02399969
0.02400327
0.02926755
0.02399874
0.01998639
0.02000403
0.02799559
0.02656341
0.02401185
0.02527046
0.02400351
0.02400708
0.02400184
0.02000189
0.02800250
0.02768683
0.02402449
0.02400017
0.02399755
0.01999998
0.01999545
0.02399707
0.02338147
0.02399373
0.02522850
0.02296877
0.02399540
0.03200054
0.02000046
0.02402234
0.03200936
0.02800012
0.03086782
0.02799630
0.03443980
0.04400730
0.04804778
0.04000068
0.03764701
0.03707099
0.02399969
0.02000022
0.02315450
0.02399802
0.02400684
0.02307415
0.02400303
0.02299142
0.02399611
0.02800369
0.02399683
0.02000022
0.02400112
0.02400589
0.02400017
0.02400327
0.02802134
0.02399993
0.02399683
0.01599884
0.01999855
0.01800537
0.02324295
0.02400327
0.02401042
0.02400184
0.02396941
0.04399514
0.04353428
0.04000258
0.01999927
0.01999998
0.01996160
0.02796960
0.02400637
0.02885723
0.03200674
0.02205563
0.02400088
0.02124596
0.02799273
0.01999545
0.01999688
0.02378821
0.02399731
0.02399778
0.02400827
0.02400279
0.03200984
0.03035164
0.02399683
0.02219176
0.02119422
0.02399826
0.02400136
0.02003384
0.02400517
0.02000022
0.01999927
0.04400539
0.04004431
0.03599906
0.02001214
0.01999903
0.02000117
0.02775311
0.02801085
0.02785730
0.02507877
0.01513386
0.01999950
0.01999927
0.01781821
0.02002025
0.02399945
0.02399540
0.01999879
0.01999736
0.02105570
0.02000308
0.01600027
0.02000070
0.01999831
0.01999474
0.02400279
0.02402186
0.02925396
0.02836680
0.02400374
0.03200364
0.02390647
0.02399635
0.02397346
0.01999807
0.02400112
0.02495241
0.02306008
0.02400160
0.02800179
0.02797937
0.02400112
0.02799654
0.03200030
0.02399969
0.02399945
0.02282953
0.01999974
0.02400231
0.02400017
0.02397490
0.02400136
0.02399993
0.02397847
0.02400112
0.02800202
0.02400041
0.03015661
0.02800679
0.02798605
0.03200603
0.03200674
0.02799368
0.02635145
0.04000044
0.04399681
0.04800510
0.04399467
0.04802132
0.04395986
0.04000187
0.03999615
0.01958203
0.01600361
0.02000141
0.02121592
0.02388668
0.02452469
0.02925515
0.02400160
0.01999474
0.02800107
0.02395630
0.02400136
0.02000284
0.01408148
0.01600409
0.02000070
0.02397776
0.02400184
0.02798367
0.02000022
0.01599860
0.02000189
0.02470684
0.02400112
0.02400231
0.02400541
0.02400947
0.02399898
0.02399802
0.03601336
0.03608370
0.03600025
0.01999497
0.01999855
0.01601553
0.01998115
0.02000022
0.02000141
0.02012801
0.01999927
0.02400780
0.02399588
0.02799702
0.02400398
0.02800727
0.02211380
0.02688456
0.02800107
0.02525783
0.02399874
0.02001190
0.02000213
0.02799821
0.02399302
0.02399945
0.02398014
0.01999736
0.02402258
0.02800035
0.02400351
0.02399421
0.05167985
0.03599882
0.03591084
0.03599954
0.03899574
0.03600430
0.01999879
0.02402186
0.02116132
0.02002573
0.01999593
0.02000046
0.02399397
0.02397132
0.02360940
0.02799582
0.02130747
0.02400637
0.02400661
0.02399850
0.02000237
0.01999831
0.02140689
0.01999760
0.01599908
0.01599717
0.01600051
0.01600242
0.01999259
0.02000260
0.01995087
0.01999855
0.02944636
0.01999855
0.01599813
0.01999760
0.01999545
0.01998878
0.01999974
0.01999903
0.01600051
0.01999784
0.01809597
0.01600266
0.02000141
0.02401519
0.02801204
0.02397728
0.02399850
0.02399731
0.02401114
0.02802920
0.01995873
0.02000022
0.02394080
0.01999831
0.02400494
0.03203058
0.02800059
0.02730799
0.02452588
0.02525187
0.03197765
0.02799487
0.02799988
0.02799797
0.02800035
0.02397490
0.04198575
0.03809118
0.04000521
0.02403426
0.02799463
0.02800083
0.02000451
0.02000022
0.02400017
0.02400780
0.02396512
0.02400708
0.02527380
0.01999378
0.02000332
0.02000260
0.02000165
0.01600122
0.02070594
0.02002406
0.02000046
0.01999807
0.01999974
0.01998234
0.01997828
0.01599979
0.01999879
0.01999879
0.02001309
0.01599979
0.01757073
0.01599979
0.02000260
0.02000046
0.02400327
0.01999569
0.02000308
0.01759148
0.01600051
0.01998663
0.02991247
0.02869534
0.03200102
0.01999974
0.01999927
0.01999974
0.02000093
0.02018690
0.02243781
0.01600051
0.01844215
0.01700878
0.02400637
0.02800274
0.01600385
0.01600552
0.01599956
0.01600099
0.02000046
0.01845241
0.01600051
0.01704192
0.01600003
0.02000070
0.01717424
0.01599884
0.01599979
0.02000213
0.01548171
0.02399659
0.02800012
0.01818037
0.01999903
0.01600027
0.02399755
0.02399540
0.02003312
0.02399850
0.02400351
0.02000523
0.02616882
0.01999998
0.02399373
0.02116561
0.02400112
0.02400136
0.02000141
0.02399874
0.01999784
0.02402544
0.02104139
0.02399921
0.02735734
0.02400470
0.02400208
0.02523184
0.02800703
0.02400064
0.02399993
0.02210712
0.01599979
0.02000570
0.02399278
0.02000475
0.01599002
0.01999879
0.01999879
0.01998544
0.01598024
0.02067566
0.01599813
0.01999879
0.01999807
0.02000189
0.02000117
0.02399755
0.02399969
0.02400255
0.02568650
0.02800322
0.01999569
0.02000070
0.02400160
0.01999998
0.02399969
0.02800250
0.02802181
0.02799296
0.01999760
0.02393389
0.02400112
0.01999998
0.01999831
0.02400041
0.02000952
0.02000022
0.01999998
0.01999998
0.02000022
0.01599979
0.01976657
0.01605558
0.01999998
0.02000213
0.01553869
0.01998520
0.01600003
0.01600003
0.01717448
0.01999879
0.01802349
0.05200052
0.02001023
0.01999998
0.01999974
0.01979208
0.01632071
0.10517836
0.05999970
0.02400017
0.04000068
0.15199995
0.05999947
0.02203226
0.01600003
0.01599979
0.01999903
0.02010632
0.02000141
0.01599908
0.01999807
0.01999974
0.01717877
0.02207971
0.01829696
0.01599884
0.01599956
0.02015543
0.01999998
0.02000022
0.01696777
0.01599979
0.01599932
0.01599932
0.01999855
0.01974297
0.01999903
0.01999974
0.01999974
0.02399921
0.02000070
0.01716638
0.01803160
0.01463580
0.01599836
0.01600003
0.01600122
0.02115726
0.02000093
0.02000022
0.01999974
0.01511669
0.01603460
0.01600003
0.01999974
0.01999903
0.01902008
0.02400279
0.02120137
0.02399707
0.02400231
0.02400112
0.05200028
0.02062774
0.01999998
0.03600025
0.03200030
0.02103519
0.02399993
0.04399967
0.02799964
0.09200191
0.04838514
0.04000044
0.03599882
0.03999949
0.03600001
0.03806376
0.01599956
0.01673913
0.01871109
0.01664853
0.01703548
0.01599956
0.01600003
0.01220465
0.01600146
0.01428795
0.01599932
0.01597857
0.01600671
0.01707935
0.01998401
0.02397203
0.02000594
0.01600099
0.02800012
0.01999974
0.03340650
0.01599479
0.01599908
0.07200003
0.03527093
0.02799964
0.05600023
0.03631973
0.04400325
0.04000092
0.04402947
0.04400635
0.04102325
0.04000092
0.03206038
0.01597452
0.01596427
0.01600003
0.01600003
0.01598859
0.01599813
0.01858902
0.01999998
0.02001882
0.02127624
0.02009106
0.01999521
0.02271652
0.02000022
0.02000356
0.02400684
0.02400351
0.02000642
0.02516437
0.01599979
0.02002573
0.02427745
0.02399826
0.01999974
0.02000260
0.01905227
0.01600051
0.01599860
0.01606750
0.01599956
0.01600313
0.01599979
0.01599908
0.01575089
0.01999927
0.01600003
0.01599932
0.01717830
0.01600003
0.01461434
0.01599932
0.01599884
0.01768517
0.01600194
0.02000022
0.01717710
0.01600003
0.01600003
0.01999998
0.01600003
0.01599956
0.01599884
0.02000308
0.02400160
0.01604986
0.02000022
0.01599932
0.01600122
0.03599977
0.02399945
0.03599930
0.02400041
0.04000068
0.02799964
0.02000022
0.05403447
0.03600025
0.01999140
0.02399373
0.01823163
0.02116394
0.02053452
0.02210450
0.02002263
0.02392077
0.02060938
0.01999879
0.02004004
0.02116799
0.01999950
0.02000666
0.02000117
0.01999736
0.01998401
0.01999950
0.02400589
0.02400208
0.02400374
0.02400708
0.02398181
0.02523255
0.02403641
0.02400374
0.02401519
0.02399707
0.01875591
0.01601195
0.02000070
0.02001095
0.02402020
0.01999998
0.02000141
0.01999927
0.02000022
0.02266288
0.02400351
0.01700020
0.01999259
0.01986885
0.01999998
0.01999950
0.01999950
0.02400136
0.02527666
0.02395988
0.02398539
0.02668047
0.02402329
0.02399492
0.03199720
0.02000046
0.02000070
0.02399898
0.02800632
0.02800488
0.02799988
0.02399993
0.02799702
0.02800322
0.02800012
0.02799988
0.01998711
0.01999164
0.02490950
0.01999903
0.01999903
0.01999831
0.02399278
0.02399993
0.04400349
0.04399991
0.04399824
0.04524374
0.04400086
0.02800369
0.02399206
0.02399778
0.02803469
0.02399850
0.02736568
0.02800226
0.02799773
0.02800465
0.02799726
0.02800250
0.02400398
0.02400017
0.02354145
0.02801561
0.02929807
0.02799201
0.02739120
0.02398753
0.02399182
0.02889132
0.02398586
0.01999855
0.02000117
0.02000046
0.02798676
0.01999998
0.02797651
0.02399731
0.02397919
0.03809381
0.03602719
0.03599858
0.01600361
0.01600027
0.02533054
0.01599956
0.01999950
0.02000117
0.02220488
0.01600361
0.01599884
0.01999879
0.02056146
0.02399278
0.02799869
0.02399492
0.02000499
0.02400994
0.01999259
0.01599979
0.01599741
0.01999950
0.02399540
0.02400255
0.02399683
0.02003098
0.01999927
0.02105689
0.02399659
0.02400112
0.02797294
0.02399659
0.02800393
0.02399993
0.02400661
0.02792263
0.02728271
0.02800441
0.02800584
0.02800059
0.03199887
0.03199220
0.03165364
0.03199649
0.04400635
0.04400206
0.04400015
0.02400303
0.02800226
0.02400637
0.02816129
0.02399993
0.02795982
0.02799392
0.02400017
0.02800345
0.02878022
0.02400041
0.02925777
0.02800035
0.02399969
0.03199935
0.02400470
0.01600051
0.01999879
0.01999760
0.01599979
0.01999831
0.01999879
0.01931310
0.01837039
0.02000952
0.01599765
0.01721168
0.01999998
0.02399683
0.02399778
0.02398252
0.02399611
0.02636504
0.01600003
0.01602554
0.01600003
0.02000022
0.01600075
0.01736403
0.01999974
0.01599932
0.01717472
0.01600146
0.01800489
0.01599836
0.02000475
0.01599836
0.01600051
0.02000093
0.01999974
0.02400184
0.02400565
0.02400255
0.02405095
0.02400064
0.02400160
0.02399659
0.02399850
0.01999927
0.01999831
0.02003121
0.02800131
0.02767420
0.02000046
0.01999831
0.02076077
0.02000141
0.02116203
0.02399874
0.02400446
0.03202438
0.02799296
0.02209044
0.02399969
0.02400327
0.02800727
0.02799869
0.01999950
0.01997566
0.01999998
0.02400160
0.02797818
0.02514172
0.02364683
0.01999950
0.02000022
0.02799153
0.02401161
0.02800369
0.03227973
0.03200197
0.01909447
0.01999903
0.02116752
0.02326345
0.02399898
0.02399778
0.02399826
0.02115583
0.01999974
0.02400088
0.02400088
0.03198314
0.03197956
0.02798939
0.02800393
0.02800775
0.02800751
0.02639866
0.02800322
0.02802944
0.01999879
0.03600001
0.04002786
0.04000974
0.03034592
0.01600027
0.02000475
0.02800417
0.01598406
0.01355648
0.01999569
0.01599002
0.01719093
0.01999760
0.01600027
0.02002072
0.02400780
0.02399492
0.02589345
0.02800965
0.01999235
0.01599908
0.02002549
0.02001047
0.02399707
0.02799940
0.02399993
0.02397156
0.02676129
0.02399397
0.02400851
0.02799916
0.02399850
0.02400804
0.02542329
0.02799392
0.02800369
0.03201079
0.02799511
0.02800059
0.02000308
0.02399921
0.02799845
0.02799749
0.03502083
0.04800081
0.04402781
0.04401970
0.04400325
0.04400229
0.03999686
0.03716254
0.03602839
0.03600192
0.03599691
0.01997852
0.02002144
0.01998115
0.01999998
0.02127314
0.02000237
0.01600170
0.02001619
0.02000475
0.02000570
0.02002382
0.02400613
0.02399993
0.02397823
0.02399731
0.02402115
0.02400017
0.02400661
0.02400398
0.02402091
0.02399874
0.02399969
0.01703739
0.01745415
0.02363443
0.02000761
0.02117419
0.02380848
0.02399731
0.02399659
0.02400017
0.01600099
0.01994395
0.01599908
0.01599932
0.02002072
0.01599860
0.01599979
0.01599908
0.01600003
0.01621032
0.02000451
0.01999807
0.01998234
0.02399921
0.02399826
0.02400327
0.02799940
0.02399683
0.02400184
0.02398133
0.02800322
0.02809048
0.02401924
0.02399755
0.01966524
0.01999974
0.01999927
0.02100968
0.02398825
0.02399659
0.02400064
0.01999974
0.01727986
0.01600385
0.02000284
0.01999903
0.02000022
0.02399993
0.02400112
0.02400184
0.02800131
0.02801609
0.02800536
0.02399611
0.02349377
0.02400088
0.02401114
0.02400303
0.02396989
0.02800393
0.02798843
0.02399921
0.02399445
0.02530003
0.02399564
0.02401066
0.02799821
0.02799892
0.02399993
0.02399826
0.01999736
0.01999903
0.01999807
0.01999521
0.01599860
0.02262902
0.01802754
0.02399778
0.02799821
0.02800655
0.02800059
0.02800083
0.02399802
0.02399850
0.02399969
0.02430964
0.01999927
0.02000022
0.02400017
0.03999686
0.03599906
0.03599882
0.02799034
0.01600003
0.02000070
0.02425480
0.02000117
0.01599860
0.01599908
0.01599884
0.01599169
0.02000046
0.02399182
0.02574015
0.02399492
0.02533364
0.02612257
0.02398181
0.02399945
0.02400637
0.02800131
0.02581906
0.02399993
0.02403116
0.02123046
0.02400351
0.02798557
0.03200006
