0.02693033
0.02294374
0.02094197
0.01695466
0.01895237
0.02192593
0.01995015
0.01994705
0.01994658
0.01994848
0.02512360
0.02692914
0.02792501
0.02694893
0.02994037
0.03290844
0.03390932
0.03191805
0.03293633
0.04288054
0.03291488
0.03489852
0.04687595
0.05684376
0.04480982
0.04687715
0.04088521
0.04986787
0.03889441
0.05385590
0.01995015
0.02194619
0.02094460
0.02293324
0.02394199
0.02293992
0.02393723
0.02194142
0.02394605
0.02793288
0.02193999
0.02005911
0.02091885
0.01895165
0.01894641
0.02493644
0.02474570
0.02194929
0.02492714
0.02196693
0.01994419
0.01995230
0.02294278
0.02692509
0.02789950
0.02992678
0.03191161
0.03091812
0.03144407
0.02991700
0.03291297
0.03191495
0.03091621
0.02592969
0.02692294
0.03367233
0.02991652
0.02991724
0.02693009
0.02792835
0.02692938
0.02493072
0.04587674
0.04388285
0.03889799
0.04488277
0.02094960
0.02593136
0.02094316
0.01895118
0.02792835
0.02492929
0.02694917
0.02392697
0.02395797
0.01895189
0.02094412
0.02492690
0.01795173
0.02094316
0.02293682
0.02393556
0.02198386
0.02693081
0.02695990
0.02590799
0.02794123
0.02592278
0.02493763
0.02194166
0.02493072
0.03789735
0.04188871
0.04189372
0.02892089
0.02793026
0.02536941
0.02992678
0.02293634
0.02189207
0.02492809
0.02991962
0.02493286
0.02393842
0.02891636
0.02493811
0.02792025
0.03690553
0.03094935
0.02593684
0.02592468
0.02792549
0.02492952
0.02693033
0.02142572
0.02094388
0.03989530
0.04189062
0.04787445
0.04793596
0.01895237
0.01994634
0.01993990
0.02094412
0.02692962
0.03191352
0.03191423
0.01994681
0.01994848
0.02094603
0.01994848
0.02593088
0.01994658
0.01895356
0.01994777
0.01894712
0.02496600
0.02692890
0.02293801
0.02094841
0.02494049
0.02492929
0.02096868
0.02094698
0.02489758
0.02194023
0.01994658
0.02293801
0.02995133
0.02293944
0.02393675
0.02493644
0.02493548
0.02493548
0.03689551
0.03405261
0.02294159
0.03192949
0.04089212
0.03989244
0.02692962
0.02293801
0.02592754
0.02194285
0.02096248
0.02293968
0.02194142
0.02094603
0.02790356
0.02495193
0.02789330
0.02793336
0.02393317
0.02692413
0.02493644
0.02289104
0.01994824
0.01894784
0.01894855
0.01894951
0.02394295
0.02493691
0.02394652
0.02393460
0.02592659
0.02393126
0.02494192
0.02293992
0.02293849
0.02346873
0.02793002
0.02992177
0.02792382
0.05786705
0.05060625
0.05285835
0.04088759
0.02892065
0.02094078
0.02194500
0.02293849
0.02593803
0.02495241
0.02793121
0.02493119
0.02094817
0.02135682
0.02597094
0.02691793
0.02792954
0.02692819
0.02656794
0.02593589
0.02692866
0.02193832
0.02095246
0.01895094
0.01991677
0.02192187
0.01994777
0.01993585
0.02194381
0.02692246
0.01994705
0.02194309
0.02393603
0.02393174
0.02493501
0.02991462
0.02393651
0.02795792
0.02692938
0.02692819
0.02692628
0.02995753
0.02892399
0.03292084
0.02992201
0.03091788
0.03091884
0.03091741
0.02991986
0.03095460
0.05485249
0.03889608
0.04784918
0.05385590
0.04587674
0.01493120
0.01894760
0.01695275
0.02293968
0.02196908
0.02394080
0.01894760
0.01895833
0.01895452
0.01794744
0.01396418
0.01593709
0.01496029
0.01795149
0.01895404
0.02094460
0.01995635
0.01495838
0.01696277
0.01695633
0.02194786
0.02293849
0.02592683
0.01595950
0.01595759
0.02078867
0.02094197
0.02194476
0.02194667
0.02393413
0.02593231
0.02390790
0.02493572
0.02493548
0.02593374
0.02992678
0.02692175
0.03191185
0.02736044
0.02493024
0.02192521
0.02393603
0.02493453
0.02792597
0.03191519
0.02692938
0.02293706
0.02394009
0.02393532
0.02393460
0.02294755
0.02495456
0.02593017
0.02593136
0.02792692
0.02592182
0.02393913
0.02393126
0.02592921
0.02593207
0.02393770
0.02493620
0.02590823
0.02596259
0.02997327
0.02792525
0.02992535
0.02992320
0.03092456
0.02691650
0.02293849
0.02493238
0.02792525
0.03091860
0.04487586
0.05253959
0.04786825
0.05086446
0.02992511
0.02592516
0.02493596
0.03095698
0.02493668
0.02597785
0.02692389
0.02892232
0.02991843
0.02692795
0.02493072
0.02893329
0.02493429
0.02792931
0.02792573
0.02589631
0.02492285
0.01795220
0.02094364
0.02296066
0.02393699
0.02393413
0.02692127
0.02692175
0.02493954
0.05084896
0.05186129
0.04089260
0.04487920
0.04388261
0.02892327
0.01297188
0.01396203
0.01396155
0.01396465
0.01695299
0.01796269
0.01695728
0.01695704
0.01697826
0.01496100
0.01894617
0.02194095
0.02294612
0.01498175
0.01396155
0.01296592
0.01396322
0.01296568
0.01396418
0.01396465
0.01495981
0.01296568
0.01394939
0.01293659
0.01396418
0.01296592
0.01296544
0.01595926
0.01994228
0.01795363
0.01695442
0.01795650
0.01994967
0.01695275
0.01895452
0.02493143
0.01795101
0.01696825
0.01695442
0.02393937
0.01994658
0.02393889
0.02497220
0.02294064
0.01894975
0.01894879
0.02493048
0.02493501
0.02494025
0.02592468
0.02194405
0.02393532
0.01994801
0.02094150
0.01895142
0.02194238
0.02194285
0.02592683
0.02493691
0.02793407
0.02792668
0.02792144
0.02893066
0.02891159
0.02793026
0.02892780
0.02891541
0.02893138
0.02891898
0.03091621
0.02897239
0.03390646
0.03091788
0.03095222
0.02893043
0.02593470
0.02592850
0.02493382
0.02692986
0.02235818
0.02293873
0.02792692
0.02595687
0.02094555
0.02194142
0.02593613
0.05085397
0.04986548
0.04986978
0.01695514
0.01695561
0.01895094
0.01895308
0.01795244
0.01993704
0.01705146
0.01695251
0.01993227
0.02208495
0.01496196
0.01596069
0.01478577
0.02394223
0.01994252
0.01894736
0.01895356
0.01894403
0.01994634
0.01894665
0.01896811
0.02193856
0.02194667
0.02194142
0.02294230
0.02393556
0.02393341
0.02194333
0.02094293
0.02991247
0.03192377
0.02892184
0.03089166
0.02995014
0.03191590
0.02891374
0.03291035
0.02991390
0.02992821
0.03390884
0.02393579
0.02094412
0.02293944
0.02393413
0.02194071
0.01797009
0.01894975
0.01795459
0.01894999
0.01795387
0.01793385
0.02692962
0.02593398
0.02195978
0.01795363
0.01795292
0.01795077
0.01895189
0.01894927
0.01994181
0.01894903
0.01894951
0.02094650
0.02094388
0.01994395
0.02294683
0.02590108
0.02394557
0.02692699
0.02094245
0.01996303
0.01894975
0.01795340
0.01893210
0.02194452
0.02528024
0.01795173
0.01991725
0.02094340
0.01994610
0.02194190
0.02408719
0.02493572
0.02792382
0.03290677
0.02693105
0.02693057
0.03091621
0.02394080
0.02493477
0.02493167
0.02493119
0.02293849
0.02293849
0.02790093
0.02891564
0.02894902
0.02692842
0.02594233
0.02888775
0.02992201
0.02933455
0.02792430
0.03173256
0.02592969
0.02393651
0.02194381
0.02194142
0.02293921
0.02593613
0.02629471
0.02792525
0.02792215
0.02493215
0.02094460
0.02493763
0.02992272
0.03091240
0.02290750
0.02193999
0.02194023
0.02194047
0.02094531
0.02991986
0.02293730
0.02194190
0.02293730
0.02493382
0.02892089
0.03189087
0.02593064
0.02991486
0.02692604
0.05286050
0.05584526
0.02593136
0.02394271
0.02293730
0.01894999
0.02293873
0.02194715
0.01745224
0.01695466
0.01793075
0.01695561
0.01695585
0.01895070
0.01794958
0.01795554
0.01897216
0.01795101
0.01994658
0.01995111
0.01894808
0.02094936
0.02346301
0.01994562
0.01695466
0.01795197
0.01696849
0.01695657
0.01895046
0.02492237
0.02393913
0.02293968
0.02394104
0.02793336
0.02725816
0.02590704
0.02493024
0.02293754
0.02491236
0.01894903
0.02094483
0.01994753
0.02091861
0.13142014
0.02392101
0.02493548
0.02892184
0.02493477
0.02595687
0.02593136
0.02593017
0.02949333
0.02892065
0.02391267
0.02093005
0.02206802
0.02792835
0.02892256
0.02792549
0.02992105
0.02791142
0.02892351
0.02592874
0.02493882
0.02194190
0.02194142
0.02193975
0.02194214
0.02294016
0.03989601
0.04288554
0.04388261
0.01695490
0.01595640
0.01695514
0.01695633
0.02294397
0.02394533
0.02094984
0.01695180
0.01595807
0.01595640
0.01599479
0.01595807
0.01596165
0.01794910
0.01897240
0.01894784
0.01795268
0.01895118
0.02491355
0.02194738
0.01996994
0.01895285
0.01795411
0.01795220
0.01795554
0.01795101
0.01895165
0.01895118
0.01894712
0.01795030
0.01795149
0.01695657
0.01695538
0.01697874
0.02095604
0.02094078
0.02393436
0.02293229
0.01797986
0.01895046
0.01994681
0.02692294
0.02295232
0.01994824
0.01994753
0.01895118
0.01894975
0.01994586
0.02094364
0.01994681
0.01995015
0.01991725
0.02192879
0.02293444
0.02094626
0.02293897
0.02294111
0.03045297
0.02393508
0.02096844
0.01994634
0.01994824
0.01993370
0.02092814
0.01922584
0.02398872
0.02399969
0.01999879
0.01998234
0.01999688
0.01999903
0.01599932
0.02000093
0.01600027
0.01998425
0.02000093
0.02000117
0.01600003
0.01599956
0.02000213
0.01599956
0.01509547
0.02000260
0.01599836
0.01999426
0.02000022
0.01409030
0.01600051
0.02000213
0.02003551
0.02412415
0.02399206
0.02000022
0.02399707
0.01893497
0.01599669
0.01602745
0.01696610
0.02000022
0.02000022
0.02121520
0.01599932
0.01600075
0.01602244
0.02000237
0.02000618
0.01506639
0.01599884
0.01599932
0.01600146
0.02400422
0.01999211
0.02400064
0.01999903
0.01600170
0.01901603
0.02399516
0.02102947
0.02799916
0.02399588
0.01999760
0.02518487
0.02400875
0.02106476
0.02401400
0.02399802
0.02399826
0.02000523
0.02400351
0.02799559
0.02972651
0.03011703
0.03336549
0.02800155
0.02799821
0.02799773
0.04573607
0.03999686
0.04148054
0.03599906
0.03600001
0.04000187
0.01599979
0.01600051
0.01599956
0.01600003
0.01600099
0.01601243
0.01709390
0.02000642
0.02000332
0.02000022
0.01999736
0.02000570
0.02000070
0.01601100
0.01999640
0.02768755
0.01997352
0.01999688
0.01600194
0.01999998
0.02400374
0.01599765
0.01200223
0.01602340
0.01412821
0.01459718
0.01600146
0.01602745
0.01326632
0.01599836
0.01599979
0.01599836
0.01999640
0.02004313
0.02000594
0.02400303
0.02799916
0.02400374
0.02400708
0.02400231
0.01600051
0.01999974
0.02400351
0.01807165
0.01999903
0.01917219
0.02001214
0.02128267
0.02399755
0.01992130
0.02400041
0.02400851
0.02806377
0.03200626
0.02800226
0.03197813
0.02799129
0.02000022
0.02000141
0.01999903
0.02000093
0.02211857
0.02800298
0.02799511
0.02399755
0.02399874
0.02800107
0.02400064
0.03228641
0.02400041
0.03999782
0.04399967
0.03999400
0.04000044
0.04000020
0.03600097
0.01599765
0.02266479
0.02001667
0.02399731
0.02400613
0.01601672
0.01600075
0.01603007
0.01600003
0.01595831
0.01600075
0.02000117
0.02003407
0.01959658
0.01600027
0.01599979
0.01999927
0.01599860
0.01598358
0.01999879
0.02642560
0.01999760
0.01718736
0.01999974
0.01599956
0.01599836
0.02000594
0.02000213
0.02000499
0.01999855
0.01999593
0.01999545
0.02000046
0.02617478
0.01999664
0.02400565
0.02000117
0.02000928
0.02000403
0.02000165
0.02121782
0.02400327
0.02400446
0.02400136
0.02400327
0.01811552
0.02001286
0.02017331
0.02000022
0.01999903
0.02399635
0.02797675
0.03479743
0.02400017
0.01999760
0.02500796
0.01999831
0.01998591
0.02800322
0.02800155
0.02107072
0.01999712
0.01999831
0.02486801
0.02800393
0.02400064
0.01999927
0.02399850
0.02618217
0.02400446
0.02105093
0.02400088
0.02117348
0.01999950
0.02002072
0.01998019
0.01999903
0.01999831
0.02399993
0.02399945
0.01999927
0.02483869
0.02400470
0.02399802
0.02399802
0.01999879
0.02000165
0.02799106
0.02797890
0.02399755
0.01805234
0.01999998
0.02399707
0.01999950
0.02400041
0.01998520
0.01600003
0.02000022
0.02070713
0.02650547
0.01599932
0.02000046
0.02000284
0.02400637
0.02400279
0.02800131
0.01600051
0.02002287
0.01999807
0.01599884
0.01603770
0.02000308
0.02800322
0.03199434
0.02399516
0.01999927
0.02000237
0.02000165
0.02000165
0.01903033
0.02000046
0.02000070
0.01999927
0.01599979
0.02000022
0.01999950
0.01999998
0.02400160
0.02800250
0.02305698
0.02399921
0.02399898
0.01999927
0.01999974
0.01600075
0.01602578
0.02000022
0.02000141
0.02000141
0.02400064
0.01903033
0.01600027
0.01999927
0.01601648
0.01999998
0.01999927
0.02400017
0.02399254
0.02400994
0.02210093
0.02510691
0.02800322
0.02398920
0.02000189
0.02399588
0.02000022
0.02000213
0.02666736
0.02000046
0.01600027
0.01999903
0.01999974
0.01999855
0.02074885
0.01999640
0.01600051
0.02000499
0.01999974
0.02399683
0.02109337
0.01999855
0.02000022
0.01996827
0.02003360
0.02399826
0.02800131
0.02399516
0.01603317
0.01905656
0.02522898
0.02800131
0.02799559
0.02400231
0.02400446
0.02401900
0.02418733
0.02799988
0.02399826
0.02399683
0.02399373
0.03599644
0.03599882
0.03573036
0.02399850
0.01599932
0.01507330
0.01599765
0.02000093
0.01999855
0.01999950
0.01999998
0.02002358
0.02358818
0.02000761
0.02519393
0.01600194
0.01600027
0.01599979
0.02401161
0.02400351
0.01997924
0.02000046
0.01999903
0.01607585
0.02400160
0.02000046
0.02000427
0.02003455
0.01999974
0.01997662
0.02002025
0.02399802
0.02400231
0.01998234
0.02400684
0.02000523
0.02208114
0.02400231
0.01999855
0.01998615
0.02000451
0.02399969
0.02399445
0.03200936
0.02798510
0.02800751
0.02400994
0.02803135
0.02800679
0.02715063
0.02658772
0.02401233
0.02399755
0.02800345
0.02800417
0.03598094
0.03999734
0.03999877
0.02179456
0.01999927
0.01999784
0.02000380
0.02399492
0.01999521
0.01600003
0.01599932
0.01999807
0.02326822
0.02000141
0.01999760
0.02799487
0.01999998
0.01999927
0.01600027
0.01999736
0.01999831
0.02064967
0.01997972
0.02403021
0.02400208
0.02400327
0.02398229
0.01999688
0.02286959
0.01999640
0.02214813
0.02529240
0.01599765
0.01599979
0.02000189
0.01999998
0.02001619
0.02385116
0.01998615
0.01999927
0.01708150
0.01600242
0.01999855
0.01999879
0.02000022
0.01999927
0.01999903
0.02400088
0.01999640
0.02399659
0.02438831
0.02002311
0.01997948
0.01999855
0.02001190
0.02400351
0.02615023
0.03199744
0.01999831
0.01996708
0.01999974
0.01998854
0.02400112
0.02000237
0.02399778
0.01999784
0.02400327
0.02400160
0.02799749
0.02001143
0.01999974
0.01999807
0.01999950
0.02400351
0.01999831
0.02797890
0.02802658
0.04792428
0.03999710
0.03600311
0.01599932
0.01599956
0.02001834
0.02398467
0.01999712
0.01998353
0.02400041
0.02117562
0.02800703
0.01997757
0.02000785
0.02799439
0.02799344
0.02399874
0.01999998
0.01999402
0.01999974
0.01599789
0.01999879
0.01600003
0.01999784
0.01999855
0.02000356
0.01596165
0.01599908
0.01599860
0.01999664
0.01599503
0.01999807
0.02002645
0.01999998
0.01599908
0.01599765
0.01651907
0.02400064
0.02118254
0.01908851
0.01997066
0.02000093
0.01998448
0.02399969
0.02399802
0.01999784
0.01999950
0.02002311
0.01999927
0.02006125
0.02000046
0.01999974
0.02003360
0.02000022
0.01991844
0.01999092
0.01999879
0.01999998
0.02000189
0.02799773
0.02382946
0.02400208
0.02000570
0.02002120
0.01999950
0.02000713
0.01575732
0.01999688
0.01999974
0.01599956
0.01600075
0.02003193
0.01801634
0.01599860
0.01599932
0.01599908
0.01601839
0.01599979
0.01999807
0.01596212
0.02000093
0.01599836
0.01599979
0.02002740
0.01504683
0.01601171
0.01599765
0.02003837
0.02424788
0.02399850
0.02800322
0.02399826
0.03009343
0.02799344
0.01599860
0.01599741
0.02400661
0.02400064
0.01597595
0.02000022
0.01999712
0.01813793
0.01999140
0.01600003
0.01599932
0.01997590
0.01599813
0.01999879
0.02000046
0.01999998
0.02400184
0.02399826
0.02004647
0.01705694
0.02001619
0.01999950
0.01999903
0.01999950
0.01999855
0.01998806
0.01999521
0.02401304
0.02466607
0.02399945
0.02799916
0.02400637
0.01600051
0.01995850
0.02000260
0.01999879
0.01999664
0.02399993
0.01903486
0.01998425
0.01999998
0.02000213
0.02400112
0.01999688
0.01999855
0.01999927
0.02004766
0.02000093
0.02328300
0.02416229
0.02799916
0.02400351
0.02799797
0.02799702
0.02799940
0.02887154
0.02399659
0.02400064
0.02799153
0.03599072
0.04399896
0.04003477
0.03326702
0.02399969
0.02400041
0.01999950
0.02699137
0.02400947
0.02528048
0.02401304
0.01599908
0.01599979
0.01599932
0.01599884
0.02000403
0.02401567
0.02804542
0.02400017
0.02800179
0.01996183
0.01999879
0.01999998
0.02000022
0.01602077
0.02000093
0.02879524
0.02399969
0.02926397
0.02257013
0.01999974
0.01599956
0.02000070
0.01999950
0.01997590
0.02000141
0.02000022
0.01999927
0.01999927
0.01999974
0.01998758
0.02062106
0.01599908
0.01999927
0.02400041
0.02400160
0.02401686
0.02399993
0.02399993
0.02400255
0.02802587
0.01611829
0.02002239
0.01999855
0.02399755
0.01999950
0.02000046
0.01999831
0.01999927
0.01999974
0.02001405
0.02399707
0.03082347
0.02399707
0.02400064
0.02399683
0.02800393
0.02000093
0.02002168
0.01999760
0.02003431
0.02402520
0.02800417
0.02799296
0.02800465
0.02399540
0.02399921
0.02000213
0.02400446
0.02207279
0.02400184
0.02400160
0.02000141
0.02000022
0.02402091
0.02002478
0.03037167
0.02634263
0.02398396
0.02801609
0.03999972
0.03999901
0.03600025
0.01599669
0.01599932
0.01600504
0.01599908
0.01705408
0.02857351
0.02400351
0.02802205
0.02400661
0.01999784
0.02000117
0.01999998
0.01599836
0.01599836
0.01602125
0.01999950
0.01600051
0.02000260
0.01999927
0.01619291
0.01600099
0.02000189
0.02399397
0.01704717
0.01599813
0.01599860
0.01999760
0.01999903
0.01999569
0.02400398
0.01999497
0.01600480
0.01999664
0.01599956
0.01999998
0.02000213
0.01999974
0.02399778
0.02400470
0.01999950
0.01999950
0.02000046
0.02025151
0.02206802
0.02118897
0.01999807
0.01959825
0.01599932
0.01999879
0.01999831
0.01999903
0.01999855
0.02002287
