8.21997070
0.21138000
0.01198912
0.01599789
0.02398419
0.02008009
0.01199985
0.01600099
0.02127433
0.01600051
0.02000475
0.01600051
0.01999784
0.01999879
0.01600003
0.01600099
0.01199913
0.02593660
0.01431775
0.01599813
0.01719260
0.01600003
0.01600099
0.01602769
0.01599908
0.01999402
0.02400112
0.02000332
0.01600218
0.02397060
0.02225137
0.01199865
0.04798651
0.04000187
0.03999949
0.01999187
0.01999807
0.01599956
0.01599932
0.01598692
0.01600003
0.02399945
0.01999521
0.01599956
0.01598120
0.02137876
0.01600289
0.01974940
0.01572680
0.01965547
0.01975894
0.01599908
0.01978040
0.01600003
0.01600099
0.01978040
0.01999974
0.01601863
0.01599908
0.01599932
0.01601052
0.01599979
0.01599979
0.01600075
0.01600122
0.01600075
0.01600051
0.01599836
0.01600003
0.01600122
0.01600003
0.01600170
0.01200128
0.01600003
0.01600099
0.01600051
0.01597095
0.01599979
0.01599908
0.01599884
0.01599956
0.01599956
0.01600122
0.01199985
0.01600122
0.01392984
0.01600385
0.01572156
0.01197386
0.01599932
0.01576233
0.01199746
0.01579976
0.01199865
0.01599813
0.01600051
0.01600003
0.01197672
0.01600027
0.01599813
0.01599932
0.01585054
0.01599956
0.01566362
0.01600003
0.01406574
0.01599813
0.01599956
0.01599932
0.01599908
0.01599669
0.01600194
0.01599836
0.02276897
0.01811719
0.01599813
0.01595473
0.01318169
0.01600218
0.01199818
0.01600051
0.01577592
0.01599932
0.01500034
0.01595664
0.01599765
0.01200008
0.01200008
0.01600075
0.01599884
0.01600003
0.01570725
0.01600504
0.01600003
0.01999426
0.01604176
0.01602936
0.01599979
0.01599717
0.01599431
0.01200390
0.01600051
0.01599979
0.01597357
0.01389623
0.01600003
0.01598787
0.01600862
0.01597381
0.01599908
0.01598239
0.01599979
0.01599884
0.01600432
0.01599598
0.01199889
0.01200104
0.01577401
0.01575875
0.01599979
0.01603150
0.01488781
0.01199675
0.01199913
0.01575327
0.01590395
0.01720500
0.01601315
0.02000380
0.01998186
0.01999187
0.02000427
0.02000022
0.02000308
0.01599932
0.01600122
0.01600075
0.01474857
0.01999736
0.02399993
0.01999593
0.02000022
0.02000523
0.02800059
0.02399325
0.02799368
0.02046037
0.01999950
0.01721120
0.02800083
0.02000046
0.01999998
0.02399874
0.01999521
0.01999831
0.01975060
0.01999879
0.01999974
0.03200293
0.02400756
0.02799320
0.02800679
0.01997256
0.02002621
0.01999950
0.01999354
0.01999879
0.01999283
0.02402043
0.02399969
0.02002335
0.02357411
0.02399921
0.02120423
0.01999807
0.02801013
0.02928019
0.01999998
0.02402020
0.02122998
0.02401900
0.02401304
0.02402449
0.01999879
0.01999855
0.02001286
0.02400351
0.02398872
0.01600099
0.02620959
0.02400970
0.01999784
0.02000117
0.01999545
0.01997447
0.01929426
0.01600003
0.01977944
0.02000380
0.01997900
0.02000022
0.02000022
0.01998806
0.02398062
0.01999831
0.01599956
0.02000451
0.01999807
0.01599932
0.02000046
0.01984406
0.01600003
0.02000070
0.02000022
0.01599932
0.01973104
0.01600146
0.01599908
0.02401161
0.02401018
0.01986170
0.01599860
0.01599932
0.01999903
0.01599479
0.01600051
0.01600003
0.01993155
0.01988649
0.01599836
0.01599956
0.01600647
0.01600051
0.01975489
0.01603174
0.01599979
0.01716876
0.01602888
0.01600051
0.01724124
0.02267265
0.01999617
0.01600003
0.01998782
0.01720834
0.01598191
0.01599884
0.01599908
0.01598430
0.01599860
0.01598668
0.01599932
0.01597238
0.01599908
0.01600027
0.01599789
0.01199913
0.01599979
0.01599789
0.01601505
0.01600027
0.01602364
0.01599836
0.01745319
0.01437330
0.01999950
0.01599908
0.01599860
0.01600456
0.01598525
0.01582909
0.01600027
0.01572275
0.01574826
0.01599979
0.01599908
0.01728964
0.01167154
0.01575518
0.01199865
0.01599956
0.01579976
0.01600242
0.01601076
0.01600266
0.02000356
0.01599932
0.01600099
0.01599908
0.01599884
0.01599813
0.01600075
0.01599813
0.01600218
0.01599717
0.01600146
0.01599765
0.01600099
0.01999617
0.02000523
0.01599979
0.01600170
0.01505518
0.01599765
0.01600003
0.01999283
0.02399349
0.01999903
0.01600218
0.01599884
0.02341342
0.02400017
0.01999998
0.02000475
0.01599836
0.01601410
0.02000237
0.02000284
0.01999044
0.02001715
0.02400517
0.01999474
0.01999712
0.01600003
0.01599956
0.01978612
0.01599979
0.01999998
0.01597142
0.01600003
0.02000237
0.01599860
0.01600003
0.01599836
0.01599908
0.01600027
0.01599860
0.01599765
0.01598382
0.01599288
0.01603246
0.01600242
0.01598454
0.02221274
0.01813865
0.01999903
0.01601672
0.01727581
0.02000451
0.01599789
0.01998162
0.01199865
0.01600051
0.01600051
0.01999831
0.01599956
0.01589632
0.01599765
0.01599932
0.01594543
0.01600099
0.01595330
0.01599979
0.01598620
0.02003098
0.01602387
0.02000070
0.01600170
0.01580501
0.01587129
0.01597643
0.01999998
0.01998854
0.01600695
0.01598763
0.01597524
0.01599979
0.01200008
0.01844287
0.01309800
0.01599193
0.01599026
0.02000237
0.01602626
0.01982117
0.01599813
0.01975942
0.01982260
0.01600003
0.01580548
0.01572776
0.01199841
0.01200056
0.01599956
0.01582074
0.01600051
0.01201153
0.01598859
0.01599884
0.01599813
0.01599979
0.01602030
0.01599646
0.01999927
0.02000308
0.01998115
0.01597571
0.01199913
0.01599813
0.01601720
0.01870012
0.01437092
0.01599956
0.01580954
0.01718163
0.01599979
0.01600122
0.01599956
0.01670051
0.01632380
0.01598430
0.01202393
0.01199770
0.01600122
0.01201320
0.01599860
0.01602602
0.01600003
0.02000237
0.01598024
0.02398729
0.01599956
0.01599884
0.01600027
0.01600027
0.01601481
0.01601100
0.01599908
0.01601958
0.01600170
0.01600099
0.01600075
0.01600003
0.01600051
0.01601672
0.01600003
0.01599813
0.01600575
0.01600027
0.01599932
0.01600027
0.01434445
0.01599884
0.01571560
0.01604199
0.01572824
0.01578569
0.01999736
0.01997757
0.02167535
0.02000356
0.01999927
0.02000165
0.01999760
0.01999617
0.01999903
0.02000117
0.01600266
0.02267790
0.02399588
0.02129674
0.02399564
0.02400064
0.01599884
0.01600075
0.01598144
0.01601219
0.01599813
0.01599002
0.01599908
0.01999950
0.01578259
0.01592112
0.01739478
0.01599932
0.01577520
0.01599813
0.01601410
0.01600909
0.01599836
0.01599979
0.01600289
0.01599932
0.02000618
0.01999402
0.01996779
0.01599836
0.01600099
0.02002144
0.01999950
0.01599789
0.01599979
0.01600170
0.01999950
0.02002239
0.01599646
0.01200056
0.01573348
0.01599932
0.01600146
0.02000666
0.02400470
0.01599908
0.01600075
0.01600003
0.01600218
0.01599908
0.01969266
0.02400708
0.02000022
0.01599956
0.01600027
0.01572442
0.01600242
0.01593924
0.01599979
0.01574779
0.01599956
0.01600862
0.01603699
0.01975513
0.01600027
0.01600266
0.02399993
0.02400231
0.01999974
0.01599860
0.01599813
0.01575661
0.01599908
0.01599860
0.02000141
0.01999879
0.02400064
0.02396989
0.02324104
0.01684594
0.01600003
0.02400041
0.02119350
0.01600122
0.01600027
0.02399993
0.02799726
0.02399755
0.02397680
0.02399778
0.02399802
0.02000761
0.02000070
0.01999736
0.01999831
0.02400255
0.01999974
0.02400112
0.02399945
0.02399826
0.02000594
0.01999807
0.01599956
0.01999712
0.01597619
0.01600003
0.01599884
0.01582241
0.01598573
0.01599884
0.01600695
0.01599908
0.01320052
0.01599836
0.01600075
0.01599836
0.01600051
0.01599908
0.01599932
0.01599860
0.01599979
0.01600003
0.01599884
0.01999950
0.02000284
0.02000141
0.01599741
0.01999831
0.01599908
0.01999879
0.01599646
0.01599979
0.01599789
0.01999784
0.01999784
0.02000141
0.01999974
0.01999784
0.02000189
0.01999307
0.01600027
0.01999998
0.02000093
0.02563763
0.01999998
0.02400279
0.02127385
0.01999855
0.01599836
0.01599669
0.01599669
0.01571846
0.01200342
0.01565742
0.01599717
0.01599979
0.01590037
0.01574206
0.01586390
0.01599908
0.01569271
0.01999712
0.02400041
0.01599860
0.01599836
0.01599765
0.01571560
0.01599884
0.01599741
0.01599693
0.01320982
0.01599836
0.01999688
0.01599860
0.01599836
0.01600003
0.01599836
0.01870537
0.01601100
0.01599741
0.01618528
0.01200056
0.01199841
0.01575708
0.01580787
0.01569319
0.01580048
0.01587009
0.01558256
0.01599932
0.01576996
0.01199889
0.01199818
0.01575160
0.01572919
0.01577473
0.01599956
0.01600003
0.01574135
0.01599741
0.01602006
0.01199818
0.01996994
0.02000213
0.01599813
0.01599813
0.01999712
0.01599908
0.01600027
0.01600099
0.01599932
0.01600027
0.01199913
0.01199937
0.02010560
0.02000213
0.02399516
0.02401257
0.01599741
0.01999640
0.01599693
0.01199794
0.01592207
0.01594949
0.01600027
0.01572180
0.01581883
0.01570225
0.01600313
0.01747251
0.01600432
0.01599908
0.01575971
0.01722145
0.01574969
0.01970077
0.01599669
0.01599956
0.01583171
0.01596856
0.01200104
0.01600266
0.01593566
0.01198530
0.01599860
0.01599956
0.01600075
0.01599932
0.01600170
0.01599813
0.01437330
0.01599836
0.01602483
0.01999593
0.02000093
0.01601291
0.01599765
0.01599956
0.01599979
0.01600075
0.01599932
0.01600003
0.01198816
0.01574707
0.01198101
0.01599836
0.01599956
0.01599860
0.01598191
0.01599932
0.01599693
0.01599908
0.01199770
0.01599979
0.01599860
0.01599860
0.01200032
0.01199841
0.01198697
0.01199841
0.01597285
0.01600051
0.01600003
0.01600027
0.01599932
0.01599813
0.01199746
0.01601934
0.02243304
0.02400517
0.01199698
0.01323605
0.01592660
0.01599932
0.01197743
0.01599956
0.01600122
0.01600242
0.01600313
0.01598191
0.01199889
0.01599908
0.01574707
0.01581120
0.01599765
0.01572514
0.01583004
0.01573014
0.01199675
0.01600075
0.01500750
0.01600266
0.01600051
0.02000141
0.02120638
0.01998949
0.01597619
0.01595569
0.01576662
0.01600027
0.01601362
0.01197267
0.01579165
0.01573849
0.02402735
0.02399993
0.02090120
0.02000117
0.01999736
0.02000380
0.02000237
0.02000022
0.01997805
0.01999927
0.01999593
0.02000570
0.01599598
0.01599956
0.01599979
0.01600027
0.01598954
0.01602340
0.01599979
0.01599765
0.01599836
0.01600242
0.01199841
0.01201868
0.01574492
0.01568937
0.01574898
0.01568031
0.01599622
0.01571345
0.01600003
0.02000523
0.01599789
0.02002239
0.01999855
0.01602054
0.01585293
0.01599908
0.01200032
0.01592851
0.02242851
0.02397203
0.02000093
0.02129197
0.01599979
0.01505184
0.01547694
0.01201820
0.01573300
0.01600194
0.01587772
0.01569510
0.01700354
0.01575994
0.01599789
0.01602745
0.01569533
0.01574492
0.01200795
0.01598573
0.01600122
0.01599932
0.01599836
0.01600099
0.01600003
0.01600051
0.01599979
0.01597786
0.01599979
0.01594090
0.01200271
0.01600122
0.01600122
0.01199937
0.01600099
0.01599836
0.01599956
0.01600051
0.01599860
0.01599979
0.01492810
0.01199555
0.01600051
0.01317501
0.01582122
0.01587510
0.01199961
0.01574469
0.01569557
0.01588202
0.01600003
0.01603365
0.01599717
0.01599407
0.01999664
0.01999760
0.01600099
0.01600218
0.01598382
0.01199985
0.01589966
0.01565695
0.01580071
0.01582122
0.01601720
0.01201677
0.01568532
0.01599956
0.01200271
0.01581359
0.01200891
0.01584792
0.01574850
0.01571250
0.01585555
0.01577902
0.01572895
0.01588964
0.01599860
0.01581907
0.01599932
0.01153398
0.01599479
0.01599908
0.01599622
0.01600361
0.01200032
0.01568604
0.01199818
0.01199865
0.01599717
0.01599050
0.01600003
0.01599813
0.01599836
0.01599646
0.01597643
0.01600623
0.01599932
0.01199675
0.01200247
0.01199937
0.01591372
0.01586151
0.01595807
0.01599789
0.01581407
0.01200008
0.01600099
0.01599884
0.01600599
0.01599956
0.01599669
0.01586294
0.01587343
0.01601529
0.01600075
0.01599765
0.01601267
0.01599813
0.01600003
0.01600337
0.01599908
0.01599979
0.01610994
0.01199961
0.01600480
0.01599908
0.01600146
0.01600146
0.01598740
0.01199985
0.01580644
0.01577926
0.01580262
0.01600099
0.01599979
0.01578546
0.01599836
0.01200271
0.01599956
0.01199985
0.01200056
0.01200080
0.01580024
0.01598477
0.01598763
0.01572132
0.01575923
0.01574683
0.01600003
0.01570463
0.01199841
0.01572847
0.01599908
0.01591420
0.01199961
0.01601267
0.01199913
0.01575017
0.01600718
0.01600504
0.01599669
0.01736116
0.02399707
0.01599669
0.01720691
0.01600075
0.01200652
0.01578140
0.01570106
0.01600266
0.01764441
0.01360726
0.02399445
0.02139735
0.01599145
0.01599813
0.01199913
0.01599932
0.01199818
0.01599836
0.01600099
0.01199841
0.01599908
0.01600027
0.01601672
0.01599717
0.01581740
0.01199937
0.01586604
0.01584172
0.01581240
0.01600051
0.01599956
0.01599884
0.01599836
0.01600027
0.01599956
0.01600146
0.01199651
0.01599956
0.01199985
0.01473761
0.01301193
0.01600099
0.01199627
0.01721716
0.01200294
0.01200342
0.02000308
0.01999760
0.01999426
0.01599932
0.01600003
0.01200175
0.01600075
0.01599860
0.01599836
0.01599979
0.01597834
0.01599765
0.01600051
0.01599860
0.01569724
0.01570773
0.01599979
0.01599789
0.01999760
0.01602745
0.01600599
0.01199937
0.01199913
0.01199841
0.01583862
0.01600027
0.01565027
0.01572037
0.01197863
0.01600099
0.01599884
0.01599932
0.01599979
0.01599836
0.01600003
0.01600122
0.01823235
0.01999426
0.01599932
0.01600599
0.01201534
0.01583576
0.01577067
0.01599956
0.01570654
0.01600671
0.01599884
0.01600099
0.01599860
0.01602435
0.01599860
0.01599789
0.01599860
0.01599884
0.01600289
0.01601505
0.01600170
0.01600099
0.01597595
0.01599860
0.01599836
0.01599908
0.01599884
0.01599383
0.01198792
0.01598024
0.01591706
0.01599932
0.01598597
0.01201820
0.01199889
0.01502633
0.01600146
0.01599836
0.01600122
0.01200008
0.01200008
0.01200128
0.01599932
0.01601934
0.01600075
0.01600289
0.01717114
0.01199675
0.01199985
0.01568937
0.01600504
0.01564860
0.01599789
0.01199937
0.01199961
0.01599979
0.01599932
0.01601696
0.01599979
0.01599932
0.01599908
0.01599956
0.01599813
0.01572275
0.01567268
0.01577330
0.01200223
0.01599741
0.01569414
0.01717448
0.01999998
0.02000189
0.01999950
0.01600051
0.01600075
0.01599026
0.01999736
0.01599550
0.01568151
0.01574826
0.01199961
0.01578856
0.01599789
0.01600003
0.01599979
0.02000022
0.01599932
0.01998305
0.02002501
0.01599813
0.01599956
0.01599908
0.01511240
0.01372862
0.01599979
0.01599884
0.01602435
0.01567006
0.01599860
0.01599884
0.01718450
0.01599979
0.01599956
0.01199913
0.01199961
0.01599932
0.02000165
0.01600122
0.01599741
0.01997328
0.01599741
0.01598191
0.01202703
0.01599860
0.01573753
0.01599669
0.01599979
0.01199865
0.01569128
0.01403999
0.01600456
0.01600933
0.01599789
0.01603150
0.01592350
0.01599884
0.01586604
0.01572323
0.02399993
0.02000093
0.01602149
0.01599813
0.01603079
0.01599979
0.01583147
0.01200390
0.01203704
0.01578546
0.01599336
0.01599932
0.01600051
0.01579475
0.01196885
0.01599836
0.01569223
0.01599884
0.01600027
0.01599932
0.01572275
0.01199770
0.01600242
0.01599741
0.01583147
0.01199937
0.01599884
0.01585054
0.01601529
0.01999927
0.01759505
0.02000666
0.01999974
0.02000237
0.02399302
0.01699257
0.01599813
0.01599860
0.01619172
0.01599956
0.01599884
0.01694417
0.01369882
0.01600003
0.01200080
0.01599884
0.01599908
0.02000237
0.02000570
0.01999784
0.02000141
0.01599979
0.01596975
0.01199841
0.01572394
0.01599884
0.01599932
0.01583290
0.01600432
0.01199889
0.01199913
0.01592159
0.01599979
0.01199841
0.01599813
0.01200104
0.01599789
0.01199794
0.01600099
0.01801133
0.01999974
0.02000141
0.01599860
0.01600409
0.01593018
0.01599932
0.01600003
0.01599765
0.01826572
0.01402617
0.01573968
0.01600242
0.01585364
0.01600289
0.01578712
0.01573157
0.01575971
0.01570368
0.01200294
0.01572251
0.01577544
0.01566482
0.01574445
0.01581812
0.01599956
0.01568961
0.01199675
0.01579881
0.01199889
0.01199937
0.01599813
0.01599789
0.01200056
0.01599932
0.01602292
0.01598048
0.01487875
0.01597548
0.01600003
0.01453161
0.01598215
0.01599884
0.01600623
0.01599979
0.01587009
0.01600409
0.01566005
0.01577044
0.01578665
0.01583004
0.01199889
0.01575279
0.01600146
0.01199961
0.01598048
0.01597381
0.02000141
0.01599741
0.01599979
0.01200199
0.01600122
0.01601577
0.01199961
0.01200080
0.01599884
0.01199794
0.01199985
0.01600003
0.01599836
0.01600027
0.01600027
0.01599860
0.01603246
0.01199961
0.01598716
0.01600170
0.01201463
0.01599956
0.01600051
0.01598597
0.01597881
0.01547432
0.01603103
0.01567030
0.01596785
0.01599789
0.01597047
0.01599932
0.01600218
0.01599813
0.01601028
0.01600099
0.01598191
0.01841760
0.01329470
0.01201320
0.01600242
0.01335931
0.01200008
0.01199985
0.01576233
0.01577282
0.01600051
0.01601768
0.01199627
0.01199889
0.01580167
0.01600075
0.01600671
0.01599360
0.01599956
0.01599908
0.01600027
0.01599813
0.01600575
0.01199961
0.01599979
0.01599956
0.01599908
0.01598716
0.01599813
0.01600599
0.02056456
0.01999354
0.01601434
0.01711321
0.01583576
0.01586366
0.01199889
0.01286173
0.01200128
0.01578927
0.01567054
0.01590157
0.01585054
0.01571560
0.01572371
0.01600075
0.01603532
0.01599908
0.01200366
0.01575613
0.01200080
0.01600456
0.01199937
0.01599908
0.01199841
0.01203179
0.01200056
0.01600027
0.01577449
0.01599908
0.01996994
0.01999760
0.01597762
0.01999998
0.02000690
0.02000093
0.01600099
0.01600313
0.01578164
0.01599956
0.01576447
0.01871490
0.01432490
0.01565099
0.01577067
0.01320601
0.01573586
0.01601553
0.01568484
0.01199913
0.01199961
0.01600051
0.01202250
0.01199985
0.01513433
0.01199913
0.01600456
0.01317334
0.01600003
0.01599979
0.01598644
0.01599813
0.01599908
