0.00799966
0.01999998
0.02114248
0.01999950
0.01999974
0.01999998
0.02400041
0.01999927
0.01999903
0.02000165
0.01999903
0.02135968
0.01999879
0.02116156
0.02000856
0.01998162
0.02000093
0.01999903
0.01998425
0.02399707
0.02399778
0.02800107
0.02399993
0.02800345
0.02399969
0.02158022
0.02000403
0.02399826
0.02118874
0.02401638
0.02800608
0.02800202
0.02800584
0.02800536
0.02806902
0.02799153
0.02799797
0.02796555
0.03200364
0.02799487
0.02800560
0.02399921
0.02376723
0.02800417
0.03199315
0.03200030
0.03347135
0.03198624
0.02924204
0.03600097
0.05599952
0.05199432
0.04399657
0.04400182
0.03601503
0.01580548
0.01972580
0.01599360
0.02002406
0.01996613
0.02000284
0.02399707
0.02399731
0.02000141
0.02000332
0.01999521
0.01999855
0.02000213
0.02400422
0.02399898
0.02644515
0.02000332
0.02399969
0.01999640
0.01999807
0.01999784
0.01999521
0.01702523
0.01600075
0.01600003
0.01719189
0.01599860
0.02400112
0.02402663
0.02399898
0.02399993
0.02400136
0.01599669
0.01999044
0.02000070
0.01999903
0.02400041
0.01997304
0.02800059
0.02803206
0.02703547
0.02400136
0.02399993
0.02799892
0.02400684
0.02400041
0.02000070
0.01999974
0.02003360
0.01978707
0.01999903
0.02800059
0.01999950
0.01997113
0.01972532
0.01999855
0.02399921
0.02800870
0.02799964
0.02399802
0.02000475
0.01999974
0.02000117
0.02400160
0.02399588
0.03200698
0.02799821
0.02759838
0.03199363
0.02800155
0.02002716
0.02389312
0.02405477
0.03200650
0.02399850
0.02400255
0.02399659
0.02399540
0.02399945
0.01999784
0.02441263
0.01839328
0.02364755
0.02374744
0.02519178
0.01999927
0.02399778
0.01602459
0.01599836
0.01601100
0.01599836
0.01600051
0.01599813
0.01599932
0.01599836
0.02001810
0.02399898
0.02648878
0.01599765
0.01600003
0.01602817
0.02000356
0.01999998
0.01600075
0.01597476
0.01599932
0.01628685
0.01600242
0.02000165
0.01599979
0.01783156
0.01599932
0.01982784
0.01599431
0.01599908
0.01599979
0.01599813
0.01999998
0.01599836
0.01600075
0.02000117
0.01599908
0.01600003
0.01999950
0.01599932
0.02402639
0.02399397
0.02400064
0.02399397
0.01999617
0.02000928
0.02118969
0.01601481
0.02400160
0.02400088
0.02399254
0.02592349
0.02798176
0.02529001
0.02799392
0.02800536
0.02799988
0.03199673
0.02800179
0.02799654
0.02799225
0.02800250
0.02799988
0.02400565
0.02799916
0.02400041
0.02917361
0.03200698
0.02800751
0.03200245
0.02800584
0.02799916
0.03200150
0.02800035
0.03200221
0.03199983
0.03199673
0.03200078
0.03199744
0.02800393
0.03200269
0.03600478
0.02800012
0.03599453
0.02799606
0.03198647
0.02799940
0.03200245
0.03172565
0.03200245
0.03599596
0.03200579
0.02799797
0.03198910
0.03199339
0.03199339
0.03200126
0.03200030
0.03199935
0.03200150
0.03600788
0.02802277
0.04802608
0.05199766
0.04400015
0.04403305
0.03600287
0.01989269
0.02213430
0.01600313
0.01573849
0.01590443
0.01783180
0.01601434
0.01199841
0.01199889
0.02399111
0.02396274
0.02399158
0.01599622
0.01603079
0.01600122
0.01574159
0.01599932
0.01596904
0.01200008
0.01599956
0.01199985
0.01201487
0.01599908
0.01199841
0.01599789
0.01600003
0.01599908
0.01600218
0.01600027
0.01999950
0.01599979
0.01999879
0.02391171
0.01742673
0.02000332
0.01999760
0.01999712
0.01999998
0.01726770
0.01600003
0.02000022
0.01999950
0.02000332
0.01999974
0.01999903
0.02001595
0.02399826
0.01821280
0.01999497
0.02000046
0.01720214
0.01999784
0.01599836
0.01599908
0.01599956
0.01999998
0.01600170
0.01599979
0.01999784
0.01999831
0.01999760
0.01599741
0.01599717
0.01599789
0.01999903
0.02000046
0.01999807
0.02000070
0.01999974
0.01600027
0.01599884
0.01599789
0.01999927
0.02000046
0.01600027
0.01600075
0.01599860
0.01199913
0.01600122
0.01599979
0.01600170
0.01599836
0.01599979
0.01599813
0.01599956
0.01600003
0.01599479
0.01600170
0.01259351
0.01599956
0.01199913
0.01199889
0.01603818
0.01600957
0.01566267
0.01599813
0.01599741
0.01600075
0.01578593
0.01577091
0.01200008
0.01599932
0.01599741
0.01905203
0.01600528
0.01600385
0.02716875
0.01600051
0.01601458
0.01601553
0.01599717
0.01999998
0.01999784
0.02400088
0.02000141
0.02400184
0.01999569
0.01600027
0.01988792
0.01990104
0.01600051
0.02000165
0.01599908
0.02000093
0.03199959
0.02399588
0.01599860
0.01999903
0.02000070
0.01999807
0.02399516
0.01999617
0.02000189
0.01999617
0.01999855
0.02372885
0.01999998
0.01999784
0.01999640
0.01599956
0.01601219
0.01999998
0.01983285
0.01600099
0.01599932
0.01980186
0.01973295
0.01999927
0.01997185
0.01600003
0.01967883
0.01576424
0.01599979
0.01599956
0.01599932
0.02000284
0.01999807
0.01866269
0.02000189
0.02120376
0.02002668
0.02000070
0.01999974
0.02000856
0.02016759
0.01664305
0.01999855
0.01999974
0.01999950
0.02118731
0.02000356
0.01999831
0.01599836
0.01601195
0.01599932
0.01602983
0.01977253
0.01599789
0.01599860
0.02000523
0.01999736
0.01999664
0.01999640
0.02000093
0.02000332
0.01999974
0.01577330
0.01600051
0.01600075
0.01600170
0.01581144
0.01200104
0.01600027
0.01577568
0.01569319
0.01599884
0.01600099
0.01568246
0.01599860
0.01575232
0.01201034
0.01600027
0.01602888
0.01600575
0.02000093
0.01999116
0.01599813
0.01999831
0.01599813
0.01601887
0.01599979
0.01600075
0.01602793
0.01600838
0.01599860
0.01599956
0.01599884
0.01600218
0.01599693
0.01600027
0.01578689
0.01569653
0.01600027
0.01599956
0.01569891
0.01999736
0.01600003
0.02001691
0.02400303
0.02000237
0.01999879
0.01999688
0.01999927
0.01999998
0.01999736
0.01516891
0.01999974
0.02000093
0.01719046
0.02800298
0.01999903
0.02399755
0.02000213
0.02000690
0.01599932
0.01589990
0.01972103
0.01985645
0.01602149
0.01600122
0.02000093
0.01600504
0.01600027
0.01599908
0.02000046
0.01599813
0.01998305
0.01599860
0.01600075
0.01602507
0.01599789
0.01600122
0.01599765
0.01599765
0.01999879
0.01598239
0.01199961
0.01600027
0.01999974
0.02399898
0.02000332
0.01600266
0.02399993
0.01741481
0.01600361
0.01600194
0.02000237
0.01599574
0.01598954
0.02002072
0.02001405
0.01999998
0.01999640
0.01600099
0.01599765
0.01599360
0.01999855
0.01999545
0.02000070
0.02000022
0.02003860
0.01599813
0.02000403
0.01999593
0.01999879
0.02000165
0.01999950
0.01199841
0.01592064
0.01600075
0.01600051
0.01576352
0.01460028
0.01200294
0.01602530
0.01723194
0.01999950
0.02061868
0.02399898
0.01996160
0.02398801
0.02001834
0.02400255
0.02400088
0.02402020
0.02400351
0.01999688
0.02399945
0.01999927
0.02400231
0.01999998
0.02000570
0.02004457
0.02000570
0.02000570
0.02000070
0.02399898
0.02000451
0.02399969
0.02000046
0.02000451
0.02399993
0.01600146
0.01602459
0.02000022
0.01599956
0.01978636
0.01999307
0.02253366
0.02400541
0.02400494
0.02000022
0.02399945
0.02400112
0.02000046
0.01999950
0.01999927
0.01999927
0.02000022
0.01999760
0.02000165
0.02799797
0.02399302
0.01600075
0.02000213
0.01600146
0.02000117
0.01600051
0.01599789
0.02000260
0.02000427
0.01600003
0.01600051
0.01599884
0.02000117
0.02001762
0.01999974
0.02000856
0.02000046
0.02000165
0.01999974
0.01701188
0.01999903
0.01599574
0.01599789
0.01688981
0.01581097
0.01969647
0.01600790
0.01999831
0.01997614
0.01998138
0.01999927
0.01999903
0.01599979
0.02000356
0.01998258
0.01599765
0.01999950
0.01999998
0.01999831
0.01949859
0.01599717
0.01599979
0.01718426
0.01576924
0.01566935
0.01566005
0.01584315
0.02000809
0.02032137
0.01998687
0.01999974
0.01723385
0.01599908
0.02000093
0.01999807
0.01933789
0.02000332
0.02400208
0.01600552
0.02000117
0.01999807
0.01976204
0.01999950
0.01599860
0.01999950
0.01600385
0.02001262
0.01960230
0.01999593
0.01600003
0.01600003
0.01600385
0.01971793
0.01600051
0.01579523
0.01600051
0.01600027
0.02000165
0.01599789
0.02000213
0.01599741
0.02000117
0.02000022
0.01998472
0.01999807
0.01600051
0.02001357
0.01603174
0.01599979
0.01999998
0.01971221
0.01599884
0.01998448
0.02000475
0.01999950
0.02000189
0.02000189
0.01601768
0.01598859
0.01573014
0.01581478
0.01575851
0.01599979
0.01599908
0.01599669
0.01600003
0.01602268
0.01599884
0.01600075
0.02000380
0.02000260
0.01599932
0.01600051
0.02000570
0.01600266
0.01602674
0.01199913
0.01599956
0.01572418
0.01569796
0.01600027
0.01577497
0.01574969
0.01602459
0.01599860
0.01602483
0.01999927
0.01600218
0.01200128
0.01600099
0.01600051
0.01573586
0.01599884
0.01600003
0.01599908
0.01600003
0.01600051
0.01199961
0.01600075
0.01199865
0.01600099
0.01599932
0.01597285
0.01599884
0.01599860
0.01600075
0.01598573
0.01599836
0.01600003
0.01599932
0.01600003
0.01599932
0.01599884
0.01600051
0.01600027
0.01600170
0.01203012
0.01599860
0.01600575
0.01600075
0.01599908
0.01199913
0.01567245
0.01573896
0.01579642
0.01581335
0.01568890
0.01199961
0.01590633
0.01572347
0.01599979
0.01199889
0.01580739
0.01199865
0.01946473
0.01600027
0.01599789
0.02000499
0.01599455
0.01599789
0.01599860
0.01600027
0.01599789
0.01999092
0.01599979
0.02000141
0.01600027
0.01200080
0.01574183
0.01199865
0.01199841
0.01202703
0.01600742
0.02000260
0.01599765
0.01600432
0.02003264
0.01599932
0.01602387
0.01599836
0.01599860
0.01600146
0.01600051
0.01599956
0.01600003
0.01599979
0.01997805
0.01600456
0.01599979
0.01598620
0.01599884
0.01574349
0.01719165
0.01397347
0.01579571
0.01572537
0.01718807
0.01599884
0.01599765
0.01599956
0.01599932
0.01599908
0.02000451
0.02400279
0.01600099
0.01999879
0.01999760
0.01999998
0.02000046
0.01601505
0.01599956
0.01999831
0.01998973
0.02000022
0.02150440
0.02000642
0.01999187
0.02399969
0.02400017
0.02400398
0.02398872
0.02399945
0.01599932
0.01796985
0.01599979
0.01600361
0.02800298
0.02400875
0.01999402
0.01599741
0.01602769
0.01965952
0.01599693
0.01997280
0.01583004
0.01999998
0.02000093
0.01600170
0.02000141
