0.01199985
0.01999974
0.01999974
0.01600528
0.01999879
0.01601005
0.01600051
0.01600122
0.01599932
0.01599932
0.01830840
0.01595259
0.01199865
0.01571608
0.01600146
0.01599932
0.01599956
0.01599002
0.01999998
0.01599908
0.02000189
0.01599884
0.02000356
0.01999998
0.01597619
0.02000189
0.01999760
0.01599956
0.01599908
0.02000237
0.02001357
0.01999736
0.01601028
0.01600003
0.01600099
0.01999974
0.01600099
0.01599884
0.02001786
0.01999640
0.01999784
0.01598382
0.01998425
0.01599789
0.02000356
0.01599979
0.02228999
0.01999664
0.02670217
0.01999426
0.01999831
0.02024460
0.02000022
0.02000093
0.01600027
0.01600003
0.01599932
0.01600170
0.01599979
0.01594639
0.01599908
0.01588702
0.01600027
0.01977611
0.01998067
0.01600051
0.01988411
0.01600003
0.01588774
0.02399707
0.01999354
0.01999831
0.01999950
0.01999855
0.01997280
0.01999855
0.01600003
0.01600099
0.01788044
0.01599836
0.01600075
0.01724291
0.01999998
0.02001214
0.01599956
0.01999760
0.01999950
0.01600933
0.01999974
0.01599979
0.01998353
0.01602149
0.01599956
0.01577711
0.01599860
0.01599932
0.01599836
0.01999879
0.01998162
0.01603556
0.01600027
0.02001929
0.01600051
0.01599956
0.01599932
0.01596212
0.01574302
0.01600885
0.01599789
0.01701593
0.01999998
0.01566744
0.01600027
0.01600099
0.01720357
0.01999998
0.01600003
0.01600027
0.01600003
0.01600099
0.01600099
0.01599836
0.01599884
0.01600742
0.01599932
0.01599979
0.01599979
0.01600075
0.01599860
0.01599884
0.01601481
0.01600027
0.01601458
0.01600051
0.01573730
0.01599836
0.01599813
0.01600051
0.01600003
0.01599932
0.01599884
0.01600099
0.01567578
0.01579428
0.01199961
0.01559472
0.01600075
0.01599860
0.01974082
0.01741505
0.01599908
0.01599908
0.01599717
0.01999927
0.02000117
0.01998162
0.01999760
0.02000189
0.01999998
0.01599956
0.01999855
0.02400208
0.02399826
0.01600051
0.02000141
0.01600003
0.02000117
0.01999879
0.01600218
0.01600027
0.01599956
0.01599979
0.02000093
0.01999927
0.01599669
0.01999903
0.02000022
0.02933145
0.02399659
0.01999879
0.01999807
0.02003098
0.02000546
0.02000618
0.01999736
0.01999307
0.01999950
0.01999974
0.02399874
0.01999831
0.01999950
0.02399778
0.02399731
0.02001977
0.02000117
0.01999903
0.02399874
0.01999903
0.01998830
0.01999831
0.01999974
0.01999402
0.01999998
0.01999998
0.01999688
0.02314019
0.01999950
0.02120829
0.01999712
0.02399945
0.02000046
0.01999807
0.02000093
0.01980805
0.01993561
0.01599956
0.01599765
0.02400017
0.02000213
0.01999974
0.02000070
0.01999903
0.02000284
0.01999998
0.01999950
0.02798486
0.02399445
0.02001357
0.01999950
0.01999950
0.01999974
0.01982880
0.01757073
0.01990318
0.01600027
0.01691794
0.01600504
0.01600027
0.01966572
0.01600003
0.01970053
0.01599932
0.01599884
0.01975942
0.01600480
0.01599932
0.01602411
0.01602244
0.01600051
0.01599145
0.01599193
0.02000141
0.01600122
0.01599813
0.01599956
0.01999974
0.02000117
0.02000093
0.01599956
0.01599956
0.01999879
0.01999784
0.02400064
0.02000451
0.01999784
0.01997423
0.01951170
0.01999974
0.01999950
0.01600194
0.01599860
0.02000546
0.02000189
0.02000880
0.01999998
0.02000332
0.01999903
0.01999950
0.02000237
0.02075052
0.01811099
0.02000022
0.01999831
0.01999974
0.02213097
0.02000046
0.01999927
0.01999927
0.02000022
0.01599979
0.01599908
0.01600027
0.02000046
0.02000213
0.01599884
0.01999950
0.02000070
0.01600051
0.01600003
0.01553535
0.01600003
0.01599956
0.01599979
0.01999927
0.01999950
0.01600122
0.01600003
0.01599956
0.01972914
0.01599884
0.01599789
0.01317716
0.01602507
0.01902699
0.01503682
0.01599860
0.01624727
0.01999974
0.01659894
0.02000356
0.02132297
0.01999879
0.01600146
0.01599884
0.01599956
0.01599932
0.01599908
0.01599979
0.01599956
0.01599979
0.01602316
0.01599956
0.01599979
0.01618266
0.02400851
0.01722288
0.02000356
0.01999617
0.01999998
0.02000213
0.01998973
0.01999855
0.01599956
0.01997900
0.01968837
0.01999974
0.01969099
0.01600218
0.01999855
0.01999903
0.01600075
0.01999831
0.01999950
0.01999760
0.02799654
0.01997209
0.01997828
0.01998162
0.01596355
0.01599932
0.01599765
0.01600027
0.01600361
0.01186705
0.01599932
0.01599956
0.02000284
0.01999879
0.01999927
0.01600170
0.01598382
0.01599741
0.01999855
0.02000213
0.01600075
0.01599884
0.01600170
0.01599956
0.01598787
0.01599836
0.01599884
0.01600099
0.01602960
0.01599813
0.02399945
0.01599979
0.01599693
0.01599765
0.01600003
0.01600194
0.01600432
0.02000070
0.01999998
0.01600146
0.02001929
0.01599288
0.01602554
0.01599956
0.02000046
0.01599932
0.02000022
0.01751280
0.01597929
0.02127934
0.02000189
0.01596189
0.01599956
0.01582766
0.01531792
0.01585102
0.01577663
0.01600051
0.02000690
0.02000022
0.01600003
0.01600122
0.01599884
0.01540542
0.01506758
0.01199770
0.01599932
0.01599789
0.01599860
0.01599860
0.01599765
0.01599765
0.01599860
0.01599765
0.01599908
0.01999927
0.01599836
0.01707768
0.01599789
0.01600027
0.01601291
0.01784539
0.01998472
0.01996660
0.02161717
0.02400446
0.02399850
0.02000332
0.01832294
0.01999927
0.01931047
0.01599979
0.01599908
0.01599932
0.01581812
0.01599884
0.01600027
0.01999974
0.01599050
0.01999640
0.01600194
0.01595759
0.01599932
0.01591253
0.01603127
0.01572013
0.02399611
0.02000189
0.01999998
0.02000093
0.01600075
0.01364446
0.01597404
0.01601148
0.01199460
0.01600218
0.02131033
0.02000165
0.01600003
0.01688695
0.01600099
0.01599836
0.01599956
0.01599956
0.01600051
0.01600051
0.01197314
0.01599979
0.01577854
0.02400279
0.01999426
0.01599813
0.01600003
0.01599884
0.01198077
0.01600122
0.01572251
0.01200032
0.01600027
0.01575089
0.01313686
0.01599860
0.01702285
0.01599979
0.01580739
0.01600170
0.01592898
0.01199961
0.01200008
0.01199841
0.01318812
0.01576853
0.01199841
0.01599956
0.01942873
0.01599884
0.01199222
0.01600432
0.01599860
0.01601601
0.01600051
0.01599956
0.01198554
0.01599789
0.01599932
0.01599956
0.01600051
0.01600099
0.01199961
0.01777816
0.01203322
0.01600051
0.01600003
0.01597333
0.01600456
0.01199961
0.01599860
0.01599956
0.01601267
0.01601148
0.01199961
0.01573181
0.01600075
0.01305485
0.01601219
0.01599860
0.01603985
0.02399778
0.02800298
0.02534628
0.01999831
0.01599741
0.01363540
0.01599121
0.01603770
0.01600027
0.01601481
0.01999974
0.01599765
0.01599789
0.01600075
0.01599789
0.01600003
0.02000093
0.01599956
0.01599932
0.01599073
0.02048659
0.01999927
0.01601887
0.01599979
0.01599908
0.01599956
0.01599932
0.01600027
0.01600289
0.01600051
0.01574612
0.01566076
0.01600170
0.01935935
0.01600003
0.01600266
0.01599908
0.01477766
0.01600051
0.01991963
0.01720834
0.01999950
0.01601243
0.01599932
0.01600146
0.01599860
0.01704121
0.01599789
0.01596761
0.01199841
0.01599979
0.01599979
0.01999903
0.01599884
0.01600075
0.01600194
0.01600003
0.01600003
0.01600003
0.01601219
0.01603317
0.01599860
0.01600003
0.01600027
0.01200008
0.01600003
0.01599813
0.01599860
0.01599884
0.01599884
0.01600051
0.01599622
0.02031136
0.02000356
0.02000046
0.01991940
0.01598930
0.01600003
0.01600122
0.01600027
0.01599836
0.01600051
0.01599908
0.01602435
0.01985192
0.01600432
0.02400088
0.02399015
0.01999378
0.02000189
0.01999640
0.01999712
0.01599979
0.01999950
0.01999927
0.01601863
0.01805902
0.02000141
0.01999974
0.01599860
0.01573420
0.01776004
0.01599860
0.01974440
0.01600051
0.01600122
0.01999974
0.01999998
0.01599813
0.01808333
0.01999974
0.01599908
0.01599813
0.01999760
0.01999736
0.01999927
0.01599908
0.01999807
0.01999021
0.01600099
0.01999927
0.01999092
0.01702046
0.01599836
0.01601386
0.01999927
0.01600218
0.02000260
0.02000093
0.02400732
0.02399492
0.01999998
0.02000070
0.02152729
0.02000141
0.01999950
0.02000117
0.01999807
0.01999903
0.02020669
0.01599932
0.01599932
0.01999927
0.01599789
0.01999807
0.02001691
0.01509762
0.01969218
0.01600003
0.01970530
0.01971316
0.01973844
0.01597977
0.01999998
0.01786804
0.01529789
0.01599956
0.01599813
0.01600480
0.01999664
0.02086449
0.01600099
0.01600075
0.01599979
0.01599956
0.01993299
0.01600027
0.01599860
0.01599860
0.01601315
0.01603651
0.01600027
0.01600051
0.01600027
0.01408768
0.01600432
0.02000332
0.01599860
0.02000546
0.01599813
0.01598930
0.02400708
0.01996231
0.01599956
0.01728559
0.01999760
0.01599813
0.01599860
0.01599813
0.01599813
0.01600051
0.01599884
0.01999974
0.01599669
0.02000046
0.01599860
0.01999855
0.01999903
0.01608372
0.01998806
0.01999736
0.01599836
0.01998401
0.01999998
0.01599836
0.01998615
0.01999784
0.01999927
0.01809740
0.01999784
0.02005482
0.02124023
0.02002001
0.02001905
0.01999927
0.02399850
0.02399921
0.02000022
0.01601672
0.02001905
0.01999950
0.01599813
0.01998043
0.01603079
0.01599813
0.02000070
0.01998687
0.01935768
0.01599979
0.01999712
0.01755619
0.01977134
0.01994109
0.01999998
0.01982689
0.01999855
0.01999807
0.01999784
0.01999450
0.02401948
0.02399993
0.02687478
0.01916814
0.01987052
0.01600099
0.01596951
0.02000093
0.01999974
0.01999927
0.01599956
0.02400446
0.02000070
0.02002358
0.02399731
0.01999736
0.01600003
0.01999903
0.01600599
0.01968265
0.01600003
0.01598239
0.01973271
0.01972389
0.01999879
0.01602793
0.01979089
0.01983571
0.01999807
0.01597357
0.02000070
0.01999950
0.01599836
0.01597500
0.01599956
0.01598549
0.01984882
0.01599956
0.01980972
0.01597571
0.01538730
0.01600027
0.01999903
0.02519417
0.02400303
0.02800083
0.02002430
0.01998544
0.01599956
0.01978517
0.01602817
0.01999879
0.02001929
0.02000332
0.01999974
0.02000093
0.02000022
0.01999187
0.01999736
0.01602483
0.01979423
0.01597738
0.01596761
0.01599979
0.01599741
0.01599979
0.01600122
0.01564407
0.01577735
0.01599193
0.01965904
0.02000070
0.01599908
0.01599860
0.01600647
0.01981950
0.02289677
0.01999807
0.02000022
0.01999545
0.01999855
0.01999974
0.01999903
0.02399802
0.01999831
0.01999712
0.01598907
0.01599956
0.01579785
0.01600003
0.01600027
0.01999831
0.01599932
0.01600003
0.01596689
0.01600027
0.01599741
0.01600122
0.02799368
0.01999640
0.01999927
0.02000260
0.02400088
0.01999784
0.01997662
0.01600075
0.01599932
0.01599646
0.01999855
0.01597428
0.01999974
0.01598263
0.01600480
0.01599860
0.01717567
0.01599908
0.02001953
0.01600361
0.01599932
0.01599860
0.01599956
0.01600122
0.01599741
0.01600432
0.01599956
0.01199865
0.01599956
0.01600003
0.01600003
0.01599836
0.01199865
0.01599836
0.01599789
0.01599956
0.01600099
0.01599789
0.01600099
0.01338553
0.01600122
0.01600003
0.01599789
0.01617718
0.01577711
0.01599932
0.01569295
0.01199818
0.01199985
0.01568365
0.01199961
0.01199818
0.01476932
0.01199841
0.01599956
0.01599932
0.01600575
0.01598620
0.01599765
0.01599932
0.01599813
0.01600122
0.01599884
0.01200175
0.01200008
0.01601839
0.01600051
0.01600027
0.01600027
0.01200008
