0.02000165
0.01600099
0.01599979
0.01599884
0.01600003
0.01200032
0.01200056
0.01200008
0.01200008
0.01599956
0.01600051
0.01600075
0.01199889
0.01599979
0.01600194
0.01199865
0.01599956
0.01600075
0.01199985
0.01199937
0.01600170
0.01600051
0.01600051
0.01600003
0.01600027
0.01199770
0.01599908
0.01600027
0.01599979
0.01600003
0.01599908
0.01600003
0.01599932
0.02000213
0.01600099
0.01599860
0.01599932
0.01600027
0.01600027
0.01600003
0.01599932
0.01600027
0.02000141
0.01600003
0.01599979
0.01599836
0.01600003
0.01599884
0.01599956
0.01599979
0.01599979
0.02000022
0.01600075
0.01999950
0.01600027
0.02000022
0.02000070
0.02000093
0.02000189
0.01999950
0.01999950
0.01600027
0.02000022
0.01599956
0.02000046
0.01600003
0.01600027
0.02000093
0.01999998
0.01600122
0.01599884
0.01599932
0.01600003
0.01999927
0.02000022
0.01600003
0.01999998
0.01999998
0.02000117
0.02000046
0.02000046
0.02000093
0.01999927
0.01600122
0.01599908
0.01599932
0.01599979
0.01600003
0.02064919
0.01599836
0.02000093
0.01599956
0.01999903
0.02000022
0.01599741
0.02000189
0.01600003
0.01599932
0.01599908
0.01600146
0.01600027
0.01600075
0.01599979
0.01600051
0.01600051
0.01600051
0.01899099
0.01318932
0.01597691
0.01600027
0.01602602
0.02000189
0.02001715
0.02398968
0.01600051
0.01600313
0.01566696
0.01599860
0.02131200
0.01599908
0.01599789
0.01599836
0.01600075
0.01599860
0.02000213
0.01599813
0.01999760
0.01721549
0.01599932
0.01599932
0.01576877
0.01600027
0.01599932
0.01598096
0.01999927
0.02000022
0.02800512
0.02399850
0.02799964
0.02583647
0.02800417
0.02131748
0.01975298
0.01999831
0.01659894
0.01979804
0.02000022
0.02400017
0.02399826
0.02002311
0.01998782
0.02002835
0.02000093
0.01599932
0.02003145
0.01999831
0.02399707
0.02506423
0.02799177
0.02399921
0.02000070
0.02282572
0.02031422
0.02800369
0.02799964
0.02401638
0.02800274
0.02399659
0.02399611
0.02399373
0.01999831
0.01911998
0.01999998
0.02403712
0.02799964
0.02799964
0.01999903
0.02399945
0.02400088
0.03200531
0.01999640
0.01999974
0.02001023
0.01999927
0.02381039
0.02399611
0.02399898
0.02399755
0.02399921
0.02399969
0.02401066
0.02399921
0.02607512
0.02399802
0.02400398
0.02399898
0.03203011
0.02796817
0.02799916
0.03200197
0.02399874
0.02800107
0.02400303
0.02797723
0.02802014
0.02629948
0.03199506
0.02921605
0.02800298
0.02798295
0.02800202
0.02398849
0.01999640
0.02567577
0.02400565
0.02799988
0.02799940
0.02799559
0.02399969
0.02100730
0.01999950
0.02379227
0.02400303
0.02375746
0.02399993
0.01999784
0.02000237
0.02399898
0.02401900
0.02399969
0.02400017
0.01999974
0.01999879
0.02400064
0.01999974
0.01999903
0.02400136
0.01999950
0.01999688
0.02400136
0.02400088
0.01979423
0.01999569
0.01999974
0.01600051
0.02000046
0.02000260
0.01999998
0.01999855
0.02121401
0.01865554
0.01999998
0.02623796
0.02399898
0.02399874
0.01999760
0.01999831
0.02399659
0.02397680
0.02399206
0.01599813
0.01997924
0.01600099
0.02002192
0.01999974
0.01599813
0.01999784
0.02000022
0.01984072
0.01974201
0.02000070
0.01999760
0.01599813
0.01592755
0.01973891
0.02000117
0.01999998
0.01599956
0.01999831
0.02000046
0.02000046
0.01900125
0.01600242
0.01599956
0.01599884
0.01599979
0.01599765
0.01602149
0.01599884
0.01600003
0.01601338
0.01595783
0.01999974
0.01599908
0.01999640
0.01999950
0.01600075
0.01599860
0.01600146
0.01599956
0.01599979
0.02000093
0.01599813
0.01600075
0.01999998
0.01599932
0.01573920
0.01597905
0.01436639
0.01987910
0.01600051
0.02000642
0.01599622
0.01978827
0.01999736
0.02000237
0.02400088
0.01868367
0.02000022
0.01999283
0.02129197
0.02399993
0.01999807
0.02210283
0.02400661
0.02399731
0.02400112
0.02400017
0.02088833
0.02158952
0.01999736
0.01599741
0.01996374
0.01600432
0.02399373
0.02796912
0.01999784
0.01599216
0.01599956
0.02000070
0.01999950
0.01974797
0.02400136
0.01999640
0.01999927
0.01975274
0.01597428
0.02000070
0.01999140
0.01599979
0.01601076
0.02121782
0.01598597
0.01998591
0.01599932
0.01599908
0.01673722
0.01599669
0.02799630
0.02800131
0.02400041
0.02000237
0.02127886
0.02000117
0.01599789
0.01599860
0.02000046
0.02456284
0.02400684
0.02799821
0.02399850
0.02399325
0.01597381
0.01987386
0.01599956
0.01983380
0.02800345
0.01999545
0.01999927
0.01599550
0.01986122
0.01599956
0.02000785
0.01979733
0.02002525
0.02400351
0.02399755
0.02799678
0.01999807
0.01997662
0.01999593
0.02266669
0.01874590
0.01999092
0.01999879
0.01973462
0.01600170
0.01975679
0.01600003
0.01599979
0.01599956
0.01571631
0.01599765
0.02000189
0.01600170
0.01576066
0.01599240
0.01574802
0.01600361
0.01602197
0.01599860
0.01599836
0.01599836
0.02000070
0.02000308
0.02000642
0.02399707
0.02399874
0.02400231
0.01999974
0.01999879
0.01999712
0.01600099
0.02000237
0.02000189
0.01599884
0.01599884
0.01596522
0.01199985
0.01600146
0.01600075
0.01600051
0.01601648
0.01599860
0.01599789
0.01600099
0.01600051
0.01578927
0.01812458
0.01570797
0.01599979
0.01600003
0.01599956
0.01599979
0.02000070
0.02142978
0.02000308
0.01999593
0.02400351
0.02399945
0.01999354
0.01578879
0.02400756
0.02800679
0.02800369
0.01999950
0.01599956
0.02001357
0.01599717
0.01966882
0.01599836
0.01986670
0.01599932
0.01596165
0.01597357
0.01600003
0.02000070
0.02002430
0.02400136
0.02800131
0.02399492
0.01599979
0.02000070
0.02800608
0.02400160
0.01999807
0.02000070
0.01600051
0.01991892
0.01981020
0.01997304
0.01600027
0.01999974
0.02400422
0.01997209
0.01999974
0.02400517
0.02001715
0.02400303
0.02000070
0.02000022
0.02001810
0.01571107
0.01598525
0.01599956
0.01600027
0.01976752
0.01599789
0.01599884
0.01593995
0.02000213
0.02399993
0.01997900
0.02399468
0.02400136
0.01999140
0.02400327
0.02000546
0.02398777
0.02000213
0.02399540
0.01998734
0.01999617
0.01599956
0.01567197
0.01599956
0.01599431
0.01599932
0.01986051
0.01600575
0.01695967
0.01484466
0.01578569
0.01720166
0.01600981
0.02000189
0.01599956
0.02399635
0.02400303
0.02399778
0.02399516
0.01601696
0.01600003
0.01599860
0.02000809
0.01998115
0.02800846
0.01999807
0.01968884
0.01599932
0.01999998
0.01598930
0.01999927
0.01600075
0.01601624
0.01974344
0.01600051
0.01602197
0.01569915
0.01897025
0.02008343
0.01605082
0.01671481
0.01931548
0.01904964
0.01789188
0.01716971
0.01667356
0.01464915
0.01609087
0.01663303
0.01615119
0.02039361
0.01636553
0.01691318
0.01477599
0.01674366
0.01651359
0.01276326
0.01659846
0.02072239
0.01655698
0.01694775
0.01759386
0.01999402
0.01599479
0.01599908
0.01598167
0.01599979
0.01999712
0.02399755
0.02000093
0.02399898
0.02400756
0.02000570
0.02400255
0.01599836
0.01502228
0.02400064
0.01599979
0.01563382
0.01199818
0.02399969
0.02399945
0.01599789
0.01600099
0.01638055
0.01600122
0.02000093
0.01999855
0.01999998
0.02000022
0.01999569
0.01999497
0.02000523
0.01998782
0.01601171
0.02526689
0.02401900
0.01999140
0.01599956
0.01199841
0.01588726
0.01603293
0.01600003
0.01999974
0.01988864
0.01999950
0.01999903
0.01978922
0.01997089
0.01581478
0.01598620
0.01600075
0.01999712
0.01503134
0.01600003
0.01599908
0.01572108
0.01599908
0.01599932
0.01600122
0.01599813
0.01599932
0.01598239
0.01600194
0.01599932
0.01602101
0.01601219
0.01687860
0.01575303
0.01600003
0.01600027
0.01602626
0.01599932
0.01199985
0.01582623
0.01187015
0.01599789
0.01599979
0.01599884
0.01199913
0.01199889
0.01200008
0.01602983
0.01599956
0.01589966
0.01599860
0.01600599
0.01600027
0.01600289
0.01599836
0.01578403
0.01601887
0.01200128
0.01600051
0.01598120
0.01599860
0.01599932
0.01300621
0.01599813
0.01599836
0.01600075
0.01598692
0.01600981
0.01600409
0.01199961
0.01300406
0.01600051
0.01601124
0.01596856
0.01599979
0.01489711
0.01600194
0.01600122
0.01200008
0.01599836
0.01599669
0.01599956
0.01600051
0.01599956
0.01599979
0.01600885
0.01201606
0.01469803
0.01599979
0.01199961
0.01600003
0.01600981
0.01200056
0.01595092
0.01600051
0.01599932
0.01579094
0.01979542
0.01318622
0.01597214
0.01600003
0.01600456
0.01999831
0.01599789
0.01544976
0.02000642
0.02000213
0.01999998
0.01999259
0.01600385
0.01999807
0.02000380
0.01999831
0.02400184
0.02400661
0.01999474
0.01999402
0.01596761
0.01999927
0.01599789
0.01979065
0.01600432
0.01601028
0.01599956
0.01999760
0.01599979
0.01999807
0.02011228
0.01408148
0.01599932
0.01599908
0.01599813
0.01600146
0.01599884
0.02801490
0.02402449
0.02000189
0.02276182
0.01807022
0.02400017
0.02001071
0.02800155
0.02400804
0.03599524
0.01999760
0.01999855
0.01999927
0.02399468
0.02400279
0.02400208
0.02403235
0.02400088
0.02497578
0.02399874
0.02399659
0.01999617
0.01600122
0.01599908
0.01600170
0.01599264
0.01599813
0.01599956
0.01601315
0.01897550
0.02000165
0.01599646
0.01623273
0.02000189
0.01843929
0.01999688
0.01999807
0.01600003
0.02000189
0.01998162
0.01598692
0.01599860
0.01599908
0.01599932
0.01600909
0.01600456
0.01573420
0.01599956
0.01580191
0.01600003
0.01600075
0.01600122
0.01599979
0.01599979
0.01599956
0.01199937
0.01521873
0.01600099
0.01602888
0.01599956
0.01715589
0.01600075
0.01599836
0.01599860
0.01325130
0.01601624
0.01600075
0.01736951
0.01575065
0.01599789
0.01998258
0.02000046
0.02399373
0.01996922
0.02400327
0.02000117
0.01600337
0.01602745
0.01791859
0.01599932
0.01600146
0.01594067
0.01600051
0.01600027
0.01600122
0.01580954
0.01198149
0.01576376
0.01600146
0.01600504
0.01601148
0.01999569
0.01999927
0.02000237
0.01999950
0.01999950
0.01599503
0.02000046
0.02000093
0.02400112
0.02000141
0.01712322
0.01599979
0.01598525
0.01600075
0.01999998
0.01988888
0.01599979
0.01599979
0.01599908
0.01999974
0.01999831
0.01600027
0.01599860
0.02000046
0.01999998
0.01973248
0.01598573
0.01978374
0.01600003
0.01603508
0.01602411
0.01603532
0.01599908
0.01576567
0.01599193
0.01600003
0.01427007
0.01999784
0.02399611
0.01999569
0.01999593
0.02424550
0.02000523
0.02002072
0.02002120
0.01600003
0.01599669
0.01988339
0.01599765
0.01600027
0.01591063
0.01592422
0.01599956
0.01569271
0.01966834
0.01461434
0.01599669
0.01599932
0.01600671
0.02000237
0.02237272
0.02399898
0.01999974
0.02400589
0.02000117
0.01999807
0.01599908
0.01577330
0.01601672
0.01599836
0.01599669
0.01573014
0.01599956
0.01600003
0.01573896
0.01599860
0.01602769
0.01571536
0.01577878
0.01599908
0.01600003
0.02448368
0.01999807
0.01599145
0.01600051
0.01599884
0.01981187
0.01599932
0.01999950
0.01599979
0.01602292
0.01599884
0.01599789
0.01599908
0.01686525
0.01969838
0.01599979
0.01575398
0.01567650
0.01600027
0.01598430
0.01483703
0.01405978
0.01599574
0.01599789
0.01591396
0.01599979
0.01600075
0.01599932
0.01599956
0.02400041
0.02000237
0.02400017
0.02399850
0.02399755
0.02400160
0.02399945
0.02402067
0.01999283
0.01600027
0.01600122
0.01590776
0.01600051
0.01599836
0.01598668
0.01599860
0.01600051
0.01600003
0.01600099
0.01581168
0.01598001
0.01600122
0.01589370
0.01572418
0.01600075
0.01585054
0.01200008
0.01599932
0.01599741
0.01200032
0.01198721
0.01199961
0.01200032
0.01199889
0.01199770
0.01599813
0.01599956
0.01200843
0.01711297
0.01600003
0.01578283
0.01600528
0.01725721
0.01600051
0.01582170
0.01999760
0.02187753
0.01579928
0.01999807
0.01997924
0.01600385
0.02399826
0.01999617
0.01200032
0.01579881
0.01599789
0.01599908
0.02000189
