0.02132750
0.01600862
0.01587439
0.01599956
0.01600218
0.02400517
0.02399492
0.02400541
0.02554584
0.02000690
0.01999879
0.01598191
0.01598597
0.01463461
0.01599979
0.01599884
0.01600075
0.02400398
0.02400327
0.01999998
0.01999998
0.01999640
0.01599646
0.01583028
0.01603341
0.01600385
0.01600075
0.01720285
0.01599836
0.01600027
0.01600027
0.01600075
0.01600742
0.01600099
0.01599908
0.01576543
0.01600122
0.01199818
0.01577091
0.01595688
0.01599789
0.01599956
0.01575136
0.01599932
0.01599932
0.01600075
0.01599884
0.01598573
0.02000165
0.02002287
0.01999831
0.01767206
0.01999903
0.01999879
0.01600337
0.01599908
0.01599717
0.01599836
0.01599956
0.01599884
0.01599884
0.01713514
0.01599860
0.02400064
0.01599956
0.01599932
0.01599693
0.01599979
0.01599813
0.02400327
0.02000189
0.01999784
0.01599932
0.01574850
0.01599765
0.01599956
0.01599956
0.01599956
0.01599979
0.01999664
0.01999998
0.01599908
0.01599789
0.01599669
0.01999879
0.01599813
0.01599860
0.01999760
0.02000141
0.01599717
0.02400017
0.01999927
0.01999474
0.01599979
0.01999998
0.02400208
0.02130628
0.02399755
0.02300453
0.01599932
0.01971436
0.01972628
0.01599884
0.01599813
0.01599956
0.01599932
0.01599884
0.01599860
0.01999807
0.01600051
0.01981854
0.01693916
0.01979756
0.01599693
0.01965094
0.01599789
0.01599884
0.01966572
0.01999927
0.01999927
0.01999807
0.01997495
0.01999760
0.02399802
0.01599526
0.01599884
0.01599884
0.01999855
0.01999950
0.01599503
0.01601648
0.01600361
0.01574588
0.01599932
0.01599813
0.02000189
0.02000260
0.01908350
0.01999712
0.01599956
0.01600051
0.01622510
0.01599836
0.02000022
0.01599741
0.02000022
0.01599789
0.01599813
0.02000260
0.01790977
0.01599717
0.01199865
0.01599956
0.01578569
0.01999903
0.01600099
0.01999831
0.01999760
0.01600003
0.02000189
0.01599813
0.01199841
0.01676774
0.01404238
0.01599884
0.01599598
0.01999950
0.01599622
0.02000046
0.01599789
0.01599741
0.01599932
0.01599789
0.01599813
0.01599693
0.01589823
0.01599956
0.01599884
0.01599765
0.01480794
0.01600194
0.01594687
0.01599836
0.01599932
0.01599789
0.01599908
0.01594329
0.01199746
0.01199913
0.01600099
0.01599813
0.01599717
0.01600027
0.01600099
0.01599956
0.01599884
0.01599932
0.01449800
0.01597261
0.01599932
0.01600099
0.01600432
0.01600146
0.01600266
0.01600194
0.01600075
0.01200008
0.01599312
0.01600242
0.01600027
0.01600075
0.01599884
0.01599979
0.01600099
0.01599979
0.01600003
0.01198721
0.01599979
0.01999998
0.02000093
0.02400017
0.02000690
0.01999903
0.01600027
0.01700377
0.01599908
0.01999760
0.01600027
0.01599360
0.01199961
0.01201701
0.01599836
0.01599908
0.01599813
0.01643133
0.01492286
0.01600575
0.01599503
0.01600432
0.01602340
0.01599741
0.01599956
0.01600170
0.01599932
0.01600075
0.01599932
0.01572514
0.01780367
0.01599979
0.01599908
0.01600003
0.01599956
0.01999736
0.01999640
0.01599860
0.01999736
0.01198602
0.01572704
0.01572156
0.01599765
0.01201725
0.01600122
0.01589227
0.01197958
0.01575828
0.01593781
0.01600027
0.01599979
0.01577258
0.01601100
0.01519656
0.01599979
0.01600099
0.01600003
0.01599908
0.01566386
0.01589370
0.01599932
0.01601315
0.01598835
0.01568723
0.01200080
0.01569581
0.01810503
0.01601410
0.01199818
0.01603055
0.01598382
0.01599932
0.01601124
0.01200032
0.01599765
0.01599908
0.01597071
0.01599908
0.01599669
0.01600146
0.01599956
0.01383209
0.02000451
0.02526712
0.02399898
0.01600051
0.01599979
0.01589489
0.01600480
0.01600027
0.01599884
0.02000141
0.01964092
0.01716352
0.02000046
0.02001786
0.01999760
0.01999903
0.01999760
0.01999998
0.01971006
0.01599479
0.01976800
0.01999950
0.01600122
0.01999950
0.01599884
0.01602316
0.01986957
0.01579452
0.02000260
0.01599956
0.01598048
0.02000141
0.01599979
0.01599813
0.01599836
0.01621318
0.01600099
0.01599979
0.02001309
0.01999164
0.01599860
0.01554585
0.01465225
0.01599932
0.01574183
0.01572728
0.01320815
0.01599622
0.01600170
0.02000093
0.01599836
0.01599908
0.01999807
0.01597571
0.01599884
0.01999903
0.02000356
0.02000690
0.01602888
0.01999545
0.01599979
0.01600027
0.01598549
0.01603079
0.01600027
0.01600003
0.01571202
0.01599860
0.01596785
0.01599956
0.01797652
0.01999807
0.02000284
0.01721954
0.01600146
0.01965618
0.01199889
0.01577497
0.01599884
0.01600003
0.02399635
0.02000475
0.02001595
0.02400184
0.01999760
0.01999617
0.01984286
0.01594973
0.01590919
0.01577759
0.01976967
0.01599765
0.01599979
0.01599717
0.01599932
0.01599860
0.01999950
0.01599717
0.01600075
0.01599836
0.01600695
0.01599932
0.01599860
0.01748109
0.01600027
0.01599884
0.01599693
0.01599860
0.02000332
0.01599789
0.01834631
0.01599669
0.01999354
0.01599073
0.01599956
0.01600361
0.01564956
0.01969957
0.01599836
0.01599741
0.01599789
0.01569629
0.01571369
0.01599956
0.01599860
0.01601791
0.01599669
0.01600194
0.01600051
0.01600003
0.01602030
0.01600027
0.01596999
0.01600051
0.01200008
0.01600027
0.01600051
0.01582384
0.01599932
0.01600003
0.01602578
0.01200342
0.01598716
0.02000165
0.01585007
0.01580977
0.01999617
0.01602340
0.02002025
0.01701307
0.01599216
0.01572657
0.01200008
0.01600242
0.01583982
0.01598048
0.01566935
0.01599979
0.01599860
0.01603365
0.01599979
0.01599908
0.01601791
0.01599932
0.01599884
0.01599765
0.01601887
0.01599813
0.01598859
0.01599789
0.02399707
0.02400088
0.02399588
0.02399731
0.02400827
0.01601315
0.01599717
0.01599932
0.01599789
0.01999736
0.01599979
0.01599956
0.01600099
0.01599979
0.01597953
0.01599860
0.01838112
0.01599836
0.01999640
0.01599956
0.01721120
0.01599813
0.01199937
0.01599932
0.01199961
0.01199937
0.01600266
0.01600003
0.01600003
0.01599932
0.01599097
0.01199913
0.01598620
0.01600099
0.01599956
0.01200151
0.01655269
0.01197696
0.01599956
0.01599932
0.01301360
0.01599717
0.01199818
0.01197672
0.01199865
0.01600075
0.01599884
0.01599979
0.01597929
0.01599932
0.01658463
0.01598167
0.01597738
0.01709533
0.01599979
0.01599860
0.01597643
0.01716781
0.01600003
0.01600075
0.01600075
0.01597524
0.01600122
0.01600027
0.01600051
0.01599979
0.01600170
0.01599956
0.01599789
0.01599956
0.01666498
0.01599908
0.01600051
0.01317263
0.01599884
0.01199889
0.01596570
0.01600075
0.01599908
0.01573586
0.01600051
0.01571059
0.01603007
0.01599860
0.01574469
0.01574159
0.01575613
0.01600003
0.01600218
0.01999784
0.01599956
0.01614976
0.01600480
0.01599383
0.01599813
0.02001786
0.01999569
0.01601958
0.01999736
0.01599789
0.01601458
0.01599884
0.01600051
0.01599932
0.01599956
0.01597428
0.01600885
0.01600003
0.01595688
0.01600075
0.01599407
0.01568317
0.01199913
0.01200056
0.01599789
0.01199913
0.01603484
0.01600003
0.01598835
0.01598859
0.01570630
0.01600146
0.01199937
0.01600051
0.01577711
0.01577544
0.01601601
0.01576447
0.01455212
0.01326036
0.02122068
0.02000022
0.02000856
0.01599979
0.02000189
0.01600075
0.01600075
0.01199818
0.01599908
0.01199794
0.01571965
0.01599956
0.01599932
0.01599956
0.01599956
0.01599789
0.01200581
0.01588297
0.01599836
0.01599741
0.01600075
0.01597571
0.01599693
0.01600003
0.01199913
0.01600027
0.01600027
0.01199865
0.01199889
0.01568460
0.01201200
0.01200795
0.01585650
0.01576161
0.01600003
0.01200056
0.01599956
0.01599789
0.01599908
0.01199841
0.01433945
0.01599979
0.01600075
0.01600051
0.01200008
0.01599765
0.01199985
0.01599956
0.01600051
0.01200032
0.01200080
0.01599979
0.01599908
0.01599979
0.01600051
0.01200032
0.01599884
0.01198721
0.01599860
0.01200104
0.01599979
0.01599956
0.01570201
0.01199889
0.01599836
0.01202512
0.01567245
0.01577020
0.01200056
0.01598859
0.01199961
0.01600051
0.01600003
0.01600075
0.01600194
0.01602173
0.01599979
0.01599932
0.01599646
0.01599097
0.01600075
0.01600003
0.01615715
0.01599908
0.02400327
0.02000928
0.01597548
0.01599598
0.01599884
0.01598001
0.01600122
0.01602101
0.01601768
0.01599979
0.01602221
0.01599979
0.01301122
0.01599956
0.01598382
0.01200342
0.01199961
0.01599765
0.01572537
0.01585102
0.01577115
0.01599979
0.01572895
0.01598191
0.01581216
0.01568532
0.01575899
0.01199841
0.01199937
0.01599884
0.01187348
0.01570392
0.01600027
0.01199841
0.01199889
0.01199937
0.01599884
0.01199818
0.02233052
0.01999974
0.01999807
0.01600170
0.01586413
0.01585865
0.01586533
0.01569438
0.01576948
0.01570749
0.01599908
0.01599836
0.01599836
0.02000117
0.01599908
0.01600313
0.01599860
0.01599717
0.01600051
0.01599741
0.01599956
0.01599860
0.01599860
0.01199889
0.01599813
0.01599836
0.01602435
0.01599860
0.01599932
0.01600647
0.01999712
0.01599765
0.01599789
0.01199961
0.01600122
0.01599956
0.01596522
0.01599956
0.01557112
0.01600409
0.01199937
0.01580954
0.01600099
0.01600337
0.01599789
0.01600003
0.01599860
0.01600051
0.01597476
0.01199985
0.01199937
0.01199889
0.01598883
0.01599979
0.01200056
0.01602077
0.01598501
0.01588368
0.01199770
0.01599979
0.01571584
0.01600051
0.01585340
0.01589918
0.01573396
0.01200032
0.01599979
0.01600003
0.01584482
0.01199961
0.01201534
0.01567888
0.01575780
0.01600027
0.01575470
0.01599956
0.01597404
0.01599717
0.01200485
0.01795411
0.01600361
0.01599908
0.01599860
0.01599860
0.01600099
0.01599884
0.01599813
0.01600075
0.01598907
0.01599860
0.01600146
0.02002287
0.01599884
0.01199913
0.01584077
0.01594973
0.01600003
0.01599979
0.01568842
0.01599765
0.01200032
0.01600027
0.01597404
0.01599908
0.01599765
0.01999784
0.01599836
0.01200056
0.01578259
0.01600957
0.01199985
0.01567888
0.01199508
0.01199889
0.01564813
0.01199913
0.01600051
0.01575208
0.01483965
0.01200294
0.01199913
0.01575494
0.01583600
0.01199985
0.01602054
0.01599717
0.01596808
0.01200056
0.01599956
0.01576042
0.01539707
0.01199985
0.01200080
0.01199937
0.01199937
0.01202703
0.01567602
0.01581049
0.01565075
0.01568937
0.01599956
0.01199913
0.01599956
0.01578808
0.01579165
0.01199937
0.01599956
0.01600122
0.01600051
0.01600289
0.01600242
0.01997757
0.01999784
0.01597953
0.01597738
0.01600146
0.01600051
0.01600075
0.02048635
0.01600862
0.01999903
0.02000237
0.01600003
0.01600051
0.01599669
0.01600003
0.01598573
0.01598692
0.01600242
0.01599956
0.01599860
0.01576614
0.01599979
0.01602030
0.01199818
0.01599836
0.01599932
0.01197362
0.01583457
0.01600122
0.01599979
0.01599908
0.01599813
0.01594710
0.01575589
0.01200080
0.01599908
0.01600027
0.01569939
0.01572967
0.01199961
0.01600003
0.01573896
0.01200318
0.01568341
0.01599932
0.01317501
0.01199818
0.01636386
0.01356006
0.01600051
0.01599789
0.01301074
0.01599956
0.01501131
0.01599979
0.01599836
0.01999235
0.02399421
0.01600194
0.01199961
0.01598740
0.01600051
0.01585984
0.01575851
0.01600003
0.01199937
0.01600003
0.01594996
0.01600027
0.01923394
0.01510859
0.01599979
0.01600838
0.01598907
0.01600027
0.01599932
0.01999021
0.01599908
0.01602626
0.01567960
0.01572347
0.01574397
0.01599860
0.01599908
0.01854205
0.01999807
0.02000070
0.01315737
0.01598740
0.01570082
0.01575279
0.01603317
0.01580215
0.01572990
0.01569891
0.01599932
0.01599908
0.01575065
0.01569605
0.01564908
0.01574159
0.01600814
0.01599908
0.01600051
0.01999950
0.01600075
0.01998925
0.01999927
0.01997781
0.03198099
0.02799845
0.01601887
0.01603508
0.01600027
0.01577234
0.01599956
0.01974106
0.01598477
0.01599932
0.01979423
0.01599932
0.01599836
0.01467609
0.02001691
0.01599956
0.02123404
0.01999855
0.01599860
