0.02065921
0.02398109
0.02822590
0.02400041
0.02400422
0.02799559
0.02399397
0.03200698
0.02400422
0.02800369
0.02398419
0.02399969
0.04954362
0.05200839
0.04400039
0.04117513
0.04402161
0.05200648
0.04501915
0.04929399
0.03894567
0.03999972
0.04402423
0.02400017
0.02797794
0.02000093
0.01999855
0.02000070
0.01999807
0.01999950
0.01999784
0.02000093
0.02400422
0.03200006
0.02799916
0.02799344
0.01999402
0.02104235
0.01998854
0.02535510
0.02399755
0.02000475
0.01599908
0.01999784
0.02799058
0.02799749
0.02800989
0.02400112
0.02399993
0.02400446
0.02399397
0.02399874
0.03599930
0.03599906
0.03999829
0.02403235
0.02400184
0.02399731
0.02522898
0.02400446
0.02800012
0.02399325
0.03199458
0.02399087
0.02399755
0.02800298
0.02400541
0.02399969
0.02400112
0.02799058
0.01999998
0.02001143
0.02400303
0.02400637
0.02796531
0.02494240
0.03200316
0.02400208
0.02799940
0.04799438
0.04401207
0.04400039
0.03999972
0.04207850
0.02424359
0.01600099
0.01600814
0.01600003
0.01599956
0.01999950
0.02000213
0.02000070
0.02000070
0.02000070
0.02000213
0.02399755
0.03220129
0.02399850
0.02399659
0.02800345
0.01999784
0.02400589
0.01999784
0.01999712
0.02000022
0.02000070
0.01999903
0.01597929
0.02002811
0.02000284
0.01600099
0.02000165
0.01600075
0.01597571
0.01599813
0.04000115
0.04134941
0.03999782
0.02129102
0.01599717
0.01978207
0.01701021
0.02396894
0.02400017
0.02800727
0.03004146
0.02000165
0.02399969
0.02000117
0.01968646
0.02000165
0.01999831
0.01999593
0.02341604
0.02401209
0.02400088
0.02397656
0.02400017
0.02000666
0.02409077
0.02397180
0.02400923
0.02803159
0.02799153
0.02797151
0.03200293
0.03197432
0.03200650
0.02781296
0.02797771
0.03200316
0.02797151
0.02799630
0.03200173
0.02399993
0.02642012
0.02919817
0.03199482
0.03600049
0.04548120
0.05199575
0.05599761
0.04799318
0.05199313
0.05329394
0.05579925
0.05197883
0.05198145
0.05598402
0.05200839
0.05602765
0.05599141
0.05199766
0.05262589
0.04517078
0.04399920
0.05075073
0.04940128
0.04799986
0.05201674
0.04400229
0.04400826
0.04399967
0.04400086
0.04399896
0.04402852
0.04399848
0.04082537
0.01600027
0.01717353
0.01599860
0.01999974
0.01849604
0.02400160
0.02399826
0.02399230
0.02399755
0.02001762
0.01999593
0.02219820
0.02799726
0.02399755
0.02400088
0.02400565
0.02397871
0.02799940
0.02575660
0.02399731
0.02799964
0.02401018
0.01599264
0.02000213
0.02116513
0.02284193
0.04800081
0.05599737
0.04400277
0.04919791
0.04527330
0.04800320
0.04615211
0.02799773
0.02399397
0.02800107
0.03200412
0.02400422
0.02799726
0.02401304
0.02399778
0.02399993
0.02799344
0.02660799
0.02799582
0.02800322
0.02800012
0.02800179
0.02800393
0.03199553
0.02400184
0.02800345
0.02399993
0.02399945
0.02399707
0.02735543
0.02566934
0.02399778
0.02524042
0.02799964
0.04799294
0.04799914
0.04523230
0.04399872
0.03996205
0.02800274
0.02800226
0.02697349
0.02400208
0.02681231
0.02400541
0.02799392
0.02399683
0.02400661
0.02399969
0.02399588
0.01998281
0.01999760
0.02000165
0.02200198
0.02000070
0.02019405
0.02000022
0.01999927
0.01999950
0.02213764
0.02002287
0.02117467
0.02129483
0.02399659
0.02400351
0.02000046
0.02225018
0.02938724
0.02400279
0.02399850
0.02400136
0.02401757
0.02400184
0.02400017
0.02400088
0.02379465
0.02400017
0.02800322
0.02929258
0.03200173
0.02683568
0.01999927
0.02400208
0.02800202
0.02400303
0.02400565
0.01999879
0.02000141
0.01999784
0.02000046
0.02400374
0.02400231
0.02799892
0.02400780
0.02399969
0.02799726
0.02800250
0.02933192
0.02397799
0.02799320
0.03049111
0.02799678
0.02799439
0.02400899
0.02799892
0.02399778
0.02399611
0.02803731
0.03032708
0.02399516
0.02800488
0.02800417
0.02801275
0.02799749
0.02400327
0.02400327
0.02799702
0.02398348
0.03201127
0.03599453
0.04798865
0.04728484
0.04400206
0.02400804
0.02335191
0.02398396
0.02535868
0.02097392
0.02800465
0.02519107
0.02400064
0.02501059
0.02400446
0.02399993
0.02000356
0.02051401
0.01599956
0.01999950
0.01599979
0.01999950
0.01999974
0.01999855
0.01999998
0.02001333
0.02000022
0.02399826
0.01775408
0.02400303
0.02401400
0.02559686
0.02400041
0.02800345
0.02401447
0.02800322
0.01999044
0.02000022
0.01907110
0.02002740
0.02000070
0.02189016
0.02000356
0.01599836
0.01599979
0.02000380
0.01999974
0.01999688
0.02399731
0.01999950
0.01599693
0.02400017
0.02400184
0.01999617
0.02770329
0.02799535
0.02921557
0.02799964
0.03599739
0.02399635
0.02000093
0.01999831
0.01999950
0.02000117
0.01999998
0.02397990
0.02400112
0.02000594
0.02395630
0.01999664
0.02399850
0.02400231
0.02399969
0.02399969
0.02400255
0.02399683
0.02401996
0.03370404
0.03040361
0.02831078
0.02708888
0.02737927
0.03128457
0.02487850
0.02420902
0.03326106
0.02603531
0.02738738
0.02641988
0.02319479
0.02514625
0.02544045
0.02424455
0.02360940
0.02401042
0.04962564
0.04211760
0.04263401
0.20067906
0.04011226
0.03509116
0.02107239
0.02107477
0.02198482
0.02218652
0.02415848
0.02310157
0.02301955
0.01907730
0.01903725
0.02142572
0.01920176
0.02119374
0.01918054
0.01908898
0.01994753
0.01999664
0.01905704
0.02003884
0.01905417
0.01904249
0.02012348
0.01903844
0.01903701
0.01999617
0.01999474
0.02002978
0.01904249
0.01903892
0.01753402
0.01806545
0.01895022
0.02003932
0.01901126
0.01905298
0.01806378
0.01899958
0.01908731
0.01803374
0.01801133
0.01903725
0.01901484
0.01894975
0.01802683
0.01745343
0.02002311
0.01901007
0.02311468
0.02113724
0.02194166
0.01908231
0.02311277
0.02207780
0.02290034
0.02423954
0.02323294
0.02306914
0.02312040
0.02516913
0.02721930
0.02411842
0.02107334
0.02102971
0.02207708
0.02602434
0.02615738
0.02807021
0.02610421
0.02718282
0.02610469
0.02616835
0.02671266
0.02524424
0.02707839
0.02909040
0.03127813
0.03030109
0.03004932
0.03042722
0.03224421
0.04835892
0.05235434
0.04520893
0.04836583
0.04740405
0.04296184
0.03994584
0.03801751
0.03914046
0.03067064
0.01795220
0.01900887
0.01795244
0.01800370
0.01806450
0.01705885
0.01695466
0.01795077
0.01757860
0.01802969
0.01806521
0.01808691
0.01804924
0.01800513
0.01895070
0.01700759
0.01699328
0.01700330
0.01803613
0.01800013
0.01701546
0.01809931
0.01800060
0.01752114
0.01703024
0.01711607
0.01905394
0.02222276
0.02111053
0.02607012
0.02631545
0.02507234
0.02502918
0.02408981
0.02520585
0.02508831
0.02772117
0.02804804
0.02620459
0.38726830
0.02680039
0.02494407
0.04986739
0.04059005
0.03813505
0.04393530
0.04131508
0.03648305
0.01671314
0.01594424
0.02301764
0.02284694
0.02282310
0.01383638
0.01441026
0.01577163
0.01573181
0.01950645
0.01335263
0.01815915
0.02517223
0.02749133
0.02206588
0.01762915
0.01803017
0.01761293
0.01687527
0.01588440
0.01716113
0.02124643
0.02019072
0.01495934
0.01768088
0.01445246
0.01615143
0.01750612
0.01579213
0.02309322
0.02189708
0.02961755
0.02700067
0.02975368
0.02796173
0.02719474
0.03003621
0.03000140
0.03256321
0.02919459
0.02801728
0.03039169
0.02787757
0.05172515
0.04523087
0.03224635
0.01873803
0.02291036
0.01972961
0.02041316
0.01967835
0.02087998
0.02100062
0.02037764
0.01970172
0.02054644
0.02181292
0.02140260
0.01951408
0.02059174
0.02283382
0.02031684
0.01795101
0.01907134
0.02300668
0.02219486
0.02308273
0.02604461
0.02185559
0.02396154
0.02742076
0.02470827
0.02409840
0.02787399
0.02630496
0.02558327
0.02742171
0.02565908
0.02739882
0.02626562
0.02927876
0.03164244
0.03212523
0.04516006
0.04904318
0.05255985
0.04759979
0.04320145
0.02430987
0.02466083
0.02806973
0.02402687
0.02417946
0.02696824
0.02551746
0.02786946
0.02720404
0.02842736
0.01956868
0.02160859
0.02206230
0.02773118
0.02603340
0.02676392
0.02781463
0.02609658
0.02612853
0.02600837
0.02992415
0.02919793
0.03080392
0.02970934
0.02907443
0.03047538
0.02856874
0.04567933
0.05317187
0.04824328
0.04736638
0.05010629
0.05463362
0.04665446
0.03219700
0.01600766
0.01837182
0.01926088
0.02197719
0.02214622
0.02227712
0.02121305
0.02004552
0.02076173
0.02270222
0.01747942
0.01390052
0.01961136
0.01410127
0.01644945
0.01891899
0.01713848
0.01811719
0.01855683
0.01780272
0.02025867
0.02263737
0.02250051
0.01727557
0.02402496
0.02618265
0.02329254
0.02382731
0.02525973
0.02849388
0.02424145
0.02327371
0.01746821
0.01662922
0.01765513
0.02156115
0.02066612
0.02217007
0.02277422
0.02498746
0.02296662
0.02195168
0.02298546
0.02570224
0.02690935
0.02522254
0.02836967
0.02606273
0.02631402
0.02243114
0.02056742
0.01970863
0.02141786
0.02325082
0.02611756
0.02821755
0.02772951
0.02689433
0.03193521
0.03132892
0.02901173
0.02558899
0.02881980
0.02709675
0.02801180
0.03599167
0.02799940
0.02798700
0.02799988
0.03139591
0.02800322
0.03321934
0.03252506
0.03199220
0.03199959
0.03199053
0.03754878
0.04799438
0.04396701
0.04775429
0.04526019
0.04799771
0.04799342
0.04799438
0.02798486
0.02400589
0.03894901
0.01999640
0.01999950
0.02120423
0.02002716
0.02000546
0.02400160
0.02399993
0.02399755
0.02000737
0.01999593
0.01974869
0.01999927
0.02377748
0.02000046
0.01999784
0.02000022
0.01999784
0.02399349
0.02799702
0.02400017
0.02366734
0.01999974
0.01599813
0.02000475
0.01999831
0.01600170
0.02400494
0.01999736
0.02213717
0.02400446
0.02799702
0.02402592
0.02399969
0.02427578
0.02400208
0.02000022
0.02400565
0.02400064
0.02000165
0.01997185
0.02400160
0.01999807
0.02400184
0.02400064
0.02399564
0.02000237
0.02799606
0.02799773
0.02397513
0.03199410
0.03200030
0.02801013
0.03198647
0.02797818
0.02797198
0.03200388
0.03199267
0.03200126
0.03200293
0.04925108
0.04799509
0.04800367
0.04401231
0.04799747
0.04399490
0.04402590
0.04899526
0.04954243
0.01999640
0.02403164
0.02798605
0.02400684
0.02000141
0.02126741
0.02400017
0.02403712
0.02399874
0.01599336
0.02000022
0.01997995
0.01999950
0.01967669
0.01980591
0.01999998
0.01600981
0.02235484
0.02002454
0.01999807
0.01999855
0.02120900
0.01999998
0.02058148
0.01794457
0.01874638
0.01902437
0.01851392
0.01600599
0.01815391
0.01600051
0.02024341
0.01786828
0.01801276
0.01952243
0.01600099
0.01999903
0.02105927
0.02000117
0.01561308
0.02010465
0.01908374
0.01910448
0.01855898
0.01599908
0.02000117
0.01999927
0.02286267
0.01801920
0.01600003
0.01999855
0.01999760
0.01842451
0.01704216
0.01999807
0.01604128
0.01599956
0.01600003
0.01600003
0.01999879
0.02187419
0.01889133
0.02000165
0.01599979
0.02000070
0.02108026
0.01600361
0.01599908
0.01600146
0.01861930
0.01748323
0.02683759
0.02512646
0.02464342
0.02400279
0.02799582
0.02471995
0.02598643
0.02975106
0.01913238
0.01856565
0.01999855
0.01750302
0.02236915
0.02545238
0.02703238
0.02800012
0.03200150
0.02400041
0.02399850
0.02456999
0.02470374
0.02241755
0.02400208
0.02759933
0.02398205
0.02399492
0.02423716
0.02649236
0.03200412
0.02399373
0.02785635
0.02800417
0.02399778
0.02117753
0.02897096
0.02398872
0.02400589
0.02326441
0.02463388
0.02111983
0.02400351
0.02801323
0.02799106
0.02000070
0.02400064
0.02403045
0.02141404
0.02190804
0.02217793
0.02357721
0.02516842
0.02399826
0.01999927
0.02400112
0.02400160
0.02459598
0.02229047
0.02399778
0.02399158
0.02000284
0.01999950
0.01999950
0.02000070
0.02400208
0.02399492
0.02402091
0.02399421
0.01999998
0.01801682
0.02029610
0.01992083
0.02019095
0.02400017
0.02000093
0.02400041
0.01979089
0.01999760
0.02000070
0.02455044
0.01999998
0.03200340
0.03199840
0.01999927
0.02000093
0.02220941
0.01999974
0.01864743
0.01599979
0.02000237
0.01720095
0.02000141
0.02001977
0.01999855
0.01979208
0.02001166
0.01999903
0.01999927
0.01602483
0.02000046
0.01596904
0.01603508
0.01999950
0.01600075
0.02003455
0.01999569
0.02179885
0.02000308
0.01599956
0.01999974
0.02000380
0.01603293
0.01600027
0.01597786
0.01600027
0.01599932
0.01599765
0.01574135
0.01600075
0.01720071
0.01599956
0.01600075
0.02000022
0.01599717
0.01999378
0.02000070
0.01599979
0.01600099
0.01599956
0.01821184
0.01600266
0.01599956
0.01599789
0.01599956
0.01599956
0.01587129
0.01600218
0.02531028
0.01600003
0.01999784
0.01199865
0.01600027
0.02122903
0.01999903
0.02800322
0.01600051
0.01600099
0.01599956
0.01599979
0.01600027
0.01600003
0.01600051
0.02000427
0.01999974
0.02915692
0.02033210
0.01600194
0.01999950
0.02000093
0.01599884
0.01608086
0.01839495
0.01600051
0.02000213
0.01704574
0.01603723
0.01999855
0.02000070
0.02020025
0.01997924
0.02449965
0.02400494
0.02519631
0.02399826
0.02400017
0.02401328
0.02400470
0.02399921
0.02399969
0.02400470
0.02400374
0.02400231
0.02803636
0.02400231
0.02399540
0.01999974
0.02402711
0.02400303
0.01999784
0.02400231
0.01999903
0.01999903
0.01999807
0.01951480
0.02000117
0.02002406
0.01999998
0.01999831
0.01790595
0.02000070
0.01999950
0.01999688
0.01599860
0.01599908
0.01997018
0.02000189
0.01599908
0.01999831
0.01600099
0.02000093
0.02000070
0.01599956
0.01999974
0.01999879
0.01998544
0.01999998
0.01603127
0.01599979
0.01600027
0.01199913
0.01600194
0.01760292
0.02000046
0.01999974
0.02106762
0.01503468
0.01502156
0.01979804
0.01589537
0.01600027
0.01600122
0.01600647
0.01600194
0.01808047
0.01577806
0.01684165
0.01575089
0.01599693
0.02003241
0.02400661
0.02001190
0.02399611
0.02401686
0.01600051
0.01603794
0.01599956
0.01606703
0.01999664
0.02001739
0.02121782
0.02399850
0.01997972
0.01857662
0.01999354
0.01999903
0.02799988
0.01999974
0.02000070
0.01999998
0.01599956
0.02000260
0.01998997
0.02000022
0.02001357
0.01999903
0.02000117
0.02000070
0.01998830
0.01599932
0.02630234
0.01881552
0.01778412
0.01599956
0.01999950
0.01893187
0.02799916
0.02399850
0.01998377
0.01996827
0.01999998
0.01999688
0.01999950
0.02000022
0.01600003
0.01999950
0.01857352
0.01907611
0.01610470
0.01599789
0.02001643
0.01885080
0.01702738
0.02000070
0.01599884
0.02119446
0.01999998
0.01600075
0.01599956
0.01599908
0.01713109
0.01901841
0.01598525
0.02055383
0.01999879
0.01599884
0.01997280
0.01715589
0.01556182
0.01600480
0.01599717
0.02399826
0.01997232
0.02399325
0.02400136
0.01600099
0.01599956
0.01599884
0.01599908
0.01600122
0.01599884
0.01999784
0.01600099
0.01600027
0.01999903
0.01599789
0.01999855
0.01999760
0.02001667
0.02400565
0.02001929
0.02821183
0.02403307
0.02525735
0.02450633
0.02205133
0.01999760
0.02124977
0.01599932
0.01599789
0.01609898
0.01321864
0.01599860
0.01602316
0.01599669
0.01601005
0.01999998
0.01363778
0.01999974
0.01599860
0.01722288
0.01999688
0.01999831
0.01999807
0.01811004
0.01401830
0.01999831
0.01599956
0.02000356
0.01599813
0.01599836
0.01599836
0.01599669
0.01344585
0.01979017
0.01599908
0.01701617
0.02000070
0.02406955
0.02400684
0.02399898
0.02326465
0.02002335
0.01999831
0.02000308
0.02000022
0.02400303
0.01949310
0.02398467
0.01599884
0.01599860
0.01600027
0.01600027
0.01976967
0.01999998
0.01600099
0.01718044
0.01599932
0.01600099
0.02000093
0.01600003
0.01999927
0.01999950
0.02000093
0.01600003
0.01599956
0.01711369
0.01517248
0.01600146
0.01599979
0.01999140
0.02400112
0.03199768
0.01599884
0.01599908
0.01717353
0.01999593
0.02037621
0.01402283
0.01999259
0.02000022
0.01318240
0.01600003
0.01999927
0.01987386
0.02000189
0.01599956
0.01999950
0.02801085
0.02000427
0.01642227
0.02000141
0.01715827
0.02398634
0.01599979
0.01997328
0.01733303
0.01600027
0.01599979
0.01599860
0.01989579
0.01598001
0.01600122
0.02002263
0.01999950
0.02000213
0.01598358
0.02000141
0.02000475
0.02001286
0.02000117
0.01727653
0.01599979
0.01999998
0.01599789
0.01599932
0.01600003
0.01600027
0.01599979
0.02000022
0.01685643
0.01600099
0.01599956
0.01599860
0.01718807
0.01599836
0.01599836
0.01599813
0.01599860
0.01600051
0.02000451
0.01599860
0.01600361
0.01600051
0.01505995
0.01600122
0.01599956
0.01600027
0.01600027
0.01599908
0.01600051
0.01600170
0.01601648
0.01599622
0.01602006
0.01600075
0.01599860
0.01725578
0.01599956
0.01991105
0.02000356
0.01600122
0.01996970
0.01600027
0.01968265
0.01600146
0.02399731
0.02288723
0.01600337
0.01599979
0.01602364
0.01721954
0.01581264
0.01599646
0.01602316
0.01599145
0.01871872
0.02016521
0.01999760
0.02399993
0.02399731
0.02000022
0.01599956
0.02000237
0.01599956
0.01600003
0.02400279
0.01980281
0.01719046
0.01999903
0.01600027
0.01984882
0.01600027
0.01999593
0.01999998
0.01953244
0.02151942
0.02400160
0.02399588
0.02800012
0.01997232
0.01999831
0.01600003
0.01788235
0.01999998
0.02000070
0.01975656
0.01602411
0.02000165
0.02402282
0.02400208
0.02000070
0.01999855
0.01600122
0.01992965
0.02000165
0.01599979
0.01600051
0.01999855
0.02000070
0.01999903
0.02000070
0.01869178
0.01983690
0.01599836
0.01599956
0.01599979
0.02054620
0.01601958
0.01999927
0.02000189
0.01999879
0.02312946
0.02000141
0.01600051
0.01634407
0.01999974
0.02000022
0.02000260
0.01999879
0.01999998
0.02000117
0.01599956
0.02040744
0.01999855
0.02003598
0.02000260
0.01999760
0.02000022
0.01600051
0.02000093
0.01999998
0.01815224
0.01999974
0.01599884
0.01999116
0.01600075
0.01599932
0.01599956
0.01600027
0.01998997
0.01988721
0.01999974
