0.00799990
0.01999903
0.02000022
0.02399898
0.02400041
0.02399850
0.02468085
0.02400017
0.02000117
0.02000093
0.02134991
0.02397442
0.02558041
0.04398203
0.04316473
0.04399681
0.04400039
0.04491687
0.03558469
0.04090452
0.03999949
0.04000163
0.02963138
0.02799582
0.02399945
0.02799344
0.02399611
0.02400780
0.02399683
0.02000093
0.02800822
0.02400064
0.02398515
0.02399516
0.02800679
0.02806783
0.02886224
0.02619982
0.02507496
0.02399898
0.02399468
0.02492619
0.02800417
0.02800679
0.05200124
0.05023551
0.05198073
0.05170131
0.04800224
0.04927492
0.04399967
0.04801321
0.04845572
0.03852701
0.03999758
0.02000427
0.02799988
0.02800417
0.02211213
0.02601528
0.02399945
0.02800083
0.02799368
0.02799821
0.02399516
0.02524662
0.01917982
0.01599789
0.01600003
0.02799797
0.02400804
0.02800322
0.01882148
0.02000046
0.01999927
0.02001023
0.02401567
0.02400780
0.01968098
0.01603651
0.01599932
0.01600313
0.02469277
0.02924371
0.02799845
0.02800131
0.02800226
0.02800202
0.02799964
0.02400231
0.04400659
0.04400396
0.04399943
0.04000020
0.04185820
0.04402637
0.04402924
0.04000282
0.04400563
0.02082133
0.02402735
0.01600027
0.01600003
0.01989722
0.02489829
0.01999974
0.01720095
0.01967335
0.01600337
0.01602650
0.01999784
0.02000284
0.02000213
0.02000332
0.02400112
0.01999569
0.01601934
0.01600146
0.01609135
0.02055502
0.02390409
0.01999235
0.01600075
0.01600099
0.01999807
0.02629852
0.02400160
0.02399993
0.02399492
0.02400470
0.02799654
0.02800035
0.02800035
0.02909184
0.02970338
0.04463506
0.04400015
0.04455137
0.03961968
0.03816271
0.04124188
0.03600144
0.03599954
0.04089284
0.04060245
0.03199983
0.01600027
0.02000117
0.02001977
0.02000093
0.01599908
0.01599932
0.01712084
0.01905036
0.01599813
0.02017879
0.01999831
0.01599956
0.01599979
0.01999998
0.02799940
0.02586532
0.02399302
0.02799726
0.01904488
0.02000022
0.01999998
0.02400208
0.02399659
0.03051376
0.03029060
0.02266359
0.02000093
0.02133846
0.02800846
0.02400351
0.03325319
0.03200078
0.02799511
0.03200316
0.03337550
0.03199697
0.03570795
0.03199387
0.03252506
0.05326009
0.05200171
0.05234265
0.05265856
0.05200005
0.04715443
0.04941726
0.05187154
0.05198455
0.04986572
0.04399896
0.04525256
0.04395723
0.01910806
0.02064538
0.02000117
0.02399755
0.02399540
0.02400088
0.02399564
0.02400160
0.01999784
0.02360916
0.02400017
0.02402520
0.02399611
0.01997399
0.01999760
0.02400136
0.01999831
0.01999760
0.02799964
0.02800393
0.02799988
0.02799535
0.02517128
0.02399588
0.02799988
0.03200912
0.02799845
0.02799821
0.03199983
0.04400134
0.04800630
0.04771900
0.04532671
0.04800463
0.04399681
0.05144238
0.04844832
0.04397583
0.04800606
0.04401636
0.02800751
0.02800727
0.01999569
0.01812220
0.01602888
0.02000499
0.01967597
0.01599264
0.01871419
0.01999784
0.01999593
0.01999688
0.02800536
0.02126026
0.02400041
0.02399993
0.02399969
0.01873231
0.02399230
0.01999736
0.02353764
0.02401853
0.01999950
0.02399850
0.02000427
0.02400947
0.01999688
0.01599908
0.01664925
0.01608634
0.01599288
0.01999784
0.01999068
0.02352333
0.01998019
0.01999927
0.02048421
0.01660180
0.02235484
0.02399659
0.02400351
0.01999855
0.02399969
0.02403331
0.02400184
0.02692628
0.02399945
0.01999927
0.01999736
0.01973367
0.02000618
0.01999831
0.02399921
0.02000260
0.02347231
0.02053142
0.02000332
0.01600003
0.02000022
0.02000046
0.01998138
0.02399564
0.02202916
0.01600790
0.01999807
0.02023220
0.02399874
0.01999640
0.01999736
0.02000260
0.02000141
0.01999927
0.01999950
0.02000356
0.02000451
0.01999998
0.02000308
0.02399397
0.02399564
0.02800298
0.02399969
0.02506876
0.02801490
0.02799988
0.02799797
0.03199601
0.03172803
0.02799797
0.03199005
0.02809024
0.03199768
0.02800107
0.03662682
0.02800035
0.02928281
0.03199553
0.03228378
0.02799606
0.03600311
0.02799678
0.02800059
0.03196788
0.03200674
0.03109622
0.03833866
0.04713798
0.04400301
0.03999901
0.01600385
0.01599932
0.01721740
0.01599288
0.02399921
0.01564240
0.01599932
0.02000737
0.02000022
0.02550650
0.01999974
0.01997519
0.02002811
0.01876926
0.02128601
0.01599813
0.02562881
0.02000070
0.02799797
0.02000713
0.02398062
0.01999855
0.02399230
0.02014971
0.02399707
0.02127004
0.02399468
0.02399206
0.02401090
0.02000189
0.02299833
0.02399611
0.02608013
0.02800107
0.03315520
0.02799916
0.02799606
0.04109263
0.03599977
0.03316808
0.03977299
0.03600049
0.02425122
0.02401376
0.02345848
0.01718044
0.01600051
0.01599932
0.01602674
0.01997471
0.01602435
0.01600027
0.01999974
0.02145457
0.02060270
0.01706457
0.01672339
0.01600027
0.01600003
0.01600003
0.01600027
0.02000093
0.02000141
0.01600051
0.01945519
0.01599598
0.01999903
0.01509953
0.01988649
0.02525210
0.02400088
0.02132130
0.01600027
0.01999092
0.01600146
0.01999879
0.02000046
0.02000117
0.01600003
0.01999998
0.01999974
0.01999950
0.01853132
0.01600003
0.01999521
0.02000284
0.02209115
0.01999521
0.01980448
0.02117705
0.02000284
0.01999879
0.01999712
0.02000117
0.01999879
0.02000403
0.02000070
0.02800775
0.02154493
0.02400494
0.02399468
0.02126026
0.02105784
0.01999903
0.01998711
0.01999831
0.01661396
0.01724911
0.01999950
0.02000046
0.01599908
0.01999974
0.02000141
0.01600075
0.01719022
0.01999927
0.01926613
0.02000093
0.01718330
0.01599932
0.02000022
0.02000070
0.01847625
0.01807332
0.01600075
0.01599979
0.02000141
0.01973581
0.02154541
0.01670575
0.02000022
0.01600027
0.01463032
0.01599860
0.01970100
0.02000046
0.01700759
0.02000141
0.02080822
0.01999974
0.02000117
0.02000070
0.02179337
0.01599884
0.02701807
0.01999903
0.02000093
0.01599932
0.01746893
0.01600003
0.01599932
0.02009249
0.01999736
0.01505899
0.01999998
0.02000022
0.01600075
0.01599860
0.01599550
0.01599598
0.01599550
0.01999807
0.01915717
0.01600599
0.01600051
0.01600337
0.01610041
0.01599979
0.01199913
0.01589632
0.01976156
0.01599884
0.01600146
0.01999950
0.01599908
0.01998115
0.02000046
0.01599979
0.01999974
0.01600027
0.01599956
0.01599860
0.01601386
0.01597166
0.01600122
0.01662278
0.01999974
0.01600027
0.02800035
0.02399445
0.02139235
0.01999879
0.01600027
0.02444196
0.02601242
0.02866459
0.02935266
0.03010154
0.02241850
0.01916552
0.01599884
0.01603007
0.01599789
0.01969218
0.01788735
0.01851273
0.02000046
0.02000070
0.01999927
0.01862693
0.01600027
0.02000046
0.01716423
0.01999998
0.01479650
0.01999974
0.01999807
0.01712918
0.01602173
0.01924634
0.02000260
0.01999879
0.02000189
0.02000213
0.01999950
0.02000165
0.02800107
0.02400112
0.02525854
0.02399898
0.01999307
0.01999736
0.01999688
0.02001572
0.01599979
0.02000022
0.01599908
0.01599789
0.01788211
0.01859403
0.01600194
0.01600170
0.01776028
0.02000284
0.01999974
0.01999712
0.01999903
0.01999998
0.01973462
0.01687121
0.01819348
0.01599741
0.01999855
0.01999640
0.01600003
0.01599813
0.01602554
0.01999831
0.01602626
0.01599884
0.01599813
0.01600003
0.02256417
0.02094817
0.02181005
0.02000284
0.02000070
0.02799678
0.02401423
0.02399898
0.02799320
0.02399135
0.01907420
0.01600075
0.01599956
0.02000260
0.01599956
0.01999927
0.02185822
0.02000070
0.02402806
0.02402043
0.02801108
0.02159953
0.02400303
0.02400303
0.02400112
0.02400565
0.02400470
0.02001023
0.02097440
0.02400780
0.02400279
0.02399755
0.02799916
0.03221059
0.02399540
0.02000022
0.02400613
0.02800751
0.02764606
0.02398968
0.02825928
0.02641535
0.02398491
0.02800584
0.02800107
0.02873993
0.02400613
0.01999998
0.01999807
0.02002549
0.01999807
0.01978397
0.02001214
0.01999879
0.02051449
0.01999855
0.01999903
0.02000356
0.01803851
0.02068496
0.02008486
0.01999998
0.01999664
0.01600051
0.01602602
0.01763487
0.01599789
0.01971507
0.01600027
0.01524091
0.01999855
0.01600075
0.01903844
0.01599860
0.01600027
0.01599193
0.01941299
0.01701689
0.02000260
0.01599574
0.01999545
0.01600075
0.01199985
0.01309466
0.01605797
0.01199627
0.01599979
0.01600051
0.01471782
0.01740599
0.01300764
0.01600003
0.01599288
0.01599908
0.01599407
0.01599884
0.01893854
0.01600003
0.01600051
0.02000213
0.01599979
0.01600242
0.02751994
0.01999450
0.01999998
0.01999807
0.01600027
0.01936197
0.01723194
0.02001047
0.02000475
0.01599884
0.01599669
0.01949525
0.01999903
0.02000380
0.02000666
0.02472758
0.02214170
0.02399182
0.01599884
0.01981640
0.01968908
0.01600027
0.01999831
0.01597738
0.01999712
0.01999998
0.01999617
0.01602077
0.01599669
0.01599979
0.01576781
0.01312637
0.01252913
0.01600122
0.01599836
0.02400541
0.02400398
0.01999927
0.01999378
0.02399945
0.02551937
0.01999807
0.02266979
0.02399731
0.01999950
0.01850748
0.01999974
0.01599813
0.02000165
0.02000284
0.01600027
0.02142382
0.02058673
0.01779366
0.01599741
0.01599908
0.01721239
0.01599956
0.01596117
0.01599979
0.01600003
0.01600146
0.01600075
0.01613021
0.01203394
0.01596880
0.01574135
0.01600075
0.01319432
0.01602912
0.01599813
0.01600146
0.01977539
0.01599932
0.01599956
0.01506686
0.02024794
0.02100492
0.01999974
0.01897240
0.02119064
0.02000237
0.02431726
0.02078080
0.02218413
0.02000952
0.01965904
0.01975679
0.02002406
0.02025342
0.02000141
0.01997352
0.02400351
0.01999784
0.02517319
0.02399969
0.02398968
0.03352070
0.02241659
0.02399826
0.02400064
0.02967191
0.02779651
0.03064322
0.02402568
0.02932906
0.02799487
0.02799821
0.02799702
0.02800107
0.02877378
0.02800775
0.02801919
0.02400446
0.03202319
0.02778912
0.02800274
0.02543020
0.02799988
0.03200650
0.03200102
0.02800012
0.03600049
0.02651954
0.02800035
0.02800345
0.02800155
0.02737689
0.02796531
0.02871799
0.03199720
0.02800560
0.03200078
0.02800250
0.03199935
0.02800751
0.03200078
0.03192210
0.04400396
0.05199718
