0.01197171
0.02647018
0.02818418
0.02193999
0.01866412
0.02214551
0.02285862
0.02434540
0.01776123
0.01952243
0.01879549
0.02152419
0.02014017
0.01751757
0.02194023
0.01885080
0.01882172
0.01873899
0.01875257
0.01892233
0.01994658
0.01935863
0.02121592
0.02493858
0.02213740
0.03022432
0.03118014
0.02860069
0.02475739
0.02327824
0.02388763
0.02280402
0.02318478
0.02323723
0.03200006
0.04769969
0.04185390
0.03951192
0.04498553
0.01723218
0.01910090
0.01572871
0.01954556
0.02165222
0.01477456
0.01825309
0.01869702
0.01692462
0.01848865
0.02350402
0.01696277
0.01904488
0.01837158
0.01798248
0.02073836
0.01598811
0.03199816
0.02645135
0.03019929
0.01817846
0.01563478
0.02000093
0.02252388
0.02000380
0.02063799
0.02072310
0.05037284
0.04799843
0.03883719
0.04013109
0.03886318
0.03847384
0.03970718
0.01903558
0.01846385
0.01999927
0.02653575
0.01764774
0.02059197
0.02317071
0.01954412
0.01743245
0.02400112
0.02799630
0.02668691
0.02363920
0.02199221
0.03243947
0.02577758
0.01774883
0.01913714
0.02113891
0.03208637
0.02624822
0.01920128
0.01871037
0.01891851
0.03687501
0.04025912
0.04054618
0.04003954
0.04138994
0.02002549
0.01830578
0.01791739
0.01866245
0.01888537
0.01865244
0.01950097
0.01833749
0.01770759
0.01934814
0.02081776
0.02725697
0.02000928
0.01999998
0.01999831
0.01727772
0.02871323
0.01835179
0.01899552
0.01809883
0.01917505
0.02000046
0.02054524
0.01789808
0.01999879
0.01893139
0.03443575
0.02331376
0.02800274
0.02802587
0.02802706
0.07399797
0.02466774
0.02399755
0.02799654
0.03199697
0.03200412
0.03525686
0.03301525
0.03200293
0.03167295
0.02393031
0.02637911
0.02538896
0.02621603
0.02459812
0.02546024
0.02481079
0.02673340
0.02482009
0.02265024
0.04000258
0.04000092
0.04061699
0.01965356
0.01961160
0.01990986
0.01854682
0.02143240
0.01970649
0.02088785
0.01663160
0.01600003
0.01999855
0.01999927
0.02642226
0.02650642
0.01999998
0.01999855
0.02283859
0.03076863
0.01996708
0.02370548
0.02045226
0.01891804
0.02000237
0.01999831
0.02397037
0.02399707
0.04470968
0.04399657
0.03999352
0.03599954
0.03999853
0.02002883
0.01969767
0.02250099
0.02813101
0.01902652
0.01649714
0.01648617
0.01795721
0.01702380
0.01695371
0.01748538
0.01809549
0.01600003
0.02460647
0.01681328
0.01772523
0.01433325
0.02399445
0.01717806
0.01930523
0.01774526
0.01691604
0.02242351
0.02404022
0.02766728
0.01618242
0.01752424
0.01600003
0.01630569
0.02032518
0.02299547
0.02034879
0.02323174
0.02112842
0.01946616
0.02172065
0.02501154
0.04367948
0.03917599
0.04798055
0.01838183
0.01595855
0.01601911
0.01617551
0.01496053
0.01786709
0.01933098
0.01674509
0.01616383
0.01524997
0.01610398
0.01676226
0.01556468
0.01558661
0.01497769
0.01522374
0.01559591
0.01567674
0.01937008
0.01854515
0.01739812
0.01509714
0.01637888
0.01646328
0.01795244
0.01757979
0.02074504
0.02084732
0.02130961
0.02041101
0.02227497
0.02399945
0.02437568
0.01998544
0.02014279
0.01961184
0.02047610
0.01966333
0.02090931
0.01993704
0.01974702
0.02087593
0.01951075
0.02380323
0.02203798
0.02193141
0.02106643
0.02129984
0.02630305
0.02766895
0.02281165
0.02118778
0.02799916
0.03198409
0.03270268
0.03711748
0.04435658
0.05972552
0.04901552
0.03999257
0.01922989
0.01981759
0.01894855
0.02194381
0.02316928
0.02072263
0.02593660
0.02869940
0.02732992
0.03039098
0.02100420
0.02019477
0.02149463
0.01970482
0.02067518
0.01993775
0.02087331
0.02303815
0.01853228
0.02028871
0.01951623
0.01805758
0.01895332
0.04138207
0.04673982
0.03646660
0.01894355
0.01840687
0.01874661
0.01789689
0.01831794
0.01974559
0.01975703
0.01752925
0.01878572
0.01911449
0.01706457
0.02534628
0.02479053
0.02405453
0.02278590
0.03137374
0.02616858
0.03268719
0.02000213
0.01761794
0.06099319
0.04372358
0.04147530
0.03869605
0.04442310
0.02121592
0.01988721
0.02000332
0.02000093
0.01789618
0.01737785
0.01782990
0.01795268
0.01798892
0.01821733
0.01735044
0.01737976
0.01797581
0.01736712
0.01689434
0.01746345
0.02921319
0.01868963
0.01802444
0.01799369
0.01804066
0.03316569
0.02645946
0.02974415
0.02797937
0.02803206
0.02791929
0.02879167
0.04448295
0.04678583
0.04126024
0.04123235
0.04516387
0.01806140
0.01878023
0.01914454
0.01793027
0.01801848
0.01720142
0.02468491
0.02469587
0.02668309
0.03098679
0.01780581
0.01780033
0.01815128
0.01762819
0.01981497
0.01743126
0.01868272
0.01848602
0.01768017
0.01814008
0.01869988
0.01843786
0.01870131
0.01793003
0.01705837
0.01765561
0.01829314
0.01891041
0.01558685
0.01747918
0.01924133
0.01657867
0.02880478
0.02869058
0.02400351
0.02800202
0.03115344
0.02800369
0.02759933
0.02672958
0.02800560
0.03200769
0.03199983
0.02800250
0.04207706
0.04060912
0.04000044
0.01997733
0.01977754
0.02400899
0.02567935
0.02464628
0.02482176
0.02120399
0.02796292
0.02399230
0.02399755
0.02206469
0.01917362
0.01993060
0.01895857
0.02011657
0.01999998
0.01820469
0.01843047
0.01949787
0.01869893
0.01814795
0.01982069
0.02000213
0.01945972
0.01999927
0.01708245
0.01926994
0.02548909
0.02400017
0.02926254
0.02400756
0.02797651
0.02799940
0.02399468
0.02400279
0.02400017
0.02401352
0.02400255
0.02478790
0.02800012
0.02400327
0.02399540
0.02796626
0.02797794
0.04890633
0.04076433
0.03512669
0.03599763
0.03999853
0.03599930
0.01199770
0.01600003
0.01599956
0.02154827
0.02400112
0.02131534
0.02400327
0.02400637
0.02401209
0.01999688
0.01999235
0.01599956
0.01602840
0.02000046
0.02399659
0.01567984
0.01999331
0.01668119
0.01722336
0.01599884
0.01599979
0.01999879
0.02397966
0.01599741
0.01600003
0.01600027
0.01598907
0.01999903
0.01596355
0.01600051
0.01672649
0.01992202
0.01999974
0.02002048
0.01603293
0.02000022
0.01863241
0.01597738
0.02000022
0.02472186
0.02400422
0.01823401
0.02014256
0.01999974
0.02000022
0.02799726
0.02802157
0.01990461
0.01934886
0.02004004
0.01996398
0.02171683
0.02267432
0.02094507
0.02106309
0.02536774
0.02201533
0.02323151
0.02286196
0.02113938
0.02609944
0.02512121
0.02584934
0.02410531
0.02311134
0.02354288
0.02198577
0.02234459
0.02422357
0.02333379
0.02437973
0.02094674
0.02008438
0.02204013
0.02238250
0.02058530
0.02399921
0.02399993
0.02059436
0.02297854
0.02401638
0.01999950
0.02100563
0.02000022
0.02000451
0.02400374
0.02214170
0.02002811
0.02399993
0.02799773
0.03041983
0.04869390
0.04501748
0.04799867
0.05199718
0.04399776
0.04800534
0.03602529
0.04125786
0.04000187
0.02048612
0.01600051
0.01599979
0.01999927
0.01600003
0.01999950
0.02000165
0.02399683
0.01599956
0.01717472
0.01599884
0.01599717
0.01999807
0.01601148
0.01999593
0.01999664
0.02397776
0.01999927
0.01828408
0.01601958
0.01999903
0.02121067
0.01999974
0.01596951
0.01659584
0.01599908
0.02085638
0.01600099
0.02399921
0.02000022
0.01600099
0.01999855
0.01999974
0.02103281
0.02445936
0.02001691
0.01983380
0.01919127
0.02000046
0.01999974
0.02236438
0.02000141
0.01999998
0.02120209
0.02441430
0.02000117
0.02118516
0.02596450
0.02067399
0.02400064
0.02400112
0.02800012
0.02802563
0.02800441
0.02800179
0.03023744
0.03199482
0.02800012
0.04800248
0.03999543
0.03599858
0.02003956
0.01999903
0.01600027
0.01999998
0.01773834
0.01961493
0.01974940
0.01898265
0.01955700
0.01885223
0.01849008
0.02034974
0.01955914
0.02125239
0.01846743
0.02452278
0.02241611
0.02028728
0.02002573
0.01883960
0.01966333
0.01999998
0.02147555
0.01846266
0.01999974
0.02000117
0.01980424
0.02018976
0.02000141
0.02119637
0.01999831
0.01600122
0.01600575
0.01999831
0.02399945
0.02061009
0.02161121
0.02939892
0.02677941
0.02399850
0.02399874
0.02400041
0.02400041
0.03199935
0.02895498
0.03074002
0.02951550
0.05200052
0.04799128
0.06592393
0.05331278
0.03970408
0.01274872
0.01600003
0.01600099
0.02400875
0.03024530
0.02526736
0.02164960
0.02839804
0.02342272
0.02034736
0.01600432
0.01766896
0.01513028
0.01600170
0.01798463
0.02341056
0.02375889
0.02399564
0.01819873
0.01600075
0.01600528
0.02002454
0.02401447
0.02934456
0.02471995
0.01599503
0.01599932
0.02399588
0.01997948
0.02000260
0.02420855
0.02401018
0.02400136
0.02800155
0.02398372
0.02528501
0.02800155
0.03199863
0.02800655
0.03199792
0.03200078
0.03199625
0.02401209
0.02358580
0.02292871
0.03138971
0.03087306
0.02917147
0.05340505
0.04035830
0.04303813
0.04132080
0.03829885
0.03955889
0.03760314
0.01542544
0.01629639
0.01541519
0.01627183
0.01756740
0.01626229
0.02155089
0.02381468
0.01999640
0.02397132
0.02396488
0.01996803
0.01999617
0.01651335
0.02000046
0.01999736
0.01599717
0.01626515
0.02000022
0.01597810
0.01999974
0.02000237
0.01999998
0.02073526
0.01600170
0.02000022
0.01999688
0.01736307
0.01999927
0.01600337
0.01998377
0.01705742
0.01521850
0.01351142
0.01558161
0.01601934
0.02270675
0.02307296
0.02207088
0.02400565
0.02811408
0.02088308
0.03035927
0.02611923
0.02909255
0.02885270
0.03659034
0.03431582
0.04891872
0.01840043
0.02000046
0.02799892
0.02800322
0.02799869
0.02870250
0.03178096
0.03400016
0.02969575
0.03680253
0.02809739
0.02799916
0.02800345
0.03057694
0.03648257
0.03164363
0.05904770
0.04760027
0.04594707
0.02823544
0.02888513
0.02631998
0.02393484
0.02941942
0.02789712
0.02501631
0.02825379
0.03027678
0.03004146
0.02077746
0.02062464
0.02339101
0.03389192
0.02735734
0.02605629
0.02595115
0.02645969
0.03020525
0.02645111
0.02800465
0.02799368
0.02606559
0.02636886
0.02671719
0.04423261
0.04035354
0.03780460
0.01907682
0.01969147
0.01888442
0.01920176
0.02053499
0.01901722
0.01906180
0.02082181
0.01701427
0.02040863
0.02067995
0.02075648
0.02025580
0.01951003
0.02316236
0.01723599
0.01947141
0.01908016
0.02299953
0.02080727
0.01907015
0.01671457
0.01658463
0.02545738
0.02707291
0.02548122
0.02379918
0.02816701
0.02263236
0.02009273
0.02150607
0.01654696
0.02268791
0.02089214
0.01887393
0.01922798
0.01980758
0.01938725
0.01824284
0.01951408
0.01875973
0.01853848
0.02345777
0.02207685
0.02501059
0.02394485
0.02293730
0.02492929
0.02201915
0.01915717
0.02320266
0.02443433
0.02062893
0.02158475
0.02158594
0.01977801
0.02076221
0.02054548
0.02007604
0.02019739
0.02144599
0.01655221
0.02198315
0.01605010
0.02000117
0.01999736
0.01999950
0.02000332
0.01894879
0.01815748
0.01769114
0.01802564
0.01926661
0.01895022
0.01897311
0.01888776
0.01844430
0.01889277
0.01929235
0.01815724
0.01871490
0.01937222
0.01598978
0.01829886
0.01894975
0.01773882
0.01875043
0.01801991
0.02017879
0.01721096
0.02001357
0.02000284
0.02002335
0.01600146
0.01657724
0.02000594
0.01600146
0.02024937
0.02077579
0.01685381
0.01999688
0.02400208
0.02400398
0.02772808
0.02519703
0.02399206
0.02400064
0.02716804
0.02191663
0.02399826
0.02803349
0.02620077
0.02601576
0.02658319
0.02504563
0.02402520
0.02800179
0.03396797
0.02194357
0.02199507
0.02112341
0.02198434
0.02220035
0.02396369
0.02293992
0.02574754
0.02770305
0.02093959
0.02001429
0.01592755
0.01599884
0.01999998
0.01999879
0.01999950
0.01921153
0.01888227
0.01851153
0.01817966
0.01846671
0.01808834
0.01872849
0.01999998
0.01942873
0.01817727
0.01819992
0.01811695
0.01843500
0.02157426
0.02543378
0.02567363
0.02399659
0.02399683
0.02539253
0.02555847
0.02253532
0.02800179
0.02400041
0.02569366
0.03353119
0.03142214
0.02431393
0.02518511
0.02543950
0.02393770
0.02542830
0.02311182
0.02647448
0.02412939
0.02275991
0.02451801
0.02278137
0.02221465
0.02029276
0.02175832
0.02245164
0.02049637
0.02535748
0.02449989
0.02263737
0.02257848
0.02287126
0.02185750
0.02126527
0.02166152
0.02027035
0.01924562
0.01962996
0.01888919
0.01994586
0.01904178
0.02273321
0.02133656
0.02157044
0.02328491
0.01988220
0.02107072
0.01723099
0.02185059
0.01883459
0.02071953
0.01799321
0.01897383
0.01851153
0.01765895
0.01542783
0.01910520
0.02184868
0.01875377
0.01858830
0.01884413
0.01823330
0.01705718
0.01800227
0.01721716
0.01627207
0.01761031
0.01759815
0.01640844
0.01717567
0.01505542
0.01721573
0.01707363
0.02207351
0.01704025
0.01695991
0.01814556
0.01695037
0.01801610
0.01752400
0.01783228
0.01709938
0.01768589
0.01842856
0.01963305
0.02270818
0.02330446
0.02121043
0.02213883
0.02338243
0.02249813
0.02414179
0.02242041
0.02166200
0.02035260
0.02128458
0.02210283
0.02357292
0.02191353
0.02088857
0.02067900
0.02077365
0.02184820
0.02447438
0.02613330
0.02756333
0.02724314
0.02740097
0.02746058
0.03013444
0.02163100
0.02196765
0.02288318
0.02281976
0.02237439
0.01856995
0.01827192
0.01886368
0.01907349
0.01868153
0.01851726
0.01756310
0.01684427
0.01695776
0.01775908
0.01738429
0.01798272
0.02015281
0.02017164
0.02544332
0.02293897
0.03170490
0.01695490
0.01671958
0.01993799
0.01668739
0.02014518
0.01994848
0.02050567
0.01869535
0.01811981
0.01981401
0.01603985
0.01557803
0.01692128
0.01612997
0.01772428
0.02421880
0.02510810
0.02456474
0.02618575
0.02536893
0.02487016
0.02573872
0.01774454
0.01902986
0.02096081
0.01902676
0.02593565
0.02989364
0.02765226
0.02320075
0.02029848
0.01895070
0.02367139
0.02400136
0.01660633
0.01749802
0.01980901
0.03010488
0.02614117
0.02615094
0.02774858
0.02635932
0.02748895
0.02869892
0.02895832
0.03077412
0.02981591
0.02922201
0.02990460
0.02323771
0.02165055
0.02212167
0.02103353
0.01877642
0.02030563
0.01909137
0.01828146
0.01885200
0.01780081
0.01856089
0.02157950
0.01968050
0.02058983
0.01771021
0.01794338
0.01809406
0.01914501
0.01934791
0.01911378
0.01731157
0.01872683
0.01826596
0.01991153
0.02153277
0.02152514
0.02065706
0.01727867
0.01938319
0.01843095
0.02101564
0.02071023
0.02050328
0.02154374
0.02038765
0.01745701
0.01712108
0.01806712
0.01830649
0.01778936
0.01802850
0.01874900
0.01695561
0.01756716
0.01793051
0.01818204
0.01848722
0.01975441
0.02252293
0.02079892
0.01998329
0.02003241
0.01998663
0.02052641
0.01960397
0.02070951
0.02104044
0.02047396
0.01939249
0.02015305
0.02018404
0.01899910
0.02060986
0.01975107
0.01945281
0.01928544
0.01964903
0.01952910
0.01962304
0.01868701
0.01864934
0.01950622
0.01872993
0.01855159
0.01841521
0.01859903
0.02130723
0.02070260
0.02050138
0.01895118
0.01927114
0.01857257
0.01890612
0.01888704
0.01845169
0.02043796
0.01879168
0.01839519
0.01755548
0.01874065
0.02118611
0.02054620
0.02038932
0.02057028
0.02245808
0.02247715
0.02366734
0.02179265
0.02077103
0.01781440
0.01740932
0.02477193
0.02149916
0.02156711
0.02195239
0.02494073
0.02425027
0.02374434
0.02424955
0.02463126
0.02092838
0.03541803
0.02980757
0.02346921
0.02494001
0.02874517
0.02891493
0.02955627
0.02550721
0.04203606
0.02778220
0.02213764
0.02578187
0.03213072
0.03567982
0.02592874
0.02441454
0.02524519
0.02716589
0.02514911
0.03143859
0.02691460
0.02916050
0.03571725
0.02829862
0.02771568
0.02972817
0.03452396
0.03742933
0.05982399
0.04852700
0.03226137
0.02467895
0.02530098
0.02439094
0.02419758
0.02467918
0.02269554
0.02315664
0.02212167
0.02226162
0.02260089
0.02209520
0.02259612
0.02265906
0.02169800
0.02227664
0.02443528
0.02226925
0.02008367
0.02151608
0.02191186
0.02277589
0.02403331
0.02408242
0.02295375
0.02329850
0.01851058
0.02070522
0.02039719
0.02134681
0.02043843
0.02121925
0.02051616
0.02060890
0.02119184
0.02312160
0.02224612
0.02448893
0.02846742
0.02820134
0.02664590
0.02333641
0.02054048
0.02477312
0.02189207
0.02916002
0.02490282
0.02806330
0.02952623
0.03307652
0.02866220
0.01972508
0.02475953
0.02729583
0.02969933
0.02700162
0.03033781
0.02645421
0.03338456
0.02624512
0.02601123
0.02957678
0.03208280
0.02926970
0.02595496
0.02639604
0.02588511
0.02900648
0.02660060
0.02565789
0.02566338
0.03442144
0.03127217
0.03422117
0.03398871
0.03261471
0.03203535
0.02855730
0.04095984
0.04224300
0.05422688
0.05416894
0.04119921
0.01478624
0.01437712
0.01502371
0.01440573
0.01983309
0.01396155
0.01367450
0.01546311
0.02267504
0.02281857
0.02360249
0.01770973
0.01508904
0.01634169
0.01470494
0.01397586
0.01385617
0.01406312
0.01406074
0.01369619
0.01384449
0.01375198
0.01431060
0.01322556
0.02188253
0.02419233
0.02216458
0.02303743
0.02389979
0.02306914
0.02695775
0.02481604
0.01875281
0.01470613
0.02159262
0.02475929
0.02572703
0.02829719
0.02535295
0.02339530
0.02335310
0.02852654
0.02345037
0.02989006
0.02305388
0.02495265
0.02789092
0.02497196
0.02446532
0.02543259
0.02559495
0.02914214
0.02653241
0.02637339
0.02489209
0.02488995
0.02404571
0.02337456
0.02355480
0.02551031
0.02284336
0.02061129
0.01961088
0.02077556
0.02008986
0.02539301
0.03004122
0.02445698
0.02249575
0.02358484
0.01908350
0.02022624
0.02097487
0.01836395
0.01888752
0.01728678
0.01785612
0.01862860
0.01764607
0.01624131
0.01691604
0.01656604
0.01609182
0.01696086
0.01619411
0.01761961
0.01553416
0.01649761
0.01600814
0.01511359
0.01629686
0.01670647
0.01693034
0.01671076
0.01782131
0.01615119
0.01695776
0.01616764
0.01650071
0.01681137
0.01699662
0.01716089
0.01828504
0.01641273
0.01694179
0.01663423
0.01710629
0.01646924
0.01576924
0.01645541
0.01839924
0.01795053
0.01650524
0.01595569
0.01656556
