0.00799918
0.01999903
0.01718903
0.01999688
0.02000952
0.02400112
0.02400422
0.02000451
0.01955819
0.01999569
0.01567984
0.01599956
0.01985645
0.01200032
0.02009511
0.01999974
0.01999617
0.02000022
0.01999784
0.01599789
0.01996493
0.01972985
0.01978517
0.01968789
0.01973867
0.02000093
0.01599598
0.02000022
0.02000022
0.01670861
0.01999331
0.01600027
0.01970935
0.01999640
0.01599050
0.01975536
0.01567793
0.01577234
0.01984811
0.01600337
0.01999760
0.01658869
0.01575255
0.01601815
0.01575971
0.01600003
0.02399874
0.02401137
0.02000141
0.01999807
0.01599860
0.01600051
0.01599932
0.01600003
0.01580572
0.01999187
0.02399993
0.02399921
0.02400637
0.01999712
0.01996684
0.01977253
0.01599908
0.01600957
0.02000141
0.02067494
0.01995945
0.02003288
0.01999640
0.02400088
0.01999640
0.01999593
0.01600027
0.01601243
0.01578951
0.01599979
0.02000165
0.01969481
0.01600266
0.01657724
0.02000117
0.01601100
0.02000070
0.01599979
0.01999903
0.01599813
0.01600003
0.01599979
0.01599765
0.01599073
0.01599002
0.01599860
0.01599979
0.01600289
0.01599956
0.01200056
0.01199818
0.01599932
0.01603770
0.01596165
0.01599908
0.01596975
0.01598120
0.01199961
0.01582837
0.01999998
0.02000260
0.01999187
0.02000046
0.01999426
0.01572251
0.01573777
0.01585865
0.01600075
0.01599693
0.01599860
0.01201224
0.01564574
0.01514125
0.01999807
0.01599765
0.01598787
0.02000189
0.02397418
0.01999640
0.02400470
0.02399516
0.01998663
0.02000046
0.01998425
0.01570606
0.01198649
0.01599932
0.01585460
0.01197553
0.01256824
0.01203871
0.01575232
0.01600313
0.01600504
0.01200032
0.01199937
0.01599979
0.01599884
0.01569605
0.01830888
0.01599622
0.01199865
0.01561522
0.01602769
0.02399921
0.02000737
0.02099442
0.01999998
0.02000427
0.01599026
0.01199841
0.01600218
0.01600075
0.01199937
0.01599979
0.01199937
0.02002358
0.02402902
0.01999688
0.01599717
0.01600146
0.02000046
0.01599979
0.01599836
0.01576686
0.01599860
0.01599956
0.01599741
0.01600361
0.01580977
0.01601076
0.01599884
0.01999831
0.01600075
0.01599860
0.01600337
0.01599860
0.01602578
0.01600051
0.02400136
0.02419615
0.01998830
0.02401042
0.02000427
0.02000213
0.02400112
0.01599455
0.01600003
0.01599956
0.01599693
0.01599836
0.01600051
0.01598334
0.01971912
0.01968765
0.01599932
0.01593399
0.01576591
0.01597118
0.01600266
0.01581073
0.01599622
0.01599789
0.01569438
0.01566863
0.01573944
0.01599789
0.01599836
0.01661468
0.01567626
0.01199698
0.01576471
0.01569057
0.01599860
0.02000356
0.01599932
0.01199770
0.01599836
0.01609874
0.01217318
0.01260376
0.01589727
0.01599789
0.01599813
0.01600003
0.01599860
0.01599836
0.01565814
0.01596260
0.01910377
0.01405573
0.01999903
0.01999187
0.01199722
0.01584506
0.01199913
0.02401304
0.02399445
0.01599503
0.02000022
0.01199865
0.01599884
0.01566362
0.01578903
0.01199818
0.01199841
0.01636624
0.01599860
0.01199889
0.01581264
0.01602387
0.01599622
0.01600003
0.01599669
0.01602745
0.01999950
0.01600027
0.01600099
0.01692891
0.01199913
0.01599932
0.01256919
0.01199913
0.01589441
0.01573658
0.01599741
0.02400470
0.02000403
0.02000213
0.02400422
0.02400923
0.02420521
0.02400827
0.01999807
0.01600027
0.01587892
0.01577163
0.01599956
0.01199841
0.01574707
0.01599979
0.01200080
0.01400900
0.01199818
0.01575446
0.01577210
0.01600099
0.01260662
0.01199865
0.01199913
0.01600122
0.01577663
0.01600409
0.01600170
0.02399802
0.02400565
0.02400708
0.01599908
0.01598811
0.01567435
0.01575446
0.01599813
0.01569796
0.02000022
0.01600313
0.02000928
0.01726913
0.01599455
0.01600051
0.01321888
0.01600003
0.01599956
0.01600957
0.01199889
0.01565576
0.01599956
0.01575136
0.01600003
0.01199985
0.01582384
0.01599932
0.01596808
0.01578331
0.01199865
0.01568389
0.01571202
0.02399611
0.02400136
0.02122307
0.02400064
0.01599860
0.01574230
0.01599503
0.01569724
0.01600027
0.01599956
0.01599479
0.01599956
0.01600170
0.02000022
0.01600051
0.01602030
0.02000380
0.01600099
0.01600170
0.02400947
0.02400208
0.02001286
0.01599908
0.01199818
0.01578951
0.01600146
0.01564264
0.01599908
0.01600003
0.01599979
0.01567531
0.01600051
0.01600027
0.01979208
0.01588678
0.01600671
0.02399874
0.02399969
0.02001143
0.01599312
0.01599622
0.01578259
0.02000380
0.02800679
0.02399755
0.02400041
0.01999617
0.02400684
0.02864337
0.01997185
0.02400589
0.01599908
0.01572657
0.01565075
0.01575208
0.01600099
0.01600099
0.01588774
0.01565814
0.01587319
0.01575470
0.01574874
0.01592731
0.01576638
0.01599956
0.01199937
0.01577973
0.01569796
0.01599956
0.01200056
0.01600218
0.02399826
0.02146983
0.02000523
0.02477765
0.02400756
0.02400708
0.02399611
0.02395988
0.02000546
0.01599526
0.01199961
0.01564670
0.01600051
0.01577306
0.01599956
0.01600003
0.01600051
0.01259708
0.01599979
0.01599860
0.01600099
0.01599979
0.01600099
0.01599956
0.01600218
0.02800298
0.02400804
0.02400041
0.01999950
0.01200056
0.01999545
0.02400422
0.02399802
0.02136612
0.02400303
0.02000618
0.02400064
0.02800226
0.02399826
0.02000022
0.01599932
0.01600122
0.01988411
0.01599932
0.01976752
0.01599884
0.01600051
0.01976728
0.01199937
0.01572609
0.01572371
0.01576972
0.01597977
0.01599956
0.01566839
0.01568818
0.01567531
0.01199865
0.01573467
0.01202393
0.01599884
0.01567507
0.01199841
0.01599813
0.01590133
0.01563907
0.01712132
0.02000260
0.02137423
0.02400017
0.01999569
0.01599932
0.01603270
0.01599956
0.01600266
0.01600313
0.01590729
0.01600003
0.01600027
0.01590204
0.01599526
0.01570868
0.01594806
0.01599908
0.01199961
0.01579690
0.01199532
0.01572776
0.01202655
0.01600027
0.01567101
0.01570797
0.01597309
0.01578212
0.01574492
0.01199937
0.01200008
0.01196122
0.01645398
0.01600051
0.01599979
0.01199985
0.01599932
0.01200104
0.01202989
0.01600051
0.01199865
0.01600051
0.01458716
0.01262212
0.01199985
0.01199889
0.01600385
0.01599884
0.01600003
0.01600027
0.01599956
0.01600027
0.01199961
0.01600003
0.01600051
0.01599860
0.01600099
0.01600289
0.01196003
0.01580691
0.01599979
0.01600099
0.01200008
0.01579952
0.01571369
0.01599836
0.01999664
0.02399969
0.01999831
0.01997876
0.02000165
0.02000093
0.01999807
0.01999331
0.01999998
0.01999712
0.02196622
0.02396655
0.02143264
0.01597810
0.01572776
0.01601481
0.01600051
0.01598907
0.01992607
0.01602626
0.01648569
0.01999545
0.02000093
0.02399445
0.01996660
0.02400112
0.02398396
0.02000189
0.02399707
0.02000308
0.01599717
0.01999927
0.01976347
0.01783967
0.01539040
0.01976442
0.01600075
0.01721859
0.02400255
0.02400398
0.02000546
0.01603317
0.01600456
0.01599932
0.01518655
0.02400184
0.02534604
0.02398896
0.01999879
0.01599050
0.01580095
0.01576257
0.01571274
0.01595712
0.01572847
0.01601744
0.01599884
0.01599884
0.01599956
0.01599884
0.01600242
0.01582909
0.01599836
0.01599908
0.01599884
0.01601434
0.01599765
0.01568389
0.01199841
0.01599765
0.01571727
0.01599813
0.01599908
0.01599693
0.01600385
0.01581478
0.01570606
0.01600409
0.01576257
0.01599908
0.02003241
0.02798581
0.01999974
0.01865768
0.01599503
0.01600361
0.01599884
0.01600361
0.01197386
0.01569080
0.01578379
0.01599932
0.01203895
0.01570725
0.01200151
0.01599884
0.01599932
0.01600122
0.01571155
0.01599908
0.01199985
0.01203609
0.01598597
0.01660681
0.01199865
0.01599932
0.02000475
0.01600575
0.01999760
0.01599765
0.01600218
0.01573706
0.01196551
0.01599932
0.01576900
0.01637721
0.01199889
0.01200986
0.01575089
0.01573300
0.01199889
0.01573586
0.01570535
0.01600146
0.01613688
0.01200676
0.01596665
0.01694298
0.01599693
0.01999998
0.01599765
0.01665330
0.01574373
0.01575899
0.01599932
0.01201296
0.01599979
0.01199985
0.01199961
0.01600027
0.01568818
0.01599956
0.01579762
0.01599979
0.01999712
0.01599979
0.01600122
0.01999927
0.01599884
0.02000117
0.02000046
0.02396989
0.01999235
0.01999807
0.01600027
0.01599431
0.01579118
0.01571727
0.01572704
0.01603699
0.01599956
0.01576424
0.01599956
0.01761007
0.02000546
0.02400160
0.02139854
0.02399850
0.02399540
0.01999545
0.01599741
0.01597309
0.01974869
0.02001953
0.01999903
0.02000093
0.02799392
0.02304363
0.01999807
0.02001715
0.01599813
0.01601577
0.01599860
0.01599908
0.01655841
0.01599932
0.01600027
0.01600003
0.01599932
0.01854324
0.01507115
0.01600075
0.01600075
0.01598120
0.01599860
0.01578259
0.01616740
0.01982188
0.02400780
0.02001429
0.02399659
0.01999617
0.02000284
0.02400565
0.02400303
0.02002001
0.02400756
0.01566577
0.01583242
0.01600099
0.01600480
0.02401686
0.02399707
0.02000165
0.02400279
0.02399755
0.02399826
0.02000046
0.01999950
0.01601505
0.01600170
0.01600051
0.02000022
0.02799392
0.02000189
0.01999855
0.01599956
0.01600027
0.01983237
0.01600456
0.02399588
0.02400589
0.01999950
0.02400517
0.01999664
0.01599813
0.01601744
0.01599884
0.02000237
0.02399826
0.02400565
0.02000213
0.02065992
0.01599884
0.02000070
0.01998425
0.01600146
0.01999903
0.01599646
0.02400732
0.02000451
0.02399945
0.01999974
0.02400231
0.01999807
0.01599932
0.01599813
0.01576567
0.01573133
0.01568460
0.01582789
0.02002072
0.02000141
0.01600075
0.01570296
0.01601720
0.01568913
0.01638699
0.01569819
0.01600099
0.01600194
0.01579809
0.01598167
0.01599908
0.01596212
0.01600027
0.01600027
0.01598954
0.01600528
0.01576543
0.01199841
0.01571012
0.01599813
0.01600003
0.01250720
0.01599836
0.01600003
0.01999712
0.01999927
0.01997852
0.01599979
0.01576352
0.01599789
0.02399969
0.02399850
0.02400231
0.02783680
0.01601577
0.01569486
0.01318526
0.01599813
0.01599789
0.01599741
0.01602912
0.01600003
0.01600099
0.01600075
0.01570773
0.01567435
0.01599908
0.01599979
0.01599741
0.01567721
0.01571655
0.01575446
0.01599789
0.01599908
0.01616478
0.01599884
0.01599550
0.01590562
0.01600027
0.02400231
0.02400041
0.02400112
0.02399421
0.01996231
0.02400661
0.02400112
0.01905489
0.02399778
0.02800465
0.02000737
0.01999807
0.01574802
0.01599884
0.01572871
0.01597500
0.01599550
0.01600003
0.01572227
0.01567769
0.01570082
0.01581311
0.01587224
0.01199675
0.01576424
0.01570106
0.01600075
0.01572108
0.01580572
0.01596284
0.01600671
0.02001166
0.02400112
0.02400565
0.02800083
0.02397776
0.01659322
0.01599979
0.01599860
0.01600051
0.01998544
0.02400017
0.01917863
0.02000093
0.01999402
0.01999950
0.01598454
0.01599026
0.01597500
0.01600051
0.01599908
0.01601124
0.01599956
0.01577425
0.01199841
0.01599884
0.01576853
0.01599717
0.01600051
0.01199865
0.01601911
0.01601458
0.01599932
0.02399826
0.02000427
0.01999903
0.02400088
0.02400374
0.02000546
0.02399826
0.02399540
0.02000046
0.01602530
0.01599908
0.01600313
0.01599979
0.01600003
0.01599979
0.01599908
0.01834965
0.01111507
0.01600146
0.01600075
0.01599956
0.01598668
0.01599979
0.01601863
0.01599956
0.01199865
0.01600075
0.01656103
0.01600027
0.01198912
0.01199985
0.01599836
0.01200628
0.01600027
0.01579285
0.01600003
0.01199794
0.01581287
0.01599956
0.01599884
0.01599956
0.01199961
0.01571059
0.01599956
0.01599884
0.01569009
0.01199937
0.01199937
0.01198292
0.01578355
0.01199865
0.01573944
0.01199937
0.01585078
0.01583362
0.01598716
0.01200008
0.01197219
0.01597071
0.02000093
0.02400422
0.01997638
0.02000022
0.02399421
0.01599789
0.01573014
0.01506996
0.01199675
0.01199841
0.02000809
0.01999998
0.01999927
0.01998162
0.01599836
0.01599860
0.01599884
0.01602149
0.02400041
0.01999760
0.01999998
