0.01199794
0.01599646
0.02000427
0.01999855
0.01599693
0.01602602
0.01599836
0.01569557
0.01575422
0.01600075
0.01569676
0.01599908
0.01199841
0.01599932
0.01599932
0.01591611
0.01200008
0.01199985
0.02400875
0.02400708
0.01600337
0.01600480
0.02399802
0.02400756
0.01576161
0.02002072
0.02400327
0.01999688
0.02800941
0.02400613
0.02400446
0.02003956
0.01797795
0.01511645
0.01600003
0.01599383
0.01600051
0.01720619
0.01600027
0.01600146
0.01983285
0.01972866
0.01980186
0.01599813
0.01980901
0.01979160
0.01600051
0.01599836
0.01584744
0.01922512
0.01599813
0.01575685
0.01972985
0.01317644
0.02001214
0.02000022
0.01999736
0.01600099
0.01599884
0.01599932
0.01599860
0.01766062
0.01220822
0.01601982
0.02125192
0.02400303
0.02399993
0.02399421
0.02568865
0.02400756
0.02400374
0.02523398
0.01999927
0.01599884
0.01587152
0.01601171
0.01625371
0.01600146
0.02002096
0.01571774
0.01576662
0.01576090
0.01599956
0.01599979
0.01599908
0.01599956
0.01598525
0.01600051
0.01600003
0.01995373
0.01969862
0.01599932
0.01599765
0.01600003
0.01584768
0.01567650
0.01599526
0.01601052
0.01600003
0.01599884
0.01599932
0.01600242
0.01599956
0.01600099
0.01599813
0.01600718
0.01999712
0.01996589
0.01724386
0.01998997
0.01599979
0.01566029
0.01199889
0.01602173
0.01600099
0.02000141
0.02057076
0.02000046
0.01999927
0.01997662
0.01600122
0.01566362
0.01570439
0.01599956
0.01599908
0.01599956
0.01599503
0.01565909
0.01601601
0.01999807
0.01599789
0.02002454
0.01999211
0.02399969
0.02000403
0.02400851
0.01999640
0.02400279
0.02000070
0.02000070
0.02000070
0.02604508
0.02398181
0.01999760
0.01199889
0.01599932
0.01573253
0.01574397
0.01573730
0.01599956
0.01600003
0.02399921
0.02400613
0.01599646
0.01997423
0.02000308
0.01999879
0.01599693
0.01600623
0.01199913
0.01599979
0.01597238
0.01600099
0.01199412
0.01200104
0.01599884
0.01569581
0.01599741
0.02400184
0.02070498
0.01998353
0.01999736
0.01599884
0.02400327
0.02400255
0.02159643
0.02399421
0.01719952
0.01600194
0.01600027
0.01258397
0.01199841
0.01599932
0.01540399
0.01597953
0.01572704
0.01599813
0.01598930
0.01583266
0.01580453
0.01199794
0.01199913
0.01592970
0.01199865
0.02000070
0.01599717
0.01577425
0.01600003
0.01600003
0.01599979
0.01999760
0.02399969
0.01999593
0.02000022
0.01599741
0.01569009
0.01599813
0.01973677
0.01601601
0.01599813
0.01599860
0.01600051
0.02034974
0.02244425
0.01595926
0.01576638
0.02000451
0.01599646
0.01600051
0.02000093
0.01663804
0.01999903
0.02800560
0.02399158
0.01975083
0.01999879
0.02000022
0.02000213
0.01598001
0.01600003
0.01571321
0.01599979
0.01599979
0.01967168
0.02000093
0.02067137
0.01999164
0.02399349
0.02399635
0.02002835
0.01601458
0.01599836
0.01200056
0.01572371
0.01602435
0.01199913
0.01664090
0.01200199
0.01636815
0.01493764
0.01585150
0.01567841
0.01599908
0.01600051
0.01582026
0.01599979
0.01600599
0.01600003
0.01600099
0.01599646
0.01566672
0.01574683
0.01602364
0.01601505
0.01581931
0.01199913
0.01600122
0.01599932
0.01599979
0.01599860
0.01999974
0.01843500
0.02000237
0.01597381
0.01250958
0.01198435
0.01599884
0.01595426
0.01599979
0.01597142
0.01599860
0.01599741
0.01597810
0.02000046
0.02000070
0.02383161
0.02000308
0.02387047
0.02400708
0.02292490
0.02399325
0.02000070
0.01833582
0.02000022
0.02000356
0.02398825
0.02800202
0.02463555
0.02799845
0.02399349
0.02000189
0.01999998
0.01600313
0.01600027
0.01599813
0.01599813
0.01599884
0.01602554
0.01970983
0.01999974
0.01974106
0.01599813
0.01975226
0.01602340
0.01599813
0.01678729
0.01973605
0.01599956
0.01599860
0.01599574
0.02502561
0.02002692
0.02479553
0.01599813
0.01599813
0.01600003
0.01599884
0.01600361
0.01199961
0.01599789
0.01571131
0.01572180
0.01600027
0.01601863
0.01199865
0.01574492
0.01598644
0.01574278
0.01600051
0.01999903
0.01599932
0.01737380
0.02001429
0.01599956
0.01198030
0.01599836
0.01564789
0.01601672
0.01200056
0.01564837
0.01197290
0.01685739
0.01199985
0.01599813
0.01564837
0.01600122
0.01599884
0.01999831
0.02000117
0.02524829
0.01999998
0.02400184
0.01999760
0.01597023
0.01999784
0.02000356
0.01600003
0.01999760
0.01599693
0.01599693
0.01600170
0.01600146
0.01599956
0.02799702
0.02399635
0.01599741
0.01651549
0.02000809
0.01598406
0.01999903
0.01599479
0.01599908
0.01599360
0.01599932
0.02399921
0.01999998
0.01597905
0.01199937
0.01199985
0.01430082
0.01199722
0.01600385
0.01600337
0.01600385
0.01600838
0.01600099
0.01599932
0.01599932
0.01600027
0.01600051
0.01600051
0.01599813
0.01599932
0.01599908
0.01600003
0.01598930
0.01597643
0.01599860
0.01601744
0.01598644
0.01600051
0.01600122
0.01603341
0.01601052
0.01599932
0.01599455
0.01600003
0.01599789
0.01598859
0.01598668
0.01200128
0.01599836
0.01661253
0.01199889
0.01198173
0.01576686
0.01578164
0.01599526
0.01573014
0.01577783
0.01578093
0.01722407
0.02400351
0.01199913
0.01764154
0.01568770
0.01566172
0.01565719
0.01199865
0.01599860
0.01199841
0.02000189
0.02000356
0.01572967
0.01572871
0.01200056
0.01597643
0.01602197
0.01681590
0.01601481
0.01602125
0.01659989
0.01599956
0.01569152
0.01601052
0.01603866
0.01599813
0.01566839
0.01599884
0.01600051
0.01199937
0.01600409
0.01199794
0.01602292
0.01590228
0.01579213
0.01599836
0.01196051
0.01570773
0.01599979
0.01599956
0.01600003
0.01600385
0.01599932
0.01600099
0.01599789
0.01999331
0.01999784
0.02000833
0.02000952
0.01599932
0.01600003
0.01600695
0.01200652
0.01593900
0.01577663
0.01600409
0.02000117
0.01599932
0.01599932
0.01580429
0.01599979
0.01201034
0.01579094
0.01657391
0.01600099
0.01600099
0.01599717
0.01570463
0.01600099
0.02399850
0.02397037
0.02400708
0.02399993
0.02399492
0.02399802
0.02000618
0.01867437
0.02399755
0.01601863
0.01599956
0.01569414
0.01600337
0.01199818
0.01569438
0.01570368
0.01580381
0.01599836
0.01600480
0.01568985
0.01599979
0.01599813
0.01599860
0.02000618
0.01599789
0.01599932
0.01199675
0.01574349
0.01574993
0.01600003
0.01599979
0.01198483
0.01569128
0.01199961
0.01264238
0.01580429
0.01593447
0.01602221
0.01599836
0.01574683
0.01575112
0.01199937
0.01599956
0.01600027
0.01563931
0.01567721
0.02048779
0.02000070
0.02399373
0.02000475
0.02400208
0.02400565
0.02403212
0.02401400
0.02800369
0.02000070
0.02800322
0.01999640
0.01598835
0.01599884
0.01573300
0.01599860
0.01599693
0.01599956
0.01599884
0.01600718
0.01600027
0.01601481
0.01599932
0.01600051
0.01920915
0.01660323
0.01999855
0.01599979
0.01599789
0.01599765
0.01600099
0.01599932
0.01599884
0.01599789
0.01716113
0.01599693
0.01600051
0.01599884
0.01599741
0.01489902
0.01600099
0.01600099
0.01600027
0.01599932
0.01599979
0.01716399
0.01599956
0.01599908
0.01597381
0.01600122
0.01600170
0.01599932
0.01600242
0.01259160
0.01200032
0.01600099
0.01675463
0.01110411
0.01599884
0.01202607
0.01199937
0.01599932
0.01202250
0.01719904
0.01599455
0.01644492
0.01600623
0.01599884
0.01600075
0.01597714
0.01600242
0.01600075
0.01600075
0.01600003
0.01600027
0.01599979
0.01599622
0.01600218
0.01599884
0.01600003
0.01599741
0.01600170
0.01599956
0.01599956
0.01199841
0.01600266
0.01600242
0.01600003
0.01598573
0.01200128
0.01599956
0.01599956
0.01600003
0.01599908
0.01199913
0.01599979
0.01600051
0.01600099
0.01600122
0.01599860
0.01599908
0.01599860
0.01599979
0.01600051
0.01651883
0.02400875
0.02399325
0.02399898
0.01567507
0.01599956
0.02000618
0.01600099
0.02400231
0.02400327
0.02400088
0.02399778
0.02399421
0.02000046
0.01978016
0.02122951
0.02400112
0.02799797
0.02397346
0.01999688
0.01600409
0.02000022
0.01999998
0.02000093
0.01999855
0.01997566
0.02869940
0.02400470
0.01999831
0.01599598
0.01599979
0.01600051
0.02400208
0.02399993
0.02800155
0.02399898
0.02004242
0.02399802
0.02400351
0.02400780
0.02400064
0.02000237
0.02400613
0.02399993
0.02399969
0.01999879
0.02399850
0.02400661
0.02000260
0.01999450
0.01999998
0.01999974
0.02014112
0.02001953
0.02399993
0.01999474
0.02399874
0.02398658
0.02399921
0.02399421
0.01998854
0.01999879
0.02400351
0.02399492
0.02798128
0.02398944
0.01999569
0.01999903
0.01973295
0.01600003
0.02000022
0.01999974
0.01599789
0.02062535
0.01999855
0.01997995
0.02399421
0.02799559
0.02800703
0.02800393
0.02800560
0.02797532
0.02800059
0.02427244
0.02400637
0.02799439
0.02796817
0.02400327
0.02797413
0.02400017
0.02401805
0.02054667
0.02000117
0.02000093
0.01999903
0.02400255
0.02000093
0.01998925
0.01599932
0.01599979
0.02000046
0.01599908
0.01599860
0.02000237
0.01599765
0.01599979
0.01600099
0.01663184
0.01600099
0.01599884
0.01600099
0.01599956
0.01600099
0.01599979
0.01600003
0.01600099
0.01200175
0.01599932
0.01600051
0.01600122
0.01600814
0.01599956
0.01599050
0.01600218
0.01599932
0.01599932
0.01599956
0.01599669
0.01599884
0.01600289
0.01599908
0.01200008
0.01598358
0.01599932
0.01596093
0.01600075
0.01200175
0.01599860
0.01600003
0.01198053
0.01600027
0.01600170
0.01599932
0.01600051
0.01599979
0.01200080
0.01200032
0.01199985
0.01600075
0.01599956
0.01600003
0.01599860
0.01600003
0.01599979
0.01599884
0.01200032
0.01600003
0.01600266
0.01599956
0.01600099
0.01599932
0.01600075
0.01199937
0.01600146
0.01662683
0.01600027
0.01600051
0.01200128
0.01599932
0.01600146
0.01599956
0.01199841
0.01199913
0.01596951
0.01197338
0.01600051
0.01600051
0.01599884
0.01663709
0.01599908
0.01199937
0.01600075
0.01199913
0.01599908
0.01600075
0.01600051
0.01199841
0.01600170
0.01196218
0.01599860
0.01601005
0.01656199
0.01598763
0.01597834
0.01599979
0.01599932
0.01600218
0.01599908
0.01599908
0.01599956
0.01200008
0.01599884
0.01599860
0.01202655
0.01600075
0.01275563
0.01198077
0.01597166
0.01600075
0.01600003
0.01600075
0.01199985
0.01603842
0.01599884
0.01600099
0.01600051
0.01600480
0.01599193
0.01599813
0.01199937
0.01595902
0.01596951
0.01257062
0.01200080
0.01199985
0.01599908
0.01600146
0.01199818
0.01599884
0.01200151
0.01199961
0.01599860
0.01600146
0.01200080
0.01658583
0.01600075
0.01602221
0.01600003
0.01599836
0.01528907
0.01200080
0.01600051
0.01600099
0.01718879
0.01599550
0.01599288
0.01204133
0.01203346
0.01578164
0.01534462
0.01594114
0.01199818
0.01655507
0.01201677
0.01603174
0.01124811
0.01599956
0.01682401
0.02001572
0.01600337
0.01999784
0.01599956
0.01200128
0.01599884
0.01663256
0.01600051
0.01599503
0.01599741
0.01599860
0.01603937
0.01599979
0.01199841
0.01600051
0.01574397
0.01200056
0.01683259
0.01598501
0.01575136
0.01569772
0.01691484
0.01578879
0.01600289
0.02000308
0.02002954
0.01598191
0.01603699
0.01565099
0.01573086
0.01599979
0.01685166
0.01409173
0.01599908
0.01599908
0.01591682
