0.00799131
0.02000141
0.01599860
0.01600051
0.01599908
0.01599860
0.01599836
0.01599884
0.01599932
0.01659155
0.01599789
0.01600122
0.01600027
0.01600003
0.01599789
0.01599908
0.01600003
0.01577568
0.01599789
0.01600027
0.01599717
0.01574993
0.01600051
0.01600456
0.01816630
0.01600051
0.02399707
0.01999259
0.02000475
0.01600313
0.01600051
0.01600027
0.01599860
0.01599956
0.02400017
0.02399611
0.01657486
0.01599789
0.01973844
0.01599908
0.01599836
0.01599979
0.01600051
0.01599765
0.01598740
0.01598763
0.01600075
0.01583338
0.01599765
0.02000332
0.01599908
0.01597810
0.01602101
0.01599956
0.01197839
0.01599908
0.01599932
0.01599979
0.01199937
0.02399397
0.02402067
0.01999426
0.02101731
0.02400041
0.02401781
0.02399778
0.01999998
0.01574731
0.01598835
0.01600051
0.01597834
0.01599860
0.01999831
0.01599956
0.01566911
0.01600838
0.01852870
0.01427817
0.01599932
0.01598167
0.01717687
0.01571321
0.01599789
0.01596975
0.01999927
0.02000093
0.01999521
0.02400327
0.02069545
0.01599860
0.01580930
0.01600003
0.01599932
0.01422715
0.01994419
0.02123952
0.02000189
0.01998568
0.01999831
0.02000070
0.01999903
0.01967645
0.01599979
0.02001643
0.01600027
0.01599693
0.01599836
0.01603055
0.01599979
0.01970553
0.01599836
0.01599908
0.01599908
0.01658177
0.01599884
0.01599932
0.01601863
0.02000070
0.01999640
0.01999736
0.01998997
0.02399564
0.01999474
0.01597285
0.01593494
0.01600003
0.01600146
0.01576447
0.01999998
0.01599979
0.01688981
0.01600981
0.01600361
0.01599979
0.01601601
0.01985574
0.01600003
0.01600003
0.01600122
0.02000380
0.02400756
0.02400661
0.02400017
0.02399945
0.01592064
0.01599717
0.01568222
0.01578784
0.01600003
0.01763463
0.01600051
0.01599932
0.01569653
0.01600003
0.01599956
0.01968098
0.01600003
0.01199937
0.01600075
0.01572633
0.01600027
0.02000451
0.02000523
0.01965380
0.02073288
0.02143717
0.02000403
0.01997542
0.02000260
0.02000022
0.02000475
0.02002978
0.01999855
0.01600051
0.01654768
0.01598287
0.01599789
0.01999950
0.01999664
0.01599574
0.01566029
0.01574039
0.01568151
0.01600361
0.01599598
0.02001691
0.01599789
0.01999807
0.01999879
0.01600432
0.01998997
0.02000403
0.01999521
0.02000451
0.02400231
0.02000070
0.02177691
0.02000046
0.01599932
0.02073431
0.02399135
0.02400327
0.02399993
0.02400208
0.02400613
0.02798343
0.01999426
0.02003098
0.02401161
0.01596737
0.01570439
0.01806521
0.01599956
0.01578760
0.01199913
0.01696587
0.01599932
0.01566124
0.01200032
0.01599932
0.01599717
0.01594448
0.01599956
0.01200056
0.01601076
0.01201081
0.01658416
0.01599884
0.01599932
0.01601410
0.01598668
0.02000284
0.01906085
0.02399993
0.02128530
0.02000308
0.02000022
0.02399921
0.01575732
0.01599860
0.01199889
0.01599789
0.01599932
0.01599836
0.01599860
0.01598835
0.01599956
0.01600122
0.01200008
0.01576686
0.01574898
0.01600218
0.01599741
0.01600027
0.01599884
0.01571417
0.01600027
0.01599836
0.01567650
0.02000093
0.02000809
0.02000427
0.02399731
0.01999640
0.01599908
0.01999402
0.01600075
0.02400231
0.02402401
0.02399993
0.01999426
0.02000308
0.02000332
0.01999712
0.01602912
0.01599932
0.01599956
0.01599884
0.01599932
0.01596785
0.01565695
0.01600122
0.01575947
0.01599693
0.01599979
0.01570320
0.01199985
0.01600027
0.01599956
0.01201391
0.01453495
0.01600003
0.02352023
0.02123952
0.01600385
0.01567316
0.01574421
0.01599908
0.01199937
0.01602435
0.01600027
0.01599836
0.01999331
0.02398610
0.02327538
0.02399826
0.01598763
0.02000475
0.01599741
0.01999664
0.01599956
0.01576138
0.01566148
0.01200056
0.01278043
0.02401567
0.02521849
0.01999712
0.01599789
0.01200199
0.01599956
0.01198769
0.01571584
0.02000141
0.02397275
0.02401209
0.01999259
0.02400064
0.02397680
0.01998687
0.01599669
0.01572204
0.01600718
0.01599789
0.01999307
0.01597118
0.01599097
0.01599813
0.01602364
0.01999807
0.01571846
0.01974106
0.02000499
0.01601267
0.01600695
0.01599932
0.01599717
0.02000046
0.01999903
0.02400565
0.02400017
0.02310228
0.01599312
0.01717901
0.01599956
0.01596713
0.01599193
0.01599836
0.01599550
0.01599884
0.01599956
0.01599932
0.01597834
0.01994491
0.01999617
0.01599979
0.01999974
0.01599598
0.01659298
0.01568222
0.01599932
0.01700974
0.01999044
0.01999688
0.01317382
0.01599908
0.01599813
0.01999855
0.01599741
0.01599836
0.01641917
0.01723170
0.01700878
0.02399683
0.02125144
0.01599622
0.01918864
0.01439857
0.01599860
0.01567054
0.01600075
0.01600313
0.01993036
0.01573062
0.01199937
0.01578212
0.02062750
0.02800083
0.02400208
0.02002859
0.02399445
0.02400351
0.02400017
0.02003431
0.02399349
0.02461147
0.01999307
0.01999855
0.02119732
0.01599622
0.01600027
0.01600003
0.01600218
0.01598573
0.01599932
0.01599836
0.01600051
0.01599956
0.01200104
0.01600027
0.01600289
0.01598382
0.01599932
0.01599765
0.01599979
0.01600027
0.01599813
0.01599979
0.01599646
0.01600027
0.01600003
0.01599836
0.01598477
0.01600266
0.01599765
0.01600242
0.01865387
0.01340079
0.01599789
0.02525902
0.02000594
0.02400351
0.02030301
0.01598787
0.01199818
0.01319122
0.01600313
0.01599860
0.01199913
0.01600099
0.01567984
0.01599860
0.01199889
0.01579762
0.01599956
0.01200223
0.01198912
0.01200032
0.01573110
0.01600027
0.02000499
0.01999998
0.01999927
0.01999426
0.01600218
0.01200080
0.01599908
0.02000260
0.01599669
0.01593924
0.01573491
0.01199937
0.01600003
0.02000117
0.02063632
0.02000117
0.01600218
0.01999569
0.01599979
0.01623774
0.01600027
0.01597714
0.01723504
0.01999760
0.02400422
0.02402210
0.02400446
0.02399778
0.01997423
0.02399898
0.02400827
0.02400088
0.01999784
0.01998281
0.01999760
0.02000260
0.02067518
0.02001548
0.02002263
0.01971912
0.01578879
0.01982331
0.01969886
0.01967168
0.01600003
0.01967144
0.01599765
0.01661968
0.01599908
0.02000117
0.01999974
0.02397847
0.02399349
0.02400303
0.02400017
0.02000189
0.01999950
0.01978660
0.01971793
0.02026033
0.01600194
0.01983953
0.01599956
0.01599836
0.01599956
0.01599813
0.01599979
0.01571727
0.01600027
0.01599813
0.01599908
0.01665592
0.01603365
0.01573253
0.01600075
0.01599860
0.01600003
0.01569152
0.01574755
0.01599979
0.01980615
0.01599836
0.01978970
0.02002072
0.01999903
0.02000427
0.01651859
0.02400303
0.02121043
0.02399969
0.01999259
0.01599979
0.01601911
0.01599836
0.01599789
0.01573539
0.01600099
0.02400970
0.01600027
0.01599550
0.01589561
0.01599932
0.01600051
0.01599574
0.01599932
0.01966882
0.01601791
0.01599956
0.02000213
0.01599860
0.01572227
0.01601338
0.01599860
0.01600027
0.01887941
0.01600289
0.01999855
0.01596975
0.02117348
0.01998520
0.02068377
0.02400494
0.01999688
0.02000213
0.02000237
0.01599574
0.01599979
0.01999974
0.02000666
0.01999879
0.01999927
0.01599860
0.02000022
0.01662040
0.01599813
0.01600170
0.01999497
0.01600051
0.01999974
0.02001715
0.02399635
0.01999974
0.01600313
0.01599908
0.01565194
0.01572013
0.01599956
0.01599884
0.01603198
0.01693797
0.02002168
0.01999879
0.01600266
0.01599932
0.01716805
0.01569581
0.01999927
0.01564503
0.01588702
0.01600003
0.01567411
0.01599932
0.01973748
0.01600194
0.01575923
0.01572967
0.01579261
0.01566410
0.01572275
0.01596427
0.02000022
0.02000046
0.01653552
0.01599908
0.01599908
0.01568365
0.01599908
0.01599789
0.01599836
0.01601005
0.01578116
0.01892161
0.01526952
0.01593304
0.01600194
0.01599813
0.01600051
0.01603484
0.02060938
0.02401376
0.02400017
0.02120280
0.02001143
0.01999950
0.02000141
0.02400112
0.02400494
0.01599741
0.01659107
0.02676725
0.02398133
0.02399945
0.02398992
0.02400255
0.02275300
0.02609277
0.02400351
0.02529860
0.02000356
0.02400661
0.02399635
0.02397585
0.02400470
0.02799773
0.01965642
0.01974702
0.01976466
0.01599836
0.02522659
0.02799773
0.02533293
0.02797675
0.01999784
0.02000022
0.01999879
0.02000141
0.02000093
0.02000332
0.01982570
0.01999903
0.01966572
0.01971388
0.01573372
0.01636195
0.01199937
0.01568866
0.01600170
0.01600194
0.01600027
0.01568723
0.01588655
0.01600051
0.01599956
0.01199913
0.01199961
0.01578188
0.01599836
0.01599932
0.01599979
0.01599956
0.01600099
0.02000284
0.02000237
0.02399826
0.02074170
0.01999998
0.02125812
0.02401638
0.02465487
0.02000356
0.01600623
0.01570964
0.01596379
0.01573944
0.01599884
0.01999998
0.01998568
0.02400565
0.02069354
0.01599693
0.01599312
0.01599813
0.02000237
0.01599717
0.01199198
0.01564837
0.01199269
0.01597667
0.01583982
0.01967645
0.01600099
0.01599979
0.01973867
0.01599836
0.02062392
0.02000332
0.02277493
0.01599336
0.01690769
0.01600051
0.01568031
0.01599836
0.01977754
0.01600051
0.01599956
0.01976132
0.01602435
0.01599312
0.01599932
0.01600027
0.01592994
0.01571703
0.01578450
0.01571131
0.01999831
0.01574397
0.01600194
0.01599908
0.01599884
0.01599956
0.01598644
0.01599884
0.01601243
0.01998353
0.01601219
0.02000380
0.02400041
0.02399826
0.02399635
0.02403855
0.01599765
0.01811123
0.01599908
0.01599288
0.01713824
0.01599932
0.01599836
0.01599884
0.01999927
0.02000356
0.02402663
0.02400661
0.02399755
0.02399445
0.01999593
0.01599789
0.01982856
0.01973963
0.01999879
0.01999760
0.01999593
0.01599693
0.01984358
0.01999855
0.02029800
0.02000189
0.01999831
0.01999688
0.01999760
0.02001739
0.01999712
0.01601624
0.01599693
0.01599860
0.02020025
0.01999831
0.01599693
0.01601863
0.01599717
0.02000093
0.01599956
0.02000070
0.02000165
0.01597476
0.01999879
0.02000070
0.01599908
0.01999998
0.01599813
0.01599884
0.01659918
0.01598310
0.01599932
0.01600003
0.01599860
0.01599956
0.01600003
0.01599979
0.01599908
0.01599884
0.01599884
0.01599860
0.01597476
0.01584196
0.01599932
0.01565099
0.01199889
0.01599979
0.01600266
0.01599765
0.01599836
0.01999855
0.01599860
0.02339721
0.02000666
0.02522230
0.02552605
0.01660800
0.01599956
0.01570249
0.01599908
0.01570654
0.01599956
0.01600480
0.02002144
0.01599956
0.01597810
0.01572061
0.01575637
0.01600003
0.01600027
0.01580477
0.01200032
0.01599956
0.02002478
0.02000737
0.02398992
0.01999927
0.01199841
0.01572967
0.01599860
0.01599765
0.01199985
0.01600027
0.01999974
0.01600075
0.01599598
0.01201391
0.01671600
0.01600122
0.01729679
0.01601219
0.01599979
0.01599693
0.01599813
0.01599121
0.01200008
0.01199841
0.01576018
0.01260328
0.01599813
0.01599574
0.01199818
0.01597428
0.01600146
0.01599979
0.01199007
0.01599956
0.01599693
0.01437378
0.01574516
0.01600075
0.01320863
0.01602650
0.02399087
0.01998901
0.02398992
0.01999640
0.01600218
0.01585698
0.01600504
0.01580572
0.01599860
0.01946354
0.01608515
0.02241898
0.02400184
0.01999140
0.01714873
0.01599813
0.01576281
0.01599050
0.01600146
0.01599836
0.01571679
0.01572561
0.01600075
0.01574659
0.01600790
0.01254940
0.01260138
0.01574016
0.01720595
0.02000165
0.02000332
0.02398849
0.02397108
0.01600218
0.01600194
0.01599932
0.01593733
0.01835728
0.01599908
0.01599741
0.01599884
0.02000141
0.01600027
0.01598668
0.01596498
0.01199770
0.01578689
0.01569462
0.01600099
0.01410246
0.01599860
0.01580715
0.01600075
0.01578236
0.01263690
0.02799940
0.01999164
0.01603341
0.01598001
0.01599836
0.01597834
0.01999879
0.01602650
0.01600051
0.02446914
0.02002263
0.01999998
0.02067685
0.01599622
0.01599956
0.01999640
0.01999760
0.01599669
0.01599860
0.01976609
0.01599789
0.01599836
0.01599789
0.01503539
0.01600242
0.01559210
0.01599813
0.01718831
0.02000260
0.02127099
0.01599956
