0.01600099
0.01607728
0.01599860
0.01999927
0.01600027
0.02000070
0.01600075
0.01598692
0.01600051
0.01999998
0.01976228
0.01599789
0.01999855
0.01973724
0.01969004
0.01600170
0.01589727
0.01597786
0.01600361
0.01599264
0.02400374
0.02339435
0.01599813
0.01599884
0.01601696
0.01600623
0.01716542
0.01599813
0.01602411
0.01826763
0.01656103
0.01579785
0.01600361
0.01600122
0.01599836
0.01599813
0.01600647
0.01600003
0.01599908
0.02399373
0.02069116
0.01999998
0.02399278
0.02000165
0.01599622
0.01600003
0.01599789
0.01600003
0.01594424
0.01571012
0.01607347
0.01579213
0.01599932
0.01598287
0.01600075
0.01598644
0.01600051
0.01599884
0.01998544
0.01600027
0.01599956
0.01400709
0.01600170
0.01997948
0.01999831
0.01600075
0.02000165
0.01599979
0.01600075
0.01600075
0.01600003
0.01599956
0.01975632
0.01600051
0.01581359
0.01599336
0.01689506
0.01408100
0.01601219
0.02000141
0.01600170
0.01566362
0.01577663
0.01569462
0.01595020
0.01580143
0.01200032
0.01600051
0.01200128
0.01599979
0.01599693
0.01654220
0.01407456
0.01600170
0.01600146
0.01999974
0.01802373
0.01475930
0.01599836
0.01599693
0.01600194
0.01599979
0.01600075
0.01718402
0.01199365
0.01600051
0.01599860
0.01600051
0.02000046
0.02000451
0.02403331
0.02000666
0.02400589
0.02000117
0.02001643
0.02001476
0.02169037
0.01599956
0.01599836
0.02072501
0.02003503
0.02399278
0.02400398
0.02000332
0.02801824
0.01999307
0.01750851
0.01599932
0.01999950
0.01719546
0.01659322
0.01599979
0.01982713
0.02001834
0.01597953
0.01976919
0.01599860
0.01568365
0.01566339
0.01922059
0.01541734
0.01599813
0.01600027
0.01569486
0.01200247
0.01199889
0.01599813
0.01575136
0.01581025
0.01599789
0.01579499
0.01565218
0.01599836
0.01599860
0.02002144
0.01596069
0.01600313
0.01203752
0.01199937
0.01199722
0.01598573
0.01257133
0.01600003
0.01599789
0.01600337
0.01496148
0.01200104
0.01602530
0.02400732
0.02114797
0.01719117
0.01275420
0.01600027
0.01600099
0.01597548
0.02000046
0.01599407
0.01600003
0.01600242
0.01600003
0.01202226
0.01396298
0.01600170
0.01200080
0.01599932
0.01199961
0.01603198
0.01638222
0.01569510
0.01599836
0.01197147
0.01597643
0.01599264
0.01600361
0.01598549
0.01599813
0.01718736
0.01601863
0.01600075
0.01599932
0.02000403
0.01599860
0.01986694
0.01806974
0.01596498
0.01600027
0.01599908
0.01600003
0.01599860
0.01600027
0.01600099
0.01595020
0.01600099
0.01600170
0.01599813
0.02469850
0.01999927
0.02000141
0.01599860
0.01599932
0.01599717
0.02399516
0.02353382
0.02400208
0.02000880
0.01998091
0.01999927
0.01999998
0.02000284
0.01600170
0.01599026
0.01599956
0.01599765
0.02151465
0.01958966
0.02002001
0.01999569
0.01999760
0.02401233
0.01199937
0.01600075
0.01600099
0.01597357
0.01599836
0.01947165
0.01599765
0.01668549
0.01199937
0.01599956
0.01999903
0.01599836
0.01599932
0.01600027
0.01599860
0.01599956
0.01567507
0.01599908
0.01599860
0.01595831
0.01406646
0.01600027
0.01600075
0.01599979
0.01592302
0.01599979
0.01599979
0.01701903
0.02399611
0.01602936
0.01599932
0.01801705
0.01600003
0.01598811
0.01599860
0.01597619
0.01599860
0.01599836
0.01577544
0.01583052
0.01599097
0.01600838
0.01574731
0.01578689
0.01599884
0.01199961
0.01595950
0.01599956
0.01600313
0.02401638
0.01999855
0.01599956
0.01999688
0.01999569
0.01599884
0.01593304
0.01408482
0.01201606
0.01573753
0.01659369
0.01600099
0.02000451
0.01199889
0.01600003
0.01616621
0.01600313
0.01600194
0.01321840
0.01917052
0.01615691
0.01599979
0.01999807
0.01999521
0.01600051
0.01599765
0.01599765
0.01970816
0.01599836
0.01600027
0.01599979
0.01597643
0.02000356
0.02105069
0.01317453
0.01600242
0.01599932
0.01629186
0.01600003
0.01598668
0.01572275
0.01600075
0.01600337
0.01600003
0.01975203
0.02400780
0.02000499
0.02001333
0.01306581
0.01600075
0.01662374
0.01600075
0.01685452
0.02400947
0.02924275
0.01600051
0.01599908
0.01600027
0.01600099
0.01600099
0.01565862
0.01717448
0.01607537
0.01604199
0.01660204
0.01600027
0.02000976
0.02000237
0.01600099
0.01599979
0.01600146
0.01600194
0.01600003
0.01600003
0.01200175
0.01601338
0.01600051
0.01690388
0.01411009
0.01199770
0.01200676
0.01600051
0.01687074
0.01599836
0.01199913
0.02399278
0.02399802
0.01999950
0.02400112
0.02390194
0.02382946
0.01661229
0.01719284
0.01199651
0.01599860
0.01599789
0.01599836
0.01457620
0.01200843
0.01600003
0.01600456
0.01396418
0.01600051
0.01199985
0.01599956
0.01600194
0.01600075
0.01597619
0.01599860
0.01600003
0.01600170
0.01599932
0.01600170
0.01600003
0.01599956
0.01600027
0.01596785
0.01203704
0.01600003
0.01594043
0.01264000
0.01200056
0.01599979
0.01599979
0.01199889
0.01600003
0.01200080
0.01199937
0.01199841
0.01600146
0.01605463
0.01680970
0.01406765
0.01316571
0.02000356
0.02000165
0.02000451
0.02000070
0.01999712
0.02001619
0.01999450
0.01999784
0.02000809
0.02000237
0.01608324
0.02400160
0.02000332
0.02400494
0.02400708
0.01600003
0.01599908
0.01599979
0.01199961
0.01199913
0.01574111
0.01599908
0.01765323
0.01607919
0.02000046
0.01599979
0.01572037
0.01654291
0.01599789
0.02399921
0.02530670
0.02399683
0.02400255
0.02400231
0.02507806
0.01999331
0.01549506
0.01978183
0.01999974
0.02000809
0.02000189
0.01599646
0.01599932
0.01600289
0.01601791
0.01999974
0.02800584
0.02399778
0.01999736
0.02398896
0.01999807
0.02399945
0.02000332
0.02310157
0.01765537
0.01599240
0.02018905
0.02030516
0.01968980
0.01974249
0.01600099
0.01462197
0.02000070
0.02121949
0.01602364
0.01603341
0.01599884
0.02019453
0.01999497
0.01948643
0.01595712
0.01600003
0.01599860
0.01999998
0.01596427
0.01598501
0.01599884
0.01600003
0.01599884
0.01600122
0.02800131
0.02112937
0.02251220
0.02399015
0.02399540
0.01999617
0.01999998
0.02400827
0.02400041
0.01999617
0.01601601
0.01999855
0.02915072
0.02399755
0.02199531
0.02067113
0.02399659
0.01999712
0.01999998
0.01999807
0.02000237
0.02399778
0.01980829
0.01999974
0.01980257
0.01999855
0.01972985
0.01999974
0.01999950
0.01600003
0.01996541
0.02000022
0.01998115
0.02000046
0.01999974
0.01603460
0.02000070
0.01999807
0.02400088
0.02800965
0.02400422
0.02000165
0.02400041
0.01999974
0.01999950
0.02000260
0.02002358
0.01920557
0.01999950
0.02000046
0.01999950
0.01599407
0.01599765
0.01600051
0.02000189
0.01600075
0.02000284
0.02002478
0.02400327
0.02894545
0.02796245
0.02400994
0.02400565
0.02399993
0.02401280
0.02399778
0.02687693
0.02401543
0.02400398
0.01899242
0.02000213
0.01972699
0.02057338
0.01969719
0.01866031
0.01647687
0.02000022
0.01599669
0.02101994
0.03199458
0.01894760
0.02000117
0.01969337
0.02064800
0.01984143
0.01638913
0.02400422
0.02523112
0.01999736
0.01976800
0.01999903
0.01763439
0.02000165
0.01658678
0.01999569
0.02000046
0.01999903
0.01999831
0.01999903
0.01999569
0.02800274
0.02797937
0.02954841
0.02035546
0.01999998
0.02399993
0.02800179
0.02399492
0.02799416
0.02400041
0.02400136
0.02507591
0.02000046
0.02000022
0.02074409
0.01999927
0.01599884
0.01971817
0.01976061
0.01599789
0.01998973
0.02000284
0.01599789
0.01599693
0.01599550
0.01599932
0.01595712
0.01512146
0.01599932
0.01600170
0.01599836
0.01656222
0.01599884
0.01599789
0.01599956
0.01600266
0.01600003
0.02000427
0.02206922
0.02714467
0.02647805
0.02002192
0.01599884
0.01600027
0.01599860
0.01600075
0.02000070
0.01974750
0.01599979
0.01599932
0.01599646
0.01599979
0.01703978
0.01599956
0.02000022
0.01980138
0.02000141
0.02000093
0.01999855
0.01600003
0.02000117
0.01975751
0.01999664
0.01599813
0.01601839
0.01809859
0.02000022
0.02401757
0.02800035
0.02398872
0.02320933
0.01999712
0.01999974
0.01596999
0.01999831
0.01969481
0.02121496
0.01999950
0.01602316
0.01599669
0.01999807
0.01999950
0.01999855
0.01599908
0.01979804
0.02000046
0.02000117
0.01999927
0.01999950
0.02865005
0.02000642
0.02797508
0.02102208
0.02400041
0.02128434
0.02399683
0.02399683
0.02399993
0.02000117
0.02279186
0.02399802
0.02001691
0.02002907
0.02840233
0.02799821
0.02399302
0.02800012
0.02798581
0.02799368
0.01604271
0.01952481
0.01600099
0.02000403
0.01719117
0.02000070
0.01597905
0.01999927
0.01598525
0.01855183
0.02397656
0.03006101
0.01599765
0.01600027
0.02400327
0.02800727
0.03603745
0.01967502
0.01870227
0.01990128
0.01999974
0.01974583
0.02066278
0.01598263
0.01999950
0.02404451
0.02401161
0.01971984
0.01973772
0.01999950
0.01599884
0.01999903
0.02157021
0.01999950
0.01999903
0.01999998
0.01599264
0.01994514
0.01999927
0.01999927
0.01999831
0.01999879
0.01999903
0.01999879
0.01995707
0.01599646
0.01803064
0.01599908
0.01974177
0.02397442
0.01999807
0.02400303
0.02399969
0.02399731
0.02398586
0.02400970
0.02400088
0.02534604
0.01600027
0.02000070
0.01999927
0.02008724
0.02000022
0.01999998
0.02000117
0.01599884
0.01998711
0.01600003
0.01998425
0.01600051
0.02054691
0.01600003
0.01599956
0.01999903
0.01599765
0.02003026
0.01599860
0.01600122
0.01598167
0.01599717
0.01598549
0.01599836
0.01999927
0.01599741
0.02400088
0.02268314
0.02399898
0.02400184
0.01999521
0.01662779
0.01982284
0.01600814
0.01599741
0.01602626
0.01599598
0.01599741
0.01587725
0.01599765
0.02798176
0.02399659
0.01600075
0.02000022
0.01599884
0.01973438
0.01599908
0.01600003
0.01737452
0.01395011
0.01871252
0.01599979
0.01718473
0.02069092
0.01660824
0.01999593
0.01997495
0.02000237
0.01599956
0.01599932
0.01599932
0.01601028
0.01599908
0.01404738
0.01599956
0.01998591
0.02078676
0.02400064
0.02399707
0.01999903
0.02799988
0.02400017
0.02804184
0.02844286
0.02799988
0.02800012
0.03327370
0.02799964
0.03199434
0.02800250
0.02398109
0.02220750
0.01999903
0.01601458
0.02122545
0.02003407
0.01999879
0.02398252
0.01999927
0.01999879
0.01999831
0.01998949
0.02399921
0.01999998
0.02072835
0.02000117
0.01998830
0.02520561
0.02399588
0.03202009
0.03200388
0.02799702
0.02799988
0.02551651
0.03224325
0.02110696
0.02799869
0.02523136
0.02399993
0.03602242
0.03199816
0.02399158
0.02497005
0.02009916
0.01999545
0.01999211
0.01979804
0.02049422
0.01599932
0.01599908
0.01949573
0.02799177
0.01599908
0.01600122
0.01709652
0.02165699
0.02000189
0.02120781
0.01601958
0.02000546
0.01599956
0.01974463
0.01999903
0.01599932
0.01599836
0.01997566
0.01600003
0.01599765
0.01914668
0.01600027
0.01599908
0.01984525
0.01600480
0.02033472
0.01599765
0.02000022
0.02001667
0.02800298
0.02801037
0.02799702
0.02799869
0.02446771
0.01999283
0.01600027
0.01965618
0.01967502
0.01599884
0.01599860
0.02106476
0.01999497
0.01999950
0.01999664
0.01596284
0.01600027
0.01599741
0.01599789
0.01599908
0.01599908
0.01600409
0.01600027
0.01599932
0.01577783
0.01599979
0.01598597
0.01974559
0.01999927
0.01999974
0.01600075
0.01600695
0.02046943
0.01599789
0.01600003
0.02400231
0.02798653
0.02797699
0.02400017
0.01600051
0.02000046
0.01506996
0.01599932
0.02000046
0.01600003
0.01979208
0.01599765
0.02000284
0.02400136
0.02398658
0.02399993
0.02574134
0.02399993
0.01767707
0.02400017
0.02800155
0.02799511
0.02799630
0.02798986
0.02400351
0.02799726
0.02735639
0.01599932
0.01965427
0.01969981
0.01999974
0.02000356
0.01599860
0.01999974
0.01999855
0.02384686
0.03369498
0.03011084
0.03328776
0.02800131
0.02799773
0.01999092
0.01999998
0.02000046
0.01998401
0.01999664
0.01999974
0.02286959
0.02011752
0.01999927
0.02000284
0.02000046
0.02799010
0.01975417
0.02000022
0.01999664
0.02380681
0.01998115
0.01999903
0.02001429
0.01984072
0.01973844
0.01999712
0.02001357
0.01999831
0.02000427
0.02000046
0.02036643
0.02400351
0.01999974
0.02373338
0.02307582
0.03199840
0.02802181
0.03200078
0.03200269
0.01999950
0.01978588
0.01999927
0.01974964
0.02399826
0.02001262
0.01805496
0.01999998
0.01598835
0.01976871
0.02000403
0.02001548
0.01975656
0.01600027
0.01999974
0.01996946
0.01597953
0.01599169
0.02237654
0.02799940
0.02801847
0.02719331
0.03196597
0.02802181
0.03324437
0.03199863
0.03697181
0.02336001
0.02000380
0.02052450
0.02931261
0.03199863
0.03200173
0.03199744
0.03200126
0.03035903
0.02002192
0.02000046
0.02000046
0.01656365
0.01999927
0.01600504
0.01999927
0.01999974
0.02001882
0.02399993
0.02398586
0.02756500
0.03599620
0.03199983
0.02799439
0.03199553
0.03197789
0.03600144
0.03246331
0.03199530
0.02800298
0.02801323
0.02800083
0.02799916
0.02800322
0.02800608
0.02799678
0.02331996
0.02400160
0.02001047
0.01999998
0.01999855
0.02400041
0.02400184
0.02397466
0.02401829
0.02347660
0.03199840
0.02543831
0.03199410
0.04102921
0.03999996
0.04400015
0.02400279
0.02400041
0.02399898
0.01811337
0.01599908
0.02029276
0.01600027
0.01999974
0.01999879
0.02000022
0.01600051
0.01991868
0.01811433
0.02399135
0.02214360
0.01599836
0.01996088
0.01970410
0.01660776
0.01600027
0.02191019
0.02000046
0.01999950
0.02000213
0.01999807
0.01599860
0.01600099
0.01700354
0.01999998
0.02061486
0.01599836
0.01999998
0.01600051
0.01999974
0.02000022
0.01998496
0.01600361
0.01600027
0.01600099
0.02000141
0.02000022
0.01709104
0.02000046
0.02000165
0.01599884
0.01600051
0.01988530
0.01600051
0.01999974
0.01972985
0.01600647
0.01599836
0.01972055
0.01979065
0.03199959
0.01910424
0.01600051
0.01999950
0.03600407
0.02799702
0.02003455
0.02000141
0.01599956
0.01971745
0.01966143
0.01807356
0.01599884
0.01603389
0.01599550
0.01978588
0.01966786
0.01600218
0.01983452
0.01599646
0.01599789
0.01602578
0.01603460
0.01599836
0.01599932
0.02002025
0.02812600
0.02799940
0.02057600
0.01599860
0.01600027
0.01600003
0.01598454
0.01600027
0.01999927
0.01599860
0.01598644
0.01599741
0.02400064
0.02321625
0.01999497
0.01717424
0.01685166
0.01300859
0.01600862
0.01903272
0.01599884
0.01599836
0.02399802
0.02800322
0.02412105
0.01999664
0.02011204
0.01999879
0.01599598
0.01995206
0.01999784
0.01599598
0.01599932
0.02000070
0.01999927
0.01999807
0.02399731
0.02521014
0.01599836
0.01599979
0.01599765
0.01599741
0.01599860
0.01999927
0.03200197
0.02690434
0.02800250
0.01726246
0.01999903
0.02800703
0.02800298
0.02400374
0.02799988
0.03198409
0.03200078
0.02399969
0.01706553
0.01970029
0.02000308
0.01999974
0.02000141
0.02010822
0.01600051
0.02000213
0.02000165
0.01599908
0.01599979
0.01974988
0.01601958
0.01599956
0.02000070
0.01999044
0.02398443
0.02400351
0.01999855
0.02018547
0.02400970
0.02935100
0.02402282
0.02800441
0.02632070
0.02399993
0.02399588
0.01998639
0.01975560
0.01599979
0.01976395
0.02000070
0.01599884
0.01601410
0.01599908
0.01976323
0.01599932
0.01967788
0.01599932
0.01999974
0.02000093
0.01999688
0.02799702
0.02800226
0.02399969
0.01599908
0.01600003
0.02000070
0.02799988
0.02412271
0.01999450
0.02399635
0.01970863
0.01999855
0.01973891
0.01980662
0.01973295
0.01999855
0.01600480
0.01599979
0.02373743
0.02399039
0.02399731
0.02403164
0.02799368
0.02799749
0.03199744
0.02488685
0.01598001
0.01832747
0.02000070
0.01978993
0.02000690
0.01599932
0.01975107
0.01599979
0.01976347
0.01599908
0.01748300
0.02075720
0.01599717
0.01599836
0.03249025
0.01999807
0.01996112
0.02281857
0.01986456
0.01975179
0.02132106
0.02550936
0.02001452
0.01805401
0.02087617
0.01600051
0.01597047
0.01599860
0.01960373
0.01972485
0.01968789
0.02000070
0.01972246
0.01599765
0.01601315
0.01999974
0.02096844
0.01999927
0.01602435
0.01999927
0.02000117
0.01599860
0.01999879
0.02000070
0.02164054
0.02400160
0.02400613
0.02818274
0.02399302
0.02399850
0.02422857
0.02803302
0.02802563
0.02000284
0.01987004
0.01599956
0.02374840
0.02399707
0.01707816
0.02000117
0.02000022
0.02001095
0.02399993
0.02000976
0.02000976
0.02001119
0.01999855
0.01999879
0.01599073
0.01602459
0.01705050
0.01999950
0.02000165
0.03167987
0.03199720
0.02930236
0.02399826
0.02400136
0.02404046
0.02744460
0.02258539
0.02399540
0.02000022
0.02000332
0.01999831
0.01999784
0.02002525
0.01975584
0.01599646
0.01600027
0.01594901
0.01999736
0.01596522
0.01597881
0.02800059
0.03200889
0.02800250
0.03199983
0.02800155
0.02800608
0.01999998
0.02400422
0.01999426
0.01599836
0.01606989
0.01999831
0.01607299
0.02000165
0.02800202
0.02799511
0.03200197
0.03102875
0.03200293
0.02398539
0.01999807
0.01999784
0.01599884
0.01573825
0.01598263
0.01599884
0.01601601
0.01997399
0.01599956
0.01599932
0.01986527
0.02000022
0.01599884
0.01599765
0.01999974
0.01601124
0.01600146
0.01987672
0.01999950
0.02474642
0.02800703
0.02000093
0.02354741
0.01599693
0.01983500
0.01599693
0.01999974
0.01599860
0.01999903
0.01991272
0.01599765
0.01599765
0.01999736
0.01999950
0.01969242
0.01994467
0.01706624
0.01999974
0.02014112
0.02000070
0.03200173
0.02800226
0.02800703
0.02399278
0.01599860
0.01999974
0.01979995
0.01506901
0.01966977
0.01999974
0.01971173
0.02000117
0.01599264
0.02115488
0.02000308
0.02000070
0.02018237
0.01999855
0.01999927
0.02262282
0.02400279
0.02000523
0.01999807
0.01995945
0.01599932
0.02800012
0.03200269
0.02800179
0.03199792
0.02399969
0.02660966
0.02000093
0.01999903
0.02000189
0.02000070
0.02122593
