0.00400066
0.02000022
0.02399945
0.02400541
0.01850581
0.02000332
0.02345634
0.02000523
0.01716781
0.01600027
0.01999974
0.01999831
0.01999998
0.02000070
0.01600051
0.02000046
0.02000022
0.02000165
0.01999879
0.02000189
0.01600099
0.02000117
0.02056408
0.02061176
0.01997614
0.01998019
0.02799964
0.02440763
0.02214718
0.02400756
0.02399993
0.03200150
0.04399276
0.04400182
0.04000092
0.03599930
0.03602314
0.03999758
0.04400182
0.02399516
0.01409459
0.02401376
0.02399921
0.01999950
0.01997924
0.01600242
0.02655649
0.02525997
0.02469397
0.02400017
0.02400517
0.01712489
0.01600051
0.02350497
0.02000785
0.01999974
0.01999688
0.01999974
0.01599956
0.01600075
0.01997232
0.01919532
0.03049397
0.02399373
0.04810739
0.04533315
0.04400563
0.03920817
0.03599954
0.04000068
0.04000211
0.03600025
0.03600192
0.03998089
0.04055786
0.03999734
0.03999996
0.03598380
0.03995895
0.03790641
0.01920390
0.01999974
0.01999974
0.01999831
0.01999784
0.02800751
0.02800345
0.02399969
0.01999879
0.02000022
0.01999807
0.01997852
0.01999879
0.02064991
0.01599884
0.01600099
0.02000022
0.01999950
0.01999831
0.01600027
0.01999807
0.02221513
0.01599979
0.02058005
0.02000046
0.02278996
0.02000070
0.02400088
0.03599787
0.04000044
0.03153181
0.02002525
0.02845693
0.02399778
0.01599956
0.01599979
0.03016639
0.02000141
0.01599979
0.01600075
0.01999831
0.02000022
0.01642370
0.01597357
0.01999855
0.01999950
0.01600003
0.02063942
0.01599956
0.01600122
0.01599884
0.02401972
0.01999927
0.02000284
0.02000952
0.04800224
0.04961157
0.02400136
0.02400088
0.01999903
0.02399898
0.02115059
0.02469754
0.01999378
0.02399993
0.02400017
0.02400064
0.02000141
0.01999950
0.01999950
0.02400041
0.02399969
0.02063799
0.02400017
0.02400041
0.01999903
0.02800083
0.02400041
0.02400208
0.02459645
0.02399993
0.02866960
0.02799964
0.02000189
0.02100658
0.02026606
0.02162004
0.02113605
0.02197433
0.02000022
0.02000093
0.01999760
0.02399611
0.01999831
0.01999950
0.02399993
0.01999974
0.02399898
0.01999998
0.02399921
0.02107906
0.02334142
0.02399898
0.02460170
0.02400088
0.02000141
0.02399755
0.01999950
0.02399969
0.02799821
0.02399087
0.02430534
0.02400041
0.01999998
0.02400351
0.04003167
0.04046988
0.03834605
0.01599908
0.01599932
0.01265955
0.01599860
0.01600003
0.01599979
0.01600242
0.01706529
0.01599932
0.01600075
0.01600170
0.01199865
0.01599813
0.01599813
0.01598907
0.01199937
0.01600027
0.01600170
0.01598501
0.01736879
0.02000475
0.01599765
0.01651692
0.01999664
0.01597762
0.01600051
0.01600838
0.01599979
0.01599956
0.02000165
0.01599956
0.01999640
0.01599932
0.01657081
0.01600051
0.01599646
0.01834583
0.01999855
0.01999879
0.01999331
0.01999855
0.01997757
0.01999855
0.02001786
0.01997924
0.01999831
0.02000022
0.02000022
0.02400064
0.02800131
0.02399778
0.02397537
0.02399826
0.01999974
0.02000380
0.02400279
0.02399993
0.02401710
0.02800226
0.02800035
0.02000952
0.02302861
0.02400374
0.02400112
0.02400184
0.02053523
0.02400017
0.02399921
0.02400064
0.02399969
0.02000141
0.02000046
0.02400374
0.02399850
0.02471542
0.02399850
0.02399755
0.01999855
0.01927733
0.02399969
0.02399802
0.04472303
0.04001188
0.03599811
0.03999949
0.03999972
0.01999903
0.02400684
0.02000356
0.01598477
0.02000380
0.01999974
0.01600027
0.01599932
0.01999974
0.01600075
0.01721883
0.02003074
0.02000141
0.01834512
0.02000308
0.02400160
0.01716304
0.01597452
0.01604652
0.01600075
0.01200390
0.01600003
0.01597095
0.01599884
0.01599860
0.01599908
0.01999688
0.01599979
0.01599860
0.01600885
0.01600099
0.01599908
0.01600313
0.01601148
0.01599932
0.01599932
0.01390767
0.01602745
0.01600027
0.01718783
0.01597667
0.01600027
0.01599979
0.02000141
0.01648569
0.01599622
0.01599836
0.01600170
0.01600051
0.01599979
0.01599956
0.02000070
0.01600146
0.01600003
0.02002525
0.01999950
0.01999903
0.02399111
0.02136087
0.02000737
0.02000093
0.02000070
0.01999927
0.02399421
0.02398276
0.01999640
0.02703619
0.02400517
0.02517200
0.02400303
0.01999950
0.02000022
0.01999831
0.01999903
0.02001834
0.02000999
0.01999879
0.02000213
0.01999950
0.02000046
0.01999998
0.01599860
0.01599884
0.01989174
0.01999784
0.01999760
0.01599741
0.01601577
0.01599836
0.02482557
0.02400160
0.01999545
0.02000093
0.01999974
0.01788116
0.01990247
0.01720214
0.01599860
0.01999855
0.01999998
0.01999855
0.02000260
0.02399826
0.02399755
0.02399921
0.01999617
0.01599908
0.01997304
0.01999831
0.01999927
0.01659155
0.01999855
0.01999903
0.01999760
0.02000022
0.01600099
0.01999927
0.01986742
0.01599908
0.01999855
0.01719069
0.01999640
0.01999998
0.02298641
0.01599956
0.01999903
0.02399468
0.02799964
0.02001691
0.01999927
0.01999855
0.02000523
0.02399826
0.01599693
0.02001882
0.02800488
0.02000165
0.01999974
0.01998401
0.02068734
0.02399802
0.02000070
0.02003050
0.01999950
0.02000117
0.02000070
0.01999998
0.02085543
0.02612829
0.02476120
0.02000070
0.01600242
0.01999974
0.01997781
0.02398324
0.01999831
0.01999974
0.02003431
0.01999807
0.01999807
0.02400231
0.02399993
0.02000213
0.02400088
0.01999950
0.01999998
0.02000022
0.01998329
0.02000093
0.02400327
0.02399373
0.02000833
0.01906967
0.01999903
0.02464294
0.02399611
0.02399945
0.02399898
0.02401137
0.02002907
0.02000022
0.02399898
0.01999760
0.02000070
0.01999807
0.01999068
0.01999402
0.02002096
0.01999974
0.02799916
0.02399087
0.01999998
0.01997948
0.01999950
0.02004027
0.01992822
0.01917934
0.01999831
0.01999974
0.01999903
0.02003765
0.02000427
0.01999807
0.02062249
0.01999879
0.01999831
0.01999855
0.01999927
0.02000117
0.01999855
0.02402091
0.02799964
0.02800584
0.02400064
0.01999855
0.01999903
0.01999927
0.01999950
0.02399969
0.02399492
0.01999879
0.01999974
0.02399182
0.02403641
0.02399850
0.02000022
0.02532482
0.02400470
0.01599908
0.01999903
0.02000093
0.01599932
0.01999974
0.02000642
0.01599932
0.02000022
0.01999879
0.01601458
0.01999998
0.01996779
0.01995778
0.01999855
0.01999974
0.01999855
0.02118778
0.01599813
0.01599956
0.01999784
0.01600122
0.01998639
0.01997995
0.02000046
0.01999497
0.02273202
0.02000952
0.02400208
0.02399993
0.02399635
0.01997018
0.01599884
0.01599979
0.01999950
0.02000093
0.01600075
0.01599884
0.01600003
0.01599717
0.01599884
0.01600027
0.01599860
0.01599860
0.01599884
0.01599979
0.01599193
0.01601195
0.01599908
0.02000093
0.01599860
0.02100205
0.01997161
0.01999712
0.02000189
0.01999784
0.01950479
0.01600027
0.01600027
0.01599979
0.01720691
0.01598811
0.02063704
0.01999903
0.01599979
0.01599979
0.01357603
0.01599979
0.01597977
0.01599979
0.01600242
0.01600027
0.01600003
0.01598740
0.01600122
0.01600003
0.01599789
0.01600194
0.01600528
0.01600003
0.01599979
0.01599884
0.01600027
0.02056003
0.01599288
0.01599813
0.01602936
0.01999593
0.01715922
0.01599908
0.01999974
0.01600051
0.01599884
0.02000046
0.01998901
0.01999903
0.01999784
0.01999879
0.01603889
0.01999974
0.01599789
0.02397251
0.01998353
0.01599956
0.02800584
0.02399826
0.02399564
0.02399993
0.02000022
0.01999855
0.01999903
0.02399993
0.02030301
0.01999998
0.02400970
0.02400851
0.02400303
0.02798367
0.02399802
0.02799487
0.02400017
0.01828694
0.01603055
0.01599956
0.01997113
0.01999903
0.01999927
0.02000070
0.02000141
0.01999807
0.02000904
0.02000141
0.02000117
0.01999998
0.02003121
0.02002120
0.01999855
0.01999950
0.02000070
0.01916456
0.02399325
0.01599884
0.02170753
0.02002120
0.01999760
0.01999950
0.01999831
0.01999784
0.01599956
0.02000070
0.02001238
0.01999998
0.02001643
0.01999927
0.02400112
0.02000308
0.01999855
0.01999831
0.02399921
0.01999855
0.02000570
0.01980257
0.01600289
0.02399826
0.02003765
0.02501392
0.01837444
0.02000046
0.01598763
0.01717114
0.02399874
0.02001858
0.02399945
0.01999879
0.02401161
0.02000690
0.01999998
0.02001452
0.01997447
0.02000427
0.01998043
0.02001023
0.01657319
0.01999950
0.02000093
0.01999712
0.01999760
0.01999927
0.01999927
0.02000022
0.01999974
0.02399302
0.02396870
0.02153683
0.01999879
0.02001071
0.01999903
0.01999998
0.02002048
0.01999784
0.01999879
0.01999998
0.02056670
0.02000070
0.02400041
0.02000451
0.02399111
0.01999950
0.02000546
0.01603341
0.01599884
0.02059460
0.01999903
0.01600003
0.01602435
0.01998401
0.01999807
0.02399921
0.02400017
0.01999903
0.02001524
0.01997995
0.01850724
0.02000141
0.02799821
0.02399397
0.02400208
0.02403450
0.02000117
0.01997566
0.02000093
0.02061319
0.01999831
0.01599813
0.01999879
0.01999903
0.01999974
0.01996899
0.01925850
0.01602030
0.01599956
0.01999950
0.01999998
0.01716256
0.01600289
0.01599956
0.01602387
0.01600027
0.01988840
0.01601839
0.01802278
0.02000308
0.02120948
0.02399755
0.02400923
0.02400327
0.02121377
0.02000046
0.02545762
0.01999235
0.02522993
0.02474141
0.02336597
0.02416897
0.02125430
0.01999927
0.01602387
0.01999879
0.02002430
0.02000046
0.01600027
0.01599956
0.01955938
0.01999998
0.01597810
0.01999974
0.01600027
0.01981544
0.01503396
0.01982331
0.02400112
0.02399874
0.02184081
0.01999974
0.01599884
0.01999998
0.01999950
0.01599932
0.01602745
0.01600003
0.01599979
0.01599979
0.01599884
0.01599813
0.02000284
0.01599908
0.01599932
0.01999855
0.01600099
0.01600003
0.01599813
0.01999307
0.01657939
0.01599884
0.01999950
0.01725984
0.01918411
0.02399635
0.02400231
0.01975393
0.01599836
0.01600027
0.01599789
0.01597595
0.01600075
0.01599908
0.01474166
0.01660442
0.01595736
0.01315260
0.01600766
0.01599765
0.01600051
0.01600075
0.01599860
0.01819181
0.01199770
0.01597738
0.01744604
0.01599813
0.01609612
0.02056408
0.01600027
0.01720142
0.01599884
0.02000022
0.01599789
0.01599979
0.01599813
0.01599956
0.01761699
0.01784587
0.03199410
0.01708508
0.01599860
0.01600051
0.01721811
0.01997995
0.01991582
0.02399659
0.02109194
0.01998472
0.01599956
0.01600003
0.01999950
0.01600027
0.02000928
0.01602459
0.01600027
0.01600623
0.01999760
0.01999950
0.01999807
0.01999831
0.02002430
0.01999879
0.01600099
0.01599884
0.01825857
0.02000093
0.01809120
0.01999879
0.02057815
0.01599884
0.01999950
0.01999879
0.02000022
0.01999950
0.02039480
0.01599979
0.01603198
0.01618338
0.01602316
0.02059793
0.01599979
0.01999998
0.01599860
0.02000070
0.01599836
0.01599860
0.01599884
0.01599908
0.01599884
0.02121162
0.01985812
0.01999974
0.01600003
0.01600838
0.01600027
0.02032232
0.01999927
0.01600003
0.01600885
0.01600623
0.01603818
0.01695585
0.01600051
0.01671338
0.02000165
0.01599741
0.01600075
0.01600146
0.01599979
0.01599979
0.01600027
0.01999950
0.02000022
0.01600051
0.01960325
0.02000022
0.01599956
0.01599860
0.02000046
0.01600027
0.01600075
0.01599932
0.01600051
0.01599979
0.01603055
0.02000093
0.01600075
0.02000070
0.01792741
0.02074051
0.01546454
0.02400160
0.02127671
0.01999879
0.01813936
0.01999950
0.02000070
0.01600146
0.01608515
0.01604533
0.02011371
0.01599884
0.01599836
0.01599836
0.01599908
0.01600075
0.01599884
0.01997590
0.02399898
0.01994610
0.01654100
0.02000022
0.01977897
0.01599860
0.01999903
0.02000022
0.01599932
0.01999998
0.02173710
0.01803231
0.01600027
0.02799749
0.01999855
0.01999927
0.01599932
0.01999855
0.01599979
0.01999497
0.02400017
0.02000117
0.02992225
0.02878380
0.02799702
0.02797318
0.01996255
0.01599813
0.02000165
0.01999760
0.02000046
0.01999688
0.01999855
0.02286482
0.02801323
0.03267694
0.01999807
0.01995778
0.01999855
0.03201103
0.02799845
0.02401924
0.02315784
0.02400327
0.01999927
0.02400017
0.01999712
0.02000022
0.02000761
0.01599979
0.02800202
0.02796364
0.01999855
0.02000070
0.01999855
0.01659369
0.01989150
0.02000070
0.02002430
0.01599813
0.02000046
0.01999879
0.02610612
0.02301455
0.01760674
0.01999950
0.01989293
0.01600266
0.01895285
0.02001858
0.01999807
0.02097964
0.02000022
0.01999950
0.02400136
0.02004051
0.01600218
0.02053642
0.02000046
0.01999903
0.01999974
0.02400184
0.02400279
0.02799988
0.02400136
0.02200699
0.03293467
0.02799869
0.02000356
0.02000117
0.01999903
0.01999950
0.02400184
0.02799749
0.03199887
0.02427053
0.02502942
0.02467489
0.02519917
0.01599860
0.01999760
0.01599836
0.01968050
0.02002692
0.01999903
0.02076483
0.01703954
0.01961112
0.01598597
0.01599908
0.02000022
0.01935196
0.01600170
0.02002358
0.01988864
0.02001381
0.01600027
0.01599431
0.02000070
0.01999211
0.01996207
0.01999879
0.02000046
0.01997304
0.01999831
0.03200340
0.02354813
0.02400422
0.01907229
0.02060986
0.02118611
0.01999950
0.01998949
0.01983476
0.02002549
0.01599526
0.01999927
0.01999950
0.01999879
0.01999950
0.02000356
0.01999927
0.01999950
0.02000070
0.01999950
0.01999879
0.02000022
0.01600099
0.01599979
0.02000117
0.01999903
0.01989865
0.01802683
0.01600266
0.02081776
0.01999903
0.01999998
0.01999903
0.02197623
0.02001524
0.01999855
0.02002406
0.01906800
0.01890445
0.02064872
0.01999927
0.01999903
0.02000332
0.01999998
0.01600075
0.01999927
0.02118945
0.01935720
0.01999831
0.01999831
0.02000093
0.02000022
0.01999903
0.01999831
0.01998782
0.01600122
0.01987672
0.01984930
0.02098703
0.02064562
0.01999927
0.02000022
0.02000189
0.02000117
0.02000165
0.02398682
0.01999950
0.02399921
0.01999927
0.01999927
0.01999760
0.02000093
0.02000189
0.01999831
0.02000046
0.01999760
0.02000046
0.02310967
0.02000093
0.02000022
0.02274632
0.02399969
0.02397895
0.02186203
0.02399874
0.02105594
0.01999950
0.01999998
0.01999903
0.01999807
0.01999950
0.02060294
0.02000070
0.01999879
0.01999807
0.01942158
0.02000237
0.02401114
0.02000022
0.02399874
0.02518940
0.01999974
0.02000022
0.01999927
0.02415133
0.02211761
0.01999998
0.02001500
0.01997399
0.01999927
0.02036428
0.02013707
0.02000070
0.02400208
0.01999855
0.01600003
0.01887727
0.01999950
0.01999950
0.02000022
0.01999927
0.01599908
0.02000046
0.02000022
0.02000093
0.01864266
0.01999998
0.02000117
0.02026176
0.01804781
0.01999831
0.01999950
0.01999092
0.01600099
0.01602912
0.01999927
0.02000070
0.01599932
0.01600242
0.01600003
0.01682639
0.01598096
0.01600027
0.01661158
0.01999879
0.02028298
0.01999927
0.01599884
0.01600027
0.01993299
0.01999950
0.01658916
0.01999903
0.02000117
0.01773977
0.01602578
0.01999998
0.01599789
0.01999974
0.01596761
0.01599932
0.02000070
0.01599765
0.01527357
0.02800083
0.03200006
0.02800608
0.03489113
0.03708339
0.02399802
0.02080417
0.02375007
0.02402186
0.02001166
0.02518702
0.01999807
0.02399802
0.01999927
0.02000022
0.01999879
0.02111340
0.01999950
0.02000046
0.02000022
0.01999903
0.01999974
0.02000093
0.02355409
0.02000022
0.01999664
0.01999831
0.01999998
0.02399826
0.02956867
0.01999974
0.02000093
0.02469444
0.03199577
0.03200340
0.03201485
0.02800012
0.03200507
0.03732157
0.01999807
0.01999974
0.01998425
0.02399993
0.02242136
0.02004099
0.02399898
0.02799869
0.02399993
0.03200078
0.02461219
0.02011704
0.01999998
0.02402925
0.02379489
0.02399874
0.02181625
0.02242899
0.02424121
0.02331328
0.02342105
0.02365661
0.01999974
0.02000070
0.03197932
0.02399158
0.02972674
0.02400017
0.02962232
0.02402329
0.02800441
0.02564883
0.02800250
0.02799749
0.02399969
0.02800298
0.03419185
0.02695870
0.03199959
0.02061534
0.01999950
0.02399969
0.02000070
0.02400303
0.02001905
0.02473593
0.02121425
0.02000284
0.02399993
0.01999950
0.01999927
0.02062273
0.01600099
0.01999664
0.02000165
0.01999927
0.01751494
0.01999974
0.01844335
0.01599932
0.01454997
0.01662183
0.02000117
0.01600003
0.01599884
0.01599908
0.02000022
0.02799535
0.03200126
0.01704741
0.02000165
0.01599884
0.01996374
0.01999998
0.01999879
0.02400088
0.02520609
0.02637076
0.01999831
0.01596093
0.01805925
0.01600075
0.01997471
0.01999760
0.02000475
0.02002144
0.01999950
0.01999855
0.01999736
0.01599813
0.01999807
0.02000022
0.01906252
0.02900696
0.01507616
0.02062345
0.01800919
0.01999927
0.01999903
0.01999974
0.01853871
0.01599860
0.01999927
0.02000403
0.02120352
0.01999927
0.02000141
0.01997519
0.01599979
0.01999950
0.01932907
0.01999950
0.01999831
0.01600289
0.01603198
0.02000093
0.02001381
0.02000117
0.01660776
0.01999950
0.01999998
0.02003574
0.01999927
0.02002001
0.01599836
0.02000046
0.02056313
0.01599813
0.02001143
0.01600003
0.01604080
0.01999760
0.01981306
0.01599979
0.01989841
0.01859760
0.01599836
0.01599979
0.01600027
0.01599860
0.01600099
0.02054954
0.01599860
0.01599932
0.01599860
0.01600003
0.01599979
0.01599884
0.01599908
0.01999831
0.01999736
0.01603270
0.01705599
0.01613569
0.02000117
0.01599836
0.01999927
0.01600003
0.01611733
0.01599932
0.01600695
0.02801824
0.02799630
0.02000117
0.01599956
0.02000546
0.02021790
0.01599693
0.01599932
0.02120280
0.01999640
0.02000308
0.01599956
0.01572204
0.01600027
0.01600027
0.01600003
0.01600242
0.02000070
0.02399969
0.01599741
0.01599860
0.02399921
0.01999879
0.01600051
0.01600003
0.01600003
0.02006435
0.01619434
0.02000046
0.02002263
0.01780176
0.01599860
0.01590490
0.01599836
0.02399993
0.01599908
0.01599908
0.01599908
0.01600146
0.01686621
0.01659346
0.01599932
0.01600027
0.01836228
0.01599979
0.01600051
0.01721454
0.01599860
