0.02399635
0.01999855
0.01999974
0.02473235
0.02592468
0.02798033
0.02397656
0.01998520
0.02002120
0.01999903
0.01657867
0.02074194
0.01999855
0.02399755
0.02300692
0.02800465
0.03328562
0.02800012
0.03292704
0.02400231
0.02396870
0.02799964
0.02399874
0.02397513
0.02399921
0.02462745
0.02400088
0.02400041
0.03996825
0.04000092
0.04000139
0.01999974
0.02001667
0.01999879
0.01998925
0.02278805
0.01999497
0.01600003
0.01999950
0.02400398
0.01777792
0.02000618
0.01718545
0.02000046
0.02400303
0.01601028
0.01599741
0.01998663
0.01999807
0.02400041
0.02466631
0.02402973
0.01984668
0.01599956
0.01599765
0.02400136
0.02334309
0.02203059
0.04521179
0.04003406
0.03997207
0.03599930
0.04000020
0.02013111
0.01999879
0.02000093
0.02401662
0.03199840
0.02399135
0.02058601
0.01982164
0.01939368
0.02399945
0.01999807
0.03198028
0.02600503
0.02800751
0.02800560
0.01999950
0.02399969
0.03999090
0.03598976
0.03666162
0.04262543
0.03597689
0.04000092
0.04000235
0.01599979
0.01600194
0.03004980
0.01999974
0.02400970
0.01719069
0.01600027
0.01999903
0.01600051
0.02000189
0.01909709
0.02000141
0.02400494
0.01999998
0.01599693
0.01999831
0.02400041
0.01999259
0.01999903
0.02573538
0.02000093
0.02000046
0.01999831
0.01599956
0.02000046
0.02398086
0.02967381
0.02483582
0.04340887
0.04399467
0.04800272
0.04803681
0.04481769
0.03724098
0.04000020
0.02400064
0.02399945
0.02400327
0.02082968
0.02799749
0.01511049
0.01999712
0.01599741
0.02399635
0.02000189
0.01764202
0.01599932
0.02991414
0.01907921
0.02796221
0.01999784
0.01599860
0.01599932
0.01599836
0.01599669
0.01997852
0.02399683
0.02647805
0.02400565
0.01599956
0.01599908
0.01598406
0.01599741
0.02000070
0.02000117
0.02400088
0.02798557
0.02800322
0.02975249
0.03200102
0.02530169
0.02400827
0.02971053
0.05199981
0.04800105
0.04399967
0.03601837
0.04000211
0.03599715
0.03600001
0.03999972
0.01599860
0.01599813
0.01600170
0.01600170
0.02000237
0.02000237
0.02000237
0.01999235
0.01599121
0.01600027
0.01599979
0.01599646
0.01598620
0.01600075
0.02058673
0.02911139
0.02401042
0.02400374
0.01999855
0.02000213
0.01599598
0.01599956
0.02399421
0.01999760
0.01710439
0.01997685
0.02400732
0.02396250
0.02398276
0.01999664
0.02398682
0.04613853
0.04522538
0.04399276
0.02799892
0.02800655
0.02400088
0.02797270
0.02316689
0.01999760
0.01999784
0.01600051
0.01999855
0.02400494
0.02402186
0.02797270
0.02612042
0.02399755
0.01999903
0.01999784
0.02531290
0.02799845
0.02399349
0.02216721
0.02398562
0.02400422
0.02400184
0.02400303
0.02399421
0.02000189
0.05001473
0.04796553
0.03999639
0.01599908
0.01598048
0.01999712
0.01999116
0.01999521
0.02110100
0.01599932
0.02000427
0.02000022
0.01600075
0.03199387
0.02000046
0.01600099
0.02080250
0.01599669
0.03599977
0.01999712
0.01999927
0.01598501
0.01600003
0.01600003
0.01999998
0.02591801
0.02399993
0.01999736
0.01999903
0.01999831
0.01599860
0.01600027
0.01999831
0.01599932
0.03515863
0.03600240
0.04000401
0.03600192
0.03599882
0.03757763
0.03199768
0.01999927
0.02000046
0.01999855
0.02000022
0.01600003
0.01999998
0.01999807
0.01663899
0.02000141
0.01999927
0.01999998
0.01999950
0.02005172
0.01867723
0.01999903
0.02060652
0.01599884
0.02002692
0.01999998
0.02000070
0.01599956
0.01999879
0.01599741
0.01999640
0.01599908
0.01599693
0.02056932
0.01599979
0.01903486
0.02000141
0.01599956
0.01759410
0.01999998
0.02519727
0.02803302
0.02870369
0.02800035
0.02172470
0.01999831
0.02000165
0.02000427
0.02645445
0.02799988
0.02523565
0.02400970
0.02398205
0.02400208
0.02399969
0.01999259
0.02002811
0.01999760
0.02400231
0.02799487
0.02402043
0.02007556
0.02000403
0.02800012
0.02800345
0.03999257
0.04061890
0.03605723
0.02247214
0.01999283
0.01999974
0.02116442
0.01999450
0.02473259
0.02800179
0.01599765
0.01599813
0.01599836
0.02000093
0.01999640
0.02000022
0.01997662
0.02399850
0.02399993
0.01607180
0.02002144
0.01999903
0.01599789
0.01599765
0.01599884
0.01999950
0.02000117
0.01600099
0.02399993
0.02528572
0.02800179
0.02399659
0.02000093
0.02000213
0.02058864
0.01999903
0.01600099
0.02000093
0.01999831
0.01599932
0.02400064
0.02400470
0.02003527
0.01599884
0.01665545
0.02401137
0.02808690
0.02400303
0.02400470
0.02000809
0.02399993
0.02399945
0.02242851
0.02928114
0.02513385
0.02800012
0.02397871
0.02385473
0.02399898
0.02399969
0.02399969
0.02398252
0.03999996
0.03600049
0.04000521
0.04226065
0.03515458
0.02799892
0.01719117
0.01599860
0.02000165
0.01600099
0.02001834
0.01599240
0.01600075
0.01947546
0.02399755
0.02596021
0.02399755
0.02331281
0.02400613
0.01999640
0.01599932
0.01599932
0.02000499
0.01999879
0.02799344
0.02400637
0.01809645
0.01599598
0.01599956
0.01999760
0.02399588
0.01600003
0.02001572
0.01599884
0.02400494
0.02149367
0.01906252
0.02399707
0.01999497
0.01999617
0.02395773
0.01999998
0.01998663
0.02002525
0.01596403
0.02204776
0.01999998
0.01999712
0.01600027
0.02399898
0.01999998
0.01996994
0.02399039
0.02187490
0.03073335
0.02399778
0.02800560
0.02799845
0.02800322
0.02399063
0.01999998
0.02179027
0.02400422
0.02400064
0.02749848
0.02399874
0.02926993
0.03202510
0.02397466
0.02000070
0.02399826
0.01999998
0.01999974
0.04001999
0.03601217
0.04000092
0.03199911
0.01599979
0.01600647
0.01600003
0.01600099
0.01597905
0.01599932
0.02000046
0.02399683
0.02148628
0.02486253
0.01597691
0.01599717
0.02000117
0.02000284
0.02000475
0.01600552
0.01600027
0.02399659
0.02399850
0.02399778
0.01599956
0.01602721
0.01599932
0.01599908
0.01996732
0.02000666
0.01599836
0.02000141
0.02798271
0.01999092
0.01508403
0.01600122
0.01600289
0.01796913
0.01600122
0.01599431
0.02000880
0.02000284
0.02000117
0.01998615
0.02064586
0.02801728
0.02401876
0.01999927
0.02000356
0.01600027
0.01599932
0.01999855
0.01600695
0.02000451
0.01999712
0.02001905
0.02107763
0.01999879
0.01597381
0.02002192
0.01599765
0.01599860
0.01999831
0.01598716
0.02400255
0.02000332
0.02274632
0.02471924
0.01598692
0.01999831
0.01999855
0.01996517
0.01999760
0.01599979
0.01999950
0.02064061
0.01997900
0.02400064
0.02762866
0.02400255
0.02799463
0.02400255
0.02400613
0.02400279
0.02800655
0.02399397
0.02754951
0.01997447
0.01601338
0.01599908
0.02399135
0.02799749
0.01863241
0.01599860
0.02524805
0.01999426
0.01999903
0.02001429
0.02000046
0.01600194
0.01600027
0.02000117
0.01599979
0.01600003
0.02002931
0.01599956
0.01599956
0.02000117
0.01599598
0.01999927
0.02000165
0.01599813
0.01999807
0.01999807
0.01999927
0.02001977
0.02000093
0.01999903
0.01999760
0.02380180
0.02400279
0.02399969
0.02477741
0.02399969
0.02000141
0.01990080
0.02799749
0.02399516
0.01999998
0.01599908
0.02061105
0.01881099
0.01998043
0.01996684
0.02207088
0.01999903
0.01599813
0.01599979
0.01993656
0.01531291
0.02000093
0.02121997
0.02001834
0.02399993
0.02191687
0.02102947
0.01599908
0.01599836
0.01600051
0.01999879
0.01599908
0.02061367
0.01599836
0.02243805
0.02797627
0.02799869
0.02399969
0.02402425
0.01999855
0.02399826
0.02800012
0.02513242
0.02400017
0.02399659
0.02001572
0.02400112
0.02000308
0.02000546
0.02399850
0.01914024
0.02347565
0.02000022
0.02000165
0.01999784
0.01999760
0.02400064
0.01999974
0.02000761
0.02399826
0.01997018
0.01999950
0.02387595
0.01999021
0.01996779
0.02000093
0.01599956
0.02000070
0.02400351
0.03200078
0.02399993
0.02399707
0.02001524
0.01999855
0.01999927
0.01999903
0.02799654
0.02002335
0.02000117
0.01603031
0.02050948
0.02000165
0.02399731
0.01999950
0.01999950
0.02398109
0.02399969
0.02395868
0.02000046
0.02073622
0.01999784
0.01997399
0.01600099
0.01999927
0.02000165
0.02399540
0.01999927
0.02000117
0.01998234
0.01596475
0.01599956
0.01600051
0.01600051
0.02000070
0.01998472
0.01806474
0.01603508
0.01599932
0.02000380
0.01999998
0.01600003
0.01601028
0.01666665
0.02002025
0.01999903
0.02000046
0.01608396
0.01599789
0.01600027
0.01999831
0.01596379
0.02000046
0.02000046
0.01599908
0.01658702
0.01603031
0.01600099
0.01598454
0.01723123
0.01599932
0.01999974
0.01999998
0.01999092
0.01599789
0.02399683
0.02400589
0.02316642
0.01596403
0.01603436
0.01960206
0.01999950
0.02002168
0.02016020
0.01999855
0.01999855
0.01600027
0.02000046
0.02000165
0.01505923
0.01600599
0.01601887
0.01599836
0.01600051
0.01999927
0.01999950
0.02400684
0.02098131
0.02800107
0.02400517
0.02400279
0.01599669
0.01599932
0.01599956
0.01599908
0.01600289
0.01546431
0.01686740
0.01600790
0.01598716
0.01930380
0.01601481
0.01601720
0.01599813
0.01599669
0.02002406
0.01599908
0.01602173
0.01599908
0.02400017
0.02400017
0.02007008
0.01597619
0.01599860
0.01999831
0.02400208
0.01999998
0.01988554
0.02000141
0.02000070
0.01999903
0.01813602
0.01599932
0.01999998
0.02800298
0.02113509
0.02799726
0.02799988
0.02400041
0.02243519
0.01914239
0.01999760
0.01997709
0.01999927
0.02000022
0.01999950
0.01999831
0.01997018
0.01661277
0.02000117
0.02625084
0.03199339
0.01600122
0.01599884
0.02000284
0.01599908
0.01999950
0.01599956
0.02058649
0.01999950
0.01999760
0.02000117
0.02168727
0.01600003
0.02000117
0.01999950
0.01999664
0.02000022
0.02800775
0.02494049
0.02400446
0.01952410
0.01999021
0.01999831
0.02000022
0.02400041
0.02399349
0.02061653
0.01999927
0.01596880
0.02000117
0.02000546
0.01936364
0.01942134
0.02400589
0.02400255
0.02055001
0.02799392
0.02000070
0.02399945
0.02800369
0.01999903
0.01599455
0.01600051
0.01599813
0.02000499
0.02800369
0.02399468
0.02399635
0.02400112
0.02840185
0.01999640
0.01599813
0.01999831
0.02000356
0.01599860
0.02168226
0.02002478
0.01999974
0.01999950
0.02167869
0.01599646
0.01599097
0.01508427
0.01999927
0.01599622
0.01736546
0.01599932
0.01599908
0.01759386
0.02400064
0.02401018
0.02400184
0.01707721
0.02000237
0.01600051
0.01598334
0.01599956
0.01600051
0.01600099
0.01600409
0.02000070
0.01600027
0.02000141
0.02000117
0.01704240
0.01600075
0.01599956
0.01600099
0.01600099
0.01602578
0.01597905
0.01599693
0.01599979
0.01998758
0.01997709
0.01997209
0.02006102
0.02400088
0.01452613
0.01600027
0.01599789
0.01599979
0.01600027
0.01658821
0.01600051
0.01599908
0.01600051
0.01505184
0.01600051
0.01600027
0.01600146
0.01600003
0.01700854
0.01599932
0.01661825
0.01599860
0.01600075
0.01596904
0.01599979
0.01856494
0.01599860
0.01599932
0.01599908
0.01598001
0.01599646
0.01600027
0.01602840
0.01999974
0.01665425
0.01599884
0.01999784
0.02000928
0.02000117
0.02000141
0.01600027
0.01600099
0.01599956
0.02400064
0.02400541
0.02248406
0.02000403
0.02121639
0.02000141
0.02400470
0.01999521
0.01999998
0.01599932
0.02000022
0.02002740
0.01998925
0.01599884
0.01599860
0.02004910
0.02001882
0.01999879
0.01915431
0.02002168
0.02001452
0.01599908
0.02000546
0.02113962
0.01760793
0.01597905
0.01707530
0.01999927
0.02000117
0.02397156
0.02399874
0.01996160
0.02001858
0.02011395
0.01999974
0.02000022
0.01923966
0.02399826
0.01999950
0.01599765
0.02400327
0.01599979
0.01599979
0.02799487
0.03150439
0.01999664
0.02111697
0.01719618
0.02000141
0.01999950
0.01999784
0.01924205
0.01999998
0.01999903
0.02133107
0.02400136
0.02000284
0.02403021
0.02405357
0.02000189
0.01999927
0.02002358
0.01999617
0.01978850
0.02000904
0.02000451
0.02400160
0.02000189
0.02400112
0.02400494
0.02099514
0.01999927
0.01599908
0.01999879
0.01999784
0.01600051
0.02000070
0.01598167
0.01999974
0.02799606
0.02594018
0.02400160
0.02400208
0.02826190
0.02400184
0.02400637
0.02501655
0.02399874
0.01599908
0.02102852
0.01999879
0.02000093
0.01999903
0.02000046
0.01999950
0.01999807
0.01999903
0.02867174
0.02400279
0.02399063
0.02359366
0.01601934
0.01599860
0.02002931
0.01999950
0.01999760
0.01603603
0.01600051
0.02001381
0.01596785
0.02000260
0.01658225
0.01903343
0.01600099
0.02000046
0.02000380
0.01999950
0.01999879
0.01722956
0.01601195
0.01599956
0.01600051
0.01599813
0.01602864
0.01997614
0.01708126
0.01600027
0.02000046
0.01599932
0.01992631
0.01601005
0.02001333
0.01600051
0.02009273
0.01633883
0.02000165
0.02399659
0.02399683
0.02400589
0.01599669
0.01599932
0.01600027
0.01997948
0.01826000
0.01600146
0.01668310
0.02399588
0.02000237
0.01999998
0.01719952
0.01999927
0.01600051
0.02400637
0.02399492
0.02081609
0.02399683
0.02400303
0.02399969
0.02755809
0.02400684
0.02000380
0.01960564
0.01999831
0.01600075
0.01600361
0.02000594
0.01660323
0.01600933
0.02800798
0.02059698
0.01599956
0.01199865
0.01599932
0.01818442
0.01999760
0.02193737
0.02401304
0.02400160
0.01597571
0.01601958
0.01599956
0.01599956
0.01599979
0.01999903
0.01598787
0.01600122
0.01599288
0.02000022
0.01599598
0.02064824
0.02400780
0.01599455
0.01599884
0.01804638
0.01599956
0.01599836
0.01598978
0.01599598
0.02000308
0.02399516
0.02065802
0.02000237
0.01599932
0.01599622
0.01600075
0.01337576
0.01599908
0.01715255
0.01599884
0.01999879
0.01600122
0.01599884
0.01599908
0.01600003
0.01599884
0.01999903
0.01403451
0.01599717
0.01599956
0.01599741
0.02399302
0.01999593
0.01599813
0.01599813
0.01598763
0.01600027
0.01999903
0.01600456
0.02399969
0.02800035
0.02400708
0.02799606
0.02799511
0.02168083
0.02401805
0.02207470
0.01999903
0.02397752
0.02400136
0.02400112
0.02400637
0.02400136
0.02000117
0.01997447
0.02399874
0.02489066
0.01999950
0.02400160
0.02400351
0.02400208
0.02399945
0.02868080
0.02399993
0.02800369
0.02799726
0.02800107
0.02795982
0.02399611
0.02399874
0.02400541
0.01869512
0.02799678
0.02799773
0.03211069
0.02399945
0.01999211
0.01999903
0.02000284
0.01999950
0.01999998
0.02057385
0.02400041
0.02400160
0.01999974
0.01999950
0.02000022
0.02001786
0.01999974
0.01999927
0.01998115
0.02056694
0.01997352
0.01601577
0.01998520
0.01999760
0.02160263
0.01999855
0.01999831
0.02265429
0.02800417
0.02928805
0.02399445
0.02000475
0.02000093
0.02000165
0.01999879
0.01804376
0.01999950
0.02000237
0.02399921
0.02000070
0.01999950
0.01599932
0.01602674
0.01999950
0.01999140
0.02000928
0.01905417
0.01999950
0.01999903
0.02399635
0.01999831
0.01599932
0.01997757
0.01999927
0.01993155
0.02400088
0.01856208
0.02000093
0.01600003
0.01718450
0.01599932
0.01999640
0.01999927
0.01999879
0.02236032
0.01999283
0.01999974
0.02000046
0.01999950
0.01608634
0.02000117
0.02000046
0.01999736
0.01599836
0.01999998
0.01599908
0.01597333
0.01600003
0.02000189
0.01788282
0.01599717
0.01600027
0.01599908
0.01508856
0.01599717
0.01999736
0.01719522
0.01599669
0.02399659
0.02000284
0.02399564
0.01999474
0.01716781
0.01579523
0.01600051
0.01600051
0.01646519
0.01600051
0.01599932
0.01320362
0.01599932
0.01599646
0.01601338
0.01599956
0.01599884
0.01600051
0.01599765
0.01999855
0.02108049
0.01997566
0.01999831
0.02002430
0.02799082
0.02399898
0.01600027
0.01600051
0.01999617
0.01940393
0.01600170
0.01423097
0.01600003
0.01600003
0.02393842
0.02399683
0.01599884
0.01999950
0.01599908
0.01552081
0.02062035
0.02000022
0.02000308
0.01600003
0.01598287
0.02001524
0.01954889
0.01664853
0.01599979
0.02000022
0.02000022
0.01999903
0.01599908
0.01599979
0.01895738
0.01599932
0.02000117
0.01602769
0.01599932
0.02000141
0.02000403
0.02402568
0.02399850
0.02400088
0.02660966
0.01919913
0.02799726
0.02123094
0.02000141
0.02067566
0.02002311
0.01999974
0.01599646
0.02000141
0.02798367
0.02304411
0.01999974
0.02000189
0.01599908
0.02799606
0.02799845
0.02871013
0.02399588
0.01998091
0.01999855
0.01802492
0.01986670
0.02400017
0.02117682
0.01999402
0.01999974
0.02058220
0.02000093
0.02000046
0.01857781
0.01999855
0.01622772
0.02000046
0.01998258
0.01597905
0.02399373
0.02800179
0.02467203
0.02799606
0.01999354
0.01894617
0.01879883
0.01599956
0.01999950
0.01999974
0.01999879
0.01657772
0.01999950
0.01916051
0.01999903
0.01999116
0.01599908
0.01851916
0.01990962
0.01999998
0.02002597
0.01998162
0.01999831
0.01999068
0.02177882
0.01997972
0.02399683
0.03469038
0.01778245
0.01999927
0.02119017
0.02000165
0.02000117
0.02059317
0.01997375
0.01999831
0.01598859
0.01600051
0.02402091
0.01707554
0.02001643
0.01600003
0.01999903
0.01602149
0.01599932
0.01999807
0.01999712
0.02000642
0.01999927
0.01999903
0.02000427
0.01906514
0.02002001
0.01999354
0.02358961
0.01999307
0.02057600
0.01999855
0.01999998
0.02000046
0.01999664
0.02373242
0.02079701
0.01510930
0.01599813
0.02558446
0.01599908
0.01999617
0.01599741
0.02074146
0.02000594
0.01599383
0.01506209
0.01599932
0.01999950
0.01599693
0.01600051
0.01600003
0.01600361
0.01599646
0.02064729
0.02799845
0.01599979
0.01601768
0.01598239
0.01825356
0.01600122
0.02000189
0.02124023
0.02000093
0.02800298
0.02400446
0.01671386
0.01601481
0.01999903
0.01999831
0.02236319
0.02399993
0.01999044
0.01999736
0.02001095
0.01596665
0.02063966
0.02000618
0.01599932
0.01600170
0.01598191
0.01599908
0.03199887
0.02399135
0.01999950
0.01599956
0.02399898
0.01999927
0.01600003
0.02105522
0.02400827
0.03435731
0.02399993
0.02800035
0.02800345
0.01999998
0.02458382
