0.00801873
0.01599813
0.02000618
0.02000022
0.01999974
0.02399850
0.01999950
0.01999974
0.02800012
0.02399707
0.02006936
0.01999879
0.02365494
0.01966023
0.02000022
0.01600051
0.02001238
0.01999950
0.01999998
0.02000022
0.02400303
0.02400351
0.02800274
0.02400589
0.02399993
0.02399349
0.02799463
0.02401042
0.02401996
0.02521443
0.02400088
0.01997328
0.02400160
0.01999712
0.02799940
0.02799082
0.02444839
0.02610469
0.01999187
0.01599932
0.01599956
0.02000642
0.01999927
0.01688528
0.01599860
0.02063298
0.02396178
0.02400875
0.02399778
0.01607108
0.01999927
0.01599741
0.01999950
0.01599860
0.01599789
0.01599765
0.02000308
0.01599884
0.01661992
0.02000046
0.02400208
0.02224398
0.01600075
0.02400637
0.02400923
0.02400208
0.02465105
0.02398920
0.02400637
0.02223372
0.01406312
0.01599836
0.01999903
0.01700830
0.02400017
0.02800274
0.02399850
0.02470303
0.02400780
0.02800059
0.02307725
0.02524662
0.02000189
0.01599836
0.02551579
0.02000046
0.02799535
0.02799821
0.02800465
0.02000046
0.01996779
0.01976871
0.01977634
0.01998615
0.01999760
0.01599956
0.02000141
0.02061319
0.01999521
0.02399993
0.02389932
0.02000141
0.01999640
0.01599574
0.01600099
0.02002645
0.01599932
0.01999807
0.01600122
0.01999831
0.02000093
0.02001929
0.01599932
0.01600218
0.01999855
0.01973128
0.02002120
0.02000022
0.01999831
0.01599836
0.02035069
0.02000189
0.02000117
0.02749610
0.01999807
0.01999855
0.01999807
0.01599956
0.01599979
0.01599693
0.01670980
0.01599789
0.01599336
0.02000237
0.02400160
0.02000117
0.02400422
0.02000403
0.02400422
0.01999688
0.01997900
0.02000165
0.02000117
0.01999807
0.01599860
0.01999927
0.01719928
0.01599860
0.01600599
0.01599717
0.01599741
0.01602340
0.01599789
0.01599979
0.01657081
0.01599979
0.01599813
0.01999760
0.01599574
0.02026772
0.01706314
0.01999879
0.02000117
0.01602054
0.01598597
0.01600170
0.01599956
0.01599813
0.01199865
0.01599979
0.01600099
0.01600027
0.01940536
0.01558304
0.01599479
0.01600146
0.01599979
0.01202917
0.01599932
0.01599932
0.01199460
0.01199961
0.01600575
0.01599836
0.01199937
0.01600051
0.01600242
0.01495957
0.01600051
0.01600075
0.01201320
0.01579928
0.01599884
0.01199889
0.01599932
0.01601887
0.02399158
0.02398205
0.02014470
0.02399945
0.02400851
0.02000070
0.02400684
0.01999950
0.01199913
0.01601505
0.01599860
0.01599360
0.01596427
0.01793933
0.01603341
0.01602364
0.01319361
0.01600075
0.01603460
0.01598835
0.01599836
0.01600194
0.01600027
0.01999903
0.01505661
0.01599836
0.01600003
0.01999998
0.01599860
0.02003431
0.01599932
0.01983380
0.01599956
0.01599956
0.01966619
0.01599669
0.01985645
0.01760721
0.02000070
0.02000451
0.02000332
0.01599503
0.01600027
0.01600051
0.01600933
0.02063942
0.02000093
0.01599956
0.01596594
0.01599956
0.02000189
0.01599860
0.02000022
0.01999974
0.02796745
0.02398753
0.02800059
0.02397943
0.01893425
0.01999998
0.01999974
0.01999617
0.02000785
0.02000093
0.02400303
0.02400661
0.01599932
0.01999927
0.01999974
0.01754594
0.01600003
0.01598907
0.01999474
0.01999784
0.01998520
0.02464080
0.01599979
0.01599789
0.01999998
0.02002048
0.01999903
0.01868367
0.02000642
0.02399898
0.02120781
0.02400255
0.02178097
0.02399588
0.02466607
0.02400160
0.02400088
0.02165890
0.01982737
0.01600266
0.02000046
0.02000022
0.02399993
0.02000332
0.02989554
0.02399588
0.02799916
0.02397323
0.02107811
0.02504396
0.02398205
0.01600003
0.02000022
0.01721740
0.01999998
0.02798009
0.02397180
0.03199625
0.02399755
0.02000093
0.01999855
0.02000070
0.01999974
0.01600027
0.02000022
0.01991200
0.02000022
0.01599908
0.01600003
0.02400589
0.02071691
0.01603341
0.01999998
0.01600003
0.01999998
0.01600146
0.01999950
0.01999974
0.02001548
0.01599979
0.01599813
0.02032113
0.02591157
0.02002501
0.02399898
0.01599741
0.01599908
0.02002931
0.01998806
0.02000165
0.02399993
0.01599717
0.01751328
0.01607394
0.01599908
0.02399325
0.02400470
0.02400184
0.01999998
0.02000904
0.01599836
0.01599956
0.01600146
0.01599956
0.01599956
0.01305795
0.01600027
0.01600003
0.01599908
0.01600051
0.01599908
0.01600409
0.01586246
0.01600075
0.01662040
0.02162266
0.02000856
0.01810241
0.02000284
0.02000451
0.02000308
0.02000546
0.02400208
0.02400255
0.02000332
0.02400088
0.01307464
0.01200032
0.01600075
0.01574707
0.01599789
0.02400851
0.01999879
0.02123904
0.02000904
0.02000117
0.01999569
0.01600099
0.01205611
0.01199865
0.01597738
0.01999879
0.02101898
0.02000284
0.01654792
0.01567459
0.01199889
0.01600027
0.01885200
0.01198268
0.01601696
0.01999831
0.01932621
0.02398801
0.02399659
0.01999640
0.01603508
0.01598454
0.01599979
0.01824927
0.01688552
0.01407313
0.01599836
0.01720381
0.01599884
0.02800107
0.01601315
0.01599884
0.01659322
0.01599932
0.02000070
0.02002716
0.01821136
0.01557207
0.01599097
0.01599932
0.01601839
0.01602912
0.01599979
0.01998663
0.01599979
0.01599908
0.01999855
0.01601648
0.01695633
0.01599836
0.01597905
0.01598167
0.01599956
0.01599932
0.01599860
0.01599789
0.01999879
0.02000618
0.01999664
0.01599932
0.01595855
0.01599813
0.02000403
0.02000093
0.01599836
0.01599836
0.01599956
0.01599765
0.01602125
0.01600003
0.01599979
0.01927471
0.02400184
0.02394748
0.01600003
0.01599836
0.01599813
0.01602244
0.01601219
0.01599932
0.01661515
0.01598763
0.01999640
0.01600075
0.01308584
0.02000213
0.02399540
0.02400732
0.01997209
0.01598024
0.01599979
0.01599979
0.01600027
0.01599932
0.01599836
0.01855850
0.02407074
0.02400684
0.01600146
0.01999831
0.01599836
0.01602459
0.02404356
0.02399874
0.02400112
0.02541852
0.02800298
0.02800322
0.02800393
0.02799392
0.02800870
0.02400279
0.02400613
0.02410173
0.02402353
0.02799726
0.02799439
0.01999378
0.01996970
0.02921653
0.02399802
0.02001262
0.02379084
0.02000070
0.02000213
0.02000833
0.02000165
0.01739407
0.01999950
0.03200769
0.02000022
0.01999879
0.01999736
0.02155900
0.02000046
0.01719737
0.02000189
0.02400589
0.02401280
0.02400303
0.02401304
0.02397275
0.02268100
0.01704168
0.01999974
0.02000046
0.01999879
0.01600051
0.01600003
0.02000141
0.01599979
0.01599908
0.01600003
0.01999903
0.01600027
0.02000117
0.01404810
0.01599932
0.01599979
0.01600027
0.01600027
0.01599908
0.01998568
0.01982164
0.02801561
0.01999688
0.02112722
0.01599741
0.01599860
0.01519322
0.02000093
0.01983452
0.01599741
0.01599836
0.01999927
0.02000117
0.01999998
0.02000427
0.02309394
0.02399468
0.01999831
0.02001572
0.01599956
0.01600051
0.01599860
0.01599908
0.01667380
0.02019072
0.02000594
0.01600480
0.01600027
0.01600003
0.01599956
0.01602578
0.01599956
0.01600003
0.02064228
0.01999784
0.02400756
0.02000022
0.02174902
0.01809072
0.01600003
0.01600099
0.01600099
0.01601934
0.02400661
0.02400780
0.02397442
0.02473068
0.02402067
0.02225518
0.01999664
0.02068639
0.02400064
0.02397490
0.01999617
0.01407981
0.01999807
0.01600099
0.01999998
0.01998782
0.01599932
0.01997566
0.01999211
0.01999521
0.01599956
0.01599932
0.01603341
0.01601052
0.02399921
0.01999640
0.02000070
0.02000260
0.01599693
0.01602817
0.01660156
0.01601648
0.01599979
0.02000666
0.01999903
0.01600027
0.01901388
0.01507258
0.02295899
0.02400112
0.02530217
0.01997280
0.01917267
0.01599836
0.01718497
0.01996660
0.02313948
0.02400017
0.02003217
0.02401423
0.02400994
0.02401876
0.02000594
0.01999950
0.02167487
0.02000618
0.01599407
0.01602125
0.01599979
0.01600051
0.01999664
0.02400732
0.02400017
0.02800035
0.02038741
0.01599979
0.02401090
0.02000833
0.02397799
0.02400303
0.02799487
0.02799964
0.02399683
0.02716732
0.02399969
0.01998234
0.01999950
0.02000189
0.01999998
0.01999950
0.02000403
0.01999879
0.01999974
0.01998353
0.02008343
0.01999974
0.01999950
0.01999950
0.01599932
0.01600099
0.01999664
0.02421737
0.02399898
0.01999712
0.01999784
0.02000546
0.02096415
0.01997375
0.01599288
0.01599932
0.01600170
0.01599932
0.01600051
0.01600003
0.01599932
0.01599956
0.01599979
0.01600027
0.01600099
0.01595712
0.01600027
0.01999998
0.01599884
0.01600075
0.01600838
0.02000356
0.02800083
0.01996732
0.02000117
0.01600170
0.01837158
0.01599979
0.01600075
0.01600051
0.01600146
0.01661944
0.02800012
0.01783347
0.02000165
0.02400327
0.02017522
0.01600099
0.01600075
0.01599932
0.01601815
0.01596165
0.02000070
0.02002573
0.02068901
0.01600814
0.01599979
0.01599932
0.01199841
0.01600027
0.01642752
0.01600003
0.01599979
0.02524042
0.02400184
0.01999545
0.01599884
0.02400351
0.02401161
0.01999974
0.02000141
0.01706862
0.01823139
0.02401662
0.03324461
0.01999640
0.01602864
0.01599860
0.01999950
0.02000046
0.01915288
0.01598310
0.01841378
0.01600075
0.02000165
0.02802467
0.02401042
0.02399707
0.02001047
0.02506995
0.01999021
0.02000093
0.01706433
0.02000070
0.01600051
0.01599932
0.01600075
0.02400279
0.02094221
0.02000546
0.02000165
0.02440000
0.02599049
0.02560377
0.02800202
0.02399397
0.02400208
0.02399731
0.02884841
0.02399659
0.02399611
0.01600003
0.01600242
0.01599860
0.01977563
0.01599884
0.01597238
0.02481246
0.02400446
0.01999998
0.02400184
0.02369046
0.01999426
0.02401781
0.02799463
0.02400112
0.02799463
0.02457976
0.02400947
0.02399969
0.02522874
0.02483392
0.02400017
0.02000141
0.02800417
0.02799535
0.02471232
0.02400112
0.02799988
0.02400398
0.02959704
0.03200603
0.02799654
0.02799654
0.02803779
0.02876186
0.02800131
0.02799416
0.01901221
0.02000380
0.02399898
0.02399921
0.02183056
0.01999903
0.02418327
0.02202559
0.01999807
0.02399707
0.02399826
0.02400255
0.02399826
0.01999617
0.02000570
0.02000022
0.02000284
0.02800322
0.02473259
0.03199577
0.01999569
0.01602077
0.01999903
0.01599884
0.01599908
0.01999807
0.01599956
0.01596165
0.01599979
0.01996541
0.01599956
0.01600027
0.01988840
0.01999998
0.01699114
0.03199267
0.02522659
0.02800179
0.02800059
0.02665234
0.01999855
0.02399945
0.01796865
0.01836991
0.01999784
0.02400279
0.02799749
0.02466512
0.02400637
0.02799463
0.02799869
0.02212834
0.02400041
0.02402687
0.01999784
0.02399182
0.02000022
0.02000070
0.02000093
0.02400351
0.02000093
0.02359629
0.02000117
0.01999688
0.01999879
0.02001762
0.01999879
0.01600122
0.01999736
0.02000046
0.01998305
0.01570940
0.01999736
0.01999974
0.02120614
0.01607847
0.02000189
0.02400255
0.02399516
0.01999974
0.01998377
0.02400327
0.02801132
0.02400041
0.01999664
0.01708388
0.01766038
0.01726294
0.01599550
0.01599908
0.01715279
0.01600099
0.02399588
0.01999569
0.01597238
0.01599956
0.01600003
0.01599717
0.02000117
0.01599455
0.01599717
0.01601315
0.01600885
0.01599813
0.01603055
0.01599860
0.01599884
0.01599646
0.01599908
0.01598310
0.01597643
0.01606941
0.01600075
0.01600003
0.01599813
0.02000189
0.01998639
0.02000237
0.01599908
0.01999569
0.01599908
0.01599646
0.01501703
0.01999903
0.02399874
0.02400327
0.02398229
0.02002621
0.01598740
0.01661420
0.01600003
0.01618385
0.01601696
0.01617503
0.01597142
0.02000642
0.02399325
0.02399683
0.02399564
0.02062964
0.01576376
0.01600027
0.01600027
0.01600385
0.02000093
0.01706648
0.01600027
0.01600099
0.01596236
0.01599956
0.01600003
0.01599860
0.01599908
0.01599908
0.01662850
0.01999879
0.01504850
0.02000070
0.02521896
0.02000070
0.01999831
0.02000117
0.02400684
0.01599932
0.01599932
0.01598191
0.02000141
0.01600051
0.02000093
0.01997447
0.03229976
0.01999474
0.01602387
0.01599717
0.01999688
0.02000141
0.01999950
0.02001047
0.01936698
0.01975107
0.01597357
0.01599526
0.01999974
0.01600003
0.02400184
0.02398920
0.02524447
0.01999664
0.02256465
0.02100229
0.02400422
0.02400208
0.01999569
0.01999855
0.02000403
0.01600027
0.02000046
0.01599956
0.01599407
0.01599908
0.02085876
0.01600003
0.01998281
0.02000022
0.01599908
0.01599836
0.01599932
0.01999903
0.01657915
0.01600027
0.01999807
0.02398324
0.01999950
0.01598096
0.02398276
0.02399802
0.01600003
0.01582623
0.02400374
0.02399540
0.01657915
0.01600027
0.02399969
0.01605105
0.02402544
0.02400160
0.01999378
0.01599956
0.01599956
0.01599932
0.02062750
0.02000117
0.02000499
0.01999998
0.01200056
0.01462483
0.01597476
0.01599932
0.01600003
0.01600146
0.02000761
0.02400470
0.02400756
0.02186131
0.01999998
0.01599455
0.01600099
0.01305890
0.01600075
0.02000070
0.02400780
0.02527046
0.01997924
0.02000308
0.02002025
0.01600027
0.01999927
0.02110887
0.02000809
0.02397180
0.02404261
0.01997852
0.02400017
0.02400780
0.01999664
0.01599836
0.01401925
0.01600909
0.01600027
0.01599956
0.02000284
0.02000070
0.02400136
0.02001166
0.02000093
0.02000380
0.02649832
0.01601434
0.01600027
0.01999974
0.02000046
0.01999831
0.01600003
0.02133822
0.02983260
0.02399635
0.02002525
0.01962900
0.02000260
0.02000046
0.01999974
0.01999950
0.01599956
0.02000070
0.02001047
0.01983428
0.02800417
0.02399945
0.01808262
0.01599956
0.01997161
0.02001333
0.02399945
0.02861047
0.02399993
0.02797055
0.02799797
0.03101349
0.02800107
0.01999307
0.02000070
0.01999807
0.01997638
0.01999998
0.02397442
0.01998711
0.02001476
0.01999879
0.01599789
0.01901484
0.02000022
0.01999450
0.02001071
0.02000022
0.02399993
0.02800274
0.02874088
0.02399993
0.02400303
0.02000093
0.01597905
0.02000070
0.02565598
0.02800155
0.02575922
0.02400208
0.02399993
0.02402592
0.02400374
0.01605248
0.01599860
0.02000260
0.01999927
0.01600075
0.01600003
0.01603794
0.02000046
0.01599860
0.02000070
0.02000189
0.01976156
0.02800536
0.02400112
0.02799797
0.02000117
0.02801704
0.02398610
0.02399659
0.02399302
0.02964067
0.02399802
0.02800250
0.02400017
0.02800274
0.02800035
0.03200316
0.02802920
0.02799797
0.02800465
0.02800941
0.02546406
0.02399278
0.02000022
0.02000284
0.02000046
0.02000070
0.02000022
0.02000070
0.01504731
0.02000093
0.02000022
0.01999855
0.01600766
0.01600051
0.01576424
0.02000070
0.01657581
0.02800012
0.02673960
0.01999784
0.01601291
0.01599956
0.01599693
0.01599979
0.01599932
0.01999903
0.01666713
0.01600146
0.01600122
0.02002692
0.01999688
0.02315712
0.01997137
0.02400088
0.01999807
0.01600003
0.01600122
0.01600003
0.01656199
0.01600742
0.01600003
0.02000189
0.01999855
0.01599979
0.01599932
0.01599956
0.01600146
0.01599932
0.02000093
0.01638913
0.01506114
0.01600027
0.01598787
0.01716471
0.01599979
0.01600003
0.01408648
0.01601291
0.01999950
0.01600003
0.01598144
0.01600003
0.01599932
0.01600003
0.01999831
0.02002144
0.01600695
0.02000594
0.01600051
0.01406050
0.01600075
0.02001619
0.01998258
0.02000451
0.01998401
0.02179599
0.01999307
0.01599908
0.01599860
0.02000523
0.02045846
0.01307988
0.01599908
0.01976490
0.01599956
0.02045083
0.02399993
0.02400184
0.02517557
0.02400017
0.02000284
0.02626228
0.01999807
0.02399516
0.02399921
0.01999593
0.02000046
0.01999903
0.01600003
0.01600051
0.02000570
0.01999807
0.01989889
0.01599860
0.01999664
0.01599956
0.01999903
0.02400923
0.01999617
0.01999712
0.01914549
0.02000141
0.01999927
0.01507902
0.01599932
0.01999807
0.01999998
0.01599836
0.02002788
0.01600027
0.01999974
0.01599908
0.01999927
0.01599979
0.01599908
0.01601958
0.01597786
0.01199865
0.01600051
0.01597571
0.01595449
0.01199841
0.01600146
0.01601768
0.02401185
0.01997399
0.01600003
0.01599836
0.01999784
0.01999092
0.02826738
0.01599860
0.01199818
0.01602578
0.01600122
0.01202798
0.01198411
0.01601410
0.01199698
0.01329231
0.02400661
0.01864219
0.01600003
0.01601672
0.01598263
0.01597381
0.01599026
0.02002168
0.02000284
0.01999116
0.01999688
0.01999831
0.01811886
0.02000189
0.02402496
0.02319217
0.01602054
0.01598763
0.01600027
0.01715016
0.01602197
0.02000022
0.02000737
0.02400041
0.02310944
0.02400017
0.02400351
0.02457356
0.02399254
0.01999521
0.02019238
0.01600003
0.02000618
0.01599932
0.01924276
0.02044988
0.01602316
0.01600051
0.01716113
0.01599884
0.02000046
0.01992226
0.01999474
0.02000046
0.02400184
0.02518415
0.02400088
0.03326106
0.01999617
0.02400422
0.01996636
0.02400923
0.02401471
0.02399755
0.02347422
0.01768470
0.01599956
0.01599717
0.02129197
0.01999450
0.02000451
0.02798772
0.02399993
0.02800059
0.02399826
0.01609230
0.01601958
0.01999927
0.01999950
0.02000141
0.02400279
0.02400613
0.01999831
0.01599789
0.01602197
0.02000022
0.01604366
0.02001834
0.03198504
0.02399540
0.03200674
0.02798080
0.02400184
0.01999950
0.01912713
0.01998186
0.02156448
0.02122736
0.02000308
0.02000093
0.01999974
0.01999903
0.02000308
0.01999903
0.02399874
0.01999807
0.01999998
0.02649045
0.02400136
0.02799892
0.02397966
0.02399969
0.02400374
0.02800655
0.02399778
0.02799726
0.02399039
0.01999831
0.02000141
0.01599741
0.01999950
0.01999950
0.01999974
0.01956797
0.02400231
0.02519464
0.02386355
0.01880550
0.01999950
0.02015257
0.01999950
0.02000022
0.02001834
0.01596284
0.02000046
0.01999879
0.02799749
0.02800632
0.03353548
0.02799988
0.02800012
0.02398419
0.02399731
0.02800202
0.02800131
0.02800417
0.02921343
0.02800345
0.02528238
0.02399540
0.02944684
0.02399945
0.02799892
0.02400327
0.02538490
0.02401257
0.02797890
0.02399850
0.02800107
0.02399635
0.01999807
0.02407384
0.01999950
0.02402329
0.02444673
0.02399945
