0.00800490
0.02000093
0.01999187
0.02401853
0.02399921
0.02000666
0.02109671
0.01999950
0.01999879
0.02400136
0.02875638
0.02400351
0.02400565
0.02399778
0.02704453
0.02399039
0.02799940
0.02399588
0.02799463
0.02400064
0.02799702
0.02000165
0.01999998
0.02399993
0.02000165
0.02400541
0.02396846
0.02799654
0.01999855
0.02397919
0.02591681
0.02399850
0.04520106
0.03999853
0.03599954
0.01599979
0.01600051
0.01599836
0.02000093
0.01599884
0.01600075
0.01600099
0.01597404
0.01999950
0.01599813
0.01600003
0.01599979
0.01599956
0.02000046
0.01600099
0.01597977
0.01618767
0.02000189
0.01599956
0.01600170
0.01602268
0.01598001
0.01599932
0.01599956
0.01573849
0.01599741
0.01599908
0.01599693
0.01599789
0.01600027
0.01599789
0.01520753
0.02398562
0.02399421
0.01999259
0.02399778
0.01597214
0.01599956
0.01600933
0.01600194
0.01601648
0.01599884
0.01599979
0.01599813
0.02399993
0.02000165
0.01999521
0.01999426
0.01404738
0.01599932
0.01600170
0.01602268
0.01602006
0.01599884
0.01661539
0.02399921
0.02000642
0.02799916
0.01905560
0.01599884
0.01603770
0.01546264
0.01600218
0.01600027
0.01599979
0.02400112
0.02403140
0.01999187
0.01599836
0.01600099
0.02731109
0.01600051
0.01974225
0.01513863
0.01599860
0.01992440
0.01701021
0.01999879
0.01599979
0.01599503
0.01601744
0.02400279
0.02000046
0.01999879
0.01598620
0.01999831
0.02000046
0.02000380
0.01999974
0.01599860
0.02000141
0.01998830
0.02355528
0.02000046
0.01599932
0.01700997
0.01999998
0.02800322
0.02469993
0.02800155
0.02400064
0.02542782
0.01712537
0.02085471
0.01999950
0.01998401
0.02399921
0.01999784
0.01999855
0.01998281
0.02400732
0.02399731
0.02399874
0.02000093
0.01707983
0.01599979
0.01999760
0.01975441
0.01599979
0.01598120
0.01977825
0.02000666
0.02029729
0.02399755
0.02398992
0.02507830
0.01600671
0.01602840
0.01999950
0.01599979
0.01999974
0.01999855
0.01980472
0.01599765
0.01599979
0.01599836
0.02000165
0.02083468
0.01599884
0.02799296
0.02002215
0.01999974
0.01707840
0.01999974
0.02000093
0.02400398
0.02800298
0.02799702
0.02400017
0.02399826
0.01723337
0.01999950
0.01999855
0.01719260
0.02799392
0.01599979
0.02158618
0.02000260
0.01999950
0.02001929
0.01999807
0.01999760
0.01999855
0.02400446
0.02399898
0.02400160
0.02399778
0.02144551
0.02400112
0.02319121
0.02402163
0.02400303
0.02400208
0.02397990
0.02400351
0.02399778
0.02518797
0.02399969
0.02400255
0.02399755
0.02398634
0.01999807
0.01999044
0.02397704
0.03200722
0.02611208
0.02400017
0.02401853
0.02525616
0.02800131
0.02800131
0.02404618
0.03030896
0.02799726
0.03199697
0.03199697
0.02724648
0.02800179
0.02507353
0.04804015
0.05200362
0.03999281
0.03999972
0.03999829
0.03848004
0.03599930
0.03599977
0.02399731
0.01599622
0.01664400
0.01999998
0.01600695
0.02000189
0.01999927
0.01597953
0.01596022
0.01600122
0.01200747
0.01999617
0.02087522
0.02000999
0.02400398
0.02000570
0.02400351
0.02400041
0.02403378
0.01999497
0.02400351
0.02399158
0.02002048
0.02000117
0.01599288
0.01599813
0.01599860
0.01706982
0.02002287
0.02126122
0.02487159
0.01199985
0.01599979
0.01600695
0.01599836
0.02000165
0.01999760
0.02000022
0.01598263
0.01599836
0.01946378
0.01999950
0.01599908
0.01999974
0.01600099
0.01998615
0.01997805
0.01599836
0.02129436
0.02006245
0.02000690
0.02400470
0.02474022
0.02399993
0.02400422
0.02399516
0.01999831
0.02000022
0.01999903
0.01808333
0.01600122
0.01999950
0.02000046
0.01999998
0.01999998
0.01600003
0.01600146
0.02400160
0.02800679
0.01999187
0.01506567
0.02400327
0.02400064
0.01999569
0.01999998
0.01999974
0.01997828
0.02000165
0.02000046
0.01927853
0.01600075
0.01598024
0.01999784
0.02002215
0.02003717
0.02090907
0.01995802
0.02399397
0.01996112
0.01603270
0.01772332
0.01487970
0.02000260
0.02485037
0.02402353
0.02487373
0.01999164
0.01599979
0.01806498
0.02799535
0.02397370
0.02800345
0.02467275
0.02399898
0.02000666
0.03198719
0.02800393
0.02705598
0.02824783
0.02399564
0.02000093
0.02000117
0.02400541
0.02000022
0.01603031
0.02800226
0.02400351
0.02400064
0.02400494
0.01999998
0.02000284
0.02147841
0.01530027
0.01660419
0.01600027
0.01717210
0.01599884
0.02000165
0.02165222
0.02000117
0.01602459
0.02000046
0.01601124
0.01999903
0.02002525
0.01999879
0.01600075
0.01999998
0.01999950
0.01999998
0.01600051
0.01600099
0.01600027
0.02000141
0.01999784
0.01999974
0.02000141
0.01599669
0.01990032
0.01599979
0.01599932
0.01823187
0.02399755
0.02399802
0.02000260
0.02798343
0.02562165
0.02400184
0.02000117
0.01599860
0.01598930
0.01599979
0.02000189
0.02000141
0.01599669
0.01600003
0.01600051
0.01599860
0.01600122
0.01613688
0.02400446
0.02397323
0.02400184
0.02400327
0.02011609
0.01999903
0.01999736
0.01999116
0.02065182
0.02399898
0.02003336
0.01997375
0.02399993
0.02399969
0.02800870
0.02399588
0.02402449
0.02798486
0.02400303
0.02404618
0.02400231
0.02399755
0.01611876
0.01999640
0.02400804
0.02001143
0.02399850
0.02800083
0.02400637
0.02799726
0.02799630
0.02976966
0.01999831
0.02399850
0.02037740
0.02799463
0.02937579
0.02400756
0.02824140
0.02813411
0.02399993
0.02400088
0.02468252
0.03199506
0.02399468
0.02400064
0.02399778
0.02400136
0.02399921
0.03091002
0.03997898
0.04402351
0.03600669
0.02400994
0.02399755
0.02400017
0.01999807
0.01999879
0.02399707
0.02399945
0.02397680
0.02377129
0.01998568
0.01999950
0.01998878
0.02000070
0.01999545
0.01999021
0.02399778
0.03200078
0.02398992
0.02800441
0.02400231
0.02879357
0.02799702
0.02799892
0.02401567
0.02400088
0.02635193
0.01999998
0.01599860
0.01999784
0.01600194
0.01999879
0.02000976
0.01599979
0.01602793
0.01600051
0.02000904
0.01997614
0.01999950
0.02013373
0.01999688
0.02000356
0.01999474
0.01600051
0.01999879
0.02000141
0.01599789
0.01600027
0.01999831
0.02039719
0.01785302
0.01999927
0.01999974
0.02119160
0.01664019
0.01599884
0.01599932
0.02001619
0.01599956
0.01599693
0.01599860
0.01999807
0.01624990
0.01504469
0.01600146
0.01769590
0.02400279
0.01999927
0.02502227
0.01998258
0.02505517
0.02000141
0.01997685
0.01599813
0.01599956
0.01599884
0.01999688
0.02063417
0.01792431
0.02400231
0.02526331
0.02399874
0.01998401
0.02800751
0.02400374
0.02400041
0.01603198
0.01999855
0.01662207
0.01599956
0.01600170
0.01600003
0.01600051
0.02000189
0.01599956
0.01600099
0.01600003
0.01999879
0.01999903
0.02290416
0.02800322
0.02799606
0.02796674
0.02799749
0.02399874
0.02003932
0.01996708
0.01997924
0.02001166
0.01999784
0.02399826
0.02400231
0.01999784
0.02002335
0.02397609
0.02399731
0.02141142
0.02800608
0.02516437
0.02399921
0.01999426
0.01996112
0.02400017
0.01999974
0.01999974
0.01814198
0.02000022
0.02000141
0.02403426
0.02398443
0.02802420
0.02799654
0.02396250
0.02399993
0.02399993
0.02399755
0.02123404
0.02399921
0.02399898
0.02800608
0.02800035
0.02399373
0.02400565
0.02402282
0.02000093
0.01999950
0.01999164
0.01999998
0.02398944
0.02400017
0.01998472
0.01999998
0.02799702
0.02799964
0.02399111
0.02000093
0.01599646
0.02000332
0.01602960
0.02000093
0.02001834
0.02399492
0.02400184
0.02799797
0.01999736
0.02400064
0.02077222
0.02000165
0.01999998
0.01600003
0.02002048
0.01999950
0.02000070
0.02399683
0.02399039
0.01998258
0.01998806
0.01999831
0.02399969
0.02800202
0.02800202
0.01999879
0.01999903
0.02400351
0.02399278
0.02800274
0.02399850
0.02796888
0.02798414
0.02799273
0.02800131
0.03599715
0.04399419
0.04000115
0.02400327
0.01999307
0.01997304
0.01999974
0.01999903
0.01602650
0.02002764
0.01600266
0.01999950
0.02001786
0.02054214
0.02000499
0.02885532
0.02399921
0.02398062
0.01600027
0.01603127
0.02000165
0.01599932
0.01599932
0.01603603
0.01599884
0.02000046
0.01600266
0.01601648
0.01600099
0.01999974
0.01999950
0.01999688
0.01999927
0.01999831
0.01999879
0.01999664
0.01999784
0.02400613
0.02000737
0.01598859
0.01600003
0.01999974
0.02000380
0.01830769
0.02000189
0.01600027
0.02059984
0.01601958
0.02000141
0.02000165
0.01599979
0.02000117
0.01999307
0.01599836
0.02000117
0.01999998
0.01599908
0.01999879
0.01596642
0.01599932
0.01600122
0.01999879
0.02000117
0.02000165
0.02000117
0.01999927
0.01999831
0.01999998
0.01999831
0.01599860
0.01599908
0.01662302
0.01599836
0.01597786
0.01999998
0.01599884
0.01909423
0.02528095
0.02400684
0.02400208
0.02399373
0.02400184
0.02399993
0.01999474
0.01997805
0.01999950
0.02400422
0.02399802
0.02740121
0.02799702
0.02521944
0.01999974
0.01999879
0.01999950
0.01999307
0.01999831
0.02399945
0.01597714
0.01999927
0.01999760
0.02002692
0.02004290
0.02003026
0.01999879
0.02116156
0.01999760
0.01999903
0.01999784
0.01599789
0.01999879
0.02062559
0.02800155
0.02799439
0.01999569
0.01599717
0.02000022
0.02000141
0.02000070
0.02400327
0.02400708
0.02400303
0.02400160
0.02799129
0.02399397
0.01999879
0.01999855
0.01999736
0.01599860
0.02800250
0.02800393
0.02880907
0.02799916
0.02800751
0.02001595
0.01999903
0.01993155
0.01892972
0.01999903
0.02118349
0.02000356
0.01999831
0.01999855
0.01999998
0.02001619
0.01999950
0.02399993
0.01999903
0.02801299
0.02399397
0.02400923
0.02425838
0.03199887
0.01999903
0.02000070
0.01999879
0.01599884
0.01997590
0.01778841
0.01999974
0.02120948
0.02799654
0.01999974
0.01999974
0.02000070
0.01599765
0.01997161
0.02399898
0.01999402
0.01999784
0.01599979
0.01996017
0.01999974
0.02009726
0.01598668
0.01999879
0.01999688
0.01999545
0.01999903
0.02002788
0.01884532
0.02399969
0.02400208
0.02799463
0.02400613
0.02917361
0.02797747
0.01973200
0.02801061
0.03200197
0.02401590
0.02401185
0.02400923
0.02400780
0.01999688
0.01999855
0.02397823
0.02399969
0.01999831
0.02400017
0.01999855
0.02399921
0.01999784
0.02399874
0.02400088
0.02057505
0.02000570
0.01999903
0.01999569
0.02000093
0.01999974
0.01999712
0.02002239
0.02000022
0.01599717
0.01918817
0.01600409
0.02530313
0.02799416
0.02399921
0.02000093
0.01999879
0.01999974
0.02000165
0.01600003
0.01600027
0.02066398
0.02002549
0.01599932
0.01999784
0.02000117
0.01999998
0.02400184
0.02000022
0.01996446
0.02000046
0.01999855
0.01600027
0.01999736
0.01599979
0.01599932
0.01599932
0.01999855
0.01600933
0.01600099
0.01599836
0.01599836
0.01700902
0.01599956
0.02000093
0.02400565
0.02799702
0.02399778
0.02799320
0.02399445
0.01928115
0.02399445
0.02528572
0.02398777
0.02399945
0.02399230
0.01599717
0.01600003
0.01599979
0.02399683
0.02399778
0.02399683
0.01999307
0.02799845
0.02800059
0.02799273
0.02173901
0.01991439
0.02000332
0.01999950
0.01999903
0.01999831
0.02400947
0.02398920
0.03199339
0.02399492
0.02000117
0.01998878
0.02399969
0.01999927
0.01999927
0.01999879
0.01999807
0.01999784
0.02399826
0.02401972
0.02400541
0.02800918
0.01997733
0.01999927
0.01999903
0.01999807
0.02400017
0.01999950
0.01999903
0.01999950
0.02400279
0.02399874
0.01996088
0.01999927
0.01999927
0.02000189
0.01999950
0.02002144
0.01999950
0.02000141
0.01999927
0.01999950
0.02002621
0.01999807
0.01603413
0.02018762
0.01599765
0.01597786
0.02081347
0.01600981
0.01662350
0.01998949
0.01719189
0.02001691
0.01997590
0.01600051
0.01599813
0.01600266
0.01997304
0.01999998
0.01599789
0.01597524
0.01830769
0.01663065
0.02399683
0.02401376
0.02397823
0.02402043
0.02400637
0.02399659
0.02000022
0.02000451
0.01999784
0.01999664
0.01999736
0.01598763
0.01598072
0.01599884
0.01599789
0.01599932
0.01600218
0.02000022
0.01603580
0.01599574
0.01597261
0.02401257
0.02000117
0.01599860
0.01998210
0.01601672
0.01599836
0.01817608
0.02800345
0.02400613
0.02399564
0.02399015
0.02399540
0.02000308
0.02401567
0.02000165
0.01998091
0.01999903
0.01999784
0.02400732
0.02471042
0.02399230
0.02800131
0.01999712
0.02800083
0.01599503
0.02000070
0.01999831
0.01999688
0.02466679
0.02400041
0.02401376
0.01999998
0.01999950
0.01918888
0.01999903
0.01999927
0.02116179
0.01998830
0.01997852
0.02000022
0.01996565
0.02000308
0.01999927
0.02000022
0.01598740
0.01999879
0.01599884
0.01999998
0.01601219
0.01999879
0.01598406
0.02000046
0.01654291
0.02113008
0.01999903
0.01999521
0.01719642
0.01600027
0.02399850
0.02400064
0.02399778
0.02398610
0.02797723
0.02401805
0.02399421
0.02443266
0.02404380
0.02401018
0.02000260
0.01999950
0.02000260
0.02001667
0.02399993
0.02002406
0.01599145
0.02399969
0.02799487
0.01999235
0.01600075
0.02003431
0.01599908
0.01999998
0.01999784
0.01660919
0.02400255
0.02800536
0.02400303
0.02400041
0.02399945
0.02802420
0.02801609
0.02423620
0.02800846
0.02799988
0.01999617
0.01999927
0.02000093
0.01999712
0.02399921
0.02000093
0.01999927
0.02002764
0.02397728
0.02800441
0.02800369
0.02399516
0.02399468
0.01999831
0.01600647
0.01999927
0.02000046
0.01997161
0.01994109
0.01999235
0.01999974
0.02000141
0.02125049
0.02800202
0.02799726
0.02741861
0.02057242
0.02399898
0.01999855
0.01600790
0.01999784
0.01999760
0.01997805
0.02002525
0.02000237
0.02547932
0.02400708
0.02399564
0.02399683
0.02403164
0.02531624
0.02800107
0.02399707
0.03200150
0.02402258
0.02800012
0.02712226
0.02799916
0.02400351
0.01999736
0.01600003
0.01998448
0.01600313
0.02872753
0.02799606
0.02399206
0.02000022
0.02000022
0.01600099
0.02400208
0.02799726
0.02800345
0.02399421
0.01999950
0.02000022
0.01655650
0.01999259
0.02000046
0.02000093
0.02400494
0.01999068
0.01805639
0.01999855
0.01599979
0.01999950
0.01964641
0.02000523
0.02533054
0.02800441
0.02800560
0.01999807
0.01811242
0.02000403
0.01999784
0.01998472
0.01999998
0.01599717
0.01603484
0.02001548
0.02000165
0.02000451
0.01601982
0.01599836
0.01599956
0.01610637
0.02000093
0.02399898
0.02004075
0.01999998
0.01998591
0.02399492
0.02399540
0.01601648
0.02800155
0.02273464
0.01902556
0.02000260
0.01999927
0.02065849
0.02000093
0.01999903
0.02001357
0.02397656
0.01999974
0.01604319
0.01600027
0.01600027
0.01595902
0.01597786
0.01599932
0.01599860
0.01599956
0.01600432
0.01599383
0.01601481
0.01601315
0.01600075
0.01599932
0.01600051
0.01505232
0.01599765
0.01598907
0.01600242
0.01600170
0.01599860
0.01488900
0.01600099
0.02129674
0.02400041
0.02397227
0.01200080
0.01599956
0.01600027
0.01663661
0.01601434
0.01600027
0.01599908
0.01599860
0.01598716
0.01999998
0.02399588
0.02365375
0.02000189
0.01999998
0.02000141
0.02000117
0.02000165
0.02400517
0.01597786
0.01999378
0.01999664
0.01597977
0.01599884
0.01600575
0.01599908
0.02000165
0.02400732
0.01599479
0.01856923
0.02399564
0.02400255
0.02799821
0.02400017
0.02400565
0.02060151
0.01600003
0.01599932
0.01999974
0.02399921
0.02399945
0.02799964
0.02400303
0.02800250
0.02752304
0.02399635
0.02396631
0.02001882
0.01999950
0.01999784
0.01999760
0.01999927
0.01599836
0.02000403
0.02478004
0.02874374
0.02400732
0.02399588
0.02800536
0.02398157
0.02799654
0.02800155
0.01599884
0.02009082
0.01600957
0.01999903
0.01599908
0.01599932
0.02399945
0.01999736
0.01599979
0.02000070
0.01999879
0.01599932
0.01600385
0.01999593
0.01997614
0.02000093
0.01599813
0.01599932
0.01999855
0.01999879
0.01999950
0.01941586
0.02800083
0.01661825
0.01599836
0.01999950
0.01999855
0.01999640
0.01599884
0.01599717
0.01992846
0.02000737
0.02400088
0.02799678
0.01999879
0.02066278
0.02000046
0.02002048
0.02400017
0.02399755
0.01999712
0.02000046
0.01999903
0.02399850
0.01670384
0.01599836
0.01999760
0.02000046
0.02425337
0.02400708
0.02799773
0.03200579
0.02799845
0.02399802
0.02447867
0.02385020
0.01999998
0.01999855
0.02000237
0.02400041
0.03199029
0.02799511
0.02879953
0.02799892
0.02800202
0.02399969
0.02800322
0.02401972
0.02799892
0.02399874
0.02399850
0.02000046
0.01999927
0.02046943
0.02399945
0.02399826
0.02399802
0.02399993
0.02000189
0.01999831
0.01999807
0.01999831
0.01999927
0.02063131
0.01599813
0.01599932
0.02000022
0.01999879
0.01999736
0.02000093
0.01600003
0.01999831
0.01599789
0.01599979
0.01599908
0.01599932
0.01600289
0.01600051
0.01601267
0.02063322
0.01601958
0.02000904
0.02000213
0.02000308
0.01600027
0.01599073
0.01599979
0.01599836
0.02052474
0.01273131
0.02522087
0.02400064
0.01599908
0.01599956
0.01602006
0.01600647
0.01599836
0.01600003
0.01600027
0.02001071
0.01999998
0.01599765
0.01599956
0.01600099
0.01600051
0.01599979
0.01600051
0.01600146
0.01600146
0.01599908
0.01599932
0.01599884
0.01599956
0.01600409
0.01658392
0.01999831
0.01199889
0.01600003
0.01999664
0.01600051
0.01998234
0.01788211
0.01999855
0.02122784
0.02000332
0.02000380
0.02000904
0.02000141
0.01998544
0.01999879
0.02799749
0.01599932
0.02000046
0.01599765
0.01599717
0.01599789
0.01711297
0.02002335
0.01599884
0.01600051
0.01595807
0.02116513
0.01599836
0.01999712
0.02400112
0.02520680
0.02397442
0.02400517
0.02800775
0.01989150
0.01599741
0.01599813
0.01599932
0.01599908
0.01999545
0.01999593
0.02002716
0.02400947
0.02400541
0.02399659
0.02403164
0.02398372
0.02400661
0.02443695
0.02800083
0.02400064
0.02399397
0.02398157
0.02797937
0.02399969
0.02399564
0.02399468
0.01999784
0.01999903
0.02800298
