297.000,338.000,98.000,40.000
297.266,338.266,98.000,40.000
297.531,339.062,98.000,40.000
297.797,338.797,98.000,40.000
298.594,340.125,98.000,40.000
298.328,339.328,98.000,40.000
298.594,340.125,98.000,40.000
298.328,339.859,98.000,40.000
298.594,340.656,98.000,40.000
298.859,340.390,98.000,40.000
298.594,340.125,98.000,40.000
298.328,339.859,98.000,40.000
298.062,341.187,98.000,40.000
297.797,340.390,98.000,40.000
298.062,340.656,98.000,40.000
297.266,340.921,98.000,40.000
297.531,341.718,98.000,40.000
297.266,341.453,98.000,40.000
297.000,341.187,98.000,40.000
296.203,340.921,98.000,40.000
296.469,341.718,98.000,40.000
296.203,341.984,98.000,40.000
295.406,342.249,98.000,40.000
295.141,341.453,98.000,40.000
294.875,341.718,98.000,40.000
295.141,341.984,98.000,40.000
293.813,342.249,98.000,40.000
294.079,341.453,98.000,40.000
293.282,341.718,98.000,40.000
290.892,341.984,98.000,40.000
290.626,342.249,98.000,40.000
290.360,341.453,98.000,40.000
289.032,341.187,98.000,40.000
288.236,341.453,98.000,40.000
287.970,341.718,98.000,40.000
287.704,341.984,98.000,40.000
287.439,342.249,98.000,40.000
286.642,341.453,98.000,40.000
286.376,341.718,98.000,40.000
285.580,341.984,98.000,40.000
285.314,342.249,98.000,40.000
284.517,341.453,98.000,40.000
283.721,341.718,98.000,40.000
283.455,341.984,98.000,40.000
282.127,342.250,98.000,40.000
281.330,341.453,98.000,40.000
281.065,342.250,98.000,40.000
280.268,341.453,98.000,40.000
280.002,341.718,98.000,40.000
279.206,341.984,98.000,40.000
278.940,342.250,98.000,40.000
279.206,341.453,98.000,40.000
278.409,341.718,98.000,40.000
278.674,341.984,98.000,40.000
278.940,342.250,98.000,40.000
278.674,341.453,98.000,40.000
278.409,341.718,98.000,40.000
278.143,341.984,98.000,40.000
277.347,342.250,98.000,40.000
277.081,341.984,98.000,40.000
276.815,342.781,98.000,40.000
277.081,343.046,98.000,40.000
276.284,342.781,98.000,40.000
276.019,343.578,98.000,40.000
275.753,344.374,98.000,40.000
276.019,344.640,98.000,40.000
275.222,344.905,98.000,40.000
274.956,345.702,98.000,40.000
275.222,346.499,98.000,40.000
273.894,347.296,98.000,40.000
274.160,347.561,98.000,40.000
272.832,348.889,98.000,40.000
273.097,350.217,98.000,40.000
271.769,349.952,98.000,40.000
272.035,351.811,98.000,40.000
271.238,352.076,98.000,40.000
270.972,351.811,98.000,40.000
271.238,353.670,98.000,40.000
269.910,354.467,98.000,40.000
270.176,354.732,98.000,40.000
269.379,354.998,98.000,40.000
269.113,356.326,98.000,40.000
268.848,355.529,98.000,40.000
269.113,356.326,98.000,40.000
267.785,356.591,98.000,40.000
268.051,357.388,98.000,40.000
267.254,357.122,98.000,40.000
266.989,357.919,98.000,40.000
267.785,358.716,98.000,40.000
267.520,358.450,98.000,40.000
267.254,358.716,98.000,40.000
266.457,358.982,98.000,40.000
266.723,359.247,98.000,40.000
266.457,358.982,98.000,40.000
266.192,359.778,98.000,40.000
265.395,360.044,98.000,40.000
265.661,359.778,98.000,40.000
265.926,360.575,98.000,40.000
266.192,360.841,98.000,40.000
265.395,361.637,98.000,40.000
265.661,361.903,98.000,40.000
265.926,362.700,98.000,40.000
265.661,362.434,98.000,40.000
265.395,362.700,98.000,40.000
265.661,363.496,98.000,40.000
265.926,363.231,98.000,40.000
266.723,363.496,98.000,40.000
266.989,363.762,98.000,40.000
267.785,352.342,98.000,40.000
267.520,336.672,98.000,40.000
267.785,321.002,98.000,40.000
268.582,315.425,98.000,40.000
268.848,317.815,98.000,40.000
269.113,319.675,98.000,40.000
269.379,319.940,98.000,40.000
269.645,320.206,98.000,40.000
270.441,319.940,98.000,40.000
270.707,321.268,98.000,40.000
271.504,320.471,98.000,40.000
271.769,321.799,98.000,40.000
272.566,322.065,98.000,40.000
272.832,321.268,98.000,40.000
273.628,322.596,98.000,40.000
273.894,322.862,98.000,40.000
274.691,323.127,98.000,40.000
274.956,322.330,98.000,40.000
275.222,323.127,98.000,40.000
275.488,322.862,98.000,40.000
275.753,323.658,98.000,40.000
276.550,323.393,98.000,40.000
276.815,323.127,98.000,40.000
277.612,322.862,98.000,40.000
277.878,323.658,98.000,40.000
278.143,322.862,98.000,40.000
278.409,323.127,98.000,40.000
279.206,322.330,98.000,40.000
278.940,323.127,98.000,40.000
279.737,322.330,98.000,40.000
280.003,323.658,98.000,40.000
279.737,323.924,98.000,40.000
280.534,324.190,98.000,40.000
280.799,323.924,98.000,40.000
281.065,324.721,98.000,40.000
280.799,324.455,98.000,40.000
281.596,324.721,98.000,40.000
281.862,324.986,98.000,40.000
282.127,325.252,98.000,40.000
281.862,324.455,98.000,40.000
282.658,325.252,98.000,40.000
282.393,324.986,98.000,40.000
282.127,325.783,98.000,40.000
281.862,326.049,98.000,40.000
282.658,325.252,98.000,40.000
282.393,326.049,98.000,40.000
282.658,325.783,98.000,40.000
282.924,327.111,98.000,40.000
283.190,326.314,98.000,40.000
282.393,326.580,98.000,40.000
282.127,326.845,98.000,40.000
281.862,327.111,98.000,40.000
282.658,325.783,98.000,40.000
282.393,327.111,98.000,40.000
282.127,325.783,98.000,40.000
281.862,327.111,98.000,40.000
282.127,325.783,98.000,40.000
281.862,326.580,98.000,40.000
282.127,326.314,98.000,40.000
281.862,325.518,98.000,40.000
282.127,325.783,98.000,40.000
281.862,325.518,98.000,40.000
282.127,325.252,98.000,40.000
281.862,324.455,98.000,40.000
282.127,324.190,98.000,40.000
281.862,323.393,98.000,40.000
282.127,323.127,98.000,40.000
281.862,322.330,98.000,40.000
282.127,322.596,98.000,40.000
281.862,322.330,98.000,40.000
282.127,321.534,98.000,40.000
281.330,321.268,98.000,40.000
281.596,321.003,98.000,40.000
281.862,320.206,98.000,40.000
282.127,319.940,98.000,40.000
280.799,320.737,98.000,40.000
281.065,319.940,98.000,40.000
280.799,320.206,98.000,40.000
281.065,318.878,98.000,40.000
280.268,319.675,98.000,40.000
280.534,318.878,98.000,40.000
280.799,319.143,98.000,40.000
280.534,318.347,98.000,40.000
280.268,318.081,98.000,40.000
280.002,317.815,98.000,40.000
279.737,318.612,98.000,40.000
280.534,317.815,98.000,40.000
280.799,318.081,98.000,40.000
281.065,317.284,98.000,40.000
280.268,317.550,98.000,40.000
280.534,318.347,98.000,40.000
280.799,317.550,98.000,40.000
281.065,318.347,98.000,40.000
280.799,317.550,98.000,40.000
281.596,318.347,98.000,40.000
281.330,318.081,98.000,40.000
281.065,317.815,98.000,40.000
280.799,318.612,98.000,40.000
281.596,318.347,98.000,40.000
281.330,318.081,98.000,40.000
280.534,317.815,98.000,40.000
280.799,318.612,98.000,40.000
281.065,317.815,98.000,40.000
279.737,318.612,98.000,40.000
280.002,317.815,98.000,40.000
279.206,318.081,98.000,40.000
278.940,317.284,98.000,40.000
279.206,317.550,98.000,40.000
278.409,317.815,98.000,40.000
278.675,318.081,98.000,40.000
278.409,317.284,98.000,40.000
277.612,317.550,98.000,40.000
277.878,317.816,98.000,40.000
278.143,317.550,98.000,40.000
276.815,317.816,98.000,40.000
277.612,317.550,98.000,40.000
277.347,317.816,98.000,40.000
277.081,318.081,98.000,40.000
276.815,317.284,98.000,40.000
277.081,318.081,98.000,40.000
276.284,317.816,98.000,40.000
276.019,319.675,98.000,40.000
275.753,319.409,98.000,40.000
276.550,319.675,98.000,40.000
276.284,320.471,98.000,40.000
276.019,320.206,98.000,40.000
275.753,321.003,98.000,40.000
276.019,321.268,98.000,40.000
275.753,322.065,98.000,40.000
276.019,322.862,98.000,40.000
274.691,324.190,98.000,40.000
275.487,323.924,98.000,40.000
275.222,325.783,98.000,40.000
274.956,326.049,98.000,40.000
275.222,326.314,98.000,40.000
274.425,327.111,98.000,40.000
274.691,327.908,98.000,40.000
274.425,329.236,98.000,40.000
274.160,328.970,98.000,40.000
273.894,330.298,98.000,40.000
274.691,330.032,98.000,40.000
274.425,330.298,98.000,40.000
273.628,331.095,98.000,40.000
273.894,331.360,98.000,40.000
274.160,332.157,98.000,40.000
273.363,331.892,98.000,40.000
273.097,333.220,98.000,40.000
272.832,323.393,98.000,40.000
273.097,307.723,98.000,40.000
272.300,291.522,98.000,40.000
272.566,289.663,98.000,40.000
272.832,291.522,98.000,40.000
272.566,292.319,98.000,40.000
271.769,292.585,98.000,40.000
271.504,293.381,98.000,40.000
271.238,293.116,98.000,40.000
270.441,292.850,98.000,40.000
282.393,295.772,98.000,40.000
315.591,296.568,98.000,40.000
335.510,294.709,98.000,40.000
333.651,295.506,98.000,40.000
331.261,294.709,98.000,40.000
332.058,295.506,98.000,40.000
331.792,295.240,98.000,40.000
332.589,294.975,98.000,40.000
332.323,296.303,98.000,40.000
332.589,294.975,98.000,40.000
332.323,296.303,98.000,40.000
332.589,295.506,98.000,40.000
332.854,295.772,98.000,40.000
333.120,296.037,98.000,40.000
331.792,295.240,98.000,40.000
332.589,295.506,98.000,40.000
332.323,296.303,98.000,40.000
332.058,295.506,98.000,40.000
331.792,296.303,98.000,40.000
332.589,295.506,98.000,40.000
332.323,295.772,98.000,40.000
332.058,296.037,98.000,40.000
331.792,294.709,98.000,40.000
332.589,295.506,98.000,40.000
332.323,295.240,98.000,40.000
332.058,294.975,98.000,40.000
331.261,295.240,98.000,40.000
331.526,294.444,98.000,40.000
332.323,294.709,98.000,40.000
332.058,294.975,98.000,40.000
331.792,294.709,98.000,40.000
332.589,294.444,98.000,40.000
332.854,294.178,98.000,40.000
333.120,293.913,98.000,40.000
332.323,294.709,98.000,40.000
333.120,294.444,98.000,40.000
332.854,293.647,98.000,40.000
333.651,293.913,98.000,40.000
333.917,293.647,98.000,40.000
334.182,293.381,98.000,40.000
333.917,293.116,98.000,40.000
334.713,292.850,98.000,40.000
334.979,293.647,98.000,40.000
335.245,293.381,98.000,40.000
334.979,292.585,98.000,40.000
335.776,292.850,98.000,40.000
336.041,292.585,98.000,40.000
335.776,292.850,98.000,40.000
337.104,293.647,98.000,40.000
337.369,292.850,98.000,40.000
337.635,293.647,98.000,40.000
338.963,293.381,98.000,40.000
339.760,293.116,98.000,40.000
340.556,292.850,98.000,40.000
340.822,294.178,98.000,40.000
341.619,293.381,98.000,40.000
342.415,294.178,98.000,40.000
342.681,293.912,98.000,40.000
343.478,295.240,98.000,40.000
344.275,294.444,98.000,40.000
344.540,294.709,98.000,40.000
345.868,294.975,98.000,40.000
346.665,295.240,98.000,40.000
347.462,293.913,98.000,40.000
347.727,294.709,98.000,40.000
348.524,294.444,98.000,40.000
348.790,294.178,98.000,40.000
349.586,293.912,98.000,40.000
349.852,294.178,98.000,40.000
350.649,292.850,98.000,40.000
351.445,293.647,98.000,40.000
351.711,292.850,98.000,40.000
352.508,293.647,98.000,40.000
352.773,292.850,98.000,40.000
353.570,292.585,98.000,40.000
353.836,291.788,98.000,40.000
354.632,292.053,98.000,40.000
354.898,291.257,98.000,40.000
355.164,290.991,98.000,40.000
354.898,292.319,98.000,40.000
355.695,291.522,98.000,40.000
356.492,291.788,98.000,40.000
356.757,292.585,98.000,40.000
357.554,292.319,98.000,40.000
357.819,292.053,98.000,40.000
358.616,292.319,98.000,40.000
358.882,293.116,98.000,40.000
359.679,292.850,98.000,40.000
359.944,294.178,98.000,40.000
360.210,293.381,98.000,40.000
360.475,294.178,98.000,40.000
360.741,293.912,98.000,40.000
361.538,295.240,98.000,40.000
362.334,294.975,98.000,40.000
363.131,296.303,98.000,40.000
363.397,295.506,98.000,40.000
363.662,296.834,98.000,40.000
364.459,297.631,98.000,40.000
364.725,297.365,98.000,40.000
365.521,297.631,98.000,40.000
366.318,297.896,98.000,40.000
366.584,298.693,98.000,40.000
367.381,298.959,98.000,40.000
368.177,299.224,98.000,40.000
368.443,298.959,98.000,40.000
369.240,300.287,98.000,40.000
369.505,299.490,98.000,40.000
370.302,300.287,98.000,40.000
370.568,300.552,98.000,40.000
371.364,301.880,98.000,40.000
371.630,302.677,98.000,40.000
372.427,302.942,98.000,40.000
373.223,303.739,98.000,40.000
373.489,304.005,98.000,40.000
374.286,304.270,98.000,40.000
374.551,305.067,98.000,40.000
375.348,305.333,98.000,40.000
375.614,306.130,98.000,40.000
376.411,306.926,98.000,40.000
376.676,307.723,98.000,40.000
377.473,307.989,98.000,40.000
377.738,308.785,98.000,40.000
378.535,309.051,98.000,40.000
378.801,309.317,98.000,40.000
379.598,310.113,98.000,40.000
379.863,310.379,98.000,40.000
380.660,311.176,98.000,40.000
380.926,311.441,98.000,40.000
381.191,311.707,98.000,40.000
381.457,312.504,98.000,40.000
381.722,312.769,98.000,40.000
381.457,311.972,98.000,40.000
306.801,317.316,100.168,40.885
291.328,320.303,100.168,40.885
289.971,321.117,100.168,40.885
289.699,321.388,100.168,40.885
289.971,322.203,100.168,40.885
288.613,323.017,100.168,40.885
288.885,323.289,100.168,40.885
289.156,324.646,100.168,40.885
287.799,324.917,100.168,40.885
288.070,325.732,100.168,40.885
286.713,326.546,100.168,40.885
286.442,327.904,100.168,40.885
285.627,327.632,100.168,40.885
285.356,328.446,100.168,40.885
285.084,329.804,100.168,40.885
284.270,328.989,100.168,40.885
284.541,329.804,100.168,40.885
284.813,330.075,100.168,40.885
284.541,330.890,100.168,40.885
283.727,331.161,100.168,40.885
283.456,331.433,100.168,40.885
283.727,325.732,100.168,40.885
283.998,309.715,100.168,40.885
282.641,293.156,100.168,40.885
282.913,278.226,100.168,40.885
283.727,276.325,100.168,40.885
283.456,279.312,100.168,40.885
282.641,280.669,100.168,40.885
282.913,280.397,100.168,40.885
283.184,282.298,100.168,40.885
282.913,282.569,100.168,40.885
283.727,281.755,100.168,40.885
283.998,282.569,100.168,40.885
283.727,283.383,100.168,40.885
284.541,284.198,100.168,40.885
284.270,283.926,100.168,40.885
284.541,283.655,100.168,40.885
284.813,283.926,100.168,40.885
285.627,284.198,100.168,40.885
285.899,285.012,100.168,40.885
286.170,284.741,100.168,40.885
285.899,285.012,100.168,40.885
286.713,285.827,100.168,40.885
286.985,286.098,100.168,40.885
286.713,286.913,100.168,40.885
287.527,286.641,100.168,40.885
287.799,287.455,100.168,40.885
288.070,288.813,100.168,40.885
287.256,288.541,100.168,40.885
286.985,289.899,100.168,40.885
286.713,289.627,100.168,40.885
287.527,289.899,100.168,40.885
287.256,291.256,100.168,40.885
287.527,292.613,100.168,40.885
287.799,292.342,100.168,40.885
288.070,294.242,100.168,40.885
286.713,295.056,100.168,40.885
286.985,295.328,100.168,40.885
286.713,297.228,100.168,40.885
286.985,298.043,100.168,40.885
286.170,299.400,100.168,40.885
286.442,300.214,100.168,40.885
286.170,301.572,100.168,40.885
285.899,302.386,100.168,40.885
286.170,304.286,100.168,40.885
284.813,305.644,100.168,40.885
285.627,305.372,100.168,40.885
284.813,307.272,100.168,40.885
285.084,307.544,100.168,40.885
284.813,308.901,100.168,40.885
285.084,308.630,100.168,40.885
284.270,309.444,100.168,40.885
284.541,310.801,100.168,40.885
284.813,310.530,100.168,40.885
285.084,311.887,100.168,40.885
284.270,308.358,100.168,40.885
283.998,293.971,100.168,40.885
283.727,277.411,100.168,40.885
284.541,263.567,100.168,40.885
284.813,261.124,100.168,40.885
285.084,264.110,100.168,40.885
284.270,265.467,100.168,40.885
284.541,266.824,100.168,40.885
285.356,266.010,100.168,40.885
285.627,267.910,100.168,40.885
285.899,267.639,100.168,40.885
286.170,267.910,100.168,40.885
285.899,268.725,100.168,40.885
286.713,268.996,100.168,40.885
286.984,269.810,100.168,40.885
286.713,269.539,100.168,40.885
287.527,271.439,100.168,40.885
287.799,271.711,100.168,40.885
288.613,270.896,100.168,40.885
288.342,272.254,100.168,40.885
288.613,272.525,100.168,40.885
288.885,273.882,100.168,40.885
289.156,274.154,100.168,40.885
288.342,275.511,100.168,40.885
288.070,276.326,100.168,40.885
287.799,277.140,100.168,40.885
288.070,277.411,100.168,40.885
287.799,278.226,100.168,40.885
287.527,279.040,100.168,40.885
287.256,278.769,100.168,40.885
286.984,279.040,100.168,40.885
286.170,279.312,100.168,40.885
285.899,280.126,100.168,40.885
286.170,279.855,100.168,40.885
284.813,280.126,100.168,40.885
285.084,280.940,100.168,40.885
283.727,280.126,100.168,40.885
283.998,280.398,100.168,40.885
282.641,280.669,100.168,40.885
282.912,279.855,100.168,40.885
283.184,280.126,100.168,40.885
281.284,280.397,100.168,40.885
281.555,280.669,100.168,40.885
281.284,279.855,100.168,40.885
281.012,280.669,100.168,40.885
280.741,280.397,100.168,40.885
281.555,281.755,100.168,40.885
280.741,281.483,100.168,40.885
281.012,283.384,100.168,40.885
279.655,283.112,100.168,40.885
279.926,283.384,100.168,40.885
279.655,283.655,100.168,40.885
279.926,283.384,100.168,40.885
279.112,284.198,100.168,40.885
278.840,285.012,100.168,40.885
279.655,284.741,100.168,40.885
279.383,285.012,100.168,40.885
279.112,285.827,100.168,40.885
278.840,286.098,100.168,40.885
279.112,286.913,100.168,40.885
278.298,286.641,100.168,40.885
278.026,286.913,100.168,40.885
277.755,287.184,100.168,40.885
278.026,287.998,100.168,40.885
276.669,287.727,100.168,40.885
276.940,287.456,100.168,40.885
276.126,288.270,100.168,40.885
275.854,287.456,100.168,40.885
276.126,287.727,100.168,40.885
274.769,286.913,100.168,40.885
275.040,287.184,100.168,40.885
274.226,286.913,100.168,40.885
273.954,286.641,100.168,40.885
273.140,285.827,100.168,40.885
272.868,286.098,100.168,40.885
273.683,285.827,100.168,40.885
272.868,285.555,100.168,40.885
273.140,285.827,100.168,40.885
271.782,285.012,100.168,40.885
272.054,284.741,100.168,40.885
271.239,284.469,100.168,40.885
270.968,284.741,100.168,40.885
270.697,283.927,100.168,40.885
270.968,283.655,100.168,40.885
270.154,283.384,100.168,40.885
269.882,283.655,100.168,40.885
270.154,282.841,100.168,40.885
269.339,283.112,100.168,40.885
269.611,282.841,100.168,40.885
268.796,282.569,100.168,40.885
269.068,282.298,100.168,40.885
268.253,283.112,100.168,40.885
267.982,282.841,100.168,40.885
267.710,282.569,100.168,40.885
267.982,282.298,100.168,40.885
267.710,283.112,100.168,40.885
267.439,282.841,100.168,40.885
267.168,282.569,100.168,40.885
266.353,282.298,100.168,40.885
266.625,283.112,100.168,40.885
266.353,282.841,100.168,40.885
266.082,282.569,100.168,40.885
265.810,282.298,100.168,40.885
266.625,283.112,100.168,40.885
265.267,282.841,100.168,40.885
264.996,282.026,100.168,40.885
264.724,281.755,100.168,40.885
264.996,280.941,100.168,40.885
264.724,280.669,100.168,40.885
265.539,279.855,100.168,40.885
265.267,280.126,100.168,40.885
264.996,279.855,100.168,40.885
264.724,279.040,100.168,40.885
264.996,278.769,100.168,40.885
264.181,277.955,100.168,40.885
263.910,277.683,100.168,40.885
264.724,276.869,100.168,40.885
264.453,276.597,100.168,40.885
264.181,275.783,100.168,40.885
263.910,275.511,100.168,40.885
264.181,275.240,100.168,40.885
262.824,274.968,100.168,40.885
263.639,273.611,100.168,40.885
262.824,273.340,100.168,40.885
263.096,273.611,100.168,40.885
262.281,272.254,100.168,40.885
262.553,272.525,100.168,40.885
262.281,272.254,100.168,40.885
262.010,271.439,100.168,40.885
261.738,271.168,100.168,40.885
262.010,270.354,100.168,40.885
260.652,270.082,100.168,40.885
261.467,269.268,100.168,40.885
260.652,269.539,100.168,40.885
260.924,268.725,100.168,40.885
259.567,267.910,100.168,40.885
259.838,267.096,100.168,40.885
260.109,266.825,100.168,40.885
257.666,266.010,100.168,40.885
258.481,265.196,100.168,40.885
258.209,264.924,100.168,40.885
257.938,263.567,100.168,40.885
257.123,262.753,100.168,40.885
257.395,261.938,100.168,40.885
256.580,261.667,100.168,40.885
256.309,260.309,100.168,40.885
255.495,260.581,100.168,40.885
255.766,258.681,100.168,40.885
255.495,258.409,100.168,40.885
254.137,258.138,100.168,40.885
254.409,256.780,100.168,40.885
254.137,255.423,100.168,40.885
252.780,255.694,100.168,40.885
253.594,254.337,100.168,40.885
252.237,254.066,100.168,40.885
251.423,252.708,100.168,40.885
251.694,251.351,100.168,40.885
251.423,251.080,100.168,40.885
251.151,250.265,100.168,40.885
249.794,249.451,100.168,40.885
250.608,248.636,100.168,40.885
250.337,247.279,100.168,40.885
248.979,247.008,100.168,40.885
248.165,245.650,100.168,40.885
248.437,244.293,100.168,40.885
248.165,243.479,100.168,40.885
247.894,242.121,100.168,40.885
248.165,240.764,100.168,40.885
247.351,249.722,100.168,40.885
247.622,256.509,100.168,40.885
247.894,254.609,100.168,40.885
247.622,251.080,100.168,40.885
246.808,249.722,100.168,40.885
247.079,247.822,100.168,40.885
245.722,245.922,100.168,40.885
246.536,244.564,100.168,40.885
245.722,243.207,100.168,40.885
246.536,241.850,100.168,40.885
246.265,240.492,100.168,40.885
245.450,240.221,100.168,40.885
246.265,238.321,100.168,40.885
244.907,236.963,100.168,40.885
245.722,239.950,100.168,40.885
245.993,253.794,100.168,40.885
244.636,268.182,100.168,40.885
245.450,280.398,100.168,40.885
245.179,277.954,100.168,40.885
244.907,274.968,100.168,40.885
245.722,273.068,100.168,40.885
244.907,271.711,100.168,40.885
245.179,269.811,100.168,40.885
244.365,268.996,100.168,40.885
244.636,268.182,100.168,40.885
245.450,267.367,100.168,40.885
245.179,266.553,100.168,40.885
244.365,265.739,100.168,40.885
245.179,263.838,100.168,40.885
244.365,263.024,100.168,40.885
244.636,262.210,100.168,40.885
245.450,260.852,100.168,40.885
244.093,259.495,100.168,40.885
244.907,258.680,100.168,40.885
245.722,256.780,100.168,40.885
245.993,255.423,100.168,40.885
244.636,255.694,100.168,40.885
245.450,253.794,100.168,40.885
245.722,252.437,100.168,40.885
245.993,251.622,100.168,40.885
244.636,250.265,100.168,40.885
245.450,249.451,100.168,40.885
246.265,248.636,100.168,40.885
245.450,247.822,100.168,40.885
245.722,246.465,100.168,40.885
246.536,245.650,100.168,40.885
246.296,248.964,98.032,40.013
246.562,263.045,98.032,40.013
246.827,277.126,98.032,40.013
247.093,289.081,98.032,40.013
245.765,286.159,98.032,40.013
246.562,283.236,98.032,40.013
246.827,281.377,98.032,40.013
247.093,280.048,98.032,40.013
246.296,278.189,98.032,40.013
246.562,277.391,98.032,40.013
247.359,277.126,98.032,40.013
247.624,275.797,98.032,40.013
248.421,275.532,98.032,40.013
248.687,274.735,98.032,40.013
248.421,274.469,98.032,40.013
248.687,273.672,98.032,40.013
248.953,273.406,98.032,40.013
249.218,272.078,98.032,40.013
248.953,271.281,98.032,40.013
249.750,271.015,98.032,40.013
249.484,270.218,98.032,40.013
249.218,269.953,98.032,40.013
249.484,270.750,98.032,40.013
249.750,269.953,98.032,40.013
250.547,269.687,98.032,40.013
250.281,268.890,98.032,40.013
250.547,269.687,98.032,40.013
250.813,268.890,98.032,40.013
251.078,268.624,98.032,40.013
250.281,268.890,98.032,40.013
251.078,268.624,98.032,40.013
251.344,267.827,98.032,40.013
251.610,268.624,98.032,40.013
251.875,267.827,98.032,40.013
252.141,268.093,98.032,40.013
251.875,267.296,98.032,40.013
252.672,267.561,98.032,40.013
252.938,267.296,98.032,40.013
253.204,267.561,98.032,40.013
251.875,267.827,98.032,40.013
252.672,267.561,98.032,40.013
252.938,267.296,98.032,40.013
253.204,267.561,98.032,40.013
252.938,267.296,98.032,40.013
253.204,267.030,98.032,40.013
252.407,266.764,98.032,40.013
252.672,267.561,98.032,40.013
252.938,266.764,98.032,40.013
253.204,267.561,98.032,40.013
252.938,266.764,98.032,40.013
253.204,266.499,98.032,40.013
252.407,266.764,98.032,40.013
252.672,267.030,98.032,40.013
252.938,266.233,98.032,40.013
252.672,266.499,98.032,40.013
252.938,267.296,98.032,40.013
252.672,267.030,98.032,40.013
251.344,266.764,98.032,40.013
251.610,268.093,98.032,40.013
250.281,267.296,98.032,40.013
250.547,267.561,98.032,40.013
249.750,268.890,98.032,40.013
249.484,268.624,98.032,40.013
249.219,268.358,98.032,40.013
247.890,269.155,98.032,40.013
248.156,268.890,98.032,40.013
247.359,270.749,98.032,40.013
247.093,270.484,98.032,40.013
245.765,271.281,98.032,40.013
246.562,270.484,98.032,40.013
246.296,272.343,98.032,40.013
244.968,272.078,98.032,40.013
245.765,272.343,98.032,40.013
245.499,273.672,98.032,40.013
244.171,275.000,98.032,40.013
243.905,273.672,98.032,40.013
244.702,275.532,98.032,40.013
244.436,276.329,98.032,40.013
243.108,276.594,98.032,40.013
243.374,277.923,98.032,40.013
243.108,279.251,98.032,40.013
242.842,278.454,98.032,40.013
243.108,279.782,98.032,40.013
242.842,281.111,98.032,40.013
243.108,280.845,98.032,40.013
242.311,282.705,98.032,40.013
242.577,282.970,98.032,40.013
242.311,284.299,98.032,40.013
242.045,284.033,98.032,40.013
241.780,284.830,98.032,40.013
242.577,286.690,98.032,40.013
242.311,286.424,98.032,40.013
242.045,286.690,98.032,40.013
241.248,275.797,98.032,40.013
240.983,264.905,98.032,40.013
241.780,266.764,98.032,40.013
242.045,269.687,98.032,40.013
240.717,269.421,98.032,40.013
240.983,269.687,98.032,40.013
241.780,271.546,98.032,40.013
240.451,271.281,98.032,40.013
240.186,271.015,98.032,40.013
240.451,271.281,98.032,40.013
240.186,272.609,98.032,40.013
238.857,272.875,98.032,40.013
239.654,273.140,98.032,40.013
239.389,273.406,98.032,40.013
239.123,273.672,98.032,40.013
238.857,274.469,98.032,40.013
239.123,275.266,98.032,40.013
237.795,275.000,98.032,40.013
238.592,274.734,98.032,40.013
238.326,277.126,98.032,40.013
237.529,276.329,98.032,40.013
237.795,276.594,98.032,40.013
238.060,278.454,98.032,40.013
236.201,278.720,98.032,40.013
236.466,278.985,98.032,40.013
237.263,280.845,98.032,40.013
236.466,281.111,98.032,40.013
236.732,280.845,98.032,40.013
236.998,283.236,98.032,40.013
235.669,282.970,98.032,40.013
236.466,284.299,98.032,40.013
236.732,284.033,98.032,40.013
236.466,285.361,98.032,40.013
236.201,286.158,98.032,40.013
235.935,286.424,98.032,40.013
236.732,288.815,98.032,40.013
235.935,290.144,98.032,40.013
236.201,289.347,98.032,40.013
235.404,291.206,98.032,40.013
235.138,291.472,98.032,40.013
234.341,292.800,98.032,40.013
234.607,294.129,98.032,40.013
234.872,293.863,98.032,40.013
235.138,295.723,98.032,40.013
233.810,295.988,98.032,40.013
234.075,297.848,98.032,40.013
233.278,297.582,98.032,40.013
233.544,297.848,98.032,40.013
233.810,299.708,98.032,40.013
233.544,299.974,98.032,40.013
233.278,300.771,98.032,40.013
233.012,301.568,98.032,40.013
232.747,301.833,98.032,40.013
233.012,302.630,98.032,40.013
233.290,292.046,95.942,39.160
234.070,276.705,95.942,39.160
234.330,262.405,95.942,39.160
235.110,264.745,95.942,39.160
234.850,267.085,95.942,39.160
235.110,267.865,95.942,39.160
236.383,270.037,93.896,38.325
236.638,271.309,93.896,38.325
235.874,272.073,93.896,38.325
236.129,272.836,93.896,38.325
236.892,273.599,93.896,38.325
237.147,274.363,93.896,38.325
237.401,274.617,93.896,38.325
237.656,275.889,93.896,38.325
237.401,277.162,93.896,38.325
238.164,277.416,93.896,38.325
238.419,277.671,93.896,38.325
238.673,278.434,93.896,38.325
238.928,278.180,93.896,38.325
239.182,279.961,93.896,38.325
239.946,280.724,93.896,38.325
240.200,280.470,93.896,38.325
240.964,280.724,93.896,38.325
241.218,281.997,93.896,38.325
241.981,282.251,93.896,38.325
241.727,283.014,93.896,38.325
241.981,283.269,93.896,38.325
242.745,284.032,93.896,38.325
243.508,283.778,93.896,38.325
244.272,284.541,93.896,38.325
245.035,284.796,93.896,38.325
245.798,285.559,93.896,38.325
246.562,286.322,93.896,38.325
247.325,288.104,93.896,38.325
248.089,287.849,93.896,38.325
248.852,288.613,93.896,38.325
250.124,289.885,93.896,38.325
251.397,290.648,93.896,38.325
252.160,291.412,93.896,38.325
253.432,292.684,93.896,38.325
254.196,293.447,93.896,38.325
254.959,294.211,93.896,38.325
255.722,296.501,93.896,38.325
256.995,296.247,93.896,38.325
258.267,298.028,93.896,38.325
260.495,299.172,91.893,37.507
261.740,299.919,91.893,37.507
262.487,300.168,91.893,37.507
264.230,301.414,91.893,37.507
265.475,302.161,91.893,37.507
266.720,302.410,91.893,37.507
267.468,303.655,91.893,37.507
269.648,304.295,89.934,36.708
270.866,305.026,89.934,36.708
272.085,305.270,89.934,36.708
274.218,305.896,88.016,35.925
275.888,307.089,88.016,35.925
277.081,306.373,88.016,35.925
278.273,307.566,88.016,35.925
279.466,308.281,88.016,35.925
280.659,307.566,88.016,35.925
282.328,307.327,88.016,35.925
283.521,294.208,88.016,35.925
285.191,277.273,88.016,35.925
285.906,265.108,88.016,35.925
287.576,265.823,88.016,35.925
288.769,267.493,88.016,35.925
289.961,267.731,88.016,35.925
291.154,268.924,88.016,35.925
291.393,269.163,88.016,35.925
292.585,267.970,88.016,35.925
293.778,270.117,88.016,35.925
294.493,268.924,88.016,35.925
295.209,270.117,88.016,35.925
295.448,269.401,88.016,35.925
296.640,270.594,88.016,35.925
297.833,270.355,88.016,35.925
298.548,270.594,88.016,35.925
299.264,271.786,88.016,35.925
300.457,271.548,88.016,35.925
301.172,268.924,88.016,35.925
301.888,255.328,88.016,35.925
303.081,238.392,88.016,35.925
303.796,234.814,88.016,35.925
304.989,237.915,88.016,35.925
306.181,240.062,88.016,35.925
306.897,239.346,88.016,35.925
308.567,241.493,88.016,35.925
309.759,242.686,88.016,35.925
310.952,243.401,88.016,35.925
312.622,244.594,88.016,35.925
313.337,246.264,88.016,35.925
300.695,248.411,88.016,35.925
268.494,250.080,88.016,35.925
241.063,249.365,88.016,35.925
238.916,251.034,88.016,35.925
244.402,253.658,88.016,35.925
244.641,254.851,88.016,35.925
245.356,256.044,88.016,35.925
246.072,256.282,88.016,35.925
247.265,258.429,88.016,35.925
248.457,260.099,88.016,35.925
249.650,260.814,88.016,35.925
251.320,263.438,88.016,35.925
252.035,264.154,88.016,35.925
253.228,258.667,88.016,35.925
254.421,244.594,88.016,35.925
255.136,230.044,88.016,35.925
255.852,224.081,88.016,35.925
257.521,226.704,88.016,35.925
258.714,229.328,88.016,35.925
259.907,230.521,88.016,35.925
261.099,232.191,88.016,35.925
261.338,233.383,88.016,35.925
262.053,234.576,88.016,35.925
263.246,236.246,88.016,35.925
264.439,237.438,88.016,35.925
265.631,238.631,88.016,35.925
266.824,239.823,88.016,35.925
268.017,241.493,88.016,35.925
267.778,242.686,88.016,35.925
268.971,243.879,88.016,35.925
270.164,245.548,88.016,35.925
270.402,247.218,88.016,35.925
271.118,247.934,88.016,35.925
272.310,250.080,88.016,35.925
273.026,250.319,88.016,35.925
273.741,251.989,88.016,35.925
275.411,253.658,88.016,35.925
275.650,254.851,88.016,35.925
276.365,255.566,88.016,35.925
277.081,256.759,88.016,35.925
277.796,258.429,88.016,35.925
278.512,259.144,88.016,35.925
279.228,259.383,88.016,35.925
279.943,261.530,88.016,35.925
281.136,262.245,88.016,35.925
281.374,262.961,88.016,35.925
282.090,264.631,88.016,35.925
282.805,265.346,88.016,35.925
284.475,265.585,88.016,35.925
285.668,266.777,88.016,35.925
286.383,266.539,88.016,35.925
287.099,253.420,88.016,35.925
287.815,237.915,88.016,35.925
288.530,226.227,88.016,35.925
289.246,227.420,88.016,35.925
289.961,230.044,88.016,35.925
291.154,231.713,88.016,35.925
291.870,233.383,88.016,35.925
293.062,233.622,88.016,35.925
293.778,235.291,88.016,35.925
294.970,235.530,88.016,35.925
296.163,237.200,88.016,35.925
296.402,237.438,88.016,35.925
297.594,238.631,88.016,35.925
298.310,239.346,88.016,35.925
299.025,240.062,88.016,35.925
299.741,240.301,88.016,35.925
300.934,241.016,88.016,35.925
302.126,242.209,88.016,35.925
301.888,241.970,88.016,35.925
303.080,243.163,88.016,35.925
303.319,242.447,88.016,35.925
304.035,243.640,88.016,35.925
304.273,243.878,88.016,35.925
304.989,244.594,88.016,35.925
