245.000,242.000,46.000,28.000
244.277,240.699,46.000,28.000
245.578,242.289,46.000,28.000
246.012,241.277,46.000,28.000
245.289,241.711,46.000,28.000
246.012,242.145,46.000,28.000
245.578,240.843,46.000,28.000
246.590,242.145,46.000,28.000
247.313,241.422,46.000,28.000
247.458,242.145,46.000,28.000
247.603,241.711,46.000,28.000
248.326,242.723,46.000,28.000
248.181,242.289,46.000,28.000
248.326,241.566,46.000,28.000
249.338,242.868,46.000,28.000
249.482,243.301,46.000,28.000
250.205,242.289,46.000,28.000
250.061,243.012,46.000,28.000
249.916,242.000,46.000,28.000
251.796,242.723,46.000,28.000
251.940,243.446,46.000,28.000
252.085,242.434,46.000,28.000
251.940,243.157,46.000,28.000
253.242,242.434,46.000,28.000
253.097,243.446,46.000,28.000
253.820,243.301,46.000,28.000
255.121,243.446,46.000,28.000
254.398,243.590,46.000,28.000
255.410,244.024,46.000,28.000
256.133,242.723,46.000,28.000
256.278,244.024,46.000,28.000
257.001,242.723,46.000,28.000
257.145,244.024,46.000,28.000
254.687,243.012,46.000,28.000
232.427,244.353,47.018,28.619
202.722,244.500,47.018,28.619
175.369,243.417,48.058,29.253
161.925,243.568,48.058,29.253
163.587,243.417,48.058,29.253
165.248,243.266,48.058,29.253
166.306,243.115,48.058,29.253
167.363,242.360,48.058,29.253
168.118,243.417,48.058,29.253
168.572,242.360,48.058,29.253
169.025,243.115,48.058,29.253
170.082,242.058,48.058,29.253
171.442,242.209,48.058,29.253
172.801,241.755,48.058,29.253
173.557,242.813,48.058,29.253
174.312,241.755,48.058,29.253
175.973,242.209,48.058,29.253
176.729,241.453,48.058,29.253
177.786,241.906,48.058,29.253
178.844,240.849,48.058,29.253
180.505,242.511,48.058,29.253
181.563,242.058,48.058,29.253
182.620,241.302,48.058,29.253
184.282,242.360,48.058,29.253
186.547,241.000,48.058,29.253
187.303,241.453,48.058,29.253
189.266,242.209,48.058,29.253
190.626,241.453,48.058,29.253
191.985,242.209,48.058,29.253
193.647,242.058,48.058,29.253
195.007,241.906,48.058,29.253
197.272,242.360,48.058,29.253
199.538,243.115,48.058,29.253
200.596,242.662,48.058,29.253
202.559,244.021,48.058,29.253
204.523,242.964,48.058,29.253
206.487,243.719,48.058,29.253
208.451,245.079,48.058,29.253
211.321,243.719,48.058,29.253
213.587,245.079,48.058,29.253
215.248,244.021,48.058,29.253
218.118,244.474,48.058,29.253
220.082,245.532,48.058,29.253
222.348,245.079,48.058,29.253
224.916,244.626,48.058,29.253
227.182,245.683,48.058,29.253
230.052,245.834,48.058,29.253
232.015,245.985,48.058,29.253
234.281,244.626,48.058,29.253
237.151,245.985,48.058,29.253
239.115,244.626,48.058,29.253
241.985,246.287,48.058,29.253
244.553,246.136,48.058,29.253
246.517,245.985,48.058,29.253
249.387,246.136,48.058,29.253
253.465,246.589,48.058,29.253
256.336,247.345,48.058,29.253
259.206,246.589,48.058,29.253
258.148,247.647,48.058,29.253
238.360,248.704,48.058,29.253
212.227,249.157,48.058,29.253
191.230,247.798,48.058,29.253
191.985,249.157,48.058,29.253
197.575,248.402,48.058,29.253
199.840,249.157,48.058,29.253
203.013,248.402,48.058,29.253
206.487,249.157,48.058,29.253
209.055,248.704,48.058,29.253
212.831,249.761,48.058,29.253
216.306,250.215,48.058,29.253
220.082,248.855,48.058,29.253
223.254,250.517,48.058,29.253
226.728,250.064,48.058,29.253
229.901,249.913,48.058,29.253
233.375,249.761,48.058,29.253
237.454,251.121,48.058,29.253
240.928,250.064,48.058,29.253
244.100,251.121,48.058,29.253
247.876,250.668,48.058,29.253
251.351,252.027,48.058,29.253
255.127,250.668,48.058,29.253
259.206,252.329,48.058,29.253
262.680,251.272,48.058,29.253
262.529,252.329,48.058,29.253
244.251,253.387,48.058,29.253
217.816,252.632,48.058,29.253
197.121,253.085,48.058,29.253
198.481,252.027,48.058,29.253
204.070,252.783,48.058,29.253
207.846,253.538,48.058,29.253
211.019,253.085,48.058,29.253
214.795,252.329,48.058,29.253
218.571,253.387,48.058,29.253
222.348,252.934,48.058,29.253
227.031,252.481,48.058,29.253
230.505,253.538,48.058,29.253
233.979,253.387,48.058,29.253
238.058,252.934,48.058,29.253
241.834,252.783,48.058,29.253
245.611,253.840,48.058,29.253
249.387,254.293,48.058,29.253
253.163,253.538,48.058,29.253
242.438,255.200,48.058,29.253
216.910,255.351,48.058,29.253
191.985,255.804,48.058,29.253
170.082,256.861,48.058,29.253
157.545,256.408,48.058,29.253
161.321,255.955,48.058,29.253
167.816,256.106,48.058,29.253
174.312,256.559,48.058,29.253
177.484,255.502,48.058,29.253
180.052,256.861,48.058,29.253
182.922,256.106,48.058,29.253
185.792,255.653,48.058,29.253
188.662,257.314,48.058,29.253
190.626,258.372,48.058,29.253
193.496,259.127,48.058,29.253
196.366,260.184,48.058,29.253
198.934,258.825,48.058,29.253
200.440,259.912,49.121,29.900
203.682,257.596,49.121,29.900
213.100,255.897,49.121,29.900
218.813,256.669,49.121,29.900
222.056,255.897,49.121,29.900
224.989,256.361,49.121,29.900
228.232,255.280,49.121,29.900
233.018,256.669,49.121,29.900
236.260,257.441,49.121,29.900
239.503,256.669,49.121,29.900
242.127,257.750,49.121,29.900
244.443,258.213,49.121,29.900
230.702,260.221,49.121,29.900
228.695,259.449,49.121,29.900
187.779,257.750,49.121,29.900
189.169,257.905,49.121,29.900
195.499,257.133,49.121,29.900
197.815,255.743,49.121,29.900
201.057,256.824,49.121,29.900
203.373,255.743,49.121,29.900
205.553,256.534,50.208,30.561
205.711,255.429,50.208,30.561
207.763,256.218,50.208,30.561
208.552,254.798,50.208,30.561
210.603,256.534,50.208,30.561
211.849,257.342,51.319,31.238
213.946,258.148,51.319,31.238
215.888,257.635,52.454,31.929
218.216,256.427,53.615,32.635
220.744,257.943,53.615,32.635
221.375,257.757,54.801,33.357
221.662,256.495,56.014,34.095
224.805,256.688,54.819,33.368
231.869,255.827,54.819,33.368
236.522,254.621,54.819,33.368
231.293,257.468,53.650,32.657
206.504,256.962,53.650,32.657
179.691,257.468,53.650,32.657
156.926,255.613,53.650,32.657
154.734,254.432,53.650,32.657
158.612,254.601,53.650,32.657
162.154,254.432,53.650,32.657
164.346,253.589,53.650,32.657
166.875,254.432,53.650,32.657
168.393,253.252,53.650,32.657
171.260,253.083,53.650,32.657
173.115,254.264,53.650,32.657
174.970,252.746,53.650,32.657
177.162,253.926,53.650,32.657
179.354,253.421,53.650,32.657
181.546,252.577,53.650,32.657
184.076,253.083,53.650,32.657
186.605,254.264,53.650,32.657
189.135,252.409,53.650,32.657
190.990,252.915,53.650,32.657
193.519,253.421,53.650,32.657
195.712,251.903,53.650,32.657
197.567,253.083,53.650,32.657
200.096,251.903,53.650,32.657
202.288,252.409,53.650,32.657
204.481,251.228,53.650,32.657
206.673,251.060,53.650,32.657
209.202,251.903,53.650,32.657
211.057,251.060,53.650,32.657
213.250,251.903,53.650,32.657
215.105,251.060,53.650,32.657
217.297,251.228,53.650,32.657
219.489,250.048,53.650,32.657
222.019,251.228,53.650,32.657
223.199,249.711,53.650,32.657
225.729,250.216,53.650,32.657
227.584,249.036,53.650,32.657
230.788,250.216,53.650,32.657
232.643,248.699,53.650,32.657
235.847,249.542,53.650,32.657
237.364,249.036,53.650,32.657
240.231,249.879,53.650,32.657
242.761,248.699,53.650,32.657
244.616,249.205,53.650,32.657
247.820,248.361,53.650,32.657
249.675,248.867,53.650,32.657
252.204,249.036,53.650,32.657
254.396,248.530,53.650,32.657
256.926,247.687,53.650,32.657
259.455,248.530,53.650,32.657
262.322,247.687,53.650,32.657
264.514,247.518,53.650,32.657
267.044,247.012,53.650,32.657
269.573,247.856,53.650,32.657
272.440,246.675,53.650,32.657
274.632,246.844,53.650,32.657
273.115,247.350,53.650,32.657
253.385,248.193,53.650,32.657
225.223,246.338,53.650,32.657
205.830,246.506,53.650,32.657
203.975,245.326,53.650,32.657
208.865,245.495,53.650,32.657
211.732,246.001,53.650,32.657
213.924,246.506,53.650,32.657
216.454,245.326,53.650,32.657
219.658,245.157,53.650,32.657
222.862,246.001,53.650,32.657
225.054,245.495,53.650,32.657
228.258,245.326,53.650,32.657
230.788,245.157,53.650,32.657
233.654,246.338,53.650,32.657
237.533,245.157,53.650,32.657
240.400,246.338,53.650,32.657
243.267,244.483,53.650,32.657
246.133,245.326,53.650,32.657
249.000,244.820,53.650,32.657
251.530,245.326,53.650,32.657
255.071,244.146,53.650,32.657
257.938,245.663,53.650,32.657
260.805,244.483,53.650,32.657
263.671,244.989,53.650,32.657
267.213,245.495,53.650,32.657
270.417,244.651,53.650,32.657
273.958,245.495,53.650,32.657
276.150,244.651,53.650,32.657
279.354,245.495,53.650,32.657
282.896,245.326,53.650,32.657
285.425,244.820,53.650,32.657
289.641,245.326,53.650,32.657
292.845,245.157,53.650,32.657
295.712,246.000,53.650,32.657
298.916,245.495,53.650,32.657
302.120,244.651,53.650,32.657
305.998,245.157,53.650,32.657
305.493,246.000,53.650,32.657
286.437,247.855,53.650,32.657
260.973,247.012,53.650,32.657
251.698,245.495,53.650,32.657
258.275,245.663,53.650,32.657
262.491,245.495,53.650,32.657
266.370,245.326,53.650,32.657
269.236,244.820,53.650,32.657
272.440,245.326,53.650,32.657
275.644,244.483,53.650,32.657
279.186,245.326,53.650,32.657
282.390,244.483,53.650,32.657
286.268,244.989,53.650,32.657
289.472,245.495,53.650,32.657
293.014,244.314,53.650,32.657
295.880,244.483,53.650,32.657
299.085,243.977,53.650,32.657
303.638,244.820,53.650,32.657
306.842,243.977,53.650,32.657
310.046,245.157,53.650,32.657
313.587,243.640,53.650,32.657
318.140,244.145,53.650,32.657
322.019,244.651,53.650,32.657
325.223,243.134,53.650,32.657
326.066,244.651,53.650,32.657
306.336,245.495,53.650,32.657
280.535,243.977,53.650,32.657
257.432,243.134,53.650,32.657
254.565,242.628,53.650,32.657
260.805,242.122,53.650,32.657
264.009,243.302,53.650,32.657
266.875,241.785,53.650,32.657
270.417,242.965,53.650,32.657
274.633,243.134,53.650,32.657
278.848,243.977,53.650,32.657
282.390,244.483,53.650,32.657
286.606,243.640,53.650,32.657
291.159,244.146,53.650,32.657
294.700,244.989,53.650,32.657
298.241,244.146,53.650,32.657
302.457,244.651,53.650,32.657
306.336,244.146,53.650,32.657
310.214,245.326,53.650,32.657
313.756,243.134,53.650,32.657
317.634,244.651,53.650,32.657
321.850,243.471,53.650,32.657
325.054,243.640,53.650,32.657
328.595,243.471,53.650,32.657
317.297,243.977,53.650,32.657
292.171,244.820,53.650,32.657
266.707,243.640,53.650,32.657
242.929,242.796,53.650,32.657
235.678,243.302,53.650,32.657
241.918,242.122,53.650,32.657
246.133,243.302,53.650,32.657
249.338,241.447,53.650,32.657
253.216,242.291,53.650,32.657
257.095,241.447,53.650,32.657
260.636,241.953,53.650,32.657
265.189,242.459,53.650,32.657
268.730,241.279,53.650,32.657
271.934,241.447,53.650,32.657
275.476,241.279,53.650,32.657
280.029,240.435,53.650,32.657
283.907,241.279,53.650,32.657
287.449,240.435,53.650,32.657
291.665,240.941,53.650,32.657
295.880,241.447,53.650,32.657
298.747,239.930,53.650,32.657
302.289,241.110,53.650,32.657
306.504,241.279,53.650,32.657
310.720,239.761,53.650,32.657
313.587,240.941,53.650,32.657
317.803,240.773,53.650,32.657
316.622,240.941,53.650,32.657
297.567,241.785,53.650,32.657
271.766,240.941,53.650,32.657
248.326,241.447,53.650,32.657
245.796,239.930,53.650,32.657
252.373,241.110,53.650,32.657
256.252,241.279,53.650,32.657
259.793,239.761,53.650,32.657
263.334,240.941,53.650,32.657
267.213,240.773,53.650,32.657
270.754,239.930,53.650,32.657
274.295,241.110,53.650,32.657
278.174,239.930,53.650,32.657
282.053,240.098,53.650,32.657
285.594,240.267,53.650,32.657
290.147,239.086,53.650,32.657
293.688,240.267,53.650,32.657
296.892,238.749,53.650,32.657
301.108,239.592,53.650,32.657
304.987,238.412,53.650,32.657
308.528,238.918,53.650,32.657
312.744,239.761,53.650,32.657
315.948,238.918,53.650,32.657
319.489,239.424,53.650,32.657
323.705,238.581,53.650,32.657
327.246,239.086,53.650,32.657
331.462,239.592,53.650,32.657
333.992,238.412,53.650,32.657
319.658,239.592,53.650,32.657
294.531,239.086,53.650,32.657
270.080,239.930,53.650,32.657
262.491,238.412,53.650,32.657
269.405,239.255,53.650,32.657
273.284,237.737,53.650,32.657
276.488,238.918,53.650,32.657
280.029,238.749,53.650,32.657
283.233,238.581,53.650,32.657
287.112,238.412,53.650,32.657
290.653,238.918,53.650,32.657
294.194,238.749,53.650,32.657
297.736,238.243,53.650,32.657
300.602,237.737,53.650,32.657
304.481,238.243,53.650,32.657
308.022,237.063,53.650,32.657
311.564,238.581,53.650,32.657
315.442,237.737,53.650,32.657
318.983,238.581,53.650,32.657
320.838,238.075,53.650,32.657
305.155,239.592,53.650,32.657
277.668,237.737,53.650,32.657
254.228,239.255,53.650,32.657
230.113,237.400,53.650,32.657
205.999,238.918,53.650,32.657
188.967,238.412,53.650,32.657
192.508,237.569,53.650,32.657
198.747,238.749,53.650,32.657
201.277,238.243,53.650,32.657
204.481,237.737,53.650,32.657
208.022,238.918,53.650,32.657
211.226,239.086,53.650,32.657
214.768,239.255,53.650,32.657
217.972,238.075,53.650,32.657
221.850,239.592,53.650,32.657
225.054,238.749,53.650,32.657
228.933,239.592,53.650,32.657
232.474,239.086,53.650,32.657
236.353,239.930,53.650,32.657
239.557,240.098,53.650,32.657
243.435,239.930,53.650,32.657
246.977,240.098,53.650,32.657
250.181,240.267,53.650,32.657
253.385,239.086,53.650,32.657
257.601,240.604,53.650,32.657
261.142,240.098,53.650,32.657
264.346,241.279,53.650,32.657
267.550,240.098,53.650,32.657
256.252,241.953,53.650,32.657
231.462,242.459,53.650,32.657
206.673,241.279,53.650,32.657
183.233,241.784,53.650,32.657
175.645,241.616,53.650,32.657
182.221,242.122,53.650,32.657
185.425,242.290,53.650,32.657
188.629,240.773,53.650,32.657
192.508,242.290,53.650,32.657
196.049,241.447,53.650,32.657
199.253,241.953,53.650,32.657
202.795,242.459,53.650,32.657
205.661,241.279,53.650,32.657
209.877,241.784,53.650,32.657
212.744,242.628,53.650,32.657
215.948,242.459,53.650,32.657
219.489,242.290,53.650,32.657
223.705,242.459,53.650,32.657
226.909,242.965,53.650,32.657
230.451,243.471,53.650,32.657
233.992,242.965,53.650,32.657
237.533,244.145,53.650,32.657
241.075,243.639,53.650,32.657
244.279,243.808,53.650,32.657
247.820,243.977,53.650,32.657
251.024,244.145,53.650,32.657
254.903,244.989,53.650,32.657
258.444,244.145,53.650,32.657
262.322,244.989,53.650,32.657
265.864,244.820,53.650,32.657
269.068,244.651,53.650,32.657
272.946,244.483,53.650,32.657
276.488,244.651,53.650,32.657
280.704,244.820,53.650,32.657
283.570,245.326,53.650,32.657
287.449,244.483,53.650,32.657
276.488,245.326,53.650,32.657
252.036,244.145,53.650,32.657
243.435,245.663,53.650,32.657
249.338,244.820,53.650,32.657
252.879,245.663,53.650,32.657
255.746,245.494,53.650,32.657
259.287,245.326,53.650,32.657
263.840,244.820,53.650,32.657
267.044,245.663,53.650,32.657
270.585,245.157,53.650,32.657
274.464,245.663,53.650,32.657
278.005,244.820,53.650,32.657
281.547,244.988,53.650,32.657
285.425,244.820,53.650,32.657
288.967,244.651,53.650,32.657
292.508,244.820,53.650,32.657
296.386,244.988,53.650,32.657
299.928,245.157,53.650,32.657
303.132,245.326,53.650,32.657
306.673,244.145,53.650,32.657
310.889,245.326,53.650,32.657
314.093,243.808,53.650,32.657
317.634,244.651,53.650,32.657
321.850,244.145,53.650,32.657
325.054,244.989,53.650,32.657
328.596,244.483,53.650,32.657
332.811,243.977,53.650,32.657
336.015,244.820,53.650,32.657
339.894,244.314,53.650,32.657
343.098,243.808,53.650,32.657
343.941,244.989,53.650,32.657
324.548,244.483,53.650,32.657
298.410,243.640,53.650,32.657
273.958,244.483,53.650,32.657
261.648,242.965,53.650,32.657
268.225,243.808,53.650,32.657
272.103,242.628,53.650,32.657
275.307,242.796,53.650,32.657
279.186,242.965,53.650,32.657
282.727,242.796,53.650,32.657
285.931,242.290,53.650,32.657
289.473,241.110,53.650,32.657
293.688,242.290,53.650,32.657
296.892,240.773,53.650,32.657
301.108,241.616,53.650,32.657
304.650,241.110,53.650,32.657
308.191,241.616,53.650,32.657
311.732,240.435,53.650,32.657
315.274,240.941,53.650,32.657
319.152,241.110,53.650,32.657
323.031,241.616,53.650,32.657
326.235,240.773,53.650,32.657
330.113,241.279,53.650,32.657
333.992,240.435,53.650,32.657
338.208,241.279,53.650,32.657
341.749,240.435,53.650,32.657
334.161,241.616,53.650,32.657
310.383,242.122,53.650,32.657
285.931,242.965,53.650,32.657
261.479,242.459,53.650,32.657
239.726,242.290,53.650,32.657
235.847,241.785,53.650,32.657
242.086,242.628,53.650,32.657
245.965,242.122,53.650,32.657
249.506,242.965,53.650,32.657
253.048,243.134,53.650,32.657
256.252,242.965,53.650,32.657
260.130,242.796,53.650,32.657
263.672,242.628,53.650,32.657
267.550,242.459,53.650,32.657
271.091,241.616,53.650,32.657
274.633,242.459,53.650,32.657
278.174,241.616,53.650,32.657
281.715,242.459,53.650,32.657
284.919,241.616,53.650,32.657
288.461,242.122,53.650,32.657
292.002,242.628,53.650,32.657
295.206,241.447,53.650,32.657
299.085,241.953,53.650,32.657
302.289,242.459,53.650,32.657
306.167,241.616,53.650,32.657
309.371,242.796,53.650,32.657
312.913,243.639,53.650,32.657
316.117,242.796,53.650,32.657
319.321,243.977,53.650,32.657
322.862,244.145,53.650,32.657
326.066,244.314,53.650,32.657
329.607,243.471,53.650,32.657
333.149,244.314,53.650,32.657
336.016,243.471,53.650,32.657
323.031,244.651,53.650,32.657
297.904,245.494,53.650,32.657
272.778,244.314,53.650,32.657
262.829,245.157,53.650,32.657
267.382,246.338,53.650,32.657
271.935,244.820,53.650,32.657
275.139,246.000,53.650,32.657
278.343,245.495,53.650,32.657
281.884,244.651,53.650,32.657
285.088,245.495,53.650,32.657
288.292,244.989,53.650,32.657
291.834,245.832,53.650,32.657
295.038,245.326,53.650,32.657
298.916,244.820,53.650,32.657
302.120,245.663,53.650,32.657
304.987,244.820,53.650,32.657
308.191,245.663,53.650,32.657
311.395,245.157,53.650,32.657
314.599,246.000,53.650,32.657
318.140,245.495,53.650,32.657
321.344,244.989,53.650,32.657
324.548,246.169,53.650,32.657
328.090,246.000,53.650,32.657
331.294,246.169,53.650,32.657
334.835,246.675,53.650,32.657
337.702,245.832,53.650,32.657
340.569,246.000,53.650,32.657
344.447,246.506,53.650,32.657
347.651,245.326,53.650,32.657
350.855,246.169,53.650,32.657
353.048,247.012,53.650,32.657
355.914,246.169,53.650,32.657
343.604,247.350,53.650,32.657
318.815,246.169,53.650,32.657
293.351,247.687,53.650,32.657
273.284,246.506,53.650,32.657
272.103,246.338,53.650,32.657
278.006,246.506,53.650,32.657
280.872,246.338,53.650,32.657
283.739,246.844,53.650,32.657
286.606,247.012,53.650,32.657
290.484,247.518,53.650,32.657
293.689,246.338,53.650,32.657
296.218,246.844,53.650,32.657
299.422,247.012,53.650,32.657
303.301,247.181,53.650,32.657
306.505,245.663,53.650,32.657
309.709,247.181,53.650,32.657
311.901,246.000,53.650,32.657
314.768,247.518,53.650,32.657
317.972,246.338,53.650,32.657
321.513,246.844,53.650,32.657
325.054,247.349,53.650,32.657
327.921,245.832,53.650,32.657
330.788,247.012,53.650,32.657
333.655,246.844,53.650,32.657
337.533,246.675,53.650,32.657
341.075,245.832,53.650,32.657
343.604,246.675,53.650,32.657
346.471,245.494,53.650,32.657
334.161,246.338,53.650,32.657
308.022,245.832,53.650,32.657
282.559,246.675,53.650,32.657
265.864,245.494,53.650,32.657
268.731,246.338,53.650,32.657
273.958,245.494,53.650,32.657
277.162,246.338,53.650,32.657
280.367,245.157,53.650,32.657
283.233,246.675,53.650,32.657
286.100,245.494,53.650,32.657
289.304,246.000,53.650,32.657
292.845,246.169,53.650,32.657
295.375,246.338,53.650,32.657
298.916,244.820,53.650,32.657
301.783,246.000,53.650,32.657
304.313,245.494,53.650,32.657
307.854,244.651,53.650,32.657
310.721,245.157,53.650,32.657
314.262,245.663,53.650,32.657
317.466,244.483,53.650,32.657
320.670,244.989,53.650,32.657
323.874,245.494,53.650,32.657
326.066,243.977,53.650,32.657
329.270,245.157,53.650,32.657
332.474,244.651,53.650,32.657
335.679,244.145,53.650,32.657
338.208,244.989,53.650,32.657
330.282,244.145,53.650,32.657
305.493,245.326,53.650,32.657
279.355,243.471,53.650,32.657
254.903,243.977,53.650,32.657
230.451,244.820,53.650,32.657
210.384,243.639,53.650,32.657
209.540,243.808,53.650,32.657
215.443,244.314,53.650,32.657
217.972,242.796,53.650,32.657
220.164,243.639,53.650,32.657
223.031,242.459,53.650,32.657
225.898,242.628,53.650,32.657
228.427,242.122,53.650,32.657
231.631,242.965,53.650,32.657
234.498,242.122,53.650,32.657
237.028,242.628,53.650,32.657
239.557,242.122,53.650,32.657
242.761,242.628,53.650,32.657
244.954,241.447,53.650,32.657
248.158,241.279,53.650,32.657
251.024,240.773,53.650,32.657
253.217,241.279,53.650,32.657
256.083,240.098,53.650,32.657
258.613,241.279,53.650,32.657
261.480,239.761,53.650,32.657
264.009,240.604,53.650,32.657
266.201,240.098,53.650,32.657
269.068,240.941,53.650,32.657
271.598,240.435,53.650,32.657
273.115,239.929,53.650,32.657
255.072,241.110,53.650,32.657
227.584,240.941,53.650,32.657
203.470,241.110,53.650,32.657
183.402,240.267,53.650,32.657
182.896,239.424,53.650,32.657
187.449,239.929,53.650,32.657
190.653,240.435,53.650,32.657
193.183,239.255,53.650,32.657
195.712,239.424,53.650,32.657
197.905,238.918,53.650,32.657
200.434,239.424,53.650,32.657
203.638,238.243,53.650,32.657
206.842,238.075,53.650,32.657
209.035,238.918,53.650,32.657
211.227,238.749,53.650,32.657
213.756,238.243,53.650,32.657
215.949,237.400,53.650,32.657
218.478,237.569,53.650,32.657
221.682,237.063,53.650,32.657
223.874,237.569,53.650,32.657
226.404,236.388,53.650,32.657
228.933,235.882,53.650,32.657
231.463,235.714,53.650,32.657
234.330,235.208,53.650,32.657
236.522,234.365,53.650,32.657
239.726,234.533,53.650,32.657
241.581,234.365,53.650,32.657
244.448,233.521,53.650,32.657
247.315,233.690,53.650,32.657
249.844,233.859,53.650,32.657
245.628,234.365,53.650,32.657
222.525,233.521,53.650,32.657
194.701,234.027,53.650,32.657
169.912,234.196,53.650,32.657
147.483,232.004,53.650,32.657
145.628,233.184,53.650,32.657
150.856,231.666,53.650,32.657
153.048,232.172,53.650,32.657
155.915,230.655,53.650,32.657
158.107,231.498,53.650,32.657
160.974,230.317,53.650,32.657
163.166,230.149,53.650,32.657
166.033,231.329,53.650,32.657
168.225,229.474,53.650,32.657
170.418,229.643,53.650,32.657
172.947,229.137,53.650,32.657
175.139,229.980,53.650,32.657
177.669,228.462,53.650,32.657
180.536,228.294,53.650,32.657
182.728,228.125,53.650,32.657
184.583,228.968,53.650,32.657
198.242,227.113,53.650,32.657
201.109,227.956,53.650,32.657
203.638,227.113,53.650,32.657
206.505,227.619,53.650,32.657
209.372,226.439,53.650,32.657
211.564,226.607,53.650,32.657
214.094,226.439,53.650,32.657
215.949,225.933,53.650,32.657
218.141,226.439,53.650,32.657
209.541,225.258,53.650,32.657
184.414,225.427,53.650,32.657
172.441,224.921,53.650,32.657
176.994,225.427,53.650,32.657
180.198,224.247,53.650,32.657
182.391,224.415,53.650,32.657
184.920,223.572,53.650,32.657
186.775,224.078,53.650,32.657
188.967,223.909,53.650,32.657
191.497,223.066,53.650,32.657
194.364,223.572,53.650,32.657
196.893,222.054,53.650,32.657
199.085,222.898,53.650,32.657
201.615,221.717,53.650,32.657
204.482,221.211,53.650,32.657
206.674,220.368,53.650,32.657
208.866,220.537,53.650,32.657
210.721,220.368,53.650,32.657
212.576,219.188,53.650,32.657
215.780,218.682,53.650,32.657
217.635,219.525,53.650,32.657
220.839,218.682,53.650,32.657
222.694,218.850,53.650,32.657
224.886,218.344,53.650,32.657
227.416,217.164,53.650,32.657
230.283,218.344,53.650,32.657
232.475,216.489,53.650,32.657
233.318,217.333,53.650,32.657
214.600,215.815,53.650,32.657
186.775,216.995,53.650,32.657
161.311,216.489,53.650,32.657
136.859,215.309,53.650,32.657
123.537,215.478,53.650,32.657
127.753,214.972,53.650,32.657
130.957,215.140,53.650,32.657
133.487,214.634,53.650,32.657
136.016,213.791,53.650,32.657
138.208,213.623,53.650,32.657
140.401,212.779,53.650,32.657
142.930,213.285,53.650,32.657
144.785,211.768,53.650,32.657
147.315,212.611,53.650,32.657
150.181,211.768,53.650,32.657
152.036,211.599,53.650,32.657
154.229,211.093,53.650,32.657
157.095,211.599,53.650,32.657
159.625,210.081,53.650,32.657
162.154,210.587,53.650,32.657
148.158,209.744,53.650,32.657
120.333,210.587,53.650,32.657
95.544,210.081,53.650,32.657
71.092,211.599,53.650,32.657
46.978,210.419,53.650,32.657
39.052,209.238,53.650,32.657
43.605,209.070,53.650,32.657
47.146,209.575,53.650,32.657
49.338,208.395,53.650,32.657
52.205,208.226,53.650,32.657
54.735,207.383,53.650,32.657
56.927,207.552,53.650,32.657
59.456,207.383,53.650,32.657
62.323,206.540,53.650,32.657
64.853,206.371,53.650,32.657
66.708,206.203,53.650,32.657
68.900,205.360,53.650,32.657
71.429,205.528,53.650,32.657
75.983,205.360,53.650,32.657
98.074,205.528,53.650,32.657
128.596,204.011,53.650,32.657
158.782,205.191,53.650,32.657
187.281,202.999,53.650,32.657
213.082,203.842,53.650,32.657
217.972,202.661,53.650,32.657
218.478,202.493,53.650,32.657
221.682,201.987,53.650,32.657
224.549,202.830,53.650,32.657
227.753,201.987,53.650,32.657
230.283,202.493,53.650,32.657
233.487,201.312,53.650,32.657
236.691,200.469,53.650,32.657
239.220,201.312,53.650,32.657
242.424,200.132,53.650,32.657
245.966,201.312,53.650,32.657
248.832,199.795,53.650,32.657
252.036,200.975,53.650,32.657
255.240,207.552,53.650,32.657
258.107,220.199,53.650,32.657
260.974,233.184,53.650,32.657
263.841,234.702,53.650,32.657
266.708,232.847,53.650,32.657
269.912,232.341,53.650,32.657
273.116,230.486,53.650,32.657
276.320,231.329,53.650,32.657
279.524,229.811,53.650,32.657
283.065,230.655,53.650,32.657
286.269,229.811,53.650,32.657
289.473,230.655,53.650,32.657
292.677,229.474,53.650,32.657
295.207,229.643,53.650,32.657
299.085,229.474,53.650,32.657
302.627,228.968,53.650,32.657
306.842,230.149,53.650,32.657
309.709,229.980,53.650,32.657
312.913,229.137,53.650,32.657
316.792,229.980,53.650,32.657
320.333,229.137,53.650,32.657
324.212,229.306,53.650,32.657
327.753,228.125,53.650,32.657
331.294,229.306,53.650,32.657
335.847,228.462,53.650,32.657
339.389,229.306,53.650,32.657
336.522,228.800,53.650,32.657
313.756,230.317,53.650,32.657
286.606,228.800,53.650,32.657
268.563,229.643,53.650,32.657
270.755,228.800,53.650,32.657
277.331,229.643,53.650,32.657
281.210,228.125,53.650,32.657
284.414,229.306,53.650,32.657
288.630,227.788,53.650,32.657
292.846,228.631,53.650,32.657
296.387,227.788,53.650,32.657
301.278,228.968,53.650,32.657
305.493,228.462,53.650,32.657
310.046,228.294,53.650,32.657
313.925,227.788,53.650,32.657
318.141,228.631,53.650,32.657
322.357,227.451,53.650,32.657
327.247,228.631,53.650,32.657
331.463,227.788,53.650,32.657
336.353,228.968,53.650,32.657
329.439,228.125,53.650,32.657
306.674,228.968,53.650,32.657
283.234,227.451,53.650,32.657
260.805,228.294,53.650,32.657
239.052,226.776,53.650,32.657
234.498,227.957,53.650,32.657
242.087,227.788,53.650,32.657
246.303,226.945,53.650,32.657
250.519,227.788,53.650,32.657
255.746,227.282,53.650,32.657
259.962,226.439,53.650,32.657
264.515,227.282,53.650,32.657
270.418,226.439,53.650,32.657
274.971,226.607,53.650,32.657
279.861,227.113,53.650,32.657
285.089,227.619,53.650,32.657
290.316,226.439,53.650,32.657
295.207,226.945,53.650,32.657
292.677,228.125,53.650,32.657
270.586,228.631,53.650,32.657
247.146,228.125,53.650,32.657
224.380,229.980,53.650,32.657
202.964,229.474,53.650,32.657
179.861,229.643,53.650,32.657
157.770,229.811,53.650,32.657
151.868,228.968,53.650,32.657
159.794,229.474,53.650,32.657
166.708,228.631,53.650,32.657
170.924,229.474,53.650,32.657
176.826,228.968,53.650,32.657
181.716,229.811,53.650,32.657
187.281,228.631,53.650,32.657
193.183,228.800,53.650,32.657
198.748,229.306,53.650,32.657
203.301,227.788,53.650,32.657
210.215,229.306,53.650,32.657
216.117,228.125,53.650,32.657
221.345,229.306,53.650,32.657
227.585,227.788,53.650,32.657
233.487,228.631,53.650,32.657
238.377,227.451,53.650,32.657
244.617,228.294,53.650,32.657
249.844,226.776,53.650,32.657
254.735,227.957,53.650,32.657
260.974,227.451,53.650,32.657
267.213,226.607,53.650,32.657
266.370,227.113,53.650,32.657
246.977,228.294,53.650,32.657
222.863,226.102,53.650,32.657
200.772,227.619,53.650,32.657
182.053,226.102,53.650,32.657
182.897,226.945,53.650,32.657
191.160,225.427,53.650,32.657
197.736,225.258,53.650,32.657
202.627,224.078,53.650,32.657
209.541,225.596,53.650,32.657
214.431,224.415,53.650,32.657
221.345,224.584,53.650,32.657
227.585,224.752,53.650,32.657
234.161,224.247,53.650,32.657
240.063,222.729,53.650,32.657
246.640,223.909,53.650,32.657
250.856,223.066,53.650,32.657
237.197,223.909,53.650,32.657
213.757,223.403,53.650,32.657
191.666,223.235,53.650,32.657
172.610,223.403,53.650,32.657
158.951,223.235,53.650,32.657
163.841,222.392,53.650,32.657
172.104,223.235,53.650,32.657
178.343,222.392,53.650,32.657
184.920,223.235,53.650,32.657
190.485,222.054,53.650,32.657
197.399,223.572,53.650,32.657
203.639,222.054,53.650,32.657
210.553,223.235,53.650,32.657
216.117,221.380,53.650,32.657
222.020,222.223,53.650,32.657
227.922,220.705,53.650,32.657
234.161,222.223,53.650,32.657
240.738,220.705,53.650,32.657
246.640,221.886,53.650,32.657
254.229,221.043,53.650,32.657
260.131,221.886,53.650,32.657
266.370,220.368,53.650,32.657
272.947,220.199,53.650,32.657
278.849,219.693,53.650,32.657
285.426,220.537,53.650,32.657
287.955,219.693,53.650,32.657
270.586,220.874,53.650,32.657
247.483,221.043,53.650,32.657
226.741,221.548,53.650,32.657
204.313,220.705,53.650,32.657
184.920,221.886,53.650,32.657
179.693,221.717,53.650,32.657
188.293,221.548,53.650,32.657
196.219,220.705,53.650,32.657
202.458,221.548,53.650,32.657
209.372,221.043,53.650,32.657
215.612,222.223,53.650,32.657
222.526,220.705,53.650,32.657
228.428,221.886,53.650,32.657
234.330,222.054,53.650,32.657
240.907,222.560,53.650,32.657
247.146,221.717,53.650,32.657
253.723,222.898,53.650,32.657
259.288,222.392,53.650,32.657
266.539,221.886,53.650,32.657
273.116,223.066,53.650,32.657
279.355,223.572,53.650,32.657
285.932,222.729,53.650,32.657
289.136,223.572,53.650,32.657
275.139,224.415,53.650,32.657
251.025,223.909,53.650,32.657
230.620,225.764,53.650,32.657
210.552,226.270,53.650,32.657
188.461,224.752,53.650,32.657
168.057,226.607,53.650,32.657
154.735,225.764,53.650,32.657
161.649,226.945,53.650,32.657
170.586,227.113,53.650,32.657
177.163,227.619,53.650,32.657
183.065,226.776,53.650,32.657
189.642,227.957,53.650,32.657
196.556,228.462,53.650,32.657
202.795,227.619,53.650,32.657
208.360,228.462,53.650,32.657
215.611,227.957,53.650,32.657
222.525,229.137,53.650,32.657
228.765,229.643,53.650,32.657
235.004,228.462,53.650,32.657
241.581,229.306,53.650,32.657
248.832,228.800,53.650,32.657
254.060,229.643,53.650,32.657
