292.000,211.000,51.000,34.000
295.496,210.168,51.000,34.000
300.657,211.000,51.000,34.000
305.152,210.168,51.000,34.000
309.314,210.667,51.000,34.000
314.142,210.168,51.000,34.000
318.637,211.000,51.000,34.000
324.131,210.501,51.000,34.000
327.961,210.001,51.000,34.000
334.120,210.834,51.000,34.000
331.290,210.334,51.000,34.000
296.828,211.499,51.000,34.000
252.377,212.332,51.000,34.000
236.561,211.167,51.000,34.000
245.051,211.999,51.000,34.000
250.545,211.499,51.000,34.000
254.708,211.999,51.000,34.000
259.536,211.167,51.000,34.000
264.031,211.999,51.000,34.000
268.193,211.167,51.000,34.000
274.020,211.999,51.000,34.000
278.515,211.832,51.000,34.000
284.675,211.333,51.000,34.000
289.503,212.165,51.000,34.000
294.664,212.332,51.000,34.000
299.825,212.498,51.000,34.000
305.652,212.665,51.000,34.000
310.480,211.832,51.000,34.000
315.641,212.332,51.000,34.000
321.468,213.164,51.000,34.000
325.963,212.998,51.000,34.000
332.456,213.497,51.000,34.000
336.618,213.664,51.000,34.000
342.445,212.831,51.000,34.000
346.940,213.664,51.000,34.000
353.433,213.164,51.000,34.000
357.595,214.330,51.000,34.000
363.755,214.829,51.000,34.000
367.917,213.664,51.000,34.000
350.103,214.829,51.000,34.000
305.652,215.329,51.000,34.000
266.861,215.828,51.000,34.000
269.691,214.996,51.000,34.000
274.186,216.161,51.000,34.000
279.014,216.328,51.000,34.000
284.175,216.161,51.000,34.000
289.336,216.660,51.000,34.000
295.163,215.828,51.000,34.000
299.658,216.328,51.000,34.000
306.151,217.160,51.000,34.000
310.646,216.993,51.000,34.000
317.139,216.827,51.000,34.000
320.968,216.328,51.000,34.000
327.794,217.493,51.000,34.000
332.289,216.993,51.000,34.000
337.117,216.494,51.000,34.000
342.611,217.659,51.000,34.000
348.771,216.161,51.000,34.000
353.599,216.993,51.000,34.000
359.093,216.494,51.000,34.000
363.588,216.993,51.000,34.000
370.081,216.161,51.000,34.000
362.256,216.993,51.000,34.000
322.828,215.754,52.128,34.752
318.300,209.400,51.017,34.011
317.720,207.996,49.929,33.286
317.467,206.938,48.864,32.576
318.085,206.081,49.945,33.297
272.368,215.692,51.050,34.033
263.536,214.859,51.050,34.033
267.702,214.359,51.050,34.033
274.201,215.193,51.050,34.033
278.367,214.693,51.050,34.033
284.866,213.859,51.050,34.033
290.366,214.359,51.050,34.033
295.199,214.859,51.050,34.033
301.031,213.693,51.050,34.033
305.864,213.526,51.050,34.033
313.030,214.026,51.050,34.033
316.863,213.859,51.050,34.033
324.029,213.359,51.050,34.033
328.195,214.526,51.050,34.033
332.694,213.026,51.050,34.033
313.863,214.526,51.050,34.033
269.368,213.026,51.050,34.033
270.360,203.832,52.180,34.786
270.871,202.640,52.180,34.786
270.824,204.199,53.334,35.556
270.775,203.986,54.514,36.343
268.106,202.384,54.514,36.343
269.165,201.059,55.720,37.147
267.891,199.786,55.720,37.147
269.012,200.007,54.532,36.355
268.392,199.880,53.369,35.579
268.457,200.763,52.231,34.821
268.628,200.933,52.231,34.821
268.116,201.104,52.231,34.821
269.130,201.957,53.387,35.591
220.264,216.570,54.568,36.379
213.673,215.680,54.568,36.379
219.907,216.214,54.568,36.379
225.429,217.461,54.568,36.379
223.114,216.927,54.568,36.379
189.803,218.173,54.568,36.379
189.384,217.586,55.775,37.183
190.090,216.230,57.009,38.006
191.197,214.458,58.270,38.847
137.859,220.147,59.560,39.706
129.110,218.397,59.560,39.706
134.360,219.369,59.560,39.706
139.998,219.563,59.560,39.706
145.636,220.535,59.560,39.706
152.441,220.341,59.560,39.706
157.302,220.147,59.560,39.706
162.940,220.730,59.560,39.706
168.579,219.758,59.560,39.706
175.384,220.730,59.560,39.706
180.244,220.924,59.560,39.706
186.271,221.508,59.560,39.706
191.910,222.091,59.560,39.706
197.159,221.896,59.560,39.706
203.575,222.480,59.560,39.706
209.214,222.674,59.560,39.706
214.463,222.091,59.560,39.706
220.879,223.063,59.560,39.706
225.351,222.480,59.560,39.706
232.156,223.841,59.560,39.706
236.628,222.480,59.560,39.706
243.044,223.841,59.560,39.706
228.462,223.257,59.560,39.706
187.827,224.618,59.560,39.706
160.024,224.813,59.560,39.706
163.329,223.063,59.560,39.706
167.801,223.646,59.560,39.706
172.273,224.618,59.560,39.706
177.911,224.035,59.560,39.706
182.383,223.063,59.560,39.706
188.799,223.646,59.560,39.706
193.271,224.229,59.560,39.706
198.520,222.869,59.560,39.706
204.159,223.063,59.560,39.706
209.019,223.257,59.560,39.706
213.880,223.063,59.560,39.706
218.741,222.869,59.560,39.706
223.990,222.674,59.560,39.706
229.240,221.702,59.560,39.706
234.489,221.896,59.560,39.706
239.739,222.091,59.560,39.706
243.822,221.508,59.560,39.706
248.682,222.091,59.560,39.706
254.710,221.119,59.560,39.706
259.570,220.924,59.560,39.706
264.431,219.952,59.560,39.706
269.292,220.535,59.560,39.706
274.152,220.730,59.560,39.706
278.624,218.980,59.560,39.706
284.262,219.952,59.560,39.706
288.734,218.980,59.560,39.706
293.206,218.786,59.560,39.706
298.455,218.591,59.560,39.706
303.316,219.563,59.560,39.706
307.010,218.591,59.560,39.706
285.040,219.563,59.560,39.706
243.238,219.369,59.560,39.706
228.268,218.008,59.560,39.706
237.406,217.813,59.560,39.706
241.877,217.619,59.560,39.706
245.183,218.202,59.560,39.706
249.266,217.230,59.560,39.706
253.737,217.425,59.560,39.706
257.820,216.841,59.560,39.706
262.292,215.869,59.560,39.706
267.153,216.452,59.560,39.706
271.625,216.258,59.560,39.706
276.485,215.286,59.560,39.706
281.346,216.258,59.560,39.706
285.818,215.286,59.560,39.706
289.901,215.480,59.560,39.706
294.372,216.064,59.560,39.706
299.622,215.091,59.560,39.706
304.483,214.897,59.560,39.706
308.954,214.703,59.560,39.706
313.037,214.508,59.560,39.706
317.509,215.480,59.560,39.706
322.370,214.897,59.560,39.706
325.675,214.703,59.560,39.706
301.761,214.897,59.560,39.706
302.958,205.763,58.290,38.860
306.330,203.426,57.047,38.031
308.913,202.934,55.830,37.220
309.824,203.117,55.830,37.220
309.541,202.635,54.639,36.426
308.650,202.100,54.639,36.426
308.114,202.635,54.639,36.426
309.006,202.100,54.639,36.426
309.073,201.629,53.474,35.649
309.749,201.416,54.657,36.438
259.719,216.377,55.867,37.244
250.783,215.100,55.867,37.244
254.248,215.283,55.867,37.244
258.807,215.830,55.867,37.244
263.002,216.012,55.867,37.244
267.196,214.736,55.867,37.244
272.120,216.012,55.867,37.244
276.315,214.736,55.867,37.244
280.874,215.648,55.867,37.244
285.069,216.195,55.867,37.244
289.263,214.918,55.867,37.244
294.187,214.736,55.867,37.244
298.382,216.012,55.867,37.244
302.941,215.100,55.867,37.244
307.136,214.918,55.867,37.244
311.695,215.465,55.867,37.244
315.889,216.012,55.867,37.244
307.683,215.100,55.867,37.244
267.520,216.391,57.103,38.068
217.750,216.578,57.103,38.068
223.901,215.273,57.103,38.068
228.188,216.578,57.103,38.068
231.730,215.646,57.103,38.068
236.763,216.205,57.103,38.068
241.423,216.764,57.103,38.068
245.338,216.578,57.103,38.068
249.625,216.019,57.103,38.068
254.658,216.951,57.103,38.068
259.318,217.137,57.103,38.068
263.233,217.323,57.103,38.068
267.893,217.510,57.103,38.068
272.926,216.951,57.103,38.068
277.586,217.510,57.103,38.068
281.873,216.951,57.103,38.068
286.906,218.255,57.103,38.068
291.566,218.442,57.103,38.068
295.853,219.001,57.103,38.068
300.886,218.069,57.103,38.068
305.547,219.001,57.103,38.068
309.834,218.442,57.103,38.068
314.494,219.374,57.103,38.068
318.781,219.933,57.103,38.068
323.441,219.001,57.103,38.068
327.729,219.560,57.103,38.068
332.762,219.001,57.103,38.068
337.422,219.933,57.103,38.068
341.336,219.374,57.103,38.068
345.997,220.306,57.103,38.068
347.301,220.119,57.103,38.068
318.781,220.679,57.103,38.068
295.853,219.374,57.103,38.068
303.123,220.679,57.103,38.068
307.783,219.374,57.103,38.068
311.698,220.679,57.103,38.068
315.612,219.374,57.103,38.068
320.273,220.679,57.103,38.068
324.187,219.747,57.103,38.068
328.474,219.933,57.103,38.068
333.134,220.492,57.103,38.068
337.422,219.560,57.103,38.068
342.082,220.119,57.103,38.068
346.369,220.679,57.103,38.068
351.029,220.492,57.103,38.068
355.317,220.306,57.103,38.068
359.977,221.238,57.103,38.068
364.264,221.051,57.103,38.068
368.551,220.865,57.103,38.068
373.584,220.679,57.103,38.068
377.872,220.492,57.103,38.068
382.532,220.306,57.103,38.068
386.819,221.238,57.103,38.068
391.479,221.051,57.103,38.068
395.394,220.865,57.103,38.068
399.681,220.679,57.103,38.068
403.969,220.119,57.103,38.068
407.883,221.051,57.103,38.068
412.916,220.119,57.103,38.068
417.576,220.679,57.103,38.068
421.491,219.747,57.103,38.068
425.778,219.933,57.103,38.068
430.438,219.747,57.103,38.068
434.353,219.560,57.103,38.068
438.640,219.374,57.103,38.068
443.300,220.306,57.103,38.068
447.215,219.747,57.103,38.068
451.502,219.187,57.103,38.068
453.552,220.119,57.103,38.068
424.660,220.306,57.103,38.068
421.136,207.237,55.885,37.257
419.798,206.755,54.693,36.462
421.585,206.283,53.527,35.685
420.304,205.148,52.385,34.924
422.675,206.344,51.268,34.179
425.642,212.032,50.175,33.450
427.913,213.494,49.105,32.737
430.754,212.452,48.058,32.038
434.140,211.131,47.033,31.355
436.269,209.837,46.030,30.687
443.856,216.392,45.048,30.032
447.313,217.704,44.088,29.392
475.111,237.022,43.147,28.765
475.978,237.736,42.227,28.152
476.561,236.840,41.327,27.551
478.172,238.304,40.446,26.964
477.776,237.908,40.446,26.964
478.844,238.832,39.583,26.389
479.390,237.744,38.739,25.826
478.950,239.360,37.913,25.275
474.941,240.941,37.104,24.736
474.519,240.154,36.313,24.209
474.563,241.669,35.539,23.692
475.278,241.587,34.781,23.187
489.382,209.879,35.550,23.700
490.768,208.677,34.792,23.195
489.497,209.691,34.050,22.700
502.180,210.040,33.324,22.216
504.108,209.543,32.613,21.742
505.184,205.216,33.335,22.223
506.483,206.816,32.624,21.749
489.688,196.065,31.928,21.286
478.197,193.774,32.635,21.757
477.416,192.877,31.939,21.293
477.053,203.455,31.258,20.839
476.698,205.939,30.591,20.394
475.000,209.634,30.591,20.394
475.387,210.341,31.268,20.845
474.935,210.640,31.960,21.307
476.205,221.336,32.667,21.778
476.040,223.316,31.970,21.314
476.227,224.271,32.678,21.785
475.755,224.805,33.401,22.267
474.745,227.459,32.688,21.792
467.791,223.269,31.991,21.328
466.622,221.987,31.309,20.873
467.018,221.438,32.002,21.334
465.906,220.660,32.710,21.807
471.092,221.613,32.012,21.341
472.339,221.538,31.330,20.886
472.736,220.776,32.023,21.348
473.782,216.873,31.340,20.893
474.179,212.078,32.033,21.355
475.538,207.791,32.033,21.355
474.166,203.886,31.350,20.900
473.613,200.656,30.682,20.454
466.893,194.213,30.027,20.018
471.892,194.311,30.027,20.018
473.085,193.378,30.692,20.461
474.088,192.727,30.037,20.025
474.265,191.793,30.702,20.468
473.916,191.529,30.047,20.031
472.629,194.295,29.406,19.604
471.009,195.771,30.057,20.038
472.180,198.349,29.416,19.611
472.031,199.576,28.789,19.192
469.665,197.511,29.426,19.617
467.646,193.408,30.077,20.051
488.806,208.160,30.742,20.495
489.611,208.870,31.422,20.948
485.113,207.468,32.117,21.412
458.474,228.816,31.432,20.955
459.085,229.117,32.128,21.419
459.273,228.989,32.839,21.892
459.689,229.303,33.565,22.377
460.340,230.078,34.308,22.872
460.077,229.012,35.067,23.378
451.019,224.121,35.843,23.895
444.071,221.782,35.078,23.386
442.789,221.259,34.330,22.887
442.183,221.611,33.598,22.399
442.224,221.956,32.882,21.921
441.851,222.293,32.181,21.454
443.105,221.813,31.494,20.996
442.351,222.730,30.823,20.548
443.359,222.077,30.165,20.110
442.826,222.955,29.522,19.681
441.933,222.144,28.893,19.262
441.423,221.349,28.276,18.851
441.331,220.518,28.276,18.851
442.077,221.698,27.673,18.449
441.066,218.325,27.083,18.056
441.611,217.239,26.506,17.670
441.977,215.676,25.940,17.294
441.682,215.779,25.387,16.925
441.831,216.021,25.949,17.299
441.536,216.451,25.396,16.930
441.685,216.694,25.957,17.305
441.390,216.306,25.404,16.936
443.020,211.132,24.862,16.575
443.363,210.604,24.332,16.221
443.699,209.323,23.813,15.875
443.839,209.550,24.340,16.227
444.635,208.881,23.821,15.881
444.452,209.270,24.348,16.232
444.022,209.673,23.829,15.886
444.485,209.094,24.356,16.237
444.055,209.497,23.837,15.891
444.518,209.886,24.364,16.243
444.241,209.063,23.844,15.896
444.420,208.557,23.336,15.557
444.039,209.242,23.336,15.557
444.068,209.922,22.838,15.225
443.090,213.031,22.351,14.901
442.918,213.850,22.846,15.230
443.589,214.670,22.846,15.230
442.467,215.911,22.359,14.906
443.057,216.844,21.882,14.588
443.630,216.757,22.366,14.911
443.610,217.425,22.861,15.240
442.660,218.572,23.366,15.578
442.956,219.587,23.883,15.922
443.420,220.463,24.412,16.275
442.681,221.327,23.891,15.928
443.145,221.556,24.420,16.280
443.123,221.458,24.960,16.640
442.369,221.871,24.428,16.285
442.346,221.774,24.968,16.646
442.691,222.344,24.436,16.291
442.669,221.750,24.977,16.651
443.486,224.836,24.444,16.296
442.900,226.471,23.923,15.948
444.435,225.813,23.413,15.608
445.053,225.021,22.913,15.275
444.504,224.535,22.425,14.950
444.532,224.483,21.946,14.631
444.144,224.156,21.478,14.319
445.252,224.376,21.020,14.014
444.497,224.994,21.020,14.014
444.905,224.198,21.485,14.324
445.607,224.553,21.027,14.018
445.161,224.754,21.492,14.328
445.864,225.110,21.034,14.023
444.990,224.741,21.500,14.333
444.242,225.238,21.975,14.650
444.818,225.299,22.461,14.974
444.950,225.514,22.958,15.306
444.929,225.267,23.466,15.644
427.423,208.483,23.985,15.990
426.849,208.729,23.474,15.649
427.321,208.379,22.973,15.316
426.915,208.904,22.483,14.989
427.650,209.276,22.004,14.669
427.816,208.532,21.535,14.357
427.571,208.753,21.076,14.050
427.124,209.240,21.542,14.361
426.958,208.717,22.018,14.679
427.087,208.181,22.506,15.004
427.682,207.846,22.026,14.684
427.847,208.071,21.556,14.371
427.602,207.886,21.096,14.064
428.159,208.367,20.646,13.764
428.574,208.579,20.206,13.471
428.090,208.023,19.775,13.183
428.737,208.600,19.353,12.902
428.638,208.189,18.941,12.627
428.066,208.502,18.537,12.358
428.438,208.343,18.142,12.094
428.791,208.885,18.543,12.362
428.774,208.936,18.953,12.635
428.115,208.347,19.373,12.915
428.810,209.043,19.373,12.915
428.368,208.600,19.373,12.915
427.925,208.158,19.373,12.915
428.494,208.853,19.373,12.915
429.002,207.857,19.801,13.201
429.898,208.434,19.379,12.919
429.224,207.569,19.808,13.205
428.750,208.645,19.385,12.923
418.649,213.235,18.972,12.648
415.676,222.155,19.392,12.928
415.264,239.548,19.821,13.214
415.413,240.250,19.398,12.932
413.951,240.567,19.827,13.218
412.993,240.622,20.266,13.511
414.072,240.953,20.714,13.809
414.615,240.309,21.172,14.115
413.592,240.368,21.641,14.427
414.369,239.449,21.641,14.427
413.323,239.950,22.120,14.746
413.903,240.311,22.609,15.073
413.361,239.974,22.127,14.751
413.941,240.485,22.617,15.078
413.129,239.820,22.617,15.078
428.954,224.397,22.134,14.756
429.538,223.649,21.662,14.441
430.383,224.144,21.200,14.134
430.076,223.772,21.669,14.446
430.204,223.098,22.149,14.766
428.833,223.910,22.639,15.093
428.353,224.587,23.140,15.426
428.090,225.406,22.646,15.097
428.376,225.316,23.147,15.432
428.259,224.679,22.654,15.102
427.431,225.482,22.171,14.780
427.319,226.128,21.698,14.465
427.755,226.214,21.235,14.157
428.316,224.962,20.782,13.855
426.749,224.316,21.242,14.161
427.017,224.663,21.712,14.475
428.174,209.575,22.192,14.795
427.503,208.685,21.719,14.479
428.283,207.906,21.719,14.479
428.036,208.538,21.256,14.171
427.795,207.954,20.803,13.868
428.339,208.434,21.263,14.175
428.608,208.494,21.733,14.489
428.772,207.896,21.270,14.180
429.065,208.649,20.816,13.878
428.060,208.284,21.277,14.185
426.881,209.574,20.823,13.882
426.382,210.311,20.379,13.586
426.049,210.644,20.379,13.586
426.307,210.425,20.830,13.887
426.464,210.769,20.386,13.590
425.617,208.203,20.837,13.891
426.021,205.297,21.298,14.199
426.717,201.092,20.844,13.896
427.399,205.897,20.399,13.599
427.104,208.855,20.850,13.900
427.523,211.562,20.406,13.604
427.505,210.237,20.857,13.905
427.627,209.306,21.319,14.212
427.752,209.799,21.790,14.527
415.849,223.734,21.326,14.217
415.607,223.416,20.871,13.914
416.289,223.762,20.426,13.617
416.186,223.328,19.990,13.327
417.468,223.785,19.564,13.043
417.246,223.370,19.147,12.765
416.808,220.932,19.147,12.765
416.921,219.559,19.570,13.047
415.843,218.288,20.003,13.336
415.825,217.260,20.446,13.631
414.698,216.486,20.898,13.932
414.962,215.553,21.361,14.240
413.930,214.455,21.833,14.556
414.354,212.889,22.316,14.878
413.427,211.440,22.810,15.207
413.716,210.267,23.315,15.543
412.589,210.490,23.831,15.887
413.218,209.535,23.322,15.548
414.127,222.102,22.825,15.217
412.870,224.485,23.330,15.553
412.217,224.708,23.846,15.898
412.696,224.502,23.338,15.559
412.833,224.725,23.854,15.903
412.488,224.792,24.382,16.255
412.301,224.859,24.921,16.614
411.941,225.098,25.473,16.982
411.746,224.823,26.036,17.358
411.722,224.896,26.612,17.742
411.698,225.150,27.201,18.134
411.254,225.239,27.201,18.134
