623.000,403.000,10.000,12.000
621.230,403.670,9.787,11.744
619.494,403.543,9.787,11.744
620.572,402.842,10.003,12.004
621.221,403.232,10.003,12.004
621.453,403.234,9.790,11.748
621.665,403.107,9.790,11.748
622.216,403.637,10.007,12.008
622.599,402.830,10.228,12.274
622.440,403.291,10.454,12.545
622.184,402.261,10.686,12.823
622.401,402.455,10.922,13.106
622.070,402.407,10.922,13.106
621.645,402.266,10.922,13.106
622.165,402.124,10.922,13.106
621.834,401.982,10.922,13.106
622.253,401.396,11.164,13.396
622.397,401.541,11.164,13.396
622.542,401.782,11.164,13.396
621.767,401.584,11.411,13.693
622.311,402.127,11.411,13.693
622.031,401.310,11.663,13.996
622.283,401.259,11.663,13.996
621.728,401.108,11.663,13.996
621.980,401.259,11.663,13.996
622.232,401.511,11.663,13.996
621.476,401.663,11.663,13.996
621.627,401.814,11.663,13.996
621.879,401.966,11.663,13.996
622.131,402.218,11.663,13.996
622.384,401.461,11.663,13.996
621.888,401.463,11.921,14.305
622.456,401.927,11.921,14.305
621.888,401.257,11.921,14.305
622.559,401.721,11.921,14.305
622.094,402.082,11.921,14.305
621.321,401.309,11.921,14.305
621.476,401.360,11.921,14.305
621.733,401.515,11.921,14.305
621.785,401.670,11.921,14.305
621.630,401.721,11.921,14.305
621.476,401.773,11.921,14.305
621.630,402.031,11.921,14.305
621.682,401.257,11.921,14.305
621.527,401.309,11.921,14.305
621.476,401.463,11.921,14.305
621.321,401.412,11.921,14.305
621.166,401.566,11.921,14.305
621.409,401.783,12.185,14.622
621.462,401.835,12.185,14.622
621.093,401.572,12.185,14.622
621.778,401.355,12.454,14.945
621.185,401.840,12.454,14.945
621.455,401.140,12.454,14.945
621.832,401.409,12.454,14.945
621.239,401.787,12.454,14.945
621.509,401.086,12.454,14.945
621.994,401.571,12.454,14.945
621.616,400.871,12.454,14.945
622.209,401.248,12.454,14.945
621.616,401.194,12.454,14.945
622.101,401.140,12.454,14.945
621.509,401.086,12.454,14.945
621.886,401.140,12.454,14.945
621.245,400.919,12.730,15.276
621.190,400.313,12.730,15.276
621.220,400.544,13.012,15.614
621.956,400.548,12.734,15.281
621.987,400.779,13.016,15.619
621.901,399.963,13.304,15.965
621.498,400.827,13.304,15.965
621.210,400.769,13.304,15.965
621.959,401.057,13.304,15.965
621.441,400.193,13.304,15.965
621.083,400.530,13.020,15.624
621.602,400.968,12.743,15.291
621.326,400.582,12.743,15.291
620.610,401.299,12.743,15.291
620.114,400.692,12.743,15.291
621.051,401.409,12.743,15.291
620.665,400.803,12.743,15.291
621.051,401.519,12.743,15.291
621.878,401.133,12.743,15.291
621.602,400.527,12.743,15.291
621.988,401.464,12.743,15.291
622.263,401.409,12.743,15.291
621.437,401.133,12.743,15.291
621.381,400.748,12.743,15.291
621.437,401.464,12.743,15.291
621.492,401.189,12.743,15.291
621.437,400.803,12.743,15.291
621.051,401.409,12.743,15.291
621.878,401.133,12.743,15.291
621.822,400.858,12.743,15.291
622.098,400.913,12.743,15.291
622.484,400.968,12.743,15.291
621.547,400.803,12.743,15.291
621.381,401.409,12.743,15.291
621.216,401.023,12.743,15.291
621.051,400.637,12.743,15.291
621.988,401.354,12.743,15.291
621.822,400.858,12.743,15.291
621.657,400.472,12.743,15.291
621.933,401.299,12.743,15.291
622.098,401.023,12.743,15.291
622.153,400.637,12.743,15.291
621.326,401.244,12.743,15.291
621.602,401.189,12.743,15.291
621.877,400.692,12.743,15.291
622.263,401.299,12.743,15.291
621.264,400.729,13.024,15.629
621.997,401.011,13.024,15.629
621.490,401.067,13.024,15.629
621.321,401.236,13.024,15.629
621.941,400.391,13.024,15.629
621.659,400.560,13.024,15.629
621.039,400.729,13.024,15.629
621.659,401.011,13.024,15.629
621.152,401.293,13.024,15.629
620.598,400.477,13.313,15.975
621.108,400.121,13.607,16.329
620.814,400.297,13.607,16.329
620.520,400.474,13.607,16.329
621.289,399.910,13.317,15.980
621.441,400.511,13.612,16.334
621.028,399.745,13.612,16.334
620.498,399.804,13.612,16.334
621.264,400.098,13.612,16.334
620.969,400.275,13.612,16.334
620.439,400.334,13.612,16.334
621.209,399.884,13.321,15.986
621.073,400.776,13.037,15.645
620.227,400.043,13.037,15.645
620.284,400.438,13.037,15.645
620.340,400.833,13.037,15.645
620.968,400.728,12.759,15.311
620.582,400.562,12.759,15.311
620.195,400.397,12.759,15.311
619.919,400.341,12.759,15.311
620.858,400.507,12.759,15.311
620.692,400.452,12.759,15.311
620.416,400.286,12.759,15.311
620.251,400.231,12.759,15.311
619.975,399.955,12.759,15.311
620.913,399.789,12.759,15.311
620.858,400.617,12.759,15.311
620.692,400.341,12.759,15.311
620.637,400.176,12.759,15.311
620.692,400.121,12.759,15.311
620.527,399.955,12.759,15.311
620.472,399.789,12.759,15.311
620.527,400.838,12.759,15.311
620.803,401.004,12.759,15.311
620.748,400.176,12.759,15.311
620.582,400.010,12.759,15.311
620.306,399.845,12.759,15.311
620.582,400.121,12.759,15.311
620.968,400.397,12.759,15.311
621.244,400.673,12.759,15.311
620.637,401.059,12.759,15.311
620.472,400.231,12.759,15.311
620.637,400.507,12.759,15.311
620.582,400.562,12.759,15.311
620.306,400.617,12.759,15.311
620.251,400.783,12.759,15.311
620.196,400.949,12.759,15.311
620.361,400.231,12.759,15.311
620.637,400.507,12.759,15.311
621.024,401.114,12.759,15.311
621.410,400.617,12.759,15.311
620.803,400.893,12.759,15.311
621.079,400.397,12.759,15.311
621.465,400.783,12.759,15.311
620.748,400.838,12.759,15.311
621.024,401.004,12.759,15.311
620.748,400.286,12.759,15.311
621.134,400.673,12.759,15.311
620.417,400.949,12.759,15.311
620.693,400.341,12.759,15.311
621.189,400.728,12.759,15.311
620.693,401.225,12.759,15.311
621.189,400.838,12.759,15.311
620.582,401.335,12.759,15.311
620.858,400.838,12.759,15.311
621.134,401.445,12.759,15.311
620.417,400.949,12.759,15.311
620.803,400.452,12.759,15.311
621.300,401.059,12.759,15.311
620.582,400.562,12.759,15.311
621.079,401.280,12.759,15.311
621.465,400.893,12.759,15.311
620.748,400.507,12.759,15.311
621.351,400.968,13.042,15.650
621.110,401.189,12.763,15.316
621.607,400.802,12.763,15.316
621.110,401.410,12.763,15.316
621.717,401.023,12.763,15.316
621.110,400.526,12.763,15.316
621.717,401.134,12.763,15.316
621.110,400.747,12.763,15.316
621.717,401.355,12.763,15.316
621.110,400.858,12.763,15.316
621.717,400.471,12.763,15.316
621.220,400.968,12.763,15.316
620.392,400.029,12.763,15.316
620.116,399.643,12.763,15.316
620.944,400.471,12.763,15.316
620.668,399.974,12.763,15.316
620.613,399.698,12.763,15.316
620.889,400.637,12.763,15.316
620.576,400.066,13.046,15.655
620.293,399.671,13.046,15.655
620.124,400.405,13.046,15.655
620.862,400.082,12.768,15.321
620.585,399.585,12.768,15.321
620.641,400.414,12.768,15.321
621.248,400.690,12.768,15.321
620.972,400.966,12.768,15.321
621.690,400.248,12.768,15.321
621.193,400.303,12.768,15.321
620.696,400.358,12.768,15.321
621.193,400.524,12.768,15.321
620.696,400.690,12.768,15.321
621.304,400.745,12.768,15.321
620.806,400.800,12.768,15.321
621.304,400.745,12.768,15.321
620.806,400.690,12.768,15.321
621.193,400.524,12.768,15.321
620.254,400.358,12.768,15.321
620.199,400.193,12.768,15.321
620.365,400.137,12.768,15.321
620.641,400.082,12.768,15.321
621.248,400.358,12.768,15.321
620.641,400.524,12.768,15.321
621.248,400.800,12.768,15.321
620.751,400.966,12.768,15.321
621.138,400.137,12.768,15.321
620.530,400.193,12.768,15.321
620.917,400.358,12.768,15.321
621.414,400.414,12.768,15.321
621.027,400.579,12.768,15.321
621.745,400.745,12.768,15.321
621.248,401.021,12.768,15.321
620.591,400.107,13.050,15.660
620.874,400.163,13.050,15.660
621.156,400.333,13.050,15.660
620.535,400.502,13.050,15.660
620.817,400.671,13.050,15.660
620.987,399.824,13.050,15.660
620.253,399.881,13.050,15.660
620.196,399.937,13.050,15.660
620.478,400.107,13.050,15.660
619.970,399.599,13.050,15.660
620.708,400.582,12.772,15.326
620.321,400.306,12.772,15.326
619.824,399.808,12.772,15.326
620.542,400.637,12.772,15.326
620.344,400.066,13.054,15.665
620.023,399.483,13.343,16.012
620.889,399.887,13.343,16.012
620.601,400.291,13.343,16.012
620.197,399.541,13.343,16.012
620.947,399.829,13.343,16.012
620.543,400.233,13.343,16.012
619.908,399.598,13.343,16.012
620.197,399.887,13.343,16.012
620.601,400.291,13.343,16.012
619.966,399.656,13.343,16.012
620.601,400.176,13.343,16.012
619.794,399.220,13.638,16.366
619.499,399.869,13.638,16.366
620.384,399.759,13.348,16.017
619.817,400.001,13.643,16.371
619.640,399.706,13.643,16.371
620.525,399.411,13.643,16.371
620.112,398.998,13.643,16.371
620.997,400.237,13.643,16.371
620.938,400.651,13.643,16.371
620.761,400.119,13.643,16.371
620.466,400.532,13.643,16.371
621.115,399.883,13.643,16.371
620.584,400.296,13.643,16.371
621.352,400.710,13.643,16.371
621.765,400.414,13.643,16.371
620.997,400.001,13.643,16.371
621.765,400.769,13.643,16.371
621.115,400.355,13.643,16.371
621.411,399.942,13.643,16.371
621.706,400.473,13.643,16.371
621.004,399.864,13.945,16.734
622.257,400.333,13.647,16.377
621.677,399.845,13.949,16.739
621.255,400.389,13.949,16.739
621.195,399.725,13.949,16.739
621.496,400.147,13.949,16.739
621.919,399.845,13.949,16.739
621.617,400.389,13.949,16.739
621.195,400.087,13.949,16.739
621.738,400.630,13.949,16.739
621.315,400.208,13.949,16.739
620.651,399.423,13.949,16.739
620.742,400.358,13.652,16.382
620.092,399.590,13.652,16.382
620.864,400.163,13.361,16.033
620.806,399.990,13.361,16.033
620.633,399.701,13.361,16.033
620.459,400.452,13.361,16.033
620.055,399.932,13.361,16.033
620.922,400.716,13.076,15.691
621.431,399.867,13.076,15.691
620.582,399.811,13.076,15.691
620.299,399.641,13.076,15.691
621.035,400.716,13.076,15.691
620.639,399.980,13.076,15.691
621.600,400.376,13.076,15.691
621.632,400.731,13.365,16.038
621.574,400.904,13.365,16.038
621.632,401.078,13.365,16.038
621.343,400.095,13.365,16.038
620.938,400.037,13.365,16.038
621.690,400.210,13.365,16.038
621.169,400.037,13.365,16.038
621.921,400.210,13.365,16.038
621.285,400.037,13.365,16.038
621.690,400.210,13.365,16.038
620.938,400.268,13.365,16.038
621.227,400.326,13.365,16.038
621.516,400.500,13.365,16.038
620.649,400.442,13.365,16.038
621.054,400.615,13.365,16.038
621.227,400.673,13.365,16.038
621.169,400.500,13.365,16.038
620.841,399.782,13.661,16.393
620.073,399.605,13.661,16.393
620.014,399.309,13.661,16.393
619.837,398.896,13.661,16.393
620.014,399.900,13.661,16.393
620.546,400.078,13.661,16.393
620.960,400.255,13.661,16.393
620.664,400.551,13.661,16.393
621.196,399.782,13.661,16.393
620.664,399.841,13.661,16.393
621.314,400.019,13.661,16.393
620.546,399.841,13.661,16.393
620.841,399.900,13.661,16.393
619.955,399.605,13.661,16.393
619.659,399.309,13.661,16.393
620.887,399.427,13.369,16.043
620.830,400.064,13.369,16.043
620.142,399.106,13.665,16.398
619.964,399.756,13.665,16.398
619.669,399.461,13.665,16.398
619.255,399.047,13.665,16.398
619.787,399.815,13.665,16.398
619.255,399.520,13.665,16.398
620.023,399.342,13.665,16.398
619.491,399.047,13.665,16.398
620.492,400.304,13.374,16.049
619.971,399.784,13.374,16.049
620.607,400.420,13.374,16.049
620.087,400.015,13.374,16.049
620.843,399.907,13.089,15.706
621.239,400.304,13.089,15.706
620.616,400.700,13.089,15.706
620.560,399.964,13.089,15.706
620.503,400.134,13.089,15.706
620.333,400.190,13.089,15.706
620.276,400.247,13.089,15.706
620.333,400.417,13.089,15.706
620.729,400.700,13.089,15.706
620.899,399.964,13.089,15.706
621.522,400.360,13.089,15.706
621.239,400.870,13.089,15.706
620.956,400.360,13.089,15.706
621.239,401.096,13.089,15.706
620.956,400.587,13.089,15.706
620.786,401.210,13.089,15.706
621.635,400.926,13.089,15.706
621.013,400.304,13.089,15.706
620.390,400.700,13.089,15.706
620.786,400.077,13.089,15.706
621.182,400.473,13.089,15.706
620.673,400.870,13.089,15.706
620.616,400.134,13.089,15.706
620.333,399.964,13.089,15.706
620.050,399.681,13.089,15.706
619.880,399.398,13.089,15.706
620.947,400.493,12.810,15.371
620.559,399.994,12.810,15.371
621.280,400.604,12.810,15.371
620.892,400.105,12.810,15.371
620.615,400.715,12.810,15.371
620.338,400.327,12.810,15.371
621.169,399.828,12.810,15.371
620.781,400.327,12.810,15.371
620.393,399.717,12.810,15.371
621.335,400.438,12.810,15.371
621.169,400.271,12.810,15.371
621.003,400.992,12.810,15.371
620.725,400.604,12.810,15.371
621.343,401.142,12.536,15.044
620.963,400.870,12.536,15.044
620.367,400.382,12.536,15.044
620.855,401.087,12.536,15.044
620.367,400.708,12.536,15.044
620.963,400.437,12.536,15.044
620.583,401.142,12.536,15.044
621.505,400.653,12.536,15.044
621.343,400.165,12.536,15.044
621.072,400.653,12.536,15.044
620.692,399.948,12.536,15.044
621.397,400.545,12.536,15.044
621.451,400.057,12.536,15.044
621.506,400.762,12.536,15.044
621.777,400.491,12.536,15.044
621.180,400.111,12.536,15.044
621.126,400.816,12.536,15.044
621.180,400.437,12.536,15.044
621.017,401.033,12.536,15.044
620.855,400.545,12.536,15.044
620.692,400.274,12.536,15.044
621.614,400.979,12.536,15.044
621.757,400.531,12.814,15.377
621.258,400.254,12.814,15.377
621.634,400.831,13.097,15.717
621.350,400.095,13.097,15.717
621.180,400.378,13.097,15.717
621.124,400.775,13.097,15.717
620.840,400.152,13.097,15.717
621.690,400.548,13.097,15.717
621.407,400.831,13.097,15.717
621.010,400.208,13.097,15.717
620.160,400.151,13.097,15.717
619.877,399.868,13.097,15.717
620.836,399.872,12.818,15.382
620.226,400.371,12.818,15.382
620.947,399.983,12.818,15.382
620.559,400.704,12.818,15.382
621.058,400.316,12.818,15.382
620.448,399.816,12.818,15.382
621.058,400.426,12.818,15.382
620.448,399.927,12.818,15.382
621.058,400.537,12.818,15.382
620.559,400.038,12.818,15.382
621.280,400.648,12.818,15.382
620.670,400.038,12.818,15.382
620.170,400.537,12.818,15.382
620.670,399.927,12.818,15.382
620.170,400.426,12.818,15.382
620.780,399.927,12.818,15.382
620.281,400.426,12.818,15.382
620.780,399.927,12.818,15.382
620.281,400.426,12.818,15.382
620.685,400.002,12.545,15.054
621.174,400.599,12.545,15.054
620.360,400.002,12.545,15.054
621.391,400.817,12.545,15.054
621.988,401.088,12.545,15.054
621.825,401.359,12.545,15.054
621.445,401.631,12.545,15.054
621.825,400.817,12.545,15.054
621.445,401.088,12.545,15.054
621.716,401.251,12.545,15.054
622.096,401.522,12.545,15.054
621.716,400.708,12.545,15.054
622.205,400.979,12.545,15.054
621.499,401.034,12.545,15.054
621.879,401.196,12.545,15.054
621.499,401.685,12.545,15.054
621.988,401.088,12.545,15.054
621.825,401.576,12.545,15.054
622.096,401.414,12.545,15.054
622.151,402.011,12.545,15.054
621.988,401.522,12.545,15.054
622.151,401.142,12.545,15.054
622.205,401.739,12.545,15.054
622.042,401.251,12.545,15.054
621.662,401.522,12.545,15.054
622.259,400.817,12.545,15.054
621.988,401.088,12.545,15.054
621.282,400.925,12.545,15.054
621.445,400.762,12.545,15.054
621.608,400.708,12.545,15.054
621.988,400.871,12.545,15.054
621.499,401.034,12.545,15.054
621.771,401.088,12.545,15.054
621.282,401.251,12.545,15.054
621.445,401.305,12.545,15.054
621.717,401.468,12.545,15.054
621.662,401.414,12.545,15.054
622.151,401.685,12.545,15.054
621.554,400.871,12.545,15.054
620.957,400.600,12.545,15.054
620.251,400.220,12.545,15.054
620.631,400.925,12.545,15.054
621.011,400.654,12.545,15.054
620.306,400.274,12.545,15.054
620.685,400.979,12.545,15.054
620.740,400.491,12.545,15.054
620.034,400.111,12.545,15.054
620.290,400.564,12.822,15.387
620.678,400.065,12.822,15.387
620.068,400.564,12.822,15.387
620.456,400.065,12.822,15.387
621.066,400.786,12.822,15.387
620.567,400.509,12.822,15.387
621.177,400.231,12.822,15.387
620.456,400.952,12.822,15.387
620.955,400.675,12.822,15.387
621.252,400.999,12.549,15.058
621.198,401.271,12.549,15.058
621.035,401.325,12.549,15.058
620.655,401.162,12.549,15.058
621.470,401.217,12.549,15.058
621.524,401.379,12.549,15.058
621.687,401.542,12.549,15.058
622.175,400.511,12.549,15.058
621.687,400.348,12.549,15.058
622.167,401.139,12.826,15.392
621.779,401.083,12.826,15.392
621.169,400.806,12.826,15.392
621.335,400.529,12.826,15.392
621.612,400.362,12.826,15.392
621.002,400.085,12.826,15.392
621.058,400.806,12.826,15.392
621.002,400.529,12.826,15.392
620.836,400.251,12.826,15.392
620.780,400.973,12.826,15.392
620.970,400.976,12.553,15.063
620.916,400.922,12.553,15.063
621.079,400.976,12.553,15.063
620.916,400.922,12.553,15.063
621.079,401.085,12.553,15.063
621.242,401.356,12.553,15.063
621.405,401.628,12.553,15.063
621.568,400.922,12.553,15.063
621.622,401.085,12.553,15.063
621.568,401.139,12.553,15.063
621.839,401.302,12.553,15.063
621.081,401.079,12.831,15.397
621.592,401.511,12.557,15.068
621.972,400.805,12.557,15.068
621.266,400.750,12.557,15.068
621.320,400.587,12.557,15.068
621.375,400.533,12.557,15.068
621.320,400.370,12.557,15.068
621.157,401.185,12.557,15.068
621.103,401.131,12.557,15.068
621.157,401.185,12.557,15.068
621.320,401.348,12.557,15.068
621.266,401.293,12.557,15.068
621.212,401.239,12.557,15.068
621.375,401.293,12.557,15.068
621.755,401.456,12.557,15.068
621.266,401.728,12.557,15.068
621.646,401.022,12.557,15.068
621.918,401.185,12.557,15.068
621.212,401.022,12.557,15.068
621.483,400.859,12.557,15.068
621.755,400.696,12.557,15.068
620.723,400.424,12.557,15.068
620.451,401.131,12.557,15.068
621.266,400.859,12.557,15.068
620.886,400.587,12.557,15.068
620.288,400.098,12.557,15.068
620.777,400.805,12.557,15.068
620.179,400.424,12.557,15.068
620.777,401.239,12.557,15.068
620.288,400.859,12.557,15.068
620.777,400.370,12.557,15.068
620.179,400.968,12.557,15.068
620.668,400.696,12.557,15.068
621.374,400.533,12.557,15.068
620.886,400.044,12.557,15.068
620.397,400.642,12.557,15.068
620.668,400.153,12.557,15.068
621.157,400.859,12.557,15.068
620.668,400.587,12.557,15.068
621.266,400.207,12.557,15.068
620.777,400.913,12.557,15.068
620.288,400.533,12.557,15.068
620.668,400.044,12.557,15.068
621.049,400.642,12.557,15.068
620.668,400.261,12.557,15.068
621.266,400.968,12.557,15.068
620.886,400.696,12.557,15.068
620.505,400.424,12.557,15.068
620.994,401.130,12.557,15.068
620.288,400.859,12.557,15.068
620.560,400.696,12.557,15.068
621.266,400.316,12.557,15.068
620.777,401.022,12.557,15.068
620.397,400.750,12.557,15.068
621.103,400.479,12.557,15.068
620.614,400.316,12.557,15.068
621.103,401.131,12.557,15.068
620.505,400.859,12.557,15.068
621.103,400.587,12.557,15.068
620.723,400.316,12.557,15.068
620.234,401.131,12.557,15.068
620.831,401.076,12.557,15.068
620.560,400.913,12.557,15.068
621.375,400.859,12.557,15.068
621.103,400.587,12.557,15.068
620.832,400.316,12.557,15.068
620.451,401.239,12.557,15.068
621.157,401.185,12.557,15.068
620.777,400.913,12.557,15.068
620.506,400.642,12.557,15.068
620.995,400.261,12.557,15.068
620.506,400.968,12.557,15.068
620.886,400.587,12.557,15.068
620.288,400.098,12.557,15.068
620.234,400.587,12.557,15.068
620.071,399.990,12.557,15.068
620.017,400.479,12.557,15.068
619.962,399.990,12.557,15.068
619.908,400.479,12.557,15.068
619.854,399.990,12.557,15.068
619.799,400.479,12.557,15.068
619.745,399.990,12.557,15.068
619.582,400.479,12.557,15.068
620.920,400.168,12.289,14.747
620.548,400.009,12.289,14.747
620.495,400.912,12.289,14.747
620.548,400.859,12.289,14.747
620.389,400.700,12.289,14.747
620.229,400.540,12.289,14.747
620.810,400.212,12.561,15.073
620.277,399.763,12.839,15.407
620.554,400.152,12.839,15.407
620.499,400.319,12.839,15.407
620.221,399.596,12.839,15.407
619.943,399.652,12.839,15.407
620.110,400.041,12.839,15.407
620.499,400.319,12.839,15.407
621.221,400.152,12.839,15.407
620.832,400.985,12.839,15.407
620.666,401.152,12.839,15.407
620.610,400.985,12.839,15.407
620.777,400.930,12.839,15.407
621.165,400.985,12.839,15.407
621.665,401.041,12.839,15.407
621.165,400.985,12.839,15.407
621.665,401.041,12.839,15.407
621.054,400.763,12.839,15.407
621.332,400.485,12.839,15.407
621.499,400.207,12.839,15.407
620.999,400.818,12.839,15.407
620.499,400.319,12.839,15.407
620.999,399.819,12.839,15.407
620.610,400.430,12.839,15.407
620.332,400.041,12.839,15.407
620.832,400.652,12.839,15.407
620.443,400.263,12.839,15.407
621.054,400.874,12.839,15.407
620.666,400.374,12.839,15.407
619.943,399.874,12.839,15.407
620.110,400.263,12.839,15.407
620.388,400.652,12.839,15.407
620.554,400.152,12.839,15.407
620.499,400.319,12.839,15.407
620.666,399.819,12.839,15.407
619.943,400.319,12.839,15.407
619.999,399.708,12.839,15.407
620.499,400.319,12.839,15.407
620.888,399.930,12.839,15.407
620.499,400.652,12.839,15.407
621.110,400.263,12.839,15.407
620.564,400.726,13.123,15.748
620.281,399.761,13.123,15.748
619.997,399.477,13.123,15.748
619.259,400.215,13.123,15.748
619.125,399.891,12.843,15.412
619.744,400.323,12.569,15.083
619.472,400.595,12.569,15.083
620.070,399.888,12.569,15.083
619.472,399.834,12.569,15.083
619.418,399.779,12.569,15.083
619.907,399.942,12.569,15.083
619.418,399.888,12.569,15.083
619.254,400.051,12.569,15.083
620.614,400.541,12.569,15.083
621.321,400.160,12.569,15.083
621.266,400.976,12.569,15.083
621.103,400.812,12.569,15.083
621.585,401.040,12.847,15.417
620.640,400.763,12.847,15.417
620.616,400.659,12.573,15.088
621.541,400.496,12.573,15.088
621.269,400.115,12.573,15.088
620.997,400.714,12.573,15.088
621.253,400.490,12.852,15.422
621.086,400.101,12.852,15.422
620.919,400.601,12.852,15.422
620.752,400.101,12.852,15.422
620.808,400.824,12.852,15.422
620.641,400.435,12.852,15.422
620.252,399.823,12.852,15.422
621.197,400.435,12.852,15.422
621.030,400.045,12.852,15.422
621.197,400.768,12.852,15.422
621.142,400.379,12.852,15.422
620.975,399.990,12.852,15.422
620.919,400.713,12.852,15.422
620.788,400.502,12.578,15.093
621.278,400.665,12.578,15.093
620.571,400.720,12.578,15.093
621.060,401.318,12.578,15.093
621.441,400.937,12.578,15.093
620.952,401.645,12.578,15.093
621.115,401.155,12.578,15.093
621.713,400.556,12.578,15.093
621.332,401.046,12.578,15.093
621.204,400.945,12.309,14.771
621.577,401.211,12.309,14.771
621.098,400.519,12.309,14.771
621.569,400.411,12.582,15.098
620.971,400.465,12.582,15.098
621.243,400.411,12.582,15.098
620.644,400.247,12.582,15.098
621.239,400.250,12.860,15.432
620.850,400.862,12.860,15.432
620.460,400.361,12.860,15.432
621.183,399.860,12.860,15.432
621.016,400.361,12.860,15.432
621.183,399.971,12.860,15.432
620.794,400.361,12.860,15.432
620.293,399.749,12.860,15.432
621.128,400.250,12.860,15.432
620.516,400.639,12.860,15.432
621.350,400.138,12.860,15.432
620.689,400.372,13.145,15.773
620.290,399.974,13.145,15.773
619.892,399.576,13.145,15.773
620.745,400.566,12.864,15.437
620.133,399.954,12.864,15.437
620.634,400.343,12.864,15.437
620.022,399.731,12.864,15.437
620.745,400.232,12.864,15.437
620.467,400.844,12.864,15.437
621.302,400.455,12.864,15.437
621.102,399.764,13.149,15.779
620.590,399.707,13.149,15.779
621.215,399.992,13.149,15.779
621.081,400.544,12.868,15.442
620.914,400.154,12.868,15.442
620.859,400.878,12.868,15.442
621.157,400.774,12.594,15.113
621.974,401.264,12.594,15.113
621.702,400.665,12.594,15.113
621.538,401.046,12.594,15.113
621.157,400.338,12.594,15.113
621.320,400.284,12.594,15.113
620.830,400.447,12.594,15.113
621.429,400.720,12.594,15.113
621.157,401.101,12.594,15.113
621.865,400.502,12.594,15.113
621.266,400.774,12.594,15.113
620.667,400.938,12.594,15.113
621.262,401.053,12.873,15.447
621.095,400.663,12.873,15.447
620.817,400.273,12.873,15.447
620.427,400.886,12.873,15.447
621.262,400.496,12.873,15.447
620.761,400.106,12.873,15.447
620.148,400.607,12.873,15.447
620.538,400.106,12.873,15.447
621.373,400.830,12.873,15.447
621.242,400.834,12.598,15.118
620.861,401.215,12.598,15.118
621.351,400.616,12.598,15.118
620.970,400.997,12.598,15.118
621.460,400.398,12.598,15.118
621.079,400.888,12.598,15.118
621.448,401.117,12.877,15.452
621.170,400.838,12.877,15.452
620.780,400.560,12.877,15.452
620.501,400.281,12.877,15.452
621.114,400.003,12.877,15.452
621.376,400.930,13.162,15.794
620.750,400.418,13.162,15.794
621.262,400.816,13.162,15.794
620.467,399.992,13.453,16.144
620.874,400.050,13.453,16.144
621.514,400.108,13.453,16.144
620.943,400.111,13.751,16.501
621.002,399.813,13.751,16.501
621.300,399.635,13.751,16.501
620.646,400.408,13.751,16.501
621.181,400.230,13.751,16.501
620.527,399.932,13.751,16.501
621.419,400.624,13.457,16.149
620.847,399.781,13.755,16.506
621.263,399.721,13.755,16.506
620.847,400.733,13.755,16.506
621.263,400.793,13.755,16.506
620.728,399.900,13.755,16.506
621.263,399.960,13.755,16.506
620.609,399.900,13.755,16.506
621.382,400.198,13.755,16.506
620.966,400.257,13.755,16.506
621.621,400.436,13.755,16.506
621.323,400.614,13.755,16.506
620.430,399.960,13.755,16.506
620.014,399.186,13.755,16.506
621.021,399.763,13.462,16.154
620.497,400.055,13.462,16.154
620.089,399.414,13.462,16.154
620.846,399.938,13.462,16.154
620.438,399.297,13.462,16.154
620.954,400.146,13.760,16.512
620.895,399.610,13.760,16.512
621.549,400.384,13.760,16.512
621.014,400.086,13.760,16.512
621.549,399.789,13.760,16.512
621.014,399.729,13.760,16.512
621.668,400.622,13.760,16.512
621.133,400.325,13.760,16.512
620.597,400.027,13.760,16.512
620.895,399.729,13.760,16.512
621.192,400.503,13.760,16.512
620.537,400.086,13.760,16.512
620.954,399.789,13.760,16.512
621.371,399.491,13.760,16.512
620.835,400.146,13.760,16.512
621.252,399.848,13.760,16.512
620.716,399.551,13.760,16.512
621.371,400.682,13.760,16.512
621.404,400.684,14.064,16.877
621.586,400.258,14.064,16.877
621.160,399.954,14.064,16.877
620.370,400.015,14.064,16.877
620.065,399.711,14.064,16.877
619.883,399.407,14.064,16.877
620.187,399.346,14.064,16.877
620.613,399.407,14.064,16.877
619.579,399.224,14.064,16.877
619.518,398.920,14.064,16.877
619.822,399.833,14.064,16.877
619.396,399.407,14.064,16.877
619.944,399.102,14.064,16.877
619.761,398.798,14.064,16.877
619.700,399.711,14.064,16.877
619.153,399.163,14.064,16.877
619.700,398.859,14.064,16.877
619.153,399.528,14.064,16.877
619.457,398.981,14.064,16.877
619.883,399.650,14.064,16.877
619.335,399.102,14.064,16.877
619.761,398.555,14.064,16.877
619.213,399.224,14.064,16.877
620.369,399.285,14.064,16.877
621.047,399.758,13.764,16.517
620.869,399.341,13.764,16.517
621.166,400.234,13.764,16.517
620.337,400.124,13.471,16.165
620.163,399.716,13.471,16.165
621.037,400.473,13.471,16.165
621.211,400.415,13.471,16.165
621.037,400.007,13.471,16.165
620.862,399.599,13.471,16.165
620.687,400.240,13.471,16.165
621.328,400.298,13.471,16.165
620.221,399.657,13.471,16.165
620.870,400.111,13.183,15.820
620.699,399.711,13.183,15.820
620.300,399.198,13.183,15.820
620.129,399.825,13.183,15.820
619.958,399.426,13.183,15.820
619.901,400.168,13.183,15.820
621.086,400.061,12.902,15.483
620.190,399.716,13.188,15.825
620.019,399.203,13.188,15.825
619.620,399.831,13.188,15.825
620.585,399.614,12.907,15.488
620.153,399.964,13.192,15.830
620.438,399.793,13.192,15.830
620.952,400.193,13.192,15.830
620.487,400.857,12.911,15.493
621.102,400.689,12.911,15.493
620.711,400.410,12.911,15.493
620.320,400.019,12.911,15.493
621.046,400.745,12.911,15.493
620.381,400.052,13.196,15.836
619.868,399.766,13.196,15.836
620.834,400.100,12.915,15.498
620.517,400.451,13.201,15.841
621.145,400.508,13.201,15.841
620.631,400.451,13.201,15.841
621.259,400.394,13.201,15.841
620.745,400.222,13.201,15.841
621.373,400.165,13.201,15.841
620.859,400.108,13.201,15.841
621.488,400.165,13.201,15.841
620.859,399.994,13.201,15.841
621.602,400.279,13.201,15.841
620.974,400.336,13.201,15.841
620.231,400.622,13.201,15.841
619.717,399.651,13.201,15.841
621.124,399.655,12.919,15.503
620.956,400.046,12.919,15.503
620.677,400.326,12.919,15.503
620.398,399.599,12.919,15.503
621.348,400.102,12.919,15.503
621.292,400.717,12.919,15.503
621.348,400.326,12.919,15.503
621.404,400.381,12.919,15.503
620.565,400.102,12.919,15.503
619.900,400.568,13.205,15.846
620.300,401.082,13.205,15.846
620.586,400.568,13.205,15.846
620.986,400.854,13.205,15.846
620.357,400.226,13.205,15.846
620.872,400.625,13.205,15.846
621.157,400.111,13.205,15.846
620.300,400.397,13.205,15.846
620.129,400.340,13.205,15.846
620.186,400.511,13.205,15.846
620.015,400.454,13.205,15.846
620.300,400.740,13.205,15.846
620.586,400.111,13.205,15.846
621.100,400.511,13.205,15.846
620.472,400.568,13.205,15.846
620.529,400.511,13.205,15.846
620.700,400.454,13.205,15.846
620.757,400.283,13.205,15.846
620.700,399.997,13.205,15.846
620.643,399.711,13.205,15.846
620.929,399.540,13.205,15.846
620.186,400.511,13.205,15.846
620.586,400.340,13.205,15.846
620.757,400.054,13.205,15.846
621.043,399.883,13.205,15.846
620.415,399.711,13.205,15.846
621.043,399.654,13.205,15.846
620.482,399.657,13.497,16.197
621.124,399.949,13.497,16.197
620.551,400.073,13.796,16.555
620.611,399.774,13.796,16.555
620.551,399.476,13.796,16.555
620.611,400.252,13.796,16.555
621.267,400.311,13.796,16.555
620.433,399.571,14.101,16.921
621.230,399.692,13.800,16.560
620.520,400.191,14.106,16.927
620.093,399.397,14.106,16.927
620.773,399.637,13.805,16.566
619.996,399.577,13.805,16.566
620.547,399.811,13.510,16.213
620.371,399.285,13.510,16.213
620.079,399.928,13.510,16.213
620.505,399.256,13.222,15.867
620.104,399.771,13.222,15.867
619.704,399.141,13.222,15.867
620.451,399.917,12.940,15.528
620.731,399.749,12.940,15.528
619.892,399.693,12.940,15.528
620.172,399.749,12.940,15.528
620.675,400.029,12.940,15.528
620.395,400.309,12.940,15.528
621.235,399.693,12.940,15.528
621.067,400.085,12.940,15.528
621.011,400.589,12.940,15.528
620.810,399.778,13.227,15.872
621.325,399.492,13.227,15.872
621.475,399.732,13.519,16.223
620.832,399.439,13.519,16.223
620.306,399.381,13.519,16.223
620.957,400.625,13.231,15.877
620.989,400.034,13.524,16.229
620.580,399.975,13.524,16.229
620.521,399.449,13.524,16.229
620.814,398.922,13.524,16.229
620.170,399.566,13.524,16.229
620.697,399.156,13.524,16.229
621.223,399.917,13.524,16.229
620.406,399.312,13.823,16.588
620.466,399.611,13.823,16.588
620.286,399.671,13.823,16.588
619.987,399.611,13.823,16.588
620.999,400.076,13.528,16.234
620.472,399.784,13.528,16.234
620.882,399.491,13.528,16.234
620.186,398.886,13.828,16.593
620.007,398.946,13.828,16.593
620.904,399.126,13.828,16.593
621.203,399.425,13.828,16.593
620.545,399.844,13.828,16.593
620.964,399.305,13.828,16.593
621.024,399.604,13.828,16.593
620.964,399.903,13.828,16.593
621.024,399.245,13.828,16.593
620.844,399.425,13.828,16.593
620.904,399.724,13.828,16.593
621.203,399.186,13.828,16.593
620.425,399.485,13.828,16.593
620.964,400.143,13.828,16.593
621.263,399.604,13.828,16.593
620.485,399.903,13.828,16.593
620.665,399.365,13.828,16.593
621.083,400.023,13.828,16.593
621.622,399.604,13.828,16.593
621.250,400.531,13.533,16.239
620.841,399.653,13.533,16.239
620.144,399.291,13.832,16.598
620.563,399.949,13.832,16.598
620.982,399.769,13.832,16.598
621.401,399.590,13.832,16.598
620.689,400.089,14.138,16.966
620.261,399.294,14.138,16.966
619.763,399.298,13.837,16.604
619.161,400.110,13.542,16.250
619.926,400.565,13.253,15.903
619.869,399.820,13.253,15.903
620.729,400.155,12.970,15.564
620.061,400.624,13.257,15.909
620.577,400.107,13.257,15.909
620.332,400.111,12.974,15.569
620.725,400.729,12.974,15.569
620.173,399.799,13.261,15.914
620.805,400.086,13.261,15.914
620.448,400.090,12.979,15.574
621.066,400.595,12.979,15.574
620.398,399.666,13.266,15.919
620.373,399.448,12.983,15.579
620.879,399.729,12.983,15.579
620.677,400.081,13.270,15.924
620.985,400.085,12.987,15.585
620.479,400.591,12.987,15.585
621.097,399.973,12.987,15.585
620.895,400.325,13.274,15.929
621.046,399.612,13.568,16.282
620.400,399.319,13.568,16.282
621.046,400.317,13.568,16.282
620.870,400.493,13.568,16.282
620.576,399.730,13.568,16.282
621.222,399.906,13.568,16.282
620.694,399.965,13.568,16.282
621.457,400.258,13.568,16.282
621.046,400.317,13.568,16.282
620.752,400.375,13.568,16.282
620.342,399.495,13.568,16.282
621.222,399.671,13.568,16.282
620.280,399.308,13.868,16.642
620.820,400.088,13.868,16.642
620.760,399.548,13.868,16.642
621.060,400.208,13.868,16.642
621.120,399.668,13.868,16.642
620.460,400.208,13.868,16.642
620.760,399.668,13.868,16.642
621.420,400.328,13.868,16.642
620.582,399.584,14.175,17.010
620.766,399.155,14.175,17.010
621.073,399.829,14.175,17.010
620.275,399.277,14.175,17.010
620.950,400.074,14.175,17.010
620.924,399.487,13.873,16.648
621.584,400.148,13.873,16.648
621.044,399.848,13.873,16.648
621.824,399.547,13.873,16.648
621.404,400.328,13.873,16.648
621.104,400.148,13.873,16.648
620.684,399.848,13.873,16.648
621.464,399.547,13.873,16.648
621.044,400.328,13.873,16.648
621.944,400.148,13.873,16.648
621.404,399.848,13.873,16.648
620.864,399.427,13.873,16.648
621.524,400.208,13.873,16.648
621.104,399.788,13.873,16.648
620.564,399.367,13.873,16.648
621.224,400.148,13.873,16.648
620.564,399.607,13.873,16.648
621.104,400.268,13.873,16.648
620.324,399.727,13.873,16.648
621.104,399.481,14.180,17.016
620.429,399.910,14.180,17.016
620.736,399.236,14.180,17.016
621.166,399.665,14.180,17.016
620.491,399.113,14.180,17.016
621.043,399.788,14.180,17.016
620.245,399.113,14.180,17.016
621.047,399.354,13.877,16.653
621.587,400.014,13.877,16.653
620.500,399.767,14.185,17.021
620.561,399.092,14.185,17.021
620.990,399.522,14.185,17.021
620.315,398.847,14.185,17.021
621.236,399.916,13.882,16.658
620.646,399.295,14.189,17.027
621.076,399.725,14.189,17.027
620.523,399.172,14.189,17.027
621.198,399.848,14.189,17.027
621.409,400.088,13.887,16.664
621.068,399.717,14.194,17.033
621.160,399.721,13.891,16.669
620.819,399.350,14.198,17.038
621.495,399.780,14.198,17.038
620.892,398.890,14.513,17.415
620.452,398.451,14.513,17.415
620.515,399.392,14.513,17.415
620.201,398.953,14.513,17.415
621.143,398.513,14.513,17.415
620.327,399.079,14.513,17.415
619.385,398.513,14.513,17.415
619.825,399.204,14.513,17.415
620.524,399.087,14.203,17.044
620.340,399.149,14.203,17.044
621.024,399.034,13.900,16.680
620.844,399.215,13.900,16.680
620.543,399.275,13.900,16.680
620.483,399.576,13.900,16.680
620.543,399.876,13.900,16.680
620.483,399.094,13.900,16.680
620.182,399.155,13.900,16.680
620.363,399.696,13.900,16.680
620.303,399.034,13.900,16.680
620.844,399.696,13.900,16.680
621.625,399.515,13.900,16.680
620.964,400.177,13.900,16.680
620.904,399.515,13.900,16.680
621.205,400.177,13.900,16.680
621.487,399.306,14.208,17.049
621.057,399.859,14.208,17.049
620.794,399.745,13.905,16.686
621.456,399.444,13.905,16.686
621.115,399.197,14.212,17.055
621.207,399.794,13.909,16.691
620.991,399.796,14.217,17.061
620.846,400.156,13.914,16.697
621.388,399.855,13.914,16.697
620.485,399.193,13.914,16.697
620.424,399.614,13.914,16.697
619.883,399.554,13.914,16.697
620.553,399.790,13.617,16.341
620.642,399.567,13.327,15.992
620.007,399.394,13.327,15.992
620.427,399.731,13.043,15.651
620.145,399.336,13.043,15.651
620.540,400.183,13.043,15.651
620.484,399.788,13.043,15.651
620.427,399.393,13.043,15.651
620.710,400.126,13.043,15.651
620.879,399.844,13.043,15.651
621.048,399.449,13.043,15.651
620.202,400.183,13.043,15.651
620.709,400.013,13.043,15.651
621.217,399.957,13.043,15.651
620.597,399.788,13.043,15.651
620.540,399.280,13.043,15.651
620.935,400.239,13.043,15.651
620.540,399.844,13.043,15.651
620.258,399.562,13.043,15.651
620.343,400.110,12.764,15.317
620.030,399.654,13.047,15.656
620.441,399.657,12.769,15.322
620.128,400.118,13.051,15.661
619.732,399.610,13.051,15.661
620.688,400.485,12.773,15.327
620.375,399.799,13.055,15.667
619.979,399.291,13.055,15.667
619.923,400.025,13.055,15.667
620.770,399.811,12.777,15.332
621.030,400.387,13.060,15.672
620.408,399.991,13.060,15.672
620.917,399.596,13.060,15.672
621.538,400.330,13.060,15.672
620.917,399.935,13.060,15.672
621.312,399.539,13.060,15.672
620.578,400.161,13.060,15.672
620.860,399.765,13.060,15.672
621.030,399.483,13.060,15.672
620.295,400.330,13.060,15.672
620.578,400.161,13.060,15.672
620.973,399.991,13.060,15.672
620.013,399.596,13.060,15.672
620.069,400.330,13.060,15.672
619.787,399.935,13.060,15.672
620.408,399.426,13.060,15.672
620.578,400.161,13.060,15.672
620.521,399.765,13.060,15.672
620.239,399.257,13.060,15.672
620.069,399.878,13.060,15.672
619.674,399.370,13.060,15.672
620.408,399.991,13.060,15.672
620.013,399.483,13.060,15.672
619.956,400.217,13.060,15.672
620.912,400.003,12.781,15.337
620.857,399.616,12.781,15.337
621.133,400.446,12.781,15.337
620.415,400.059,12.781,15.337
621.019,400.176,13.064,15.677
620.171,399.780,13.064,15.677
619.889,399.271,13.064,15.677
620.954,400.147,12.785,15.343
621.120,399.870,12.785,15.343
620.401,399.594,12.785,15.343
620.567,400.313,12.785,15.343
620.512,399.815,12.785,15.343
621.116,399.932,13.068,15.682
620.268,399.536,13.068,15.682
620.099,400.158,13.068,15.682
620.381,399.876,13.068,15.682
620.325,399.367,13.068,15.682
620.834,400.215,13.068,15.682
620.551,399.706,13.068,15.682
620.381,399.197,13.068,15.682
620.212,399.819,13.068,15.682
620.042,399.423,13.068,15.682
619.986,400.158,13.068,15.682
619.703,399.649,13.068,15.682
620.325,400.158,13.068,15.682
620.042,399.536,13.068,15.682
619.646,400.045,13.068,15.682
620.603,399.722,12.790,15.348
620.658,400.331,12.790,15.348
620.603,399.722,12.790,15.348
620.769,400.441,12.790,15.348
620.935,399.943,12.790,15.348
621.101,399.445,12.790,15.348
621.488,400.165,12.790,15.348
620.659,399.667,12.790,15.348
620.825,400.386,12.790,15.348
620.991,400.220,12.790,15.348
621.378,400.054,12.790,15.348
621.409,400.516,13.073,15.687
620.501,400.049,13.362,16.034
620.174,399.212,13.657,16.389
620.587,400.216,13.657,16.389
620.764,399.921,13.657,16.389
620.062,398.820,13.960,16.752
620.847,399.967,13.960,16.752
620.303,399.665,13.960,16.752
621.088,399.605,13.960,16.752
620.424,399.182,13.960,16.752
621.451,399.122,13.960,16.752
621.873,400.269,13.960,16.752
621.209,399.605,13.960,16.752
620.907,399.424,13.960,16.752
621.451,399.726,13.960,16.752
621.632,399.907,13.960,16.752
620.847,399.967,13.960,16.752
621.028,400.148,13.960,16.752
620.967,399.363,13.960,16.752
620.424,399.061,13.960,16.752
621.088,400.088,13.960,16.752
620.248,399.743,13.662,16.394
620.425,399.447,13.662,16.394
620.839,399.152,13.662,16.394
620.188,400.157,13.662,16.394
620.839,400.097,13.662,16.394
620.425,400.038,13.662,16.394
621.075,399.861,13.662,16.394
620.594,399.865,13.371,16.045
620.883,400.501,13.371,16.045
620.710,399.865,13.371,16.045
620.982,400.228,13.666,16.400
620.095,399.814,13.666,16.400
619.918,399.282,13.666,16.400
620.213,400.050,13.666,16.400
620.036,399.518,13.666,16.400
619.740,398.986,13.666,16.400
619.681,399.636,13.666,16.400
619.504,399.104,13.666,16.400
620.390,399.792,13.375,16.050
619.702,399.434,13.671,16.405
619.406,398.784,13.671,16.405
620.407,399.472,13.379,16.055
620.199,399.594,13.675,16.410
620.022,399.062,13.675,16.410
619.963,399.713,13.675,16.410
620.140,399.299,13.675,16.410
620.318,399.003,13.675,16.410
620.850,399.890,13.675,16.410
620.883,399.156,13.978,16.774
620.097,398.854,13.978,16.774
620.762,399.882,13.978,16.774
620.097,399.580,13.978,16.774
620.399,399.277,13.978,16.774
620.943,398.975,13.978,16.774
620.568,399.212,13.680,16.416
620.982,400.100,13.680,16.416
620.331,399.804,13.680,16.416
620.035,399.153,13.680,16.416
619.858,399.804,13.680,16.416
619.562,399.153,13.680,16.416
620.450,399.685,13.680,16.416
620.272,399.034,13.680,16.416
620.805,399.922,13.680,16.416
620.035,399.626,13.680,16.416
620.213,399.212,13.680,16.416
620.745,400.100,13.680,16.416
619.976,399.804,13.680,16.416
620.154,399.389,13.680,16.416
620.331,398.975,13.680,16.416
620.745,399.863,13.680,16.416
619.976,399.449,13.680,16.416
619.799,398.916,13.680,16.416
620.568,399.041,13.983,16.779
620.024,399.949,13.983,16.779
620.326,399.646,13.983,16.779
620.629,399.344,13.983,16.779
619.963,398.920,13.983,16.779
619.903,399.465,13.983,16.779
619.721,398.920,13.983,16.779
620.024,399.707,13.983,16.779
620.447,399.283,13.983,16.779
621.113,399.102,13.983,16.779
620.810,400.009,13.983,16.779
620.387,399.949,13.983,16.779
620.931,399.888,13.983,16.779
620.387,399.707,13.983,16.779
620.447,399.404,13.983,16.779
620.508,399.102,13.983,16.779
620.810,400.009,13.983,16.779
620.024,399.828,13.983,16.779
620.084,399.646,13.983,16.779
620.266,399.465,13.983,16.779
620.326,399.283,13.983,16.779
620.508,398.981,13.983,16.779
621.052,400.009,13.983,16.779
620.443,399.780,13.684,16.421
620.621,399.602,13.684,16.421
620.562,399.188,13.684,16.421
620.976,400.076,13.684,16.421
620.763,399.219,13.987,16.785
619.977,398.916,13.987,16.785
621.001,399.620,13.689,16.427
620.542,399.746,13.992,16.790
619.634,399.322,13.992,16.790
619.842,399.209,13.693,16.432
620.730,400.216,13.693,16.432
620.671,400.275,13.693,16.432
620.375,400.098,13.693,16.432
620.806,399.873,13.401,16.082
620.748,400.163,13.401,16.082
620.574,399.409,13.401,16.082
620.748,399.815,13.401,16.082
620.922,400.221,13.401,16.082
620.748,399.467,13.401,16.082
620.574,399.641,13.401,16.082
620.516,399.931,13.401,16.082
620.574,400.337,13.401,16.082
620.284,399.583,13.401,16.082
621.154,400.034,13.116,15.739
620.479,399.684,13.406,16.087
620.305,399.974,13.406,16.087
619.899,399.336,13.406,16.087
620.657,399.898,13.120,15.744
620.827,399.728,13.120,15.744
620.770,399.444,13.120,15.744
621.281,400.409,13.120,15.744
620.488,399.941,13.410,16.092
620.894,400.579,13.410,16.092
620.952,400.057,13.410,16.092
620.430,399.186,13.410,16.092
620.604,399.825,13.410,16.092
620.894,400.463,13.410,16.092
621.184,399.941,13.410,16.092
621.578,400.666,13.707,16.448
621.163,399.895,13.707,16.448
620.985,400.073,13.707,16.448
620.925,400.250,13.707,16.448
620.747,400.428,13.707,16.448
620.451,399.657,13.707,16.448
621.222,399.835,13.707,16.448
621.044,400.013,13.707,16.448
620.708,399.401,14.010,16.812
620.041,399.340,14.010,16.812
620.452,398.965,14.320,17.184
620.142,399.399,14.320,17.184
620.452,400.204,14.320,17.184
620.142,399.523,14.320,17.184
619.791,398.626,14.637,17.564
620.008,399.606,14.325,17.190
619.785,398.838,14.642,17.570
619.636,398.598,14.329,17.195
620.318,398.908,14.329,17.195
619.967,398.138,14.646,17.576
619.143,399.216,14.646,17.576
619.727,398.976,14.334,17.201
620.533,399.286,14.334,17.201
620.267,399.887,14.028,16.834
620.124,399.657,13.729,16.475
620.778,399.954,13.729,16.475
620.124,399.301,13.729,16.475
620.659,399.598,13.729,16.475
620.005,399.776,13.729,16.475
620.302,399.004,13.729,16.475
619.768,399.301,13.729,16.475
620.421,399.717,13.729,16.475
621.312,399.950,13.436,16.124
620.982,399.711,13.734,16.481
621.636,400.365,13.734,16.481
621.101,399.949,13.734,16.481
621.517,399.414,13.734,16.481
621.148,399.418,13.441,16.129
621.439,400.057,13.441,16.129
620.683,399.534,13.441,16.129
620.741,400.057,13.441,16.129
620.683,399.534,13.441,16.129
621.206,400.174,13.441,16.129
621.730,399.767,13.441,16.129
620.974,400.290,13.441,16.129
621.032,399.767,13.441,16.129
621.090,400.290,13.441,16.129
620.799,399.534,13.441,16.129
620.276,399.476,13.441,16.129
621.036,399.928,13.154,15.785
620.123,399.340,13.445,16.134
620.771,399.568,13.159,15.790
621.169,400.308,13.159,15.790
620.256,399.720,13.450,16.140
620.663,399.546,13.450,16.140
620.139,399.371,13.450,16.140
620.779,399.895,13.450,16.140
620.605,400.535,13.450,16.140
620.198,400.011,13.450,16.140
620.734,399.566,13.163,15.795
620.677,400.421,13.163,15.795
621.189,400.591,13.163,15.795
620.677,400.535,13.163,15.795
621.189,400.819,13.163,15.795
620.677,399.965,13.163,15.795
621.189,400.136,13.163,15.795
620.563,400.079,13.163,15.795
621.075,400.136,13.163,15.795
620.162,399.666,13.454,16.145
620.918,400.073,13.454,16.145
620.511,399.433,13.454,16.145
620.785,398.952,13.752,16.502
621.201,399.488,13.752,16.502
620.247,399.614,14.056,16.867
620.807,399.501,13.756,16.508
621.104,400.036,13.756,16.508
621.164,399.382,13.756,16.508
620.332,399.631,14.061,16.873
620.776,399.518,13.761,16.513
621.192,400.054,13.761,16.513
620.537,399.756,13.761,16.513
620.954,399.458,13.761,16.513
621.371,400.232,13.761,16.513
620.835,399.697,13.761,16.513
621.490,400.351,13.761,16.513
620.905,399.613,14.065,16.878
620.479,399.430,14.065,16.878
620.175,399.370,14.065,16.878
620.501,399.374,13.765,16.518
620.322,399.790,13.765,16.518
619.906,399.016,13.765,16.518
620.913,399.709,13.472,16.166
620.622,400.117,13.472,16.166
620.097,399.476,13.472,16.166
620.855,400.000,13.472,16.166
620.331,399.359,13.472,16.166
620.363,399.966,13.770,16.524
619.708,399.192,13.770,16.524
620.125,399.371,13.770,16.524
619.589,399.549,13.770,16.524
620.125,399.728,13.770,16.524
619.589,399.907,13.770,16.524
620.006,399.132,13.770,16.524
620.423,399.192,13.770,16.524
619.529,399.252,13.770,16.524
619.350,399.073,13.770,16.524
619.767,399.252,13.770,16.524
619.946,399.192,13.770,16.524
620.482,399.371,13.770,16.524
619.827,399.430,13.770,16.524
619.767,399.371,13.770,16.524
620.303,399.549,13.770,16.524
619.767,399.847,13.770,16.524
619.827,399.073,13.770,16.524
619.767,399.132,13.770,16.524
620.184,399.430,13.770,16.524
619.529,399.728,13.770,16.524
620.193,400.536,13.476,16.171
620.367,400.011,13.476,16.171
619.668,399.566,13.189,15.827
620.068,400.421,13.189,15.827
619.554,400.136,13.189,15.827
620.068,399.623,13.189,15.827
619.782,399.109,13.189,15.827
620.748,399.883,12.908,15.489
619.910,399.604,12.908,15.489
619.855,399.324,12.908,15.489
620.022,399.157,12.908,15.489
620.748,400.106,12.908,15.489
620.200,399.761,13.193,15.832
620.257,399.247,13.193,15.832
620.428,399.875,13.193,15.832
620.942,399.476,13.193,15.832
620.144,399.952,13.485,16.182
620.669,399.543,13.485,16.182
621.078,399.252,13.485,16.182
620.263,399.860,13.783,16.540
620.322,399.204,13.783,16.540
620.263,399.383,13.783,16.540
620.084,399.681,13.783,16.540
