374.000,375.000,30.000,15.000
377.756,375.786,30.000,15.000
383.084,375.873,30.000,15.000
387.364,376.135,30.000,15.000
393.216,376.747,30.000,15.000
398.020,376.660,30.000,15.000
404.221,376.922,30.000,15.000
410.772,377.358,30.000,15.000
417.497,377.970,30.000,15.000
424.048,377.533,30.000,15.000
430.599,377.271,30.000,15.000
438.023,378.581,30.000,15.000
444.748,377.970,30.000,15.000
452.697,378.581,30.000,15.000
460.296,378.319,30.000,15.000
467.545,379.105,30.000,15.000
476.542,379.193,30.000,15.000
484.490,379.105,30.000,15.000
493.481,379.181,29.360,14.680
499.973,379.090,28.734,14.367
512.133,379.808,28.121,14.061
516.457,379.248,27.522,13.761
515.239,379.345,28.131,14.065
513.483,382.333,28.753,14.376
514.516,388.054,28.140,14.070
515.053,391.126,27.540,13.770
515.578,392.432,26.952,13.476
514.715,395.021,26.952,13.476
514.775,395.846,26.378,13.189
515.467,396.383,26.378,13.189
514.468,397.228,26.378,13.189
514.699,398.380,26.378,13.189
514.622,399.378,26.378,13.189
513.623,398.994,26.378,13.189
510.321,398.610,26.378,13.189
504.561,397.766,26.378,13.189
494.347,396.460,26.378,13.189
481.215,396.076,26.378,13.189
462.518,417.204,26.961,13.481
446.426,416.498,26.961,13.481
429.269,417.244,27.558,13.779
412.501,417.966,27.558,13.779
395.732,417.244,27.558,13.779
378.642,417.806,27.558,13.779
361.873,417.084,27.558,13.779
344.623,417.806,27.558,13.779
328.015,417.405,27.558,13.779
310.479,416.337,28.167,14.084
293.175,417.567,28.167,14.084
281.776,416.665,28.167,14.084
273.001,417.567,28.167,14.084
266.851,418.469,28.167,14.084
265.491,419.014,27.567,13.783
263.966,418.613,27.567,13.783
262.762,418.372,27.567,13.783
261.879,419.095,27.567,13.783
262.120,419.014,27.567,13.783
263.265,418.620,26.979,13.489
262.244,419.170,26.979,13.489
262.008,419.091,26.979,13.489
263.029,419.012,26.979,13.489
262.008,419.405,26.979,13.489
263.029,419.170,26.979,13.489
262.008,419.091,26.979,13.489
262.872,418.855,26.979,13.489
262.637,418.463,26.979,13.489
262.401,418.541,26.979,13.489
260.909,418.463,26.979,13.489
258.316,418.227,26.979,13.489
250.226,417.363,26.979,13.489
239.465,417.913,26.979,13.489
225.231,416.704,27.576,13.788
207.184,415.635,28.186,14.093
190.270,414.713,28.810,14.405
173.410,413.623,28.810,14.405
156.719,412.868,28.810,14.405
139.604,411.577,29.447,14.723
122.715,413.721,29.447,14.723
106.467,412.401,30.099,15.049
89.860,412.871,30.764,15.382
72.514,411.679,31.445,15.723
56.126,411.038,31.445,15.723
39.922,413.327,31.445,15.723
23.717,411.770,31.445,15.723
7.147,410.397,31.445,15.723
-7.078,407.123,30.775,15.387
17.402,382.133,31.455,15.728
6.173,375.504,30.785,15.392
-6.370,352.775,30.128,15.064
-11.195,329.530,30.128,15.064
12.771,353.662,30.795,15.397
-6.825,364.375,31.476,15.738
-9.116,360.618,31.476,15.738
-9.749,358.637,32.172,16.086
-9.656,360.979,32.172,16.086
-10.311,361.073,32.172,16.086
-9.793,367.406,32.884,16.442
-10.653,371.694,33.612,16.806
-9.968,371.400,33.612,16.806
-9.020,393.855,34.356,17.178
-8.320,394.556,34.356,17.178
-9.207,394.064,33.623,16.811
-8.326,394.553,33.623,16.811
-7.249,393.477,33.623,16.811
-8.717,394.162,33.623,16.811
-7.641,393.281,33.623,16.811
-8.326,393.574,33.623,16.811
-7.249,394.064,33.623,16.811
-8.522,394.162,33.623,16.811
-7.445,393.281,33.623,16.811
-8.130,393.770,33.623,16.811
-8.815,393.868,33.623,16.811
-7.739,394.162,33.623,16.811
-8.229,393.492,32.906,16.453
-7.367,394.163,32.906,16.453
-8.032,394.800,32.204,16.102
-7.188,393.956,32.204,16.102
-7.844,394.425,32.204,16.102
-7.001,395.081,32.204,16.102
-7.844,394.425,32.204,16.102
-6.813,395.268,32.204,16.102
-7.094,394.800,32.204,16.102
-7.563,394.331,32.204,16.102
-8.032,395.175,32.204,16.102
-9.044,394.533,31.517,15.759
-10.212,394.613,30.845,15.423
-9.714,375.155,31.528,15.764
-10.357,377.083,31.528,15.764
-9.848,383.670,32.225,16.113
-10.318,384.515,32.225,16.113
-10.599,384.421,32.225,16.113
-9.690,388.818,32.938,16.469
-8.960,392.516,33.667,16.833
-10.018,394.112,32.949,16.475
-10.882,398.813,32.949,16.475
-10.402,401.978,32.949,16.475
-9.922,406.103,32.949,16.475
-10.386,407.414,33.678,16.839
-9.640,407.533,34.423,17.212
17.742,435.105,35.185,17.592
10.514,436.576,34.434,17.217
-1.015,436.677,34.434,17.217
-7.895,435.990,33.700,16.850
-9.332,436.265,32.981,16.491
-9.999,435.608,32.278,16.139
-9.383,436.776,31.590,15.795
-8.958,437.388,30.916,15.458
-9.929,437.292,30.257,15.128
-9.012,438.557,29.612,14.806
-5.290,423.176,28.980,14.490
-5.875,422.599,28.362,14.181
-5.493,422.989,27.757,13.879
-4.766,422.585,27.757,13.879
-5.655,422.180,27.757,13.879
-5.748,422.562,27.165,13.583
-4.925,423.393,26.586,13.293
-3.821,423.311,26.019,13.010
-4.806,423.387,26.019,13.010
-3.871,423.160,25.464,12.732
-3.242,423.225,24.921,12.461
-3.886,423.288,24.390,12.195
-2.963,423.785,24.390,12.195
-3.318,423.146,24.390,12.195
-3.815,423.501,24.390,12.195
-3.034,423.004,24.390,12.195
-3.531,423.501,24.390,12.195
-3.886,422.861,24.390,12.195
-2.963,423.501,24.390,12.195
-2.908,423.015,23.870,11.935
-3.672,423.779,23.870,11.935
-2.681,423.303,23.361,11.680
-2.749,423.235,23.361,11.680
-2.545,423.167,23.361,11.680
-3.429,423.235,23.361,11.680
-2.953,423.303,23.361,11.680
-2.477,423.099,23.361,11.680
-3.361,423.848,23.361,11.680
-3.021,423.916,23.361,11.680
-3.361,423.848,23.361,11.680
-3.837,423.916,23.361,11.680
-2.817,424.120,23.361,11.680
-2.069,424.324,23.361,11.680
-2.817,423.303,23.361,11.680
-3.565,423.099,23.361,11.680
-5.742,421.978,22.862,11.431
-7.139,415.256,22.862,11.431
-6.318,414.415,22.375,11.187
-5.732,415.913,22.375,11.187
-5.371,397.744,22.870,11.435
-5.693,387.739,23.376,11.688
-6.729,384.997,23.893,11.947
-7.642,371.657,24.422,12.211
-6.718,376.279,24.422,12.211
-5.293,369.350,23.901,11.950
-5.629,369.724,24.430,12.215
-4.940,373.500,24.970,12.485
-4.990,372.079,25.523,12.761
-5.966,371.090,26.087,13.044
-4.523,380.888,26.087,13.044
-3.840,378.078,26.087,13.044
-4.675,375.875,26.087,13.044
-4.143,374.432,26.087,13.044
-4.984,373.106,26.665,13.332
-4.751,371.631,26.665,13.332
-5.610,371.080,27.255,13.627
-5.371,371.636,27.255,13.627
-4.816,371.080,27.255,13.627
-4.419,371.318,27.255,13.627
-5.133,370.287,27.255,13.627
-4.737,370.525,27.255,13.627
-4.657,370.922,27.255,13.627
-4.419,371.318,27.255,13.627
-5.451,370.445,27.255,13.627
-5.054,370.525,27.255,13.627
-5.292,370.763,27.255,13.627
-5.848,370.684,27.255,13.627
-5.408,370.121,27.858,13.929
-5.165,369.716,27.858,13.929
-5.895,370.608,27.858,13.929
-6.463,370.851,27.858,13.929
-5.733,370.283,27.858,13.929
-6.463,370.040,27.858,13.929
-5.733,369.310,27.858,13.929
-4.516,370.202,27.858,13.929
-2.975,373.528,27.858,13.929
-4.516,362.578,27.858,13.929
-5.235,360.147,27.263,13.632
-6.937,362.055,27.867,13.933
-5.310,356.182,27.272,13.636
-6.848,357.926,27.876,13.938
-5.556,356.341,28.493,14.246
-6.474,333.203,29.123,14.561
11.926,334.475,29.123,14.561
28.009,335.039,28.502,14.251
45.029,335.751,27.894,13.947
60.904,335.665,27.299,13.650
73.064,336.380,27.299,13.650
82.046,335.983,27.299,13.650
88.961,336.698,27.299,13.650
92.060,336.142,27.299,13.650
93.729,336.698,27.299,13.650
94.286,336.142,27.299,13.650
95.796,336.698,27.299,13.650
95.399,335.983,27.299,13.650
95.796,336.380,27.299,13.650
96.193,335.506,27.299,13.650
96.750,335.903,27.299,13.650
95.875,335.824,27.299,13.650
96.273,335.744,27.299,13.650
96.829,335.983,27.299,13.650
96.114,336.221,27.299,13.650
96.829,335.347,27.299,13.650
97.657,336.488,26.717,13.359
96.490,335.788,26.717,13.359
97.190,336.333,26.717,13.359
96.956,335.477,26.717,13.359
97.916,336.594,26.147,13.074
97.231,336.214,26.147,13.074
97.612,335.985,26.147,13.074
96.926,335.757,26.147,13.074
97.459,336.746,26.147,13.074
96.622,336.518,26.147,13.074
97.708,336.144,25.590,12.795
96.888,336.069,25.590,12.795
97.410,337.187,25.590,12.795
97.931,336.367,25.590,12.795
97.112,336.293,25.590,12.795
97.484,336.218,25.590,12.795
97.857,336.144,25.590,12.795
97.037,336.069,25.590,12.795
97.410,337.187,25.590,12.795
97.782,336.218,25.590,12.795
96.963,336.144,25.590,12.795
98.169,337.070,25.044,12.522
97.367,337.143,25.044,12.522
97.732,337.508,25.044,12.522
98.096,336.706,25.044,12.522
97.294,337.070,25.044,12.522
97.805,337.435,25.044,12.522
98.169,336.633,25.044,12.522
97.367,336.997,25.044,12.522
97.878,337.362,25.044,12.522
98.388,336.560,25.044,12.522
97.732,336.924,25.044,12.522
98.242,337.143,25.044,12.522
97.586,337.070,25.044,12.522
98.096,337.289,25.044,12.522
97.440,336.487,25.044,12.522
97.805,336.414,25.044,12.522
98.315,336.341,25.044,12.522
97.513,336.414,25.044,12.522
98.023,336.341,25.044,12.522
97.221,336.268,25.044,12.522
97.732,336.195,25.044,12.522
98.242,337.289,25.044,12.522
97.586,336.341,25.044,12.522
98.242,336.414,25.044,12.522
97.586,336.341,25.044,12.522
98.096,336.268,25.044,12.522
97.440,336.195,25.044,12.522
97.950,337.435,25.044,12.522
98.461,336.633,25.044,12.522
97.805,336.997,25.044,12.522
98.461,337.508,25.044,12.522
97.659,336.706,25.044,12.522
98.169,337.070,25.044,12.522
97.513,337.289,25.044,12.522
98.023,336.487,25.044,12.522
97.221,336.706,25.044,12.522
97.732,337.070,25.044,12.522
98.096,337.289,25.044,12.522
97.294,336.487,25.044,12.522
97.805,336.706,25.044,12.522
98.315,336.633,25.044,12.522
97.659,336.560,25.044,12.522
98.169,336.341,25.044,12.522
97.513,336.268,25.044,12.522
98.023,336.195,25.044,12.522
97.367,337.289,25.044,12.522
97.877,336.341,25.044,12.522
98.242,336.122,25.044,12.522
97.732,337.216,25.044,12.522
98.388,337.143,25.044,12.522
97.732,336.924,25.044,12.522
98.096,336.997,25.044,12.522
97.294,337.362,25.044,12.522
97.659,336.560,25.044,12.522
97.877,336.779,25.044,12.522
98.096,336.997,25.044,12.522
97.294,337.362,25.044,12.522
97.513,336.560,25.044,12.522
97.877,336.924,25.044,12.522
98.096,337.143,25.044,12.522
97.294,337.362,25.044,12.522
97.513,336.560,25.044,12.522
97.877,336.633,25.044,12.522
98.242,336.997,25.044,12.522
97.586,337.508,25.044,12.522
97.950,336.706,25.044,12.522
98.461,337.216,25.044,12.522
97.659,337.726,25.044,12.522
98.023,336.924,25.044,12.522
97.221,337.289,25.044,12.522
97.440,336.487,25.044,12.522
97.805,336.560,25.044,12.522
98.169,336.487,25.044,12.522
97.367,336.706,25.044,12.522
97.732,336.633,25.044,12.522
98.242,336.706,25.044,12.522
97.586,337.070,25.044,12.522
97.950,337.143,25.044,12.522
98.461,337.362,25.044,12.522
97.659,336.560,25.044,12.522
98.023,336.487,25.044,12.522
97.221,336.414,25.044,12.522
97.732,336.633,25.044,12.522
98.388,336.997,25.044,12.522
97.732,337.362,25.044,12.522
98.242,336.560,25.044,12.522
97.586,336.924,25.044,12.522
98.096,337.435,25.044,12.522
97.440,336.633,25.044,12.522
97.950,337.143,25.044,12.522
98.461,337.654,25.044,12.522
97.805,336.851,25.044,12.522
98.315,337.362,25.044,12.522
97.513,336.560,25.044,12.522
98.023,337.070,25.044,12.522
97.221,337.435,25.044,12.522
97.586,336.633,25.044,12.522
97.950,336.997,25.044,12.522
98.315,337.216,25.044,12.522
97.513,337.289,25.044,12.522
98.023,336.487,25.044,12.522
97.367,336.560,25.044,12.522
97.877,336.633,25.044,12.522
98.388,336.851,25.044,12.522
97.586,337.070,25.044,12.522
98.096,337.289,25.044,12.522
97.440,336.487,25.044,12.522
97.950,336.706,25.044,12.522
98.461,336.924,25.044,12.522
97.804,337.143,25.044,12.522
98.169,337.508,25.044,12.522
97.513,336.851,25.044,12.522
98.023,337.362,25.044,12.522
97.367,336.706,25.044,12.522
97.877,337.216,25.044,12.522
98.388,337.726,25.044,12.522
97.732,336.924,25.044,12.522
98.242,337.289,25.044,12.522
97.586,336.487,25.044,12.522
98.096,336.706,25.044,12.522
97.440,337.070,25.044,12.522
97.950,337.289,25.044,12.522
98.461,336.487,25.044,12.522
97.804,336.268,25.044,12.522
98.169,336.049,25.044,12.522
97.367,336.997,25.044,12.522
97.877,336.633,25.044,12.522
98.388,336.414,25.044,12.522
97.732,336.195,25.044,12.522
98.388,337.289,25.044,12.522
97.877,336.341,25.044,12.522
98.534,336.122,25.044,12.522
98.023,337.070,25.044,12.522
97.513,336.851,25.044,12.522
98.169,336.633,25.044,12.522
97.367,336.414,25.044,12.522
97.732,336.195,25.044,12.522
98.242,337.289,25.044,12.522
97.586,336.341,25.044,12.522
98.096,336.268,25.044,12.522
97.440,336.195,25.044,12.522
98.096,337.289,25.044,12.522
97.440,336.341,25.044,12.522
98.096,336.268,25.044,12.522
97.440,336.195,25.044,12.522
98.096,337.289,25.044,12.522
97.440,336.487,25.044,12.522
97.804,336.268,25.044,12.522
98.169,336.195,25.044,12.522
97.367,337.289,25.044,12.522
97.877,336.341,25.044,12.522
98.242,336.122,25.044,12.522
97.440,337.362,25.044,12.522
97.950,336.560,25.044,12.522
98.461,336.633,25.044,12.522
97.804,336.560,25.044,12.522
98.315,336.487,25.044,12.522
97.659,336.268,25.044,12.522
98.169,336.195,25.044,12.522
97.367,337.435,25.044,12.522
97.732,336.633,25.044,12.522
98.242,336.851,25.044,12.522
97.440,337.216,25.044,12.522
97.950,337.435,25.044,12.522
98.461,336.633,25.044,12.522
97.659,336.560,25.044,12.522
98.023,336.487,25.044,12.522
97.221,336.414,25.044,12.522
97.732,336.341,25.044,12.522
98.096,336.268,25.044,12.522
97.294,336.195,25.044,12.522
97.659,337.289,25.044,12.522
98.023,336.341,25.044,12.522
97.221,336.560,25.044,12.522
97.732,336.487,25.044,12.522
98.388,336.268,25.044,12.522
97.732,336.195,25.044,12.522
98.242,337.289,25.044,12.522
97.586,336.341,25.044,12.522
98.096,336.122,25.044,12.522
97.440,337.216,25.044,12.522
97.950,337.143,25.044,12.522
98.461,337.070,25.044,12.522
97.950,337.581,25.044,12.522
98.461,336.779,25.044,12.522
97.804,337.143,25.044,12.522
98.461,337.654,25.044,12.522
97.950,336.852,25.044,12.522
98.606,337.362,25.044,12.522
97.950,336.560,25.044,12.522
98.461,336.924,25.044,12.522
97.804,337.289,25.044,12.522
98.315,336.341,25.044,12.522
97.659,336.560,25.044,12.522
98.169,336.633,25.044,12.522
97.367,336.852,25.044,12.522
97.877,337.070,25.044,12.522
98.534,337.289,25.044,12.522
97.877,336.487,25.044,12.522
98.534,336.560,25.044,12.522
97.877,336.487,25.044,12.522
98.388,336.414,25.044,12.522
97.731,336.341,25.044,12.522
98.242,336.268,25.044,12.522
97.586,336.195,25.044,12.522
98.096,337.289,25.044,12.522
97.440,336.341,25.044,12.522
97.950,336.268,25.044,12.522
98.606,336.195,25.044,12.522
97.950,337.289,25.044,12.522
98.315,336.487,25.044,12.522
97.659,336.852,25.044,12.522
98.169,336.925,25.044,12.522
97.513,337.143,25.044,12.522
98.023,337.362,25.044,12.522
97.221,336.560,25.044,12.522
97.877,336.779,25.044,12.522
98.534,336.852,25.044,12.522
97.877,337.070,25.044,12.522
98.534,337.581,25.044,12.522
97.877,336.779,25.044,12.522
98.388,337.143,25.044,12.522
97.731,337.508,25.044,12.522
98.242,336.706,25.044,12.522
97.731,337.070,25.044,12.522
98.388,336.997,25.044,12.522
97.877,337.362,25.044,12.522
98.388,336.560,25.044,12.522
97.731,336.779,25.044,12.522
98.242,336.706,25.044,12.522
97.586,336.925,25.044,12.522
98.096,337.143,25.044,12.522
97.294,337.216,25.044,12.522
97.804,337.289,25.044,12.522
98.315,336.487,25.044,12.522
97.659,336.706,25.044,12.522
98.169,337.070,25.044,12.522
97.513,337.289,25.044,12.522
98.023,336.487,25.044,12.522
97.367,336.706,25.044,12.522
97.877,336.779,25.044,12.522
98.534,337.143,25.044,12.522
97.877,337.362,25.044,12.522
98.388,336.560,25.044,12.522
97.731,336.633,25.044,12.522
98.096,336.560,25.044,12.522
97.440,336.487,25.044,12.522
97.950,336.414,25.044,12.522
98.461,336.341,25.044,12.522
97.804,336.268,25.044,12.522
98.315,336.050,25.044,12.522
97.659,337.143,25.044,12.522
98.169,337.070,25.044,12.522
97.513,337.289,25.044,12.522
98.023,336.487,25.044,12.522
97.221,336.122,25.044,12.522
97.731,337.070,25.044,12.522
98.242,336.706,25.044,12.522
97.586,336.487,25.044,12.522
98.096,336.268,25.044,12.522
97.440,336.050,25.044,12.522
97.950,337.143,25.044,12.522
98.461,337.070,25.044,12.522
97.804,336.852,25.044,12.522
98.315,336.633,25.044,12.522
97.659,336.414,25.044,12.522
98.169,336.341,25.044,12.522
97.513,336.414,25.044,12.522
98.023,336.341,25.044,12.522
99.554,337.581,25.044,12.522
103.127,341.299,25.044,12.522
113.116,345.310,25.044,12.522
124.418,348.153,25.044,12.522
141.261,351.726,25.044,12.522
157.813,357.049,25.044,12.522
177.281,365.288,25.044,12.522
191.645,370.465,25.044,12.522
204.843,375.350,25.044,12.522
213.957,379.069,25.044,12.522
223.509,384.683,25.044,12.522
226.499,388.694,25.044,12.522
227.659,391.657,25.598,12.799
228.330,393.073,25.598,12.799
227.361,395.830,25.598,12.799
226.541,397.395,25.598,12.799
228.106,398.066,25.598,12.799
228.777,399.035,25.598,12.799
228.255,398.812,25.598,12.799
228.926,398.588,25.598,12.799
228.702,399.110,25.598,12.799
228.479,398.588,25.598,12.799
229.298,398.961,25.598,12.799
229.373,399.184,25.598,12.799
229.149,398.513,25.598,12.799
228.777,398.886,25.598,12.799
228.553,399.408,25.598,12.799
229.373,398.737,25.598,12.799
229.298,399.259,25.598,12.799
230.416,398.737,25.598,12.799
233.472,399.110,25.598,12.799
241.595,397.992,25.598,12.799
252.253,399.110,25.598,12.799
268.276,398.737,25.598,12.799
285.194,399.408,25.598,12.799
302.061,399.472,25.052,12.526
318.472,398.962,25.052,12.526
337.510,399.728,24.518,12.259
352.564,399.240,23.995,11.998
370.798,398.896,23.483,11.742
388.512,399.746,22.983,11.491
403.701,400.081,22.983,11.491
421.567,398.810,22.983,11.491
436.756,398.475,22.983,11.491
454.622,398.542,22.983,11.491
467.135,398.475,22.983,11.491
474.830,398.408,22.983,11.491
482.525,398.073,22.983,11.491
485.536,397.739,22.983,11.491
486.138,398.475,22.983,11.491
486.473,398.007,22.983,11.491
487.744,397.538,22.983,11.491
488.346,398.274,22.983,11.491
488.012,397.940,22.983,11.491
487.677,397.471,22.983,11.491
488.948,397.940,22.983,11.491
489.684,397.471,22.983,11.491
489.350,398.073,22.983,11.491
488.748,397.471,22.983,11.491
489.484,398.073,22.983,11.491
489.015,397.471,22.983,11.491
488.413,398.073,22.983,11.491
489.015,397.471,22.983,11.491
488.413,397.940,22.983,11.491
489.015,397.739,22.983,11.491
488.413,398.475,22.983,11.491
489.200,397.445,23.491,11.746
488.858,398.061,23.491,11.746
488.516,397.445,23.491,11.746
489.268,397.924,23.491,11.746
488.653,397.445,23.491,11.746
489.132,398.061,23.491,11.746
488.516,397.582,23.491,11.746
489.132,398.198,23.491,11.746
488.653,397.582,23.491,11.746
489.268,398.061,23.491,11.746
488.790,397.445,23.491,11.746
488.311,397.924,23.491,11.746
489.063,397.309,23.491,11.746
488.858,397.787,23.491,11.746
489.063,397.035,23.491,11.746
489.775,398.149,22.990,11.495
489.842,397.547,22.990,11.495
489.909,398.149,22.990,11.495
489.976,397.413,22.990,11.495
489.909,397.747,22.990,11.495
489.842,398.082,22.990,11.495
489.507,397.346,22.990,11.495
489.307,397.681,22.990,11.495
489.106,397.881,22.990,11.495
488.905,397.145,22.990,11.495
489.775,397.346,22.990,11.495
489.842,397.547,22.990,11.495
489.775,397.747,22.990,11.495
489.708,397.948,22.990,11.495
489.775,397.212,22.990,11.495
489.574,397.413,22.990,11.495
489.775,397.747,22.990,11.495
489.842,397.948,22.990,11.495
490.043,397.212,22.990,11.495
489.173,397.547,22.990,11.495
489.374,397.881,22.990,11.495
489.708,397.145,22.990,11.495
489.909,397.480,22.990,11.495
489.976,397.814,22.990,11.495
490.177,397.078,22.990,11.495
489.173,397.547,22.990,11.495
488.838,397.881,22.990,11.495
489.574,397.279,22.990,11.495
489.240,397.614,22.990,11.495
488.905,397.948,22.990,11.495
489.775,397.346,22.990,11.495
489.440,397.681,22.990,11.495
488.972,398.015,22.990,11.495
489.708,397.413,22.990,11.495
489.240,397.748,22.990,11.495
488.771,398.082,22.990,11.495
489.507,397.480,22.990,11.495
489.441,398.082,22.990,11.495
489.240,397.480,22.990,11.495
489.039,397.948,22.990,11.495
488.704,397.346,22.990,11.495
489.574,397.948,22.990,11.495
489.374,397.346,22.990,11.495
489.173,397.948,22.990,11.495
489.106,397.346,22.990,11.495
488.905,397.948,22.990,11.495
489.775,397.480,22.990,11.495
489.842,398.082,22.990,11.495
489.909,397.480,22.990,11.495
490.110,398.082,22.990,11.495
489.240,397.480,22.990,11.495
489.307,397.948,22.990,11.495
489.641,397.212,22.990,11.495
489.842,397.547,22.990,11.495
490.043,398.015,22.990,11.495
489.173,397.279,22.990,11.495
489.374,397.748,22.990,11.495
489.708,398.216,22.990,11.495
490.043,397.614,22.990,11.495
489.307,398.216,22.990,11.495
489.641,397.614,22.990,11.495
489.441,398.216,22.990,11.495
489.374,397.614,22.990,11.495
489.173,398.082,22.990,11.495
489.374,397.480,22.990,11.495
489.574,397.814,22.990,11.495
489.775,397.212,22.990,11.495
489.976,397.681,22.990,11.495
490.177,398.149,22.990,11.495
489.307,397.547,22.990,11.495
489.641,398.015,22.990,11.495
489.976,397.413,22.990,11.495
490.177,397.881,22.990,11.495
489.173,397.279,22.990,11.495
488.704,397.881,22.990,11.495
489.307,397.413,22.990,11.495
488.838,398.015,22.990,11.495
489.574,397.547,22.990,11.495
489.240,398.149,22.990,11.495
489.039,397.547,22.990,11.495
488.838,398.015,22.990,11.495
489.574,397.413,22.990,11.495
489.641,397.881,22.990,11.495
489.441,397.279,22.990,11.495
489.374,397.747,22.990,11.495
489.173,398.082,22.990,11.495
488.972,397.346,22.990,11.495
489.842,397.814,22.990,11.495
488.824,397.340,23.499,11.749
469.612,387.060,24.019,12.009
469.262,386.430,24.019,12.009
470.451,386.920,24.019,12.009
471.500,387.269,24.019,12.009
472.409,386.640,24.019,12.009
473.178,387.269,24.019,12.009
473.808,386.780,24.019,12.009
474.717,387.549,24.019,12.009
475.486,387.200,24.019,12.009
475.556,387.269,24.019,12.009
476.185,386.920,24.019,12.009
475.836,387.829,24.019,12.009
477.025,387.899,24.019,12.009
476.255,387.969,24.019,12.009
477.164,388.039,24.019,12.009
477.934,386.990,24.019,12.009
479.122,388.318,24.019,12.009
478.913,387.969,24.019,12.009
480.102,389.018,24.019,12.009
480.591,387.969,24.019,12.009
481.640,388.878,24.019,12.009
482.269,389.088,24.019,12.009
482.199,388.039,24.019,12.009
482.689,388.248,24.019,12.009
483.318,388.598,24.019,12.009
483.668,388.948,24.019,12.009
484.437,389.577,24.019,12.009
483.948,389.088,24.019,12.009
484.717,388.738,24.019,12.009
484.227,389.507,24.019,12.009
484.297,389.857,24.019,12.009
484.088,390.626,24.019,12.009
484.765,390.711,24.550,12.275
483.550,391.211,24.550,12.275
484.094,391.891,25.093,12.547
483.144,391.526,25.093,12.547
486.126,395.253,25.649,12.824
486.798,395.775,25.649,12.824
485.972,394.936,26.216,13.108
486.354,396.234,26.216,13.108
486.735,395.547,26.216,13.108
485.891,394.689,26.796,13.398
486.281,395.859,26.796,13.398
485.735,395.157,26.796,13.398
486.749,395.859,26.796,13.398
486.671,395.469,26.796,13.398
487.061,396.327,26.796,13.398
487.607,396.093,26.796,13.398
487.061,395.703,26.796,13.398
487.763,396.562,26.796,13.398
487.373,396.327,26.796,13.398
486.827,396.093,26.796,13.398
487.217,395.859,26.796,13.398
486.515,395.625,26.796,13.398
486.905,396.328,26.796,13.398
487.139,395.937,26.796,13.398
486.437,395.547,26.796,13.398
486.671,396.250,26.796,13.398
487.061,395.859,26.796,13.398
487.295,395.469,26.796,13.398
486.749,396.172,26.796,13.398
487.139,395.781,26.796,13.398
486.437,396.484,26.796,13.398
486.827,396.094,26.796,13.398
487.061,395.547,26.796,13.398
487.451,396.094,26.796,13.398
486.749,395.547,26.796,13.398
487.139,396.250,26.796,13.398
486.437,395.859,26.796,13.398
486.983,395.625,26.796,13.398
487.529,396.484,26.796,13.398
486.671,396.250,26.796,13.398
483.004,396.484,26.796,13.398
475.905,397.498,26.796,13.398
466.621,397.732,26.796,13.398
452.344,397.810,26.796,13.398
442.124,396.796,26.796,13.398
435.337,398.122,26.796,13.398
431.514,397.576,26.796,13.398
430.812,398.122,26.796,13.398
429.486,397.576,26.796,13.398
428.471,397.966,26.796,13.398
428.237,397.264,26.796,13.398
428.783,397.654,26.796,13.398
429.642,398.200,26.796,13.398
429.408,397.342,26.796,13.398
429.330,397.576,26.796,13.398
429.408,397.810,26.796,13.398
429.018,397.108,26.796,13.398
429.876,397.498,26.796,13.398
429.486,397.732,26.796,13.398
429.096,397.810,26.796,13.398
429.798,397.108,26.796,13.398
429.408,397.498,26.796,13.398
428.862,397.732,26.796,13.398
429.564,397.966,26.796,13.398
429.174,397.264,26.796,13.398
428.627,397.498,26.796,13.398
429.330,397.888,26.796,13.398
428.783,397.186,26.796,13.398
428.393,397.732,26.796,13.398
424.883,398.278,26.796,13.398
419.078,399.248,26.225,13.112
408.770,398.713,26.225,13.112
397.699,399.859,26.225,13.112
400.657,420.864,26.805,13.402
383.566,421.566,26.805,13.402
365.851,422.893,26.805,13.402
349.696,422.191,26.805,13.402
333.386,422.893,26.805,13.402
315.202,422.971,26.805,13.402
297.643,423.205,26.805,13.402
281.957,423.439,26.805,13.402
265.958,423.986,26.805,13.402
249.179,422.971,26.805,13.402
232.446,423.713,27.398,13.699
221.837,422.996,27.398,13.699
213.302,423.713,27.398,13.699
208.915,423.315,27.398,13.699
207.399,422.597,27.398,13.699
205.855,423.521,28.004,14.002
205.284,422.950,28.004,14.002
204.890,422.880,28.624,14.312
205.005,422.116,29.257,14.628
203.533,423.103,29.904,14.952
204.196,421.764,30.566,15.283
204.135,422.795,31.242,15.621
203.316,423.432,31.242,15.621
203.820,422.032,31.933,15.967
203.756,422.338,32.640,16.320
202.507,422.453,33.362,16.681
202.642,422.772,34.100,17.050
202.986,422.687,34.855,17.427
203.290,423.194,34.855,17.427
203.642,423.528,35.626,17.813
204.575,422.594,35.626,17.813
204.504,422.505,36.414,18.207
203.762,421.551,36.414,18.207
204.349,421.679,37.220,18.610
205.108,422.221,37.220,18.610
203.699,422.763,37.220,18.610
203.624,423.119,38.043,19.022
203.548,423.483,38.885,19.442
203.470,423.855,39.745,19.873
205.206,420.500,39.745,19.873
210.413,415.755,39.745,19.873
219.458,412.534,40.625,20.312
231.877,410.287,40.625,20.312
248.318,407.093,40.625,20.312
265.231,400.825,40.625,20.312
282.145,394.556,40.625,20.312
298.822,388.524,40.625,20.312
315.499,382.728,40.625,20.312
332.176,376.223,40.625,20.312
349.089,366.170,40.625,20.312
365.293,357.299,40.625,20.312
381.970,348.192,40.625,20.312
397.464,338.375,40.625,20.312
413.905,328.321,40.625,20.312
423.572,320.444,39.758,19.879
432.139,314.339,40.638,20.319
436.968,308.590,41.537,20.769
439.750,302.665,41.537,20.769
440.596,296.255,41.537,20.769
441.517,289.877,42.456,21.228
441.888,286.787,42.456,21.228
442.698,284.273,41.551,20.775
441.125,281.733,41.551,20.775
441.544,278.365,42.470,21.235
440.926,276.016,42.470,21.235
441.544,273.419,42.470,21.235
441.401,271.858,41.564,20.782
442.427,270.097,40.678,20.339
442.783,270.452,40.678,20.339
442.901,270.571,40.678,20.339
442.072,271.163,40.678,20.339
442.392,271.494,39.810,19.905
443.151,270.477,38.961,19.481
442.583,271.013,38.131,19.065
443.582,270.458,38.131,19.065
443.239,271.196,37.317,18.659
444.652,270.218,37.317,18.659
443.898,270.522,36.522,18.261
444.430,270.203,36.522,18.261
443.487,270.705,35.743,17.871
442.758,270.809,35.743,17.871
442.030,270.913,35.743,17.871
442.758,271.017,35.743,17.871
441.822,271.329,35.743,17.871
441.926,271.642,35.743,17.871
442.238,270.913,35.743,17.871
442.342,271.017,35.743,17.871
442.446,271.121,35.743,17.871
442.966,271.225,35.743,17.871
442.030,271.538,35.743,17.871
442.550,271.850,35.743,17.871
443.278,271.121,35.743,17.871
442.550,271.433,35.743,17.871
443.070,271.746,35.743,17.871
445.374,269.713,36.534,18.267
449.735,266.415,36.534,18.267
458.138,261.203,36.534,18.267
469.732,258.970,36.534,18.267
485.580,256.310,36.534,18.267
497.387,252.162,36.534,18.267
505.577,246.525,36.534,18.267
512.491,243.866,36.534,18.267
513.874,242.908,36.534,18.267
514.618,242.164,36.534,18.267
515.649,239.644,37.342,18.671
517.497,238.883,37.342,18.671
518.041,238.122,37.342,18.671
518.334,238.426,36.546,18.273
518.653,238.958,36.546,18.273
518.972,238.213,36.546,18.273
518.015,238.532,36.546,18.273
518.121,238.852,36.546,18.273
518.440,239.384,36.546,18.273
518.547,238.426,36.546,18.273
518.866,238.745,36.546,18.273
517.696,239.277,36.546,18.273
518.506,239.185,37.354,18.677
517.744,239.294,37.354,18.677
518.506,239.403,37.354,18.677
517.302,239.535,38.181,19.090
517.918,239.670,39.025,19.513
518.486,238.647,39.025,19.513
517.236,239.215,39.025,19.513
517.577,238.193,39.025,19.513
518.600,238.533,39.025,19.513
518.032,239.102,39.025,19.513
516.782,239.442,39.025,19.513
518.032,238.420,39.025,19.513
517.236,238.988,39.025,19.513
518.259,237.511,39.025,19.513
517.689,238.705,38.193,19.097
518.690,238.816,38.193,19.097
518.579,239.372,38.193,19.097
518.468,239.928,38.193,19.097
517.007,240.293,39.038,19.519
517.636,238.073,39.902,19.951
516.606,239.069,39.051,19.525
512.172,241.684,39.051,19.525
503.872,246.573,39.051,19.525
494.663,250.325,39.051,19.525
479.087,252.031,39.051,19.525
462.374,256.465,39.051,19.525
445.888,264.310,39.051,19.525
429.857,269.426,39.051,19.525
411.552,275.679,39.051,19.525
395.976,281.932,39.051,19.525
379.717,289.323,39.051,19.525
362.549,298.987,39.051,19.525
342.880,310.242,39.051,19.525
327.077,319.452,39.051,19.525
311.273,328.888,39.051,19.525
298.425,337.643,39.051,19.525
288.761,345.488,39.051,19.525
280.007,351.969,39.051,19.525
273.795,359.656,39.915,19.957
275.538,364.420,39.915,19.957
276.300,370.346,39.064,19.532
274.366,375.009,39.064,19.532
274.892,378.835,38.231,19.115
273.668,383.398,38.231,19.115
274.397,387.571,37.415,18.708
274.289,389.859,37.415,18.708
273.953,391.004,36.618,18.309
273.633,392.389,36.618,18.309
274.742,393.921,35.837,17.918
273.588,394.264,36.630,18.315
274.548,394.584,36.630,18.315
274.015,394.903,36.630,18.315
273.055,393.730,36.630,18.315
248.420,365.256,36.630,18.315
249.593,366.429,36.630,18.315
247.780,365.896,36.630,18.315
246.607,365.363,36.630,18.315
246.927,366.323,36.630,18.315
246.180,365.789,36.630,18.315
246.714,366.749,36.630,18.315
246.180,366.429,36.630,18.315
246.074,365.896,36.630,18.315
246.394,365.576,36.630,18.315
246.927,366.536,36.630,18.315
246.394,366.642,36.630,18.315
246.714,366.749,36.630,18.315
246.180,367.069,36.630,18.315
246.500,366.109,36.630,18.315
246.394,366.003,36.630,18.315
246.287,365.896,36.630,18.315
246.180,365.789,36.630,18.315
246.500,366.962,36.630,18.315
245.967,366.216,36.630,18.315
242.235,366.962,36.630,18.315
235.729,366.856,36.630,18.315
224.958,366.962,36.630,18.315
212.907,367.496,36.630,18.315
218.346,395.970,36.630,18.315
203.522,394.157,36.630,18.315
186.566,394.264,36.630,18.315
170.338,394.835,37.440,18.720
152.353,394.072,37.440,18.720
140.689,394.181,37.440,18.720
131.793,393.635,38.268,19.134
125.243,394.001,39.115,19.558
122.624,393.660,39.115,19.558
120.916,394.912,39.115,19.558
119.892,393.396,39.980,19.990
120.474,393.746,39.980,19.990
120.590,394.328,39.980,19.990
120.752,393.020,40.865,20.433
119.681,393.852,40.865,20.433
120.038,392.544,40.865,20.433
121.047,393.794,39.994,19.997
119.999,394.376,39.994,19.997
120.403,393.067,40.878,20.439
119.331,394.138,40.878,20.439
119.927,393.067,40.878,20.439
119.093,394.138,40.878,20.439
120.165,394.257,40.878,20.439
120.284,393.662,40.878,20.439
119.688,394.734,40.878,20.439
119.807,393.900,40.878,20.439
119.927,392.829,40.878,20.439
120.284,393.186,40.878,20.439
120.641,393.543,40.878,20.439
119.569,394.376,40.878,20.439
119.688,393.067,40.878,20.439
119.807,393.662,40.878,20.439
120.165,394.258,40.878,20.439
120.522,392.710,40.878,20.439
121.302,393.731,40.007,20.003
119.787,394.314,40.007,20.003
120.432,393.246,40.892,20.446
119.599,394.318,40.892,20.446
119.004,393.246,40.892,20.446
119.837,394.080,40.892,20.446
119.004,393.008,40.892,20.446
120.075,393.842,40.892,20.446
119.242,393.961,40.892,20.446
120.075,393.127,40.892,20.446
119.242,394.437,40.892,20.446
119.160,393.099,41.797,20.898
119.768,393.464,41.797,20.898
118.917,394.073,41.797,20.898
119.768,392.734,41.797,20.898
119.628,394.247,40.905,20.453
119.985,392.937,40.905,20.453
119.866,394.009,40.905,20.453
119.032,394.366,40.905,20.453
120.104,393.294,40.905,20.453
119.985,394.366,40.905,20.453
120.104,393.294,40.905,20.453
119.747,394.366,40.905,20.453
119.866,392.818,40.905,20.453
119.985,393.652,40.905,20.453
120.104,394.723,40.905,20.453
120.223,393.413,40.905,20.453
119.866,394.485,40.905,20.453
118.794,392.937,40.905,20.453
119.628,393.294,40.905,20.453
119.032,393.652,40.905,20.453
120.104,393.771,40.905,20.453
119.270,394.366,40.905,20.453
119.683,392.286,41.810,20.905
119.307,393.331,40.919,20.459
120.380,392.020,40.919,20.459
121.390,393.042,40.046,20.023
120.341,393.392,40.046,20.023
120.924,393.508,40.046,20.023
121.507,392.925,40.046,20.023
121.856,393.508,40.046,20.023
120.574,393.858,40.046,20.023
120.690,393.975,40.046,20.023
121.040,394.325,40.046,20.023
120.718,392.530,40.932,20.466
120.837,393.365,40.932,20.466
121.195,392.292,40.932,20.466
120.599,393.126,40.932,20.466
119.765,394.199,40.932,20.466
120.599,393.841,40.932,20.466
119.765,393.961,40.932,20.466
120.599,394.080,40.932,20.466
120.718,394.199,40.932,20.466
121.314,392.888,40.932,20.466
121.433,393.484,40.932,20.466
121.791,392.411,40.932,20.466
121.910,393.245,40.932,20.466
120.853,393.808,40.059,20.030
121.436,394.158,40.059,20.030
121.598,392.364,40.946,20.473
122.194,392.960,40.946,20.473
121.367,393.293,40.072,20.036
120.317,393.643,40.072,20.036
121.133,393.293,40.072,20.036
120.083,393.410,40.072,20.036
120.667,393.526,40.072,20.036
121.250,393.643,40.072,20.036
120.200,393.760,40.072,20.036
121.250,392.943,40.072,20.036
122.300,393.059,40.072,20.036
122.650,391.543,40.072,20.036
121.840,392.544,39.218,19.609
122.411,393.115,39.218,19.609
121.155,393.685,39.218,19.609
118.529,394.485,39.218,19.609
88.043,363.998,39.218,19.609
77.881,364.569,39.218,19.609
67.719,364.912,39.218,19.609
51.391,364.113,39.218,19.609
35.292,363.542,39.218,19.609
19.192,364.113,39.218,19.609
3.778,363.313,39.218,19.609
-10.221,362.092,38.381,19.191
-11.450,356.840,38.381,19.191
-9.774,354.716,38.381,19.191
-8.992,353.711,38.381,19.191
-11.275,354.454,37.563,18.781
-12.667,354.338,36.762,18.381
-11.965,355.050,35.978,17.989
-13.559,354.307,36.774,18.387
-12.522,355.548,37.588,18.794
-12.370,356.135,38.419,19.210
-12.679,356.503,39.269,19.635
18.558,357.590,40.138,20.069
20.778,356.772,40.138,20.069
21.596,357.123,40.138,20.069
20.077,356.772,40.138,20.069
19.997,357.156,41.026,20.513
18.683,357.754,41.026,20.513
19.592,356.659,41.934,20.967
19.714,356.537,41.934,20.967
19.104,356.659,41.934,20.967
19.470,356.293,41.934,20.967
20.325,356.903,41.934,20.967
22.302,356.303,41.040,20.520
21.228,355.952,41.948,20.974
20.373,356.563,41.948,20.974
22.350,356.198,41.053,20.527
20.797,357.274,41.053,20.527
21.872,355.720,41.053,20.527
20.797,356.796,41.053,20.527
21.872,356.437,41.053,20.527
21.753,356.079,41.053,20.527
20.916,357.154,41.053,20.527
22.470,356.318,41.053,20.527
20.900,355.967,41.961,20.981
21.755,356.333,41.961,20.981
20.900,356.944,41.961,20.981
21.755,355.844,41.961,20.981
20.655,356.455,41.961,20.981
21.456,355.855,41.066,20.533
20.619,356.692,41.066,20.533
21.934,356.094,41.066,20.533
21.576,356.931,41.066,20.533
20.739,357.050,41.066,20.533
21.815,356.452,41.066,20.533
20.978,356.333,41.066,20.533
20.380,355.974,41.066,20.533
21.217,356.811,41.066,20.533
20.141,356.931,41.066,20.533
20.978,356.572,41.066,20.533
20.141,356.213,41.066,20.533
20.555,356.606,41.975,20.988
19.944,355.995,41.975,20.988
20.799,356.606,41.975,20.988
20.433,355.995,41.975,20.988
19.822,356.851,41.975,20.988
20.922,355.995,41.975,20.988
20.310,356.851,41.975,20.988
20.188,356.240,41.975,20.988
19.333,357.095,41.975,20.988
20.433,356.484,41.975,20.988
19.822,357.095,41.975,20.988
20.922,356.240,41.975,20.988
19.570,356.895,42.904,21.452
18.706,355.491,43.853,21.927
18.068,356.641,43.853,21.927
19.217,355.236,43.853,21.927
19.345,356.385,43.853,21.927
19.728,356.513,43.853,21.927
18.579,356.896,43.853,21.927
18.962,355.491,43.853,21.927
18.834,356.640,43.853,21.927
19.728,355.236,43.853,21.927
18.834,356.385,43.853,21.927
18.962,356.768,43.853,21.927
20.111,355.364,43.853,21.927
24.579,356.257,43.853,21.927
31.091,355.874,43.853,21.927
41.177,356.257,43.853,21.927
55.605,356.896,43.853,21.927
73.352,355.747,43.853,21.927
87.268,357.917,43.853,21.927
104.760,358.556,43.853,21.927
121.996,357.406,43.853,21.927
136.679,359.577,43.853,21.927
154.170,358.428,43.853,21.927
171.151,359.832,43.853,21.927
186.600,359.194,43.853,21.927
201.028,360.598,43.853,21.927
219.030,359.449,43.853,21.927
235.897,360.399,44.823,22.412
254.111,358.751,43.867,21.934
264.624,360.231,44.838,22.419
274.827,360.119,45.830,22.915
280.273,359.450,46.844,23.422
282.160,359.049,47.880,23.940
283.222,359.507,48.940,24.470
284.219,359.935,48.940,24.470
283.234,358.925,50.023,25.011
283.739,360.008,51.129,25.565
282.092,359.262,52.261,26.130
281.331,359.414,52.261,26.130
282.396,359.262,52.261,26.130
282.244,359.110,52.261,26.130
282.396,358.654,52.261,26.130
283.765,359.110,52.261,26.130
284.292,358.347,53.417,26.708
284.186,358.859,54.599,27.299
284.076,357.732,55.807,27.903
282.953,358.266,57.041,28.521
283.528,358.123,58.303,29.152
282.355,358.681,59.593,29.797
282.182,358.161,59.593,29.797
282.422,358.731,60.912,30.456
282.600,358.908,60.912,30.456
282.422,357.667,60.912,30.456
281.890,358.908,60.912,30.456
282.068,357.667,60.912,30.456
281.890,358.908,60.912,30.456
282.068,357.667,60.912,30.456
280.826,359.263,60.912,30.456
281.004,358.376,60.912,30.456
280.826,359.263,60.912,30.456
279.940,358.376,60.912,30.456
280.472,359.263,60.912,30.456
279.982,360.214,62.260,31.130
279.075,358.583,62.260,31.130
279.619,359.126,62.260,31.130
280.525,359.670,62.260,31.130
279.617,358.430,60.932,30.466
280.231,359.749,62.280,31.140
278.962,358.480,62.280,31.140
279.506,359.024,62.280,31.140
279.687,359.568,62.280,31.140
279.869,358.299,62.280,31.140
278.599,359.568,62.280,31.140
278.475,359.788,63.658,31.829
277.919,358.861,63.658,31.829
279.587,359.788,63.658,31.829
278.660,358.861,63.658,31.829
278.845,359.788,63.658,31.829
278.660,358.861,63.658,31.829
279.216,359.788,63.658,31.829
279.772,358.490,63.658,31.829
280.798,359.100,65.066,32.533
281.367,357.395,65.066,32.533
281.935,359.100,65.066,32.533
284.019,357.016,65.066,32.533
281.923,358.818,66.506,33.253
284.828,356.688,66.506,33.253
298.575,345.651,66.506,33.253
299.543,343.134,66.506,33.253
298.188,344.102,66.506,33.253
298.769,342.360,66.506,33.253
295.020,344.201,67.977,33.989
295.614,344.399,67.977,33.989
293.437,344.993,67.977,33.989
294.426,345.191,67.977,33.989
292.249,345.785,67.977,33.989
290.494,346.719,66.528,33.264
292.237,346.138,66.528,33.264
289.026,347.053,65.109,32.555
285.804,347.622,65.109,32.555
282.960,349.328,65.109,32.555
283.908,347.243,65.109,32.555
281.064,349.707,65.109,32.555
282.012,351.792,65.109,32.555
281.823,352.740,65.109,32.555
281.692,350.216,66.550,33.275
280.724,352.735,66.550,33.275
280.126,354.397,65.130,32.565
279.936,353.070,65.130,32.565
280.126,352.122,65.130,32.565
280.695,353.449,65.130,32.565
279.368,354.018,65.130,32.565
279.631,354.248,66.571,33.286
279.437,354.442,66.571,33.286
278.855,355.023,66.571,33.286
279.824,353.279,66.571,33.286
278.855,354.636,66.571,33.286
279.437,354.830,66.571,33.286
278.855,354.248,66.571,33.286
279.437,355.217,66.571,33.286
280.406,353.473,66.571,33.286
279.808,352.520,65.152,32.576
280.756,354.607,65.152,32.576
280.187,354.796,65.152,32.576
281.895,353.089,65.152,32.576
282.772,354.351,63.762,31.881
281.473,355.279,63.762,31.881
282.115,355.504,65.173,32.587
283.560,353.372,66.615,33.308
285.036,351.192,68.089,34.044
284.043,352.893,66.637,33.318
285.922,350.712,68.111,34.056
288.369,351.649,66.659,33.329
290.504,349.902,66.659,33.329
288.757,351.649,66.659,33.329
289.339,352.231,66.659,33.329
287.998,353.272,68.134,34.067
289.508,351.043,69.641,34.821
291.618,349.655,68.156,34.078
293.301,350.592,66.702,33.351
291.942,351.563,66.702,33.351
294.467,349.427,66.702,33.351
295.438,350.010,66.702,33.351
293.289,351.051,68.178,34.089
296.664,348.074,68.178,34.089
297.656,348.669,68.178,34.089
295.872,348.498,69.687,34.843
298.767,347.892,68.201,34.100
298.171,348.885,68.201,34.100
296.386,349.537,69.710,34.855
300.064,346.584,68.223,34.111
300.983,347.522,66.768,33.384
302.344,347.327,66.768,33.384
300.594,347.910,66.768,33.384
301.566,346.938,66.768,33.384
302.091,347.857,65.344,32.672
301.900,348.047,65.344,32.672
301.330,348.237,65.344,32.672
303.042,346.525,65.344,32.672
300.569,347.857,65.344,32.672
298.464,348.087,66.790,33.395
301.238,347.881,65.366,32.683
299.906,348.071,65.366,32.683
298.193,348.642,65.366,32.683
298.383,348.452,65.366,32.683
297.812,347.881,65.366,32.683
294.522,348.902,66.812,33.406
292.772,350.263,66.812,33.406
290.216,351.306,68.290,34.145
288.029,352.300,68.290,34.145
289.543,349.654,69.801,34.901
288.524,351.397,68.312,34.156
285.939,352.789,68.312,34.156
287.729,349.806,68.312,34.156
284.291,351.285,69.824,34.912
281.648,352.301,69.824,34.912
279.412,350.065,69.824,34.912
277.582,351.895,69.824,34.912
278.522,352.855,68.335,34.167
274.841,350.726,66.878,33.439
275.035,352.089,66.878,33.439
272.504,352.674,66.878,33.439
273.867,353.258,66.878,33.439
270.501,353.494,68.357,34.179
272.690,354.887,68.357,34.179
274.618,356.367,69.870,34.935
273.194,357.384,69.870,34.935
272.567,355.600,68.380,34.190
272.430,357.907,69.893,34.946
273.854,358.924,69.893,34.946
276.093,358.314,69.893,34.946
279.780,357.314,68.402,34.201
287.945,355.920,68.402,34.201
288.635,356.574,69.916,34.958
290.361,355.181,68.425,34.212
288.568,356.576,68.425,34.212
288.431,357.231,69.938,34.969
289.042,354.991,69.938,34.969
287.629,356.738,68.447,34.224
285.836,357.734,68.447,34.224
288.028,355.542,68.447,34.224
286.237,357.024,69.961,34.981
287.964,355.237,68.469,34.235
285.346,357.134,69.984,34.992
286.364,355.300,69.984,34.992
285.346,356.726,69.984,34.992
286.772,356.115,69.984,34.992
284.938,357.541,69.984,34.992
285.957,355.707,69.984,34.992
284.123,357.541,69.984,34.992
285.142,356.115,69.984,34.992
285.753,356.319,69.984,34.992
285.910,355.710,68.492,34.246
287.705,356.707,68.492,34.246
322.602,376.847,68.492,34.246
325.194,378.642,68.492,34.246
326.191,377.645,68.492,34.246
325.227,376.232,70.007,35.004
323.395,375.210,71.556,35.778
323.603,377.085,71.556,35.778
324.645,376.877,71.556,35.778
324.020,376.252,71.556,35.778
322.978,375.627,71.556,35.778
325.147,377.816,70.030,35.015
323.737,376.794,71.580,35.790
325.196,377.419,71.580,35.790
324.154,375.960,71.580,35.790
325.196,377.419,71.580,35.790
323.737,375.960,71.580,35.790
323.529,377.836,71.580,35.790
322.070,377.210,71.580,35.790
324.363,376.585,71.580,35.790
322.057,375.973,73.163,36.582
324.400,376.186,73.163,36.582
322.044,376.444,74.782,37.391
322.262,376.227,74.782,37.391
320.302,376.009,74.782,37.391
322.697,375.791,74.782,37.391
321.608,376.880,74.782,37.391
321.357,376.229,73.187,36.594
323.863,376.488,74.807,37.403
323.645,376.705,74.807,37.403
324.299,377.359,74.807,37.403
323.627,376.708,73.211,36.606
324.266,376.495,73.211,36.606
325.332,377.561,73.211,36.606
323.853,376.513,71.650,35.825
325.313,377.973,71.650,35.825
323.853,377.347,71.650,35.825
322.810,377.139,71.650,35.825
325.104,377.347,71.650,35.825
324.479,376.721,71.650,35.825
323.037,376.974,73.235,36.618
321.970,376.335,73.235,36.618
324.742,377.401,73.235,36.618
324.103,376.761,73.235,36.618
324.316,376.548,73.235,36.618
324.956,377.614,73.235,36.618
323.476,376.566,71.674,35.837
325.354,378.027,71.674,35.837
324.308,377.403,70.145,35.073
326.554,378.833,70.145,35.073
324.308,377.812,70.145,35.073
326.554,379.241,70.145,35.073
323.899,377.812,70.145,35.073
325.738,379.241,70.145,35.073
324.308,377.403,70.145,35.073
326.146,378.833,70.145,35.073
324.729,377.829,68.649,34.325
326.128,379.228,68.649,34.325
324.331,377.811,70.168,35.084
326.170,379.241,70.168,35.084
324.752,378.237,68.672,34.336
326.152,380.036,68.672,34.336
325.152,378.237,68.672,34.336
326.552,380.036,68.672,34.336
324.752,377.837,68.672,34.336
326.152,379.237,68.672,34.336
323.525,377.405,70.191,35.096
325.773,378.835,70.191,35.096
324.343,377.405,70.191,35.096
326.591,378.835,70.191,35.096
324.343,377.405,70.191,35.096
326.182,378.835,70.191,35.096
324.751,376.996,70.191,35.096
324.138,376.383,70.191,35.096
325.569,377.813,70.191,35.096
324.547,377.200,70.191,35.096
324.343,376.996,70.191,35.096
326.182,378.018,70.191,35.096
324.751,376.179,70.191,35.096
326.091,378.326,68.694,34.347
324.708,377.738,70.214,35.107
323.686,377.125,70.214,35.107
325.935,378.556,70.214,35.107
324.095,376.716,70.214,35.107
325.526,378.147,70.214,35.107
324.095,376.716,70.214,35.107
325.526,378.147,70.214,35.107
324.095,377.125,70.214,35.107
325.526,378.556,70.214,35.107
324.095,376.307,70.214,35.107
325.117,378.556,70.214,35.107
323.686,376.307,70.214,35.107
325.935,378.556,70.214,35.107
324.504,376.716,70.214,35.107
326.344,378.147,70.214,35.107
324.913,377.534,70.214,35.107
323.891,376.512,70.214,35.107
326.139,378.351,70.214,35.107
324.708,377.738,70.214,35.107
323.686,377.125,70.214,35.107
