398.000,68.000,21.000,24.000
398.797,67.026,21.000,24.000
398.708,66.938,21.000,24.000
398.443,66.672,21.000,24.000
398.000,66.052,21.000,24.000
397.557,66.318,21.000,24.000
398.000,66.406,21.000,24.000
397.557,65.964,21.000,24.000
398.177,65.344,21.000,24.000
397.911,66.141,21.000,24.000
398.708,65.698,21.000,24.000
398.620,65.610,21.000,24.000
398.531,66.052,21.000,24.000
398.266,67.026,21.000,24.000
398.531,67.115,21.000,24.000
398.974,67.026,21.000,24.000
399.771,66.938,21.000,24.000
399.328,67.026,21.000,24.000
399.062,67.115,21.000,24.000
399.151,67.026,21.000,24.000
399.594,67.115,21.000,24.000
400.390,67.026,21.000,24.000
399.948,66.938,21.000,24.000
400.922,66.849,21.000,24.000
401.010,66.583,21.000,24.000
401.831,67.095,20.552,23.488
401.225,66.835,20.552,23.488
401.485,67.269,20.552,23.488
402.091,71.341,20.552,23.488
402.314,74.767,21.007,24.008
401.339,77.512,21.007,24.008
401.934,79.911,21.472,24.539
401.119,84.347,21.472,24.539
401.351,88.302,21.947,25.082
401.814,93.576,21.947,25.082
400.611,96.814,21.947,25.082
399.696,99.704,22.432,25.637
400.358,102.447,22.432,25.637
399.318,106.892,22.432,25.637
399.413,108.689,22.432,25.637
399.318,108.594,22.432,25.637
399.034,110.580,22.432,25.637
400.075,110.675,22.432,25.637
400.358,111.715,22.432,25.637
399.696,111.242,22.432,25.637
399.980,110.958,22.432,25.637
400.075,110.864,22.432,25.637
399.493,111.958,21.954,25.090
400.512,111.495,21.954,25.090
399.764,111.495,21.486,24.555
399.311,111.404,21.486,24.555
399.945,111.495,21.486,24.555
399.311,111.948,21.486,24.555
399.945,112.400,21.486,24.555
399.130,111.766,21.486,24.555
399.583,112.038,21.486,24.555
400.036,112.310,21.486,24.555
399.221,111.676,21.486,24.555
400.410,112.723,21.028,24.031
399.612,112.103,21.028,24.031
400.056,112.369,21.028,24.031
399.258,112.635,21.028,24.031
399.878,112.191,21.028,24.031
400.322,112.457,21.028,24.031
399.346,112.723,21.028,24.031
399.790,112.103,21.028,24.031
400.233,112.369,21.028,24.031
399.258,112.635,21.028,24.031
399.878,112.014,21.028,24.031
400.322,112.280,21.028,24.031
399.346,112.546,21.028,24.031
399.967,111.926,21.028,24.031
400.410,112.191,21.028,24.031
399.435,112.457,21.028,24.031
399.878,112.723,21.028,24.031
400.321,112.280,21.028,24.031
399.346,112.546,21.028,24.031
399.790,112.103,21.028,24.031
400.055,112.369,21.028,24.031
399.080,112.635,21.028,24.031
399.524,112.191,21.028,24.031
399.967,112.457,21.028,24.031
400.410,112.723,21.028,24.031
399.612,112.103,21.028,24.031
400.055,112.369,21.028,24.031
399.258,112.635,21.028,24.031
399.878,112.014,21.028,24.031
400.321,112.280,21.028,24.031
399.346,112.546,21.028,24.031
399.789,112.103,21.028,24.031
400.233,112.369,21.028,24.031
399.258,112.635,21.028,24.031
399.878,112.191,21.028,24.031
400.321,112.457,21.028,24.031
399.523,112.723,21.028,24.031
400.144,112.103,21.028,24.031
399.169,112.369,21.028,24.031
399.612,112.635,21.028,24.031
400.233,112.014,21.028,24.031
399.435,112.103,21.028,24.031
399.878,112.369,21.028,24.031
400.321,112.635,21.028,24.031
399.523,112.014,21.028,24.031
399.967,112.103,21.028,24.031
400.410,112.369,21.028,24.031
399.612,112.635,21.028,24.031
400.233,112.014,21.028,24.031
399.435,112.103,21.028,24.031
399.878,112.369,21.028,24.031
400.321,112.635,21.028,24.031
399.523,112.014,21.028,24.031
399.967,112.280,21.028,24.031
400.233,112.546,21.028,24.031
399.435,111.925,21.028,24.031
399.878,112.191,21.028,24.031
400.321,112.457,21.028,24.031
399.346,112.723,21.028,24.031
399.967,112.280,21.028,24.031
400.410,112.546,21.028,24.031
399.612,111.925,21.028,24.031
400.055,112.191,21.028,24.031
399.257,112.280,21.028,24.031
399.701,112.546,21.028,24.031
400.321,111.925,21.028,24.031
399.346,112.191,21.028,24.031
399.789,112.457,21.028,24.031
400.232,112.723,21.028,24.031
399.435,112.103,21.028,24.031
399.878,112.369,21.028,24.031
400.321,112.457,21.028,24.031
399.346,112.546,21.028,24.031
399.966,111.925,21.028,24.031
400.410,112.014,21.028,24.031
399.612,112.280,21.028,24.031
400.055,112.546,21.028,24.031
399.257,112.103,21.028,24.031
400.421,112.103,20.579,23.519
399.640,112.363,20.579,23.519
400.780,112.530,20.140,23.017
400.525,112.445,20.140,23.017
400.440,113.209,20.140,23.017
399.424,112.514,20.586,23.527
400.379,112.254,20.586,23.527
400.119,112.167,20.586,23.527
400.032,112.948,20.586,23.527
400.435,112.058,21.041,24.047
399.636,112.324,21.041,24.047
400.080,112.590,21.041,24.047
399.281,112.146,21.041,24.047
400.446,112.317,20.593,23.534
399.228,112.147,21.048,24.055
400.026,112.058,21.048,24.055
398.781,111.884,21.514,24.587
399.597,111.612,21.514,24.587
399.325,112.247,21.514,24.587
399.557,111.316,21.990,25.131
399.094,111.780,21.990,25.131
398.630,111.502,21.990,25.131
399.465,111.224,21.990,25.131
399.187,111.872,21.990,25.131
398.723,111.594,21.990,25.131
399.557,111.316,21.990,25.131
399.094,111.965,21.990,25.131
399.332,110.822,22.476,25.687
398.858,111.295,22.476,25.687
398.384,110.822,22.476,25.687
399.237,111.295,22.476,25.687
398.763,110.822,22.476,25.687
398.289,111.106,22.476,25.687
399.142,111.580,22.476,25.687
398.668,111.106,22.476,25.687
399.521,111.580,22.476,25.687
398.388,111.197,22.974,26.256
399.259,110.713,22.974,26.256
398.775,110.810,22.974,26.256
398.291,111.100,22.974,26.256
399.163,110.616,22.974,26.256
398.678,110.713,22.974,26.256
398.194,110.810,22.974,26.256
399.066,110.713,22.974,26.256
398.969,107.904,22.974,26.256
398.872,103.739,22.974,26.256
398.581,100.931,22.974,26.256
398.485,97.734,22.974,26.256
399.550,94.926,22.974,26.256
398.097,89.792,22.974,26.256
398.969,84.853,22.974,26.256
398.872,81.656,22.974,26.256
398.581,78.460,22.974,26.256
398.678,74.489,22.974,26.256
398.194,69.550,22.974,26.256
399.259,64.804,22.974,26.256
398.969,61.608,22.974,26.256
398.678,59.574,22.974,26.256
398.388,57.152,22.974,26.256
399.453,54.537,22.974,26.256
398.295,52.739,23.482,26.837
397.800,52.640,23.482,26.837
398.691,52.541,23.482,26.837
398.394,53.432,23.482,26.837
398.097,53.135,23.482,26.837
399.186,52.640,23.482,26.837
398.691,52.343,23.482,26.837
398.196,52.640,23.482,26.837
399.087,52.343,23.482,26.837
398.790,52.244,23.482,26.837
398.295,52.145,23.482,26.837
397.998,52.244,23.482,26.837
398.889,52.343,23.482,26.837
398.592,52.244,23.482,26.837
398.097,52.145,23.482,26.837
398.790,52.244,23.482,26.837
398.295,52.541,23.482,26.837
397.800,52.640,23.482,26.837
398.493,52.145,23.482,26.837
397.998,52.244,23.482,26.837
398.493,52.541,23.482,26.837
397.800,52.838,23.482,26.837
398.493,52.541,23.482,26.837
397.998,52.640,23.482,26.837
398.691,52.343,23.482,26.837
397.998,52.442,23.482,26.837
398.493,52.739,23.482,26.837
397.800,52.442,23.482,26.837
398.295,52.739,23.482,26.837
397.602,52.442,23.482,26.837
398.520,53.397,22.981,26.264
397.842,53.106,22.981,26.264
398.520,52.815,22.981,26.264
397.842,53.106,22.981,26.264
398.520,52.815,22.981,26.264
397.842,53.106,22.981,26.264
398.714,52.815,22.981,26.264
398.229,53.106,22.981,26.264
399.101,52.815,22.981,26.264
398.423,53.106,22.981,26.264
399.101,52.815,22.981,26.264
398.423,53.106,22.981,26.264
399.295,52.815,22.981,26.264
398.811,53.106,22.981,26.264
398.326,52.815,22.981,26.264
399.004,53.106,22.981,26.264
398.520,52.815,22.981,26.264
398.035,53.106,22.981,26.264
398.907,52.815,22.981,26.264
398.423,53.106,22.981,26.264
399.101,52.815,22.981,26.264
398.423,53.106,22.981,26.264
399.101,52.815,22.981,26.264
398.423,53.106,22.981,26.264
398.907,52.621,22.981,26.264
398.229,52.718,22.981,26.264
398.714,52.815,22.981,26.264
398.035,52.912,22.981,26.264
398.714,52.428,22.981,26.264
398.617,51.168,22.981,26.264
398.520,47.390,22.981,26.264
398.229,43.611,22.981,26.264
398.907,40.801,22.981,26.264
398.229,37.992,22.981,26.264
398.907,33.438,22.981,26.264
398.035,28.497,22.981,26.264
398.907,23.943,22.981,26.264
398.617,20.552,22.981,26.264
398.132,17.549,22.981,26.264
399.004,13.189,22.981,26.264
398.907,7.279,22.981,26.264
398.423,3.500,22.981,26.264
398.714,0.497,22.981,26.264
397.648,-2.507,22.981,26.264
397.613,-6.616,22.491,25.704
399.041,-9.541,22.012,25.156
398.113,-10.793,21.542,24.620
399.293,-9.067,21.542,24.620
398.113,-7.523,21.542,24.620
400.607,-7.325,22.019,25.164
401.257,-7.974,22.019,25.164
401.349,-7.696,22.019,25.164
394.874,16.462,21.549,24.628
396.236,11.283,21.549,24.628
394.773,5.827,22.026,25.173
395.423,2.762,22.026,25.173
394.312,-0.117,22.513,25.730
393.268,-0.402,22.513,25.730
392.224,-2.585,22.513,25.730
402.619,8.210,22.033,25.181
402.712,4.587,22.033,25.181
402.990,0.593,22.033,25.181
403.494,-2.272,21.563,24.644
403.915,-5.469,22.040,25.189
403.768,-8.157,22.528,25.746
404.243,-9.582,22.528,25.746
394.871,11.656,22.048,25.197
393.373,9.352,22.535,25.755
394.987,5.323,22.055,25.206
395.266,1.882,22.055,25.206
394.801,-2.302,22.055,25.206
395.843,-6.066,21.585,24.668
394.944,-9.643,22.062,25.214
392.041,-8.926,21.592,24.676
398.501,3.006,21.131,24.150
399.838,0.613,21.599,24.684
397.804,-6.367,22.077,25.230
398.429,-9.254,22.565,25.789
418.807,1.614,23.064,26.359
418.905,0.350,23.064,26.359
417.943,-4.885,23.575,26.942
418.242,-6.177,23.575,26.942
417.148,-6.475,23.575,26.942
417.844,-7.568,23.575,26.942
417.148,-8.463,23.575,26.942
417.645,-9.357,23.575,26.942
416.950,-8.662,23.575,26.942
417.446,-7.966,23.575,26.942
416.751,-9.059,23.575,26.942
417.248,-8.364,23.575,26.942
416.552,-9.457,23.575,26.942
417.248,-8.562,23.575,26.942
416.552,-7.668,23.575,26.942
417.248,-8.562,23.575,26.942
416.552,-7.867,23.575,26.942
415.459,-7.767,23.575,26.942
410.986,-0.114,23.575,26.942
410.829,-1.340,24.096,27.539
412.149,-1.036,24.096,27.539
413.876,-2.763,24.096,27.539
414.623,-4.525,23.582,26.951
409.604,-0.309,23.079,26.377
407.560,-1.963,23.079,26.377
408.436,-3.033,23.079,26.377
413.788,0.372,23.079,26.377
415.440,0.935,22.587,25.814
414.774,0.459,22.587,25.814
414.298,0.935,22.587,25.814
414.997,1.485,22.106,25.264
414.718,0.274,22.106,25.264
415.762,0.633,21.634,24.725
415.729,0.809,21.173,24.198
416.175,1.612,21.173,24.198
416.443,1.701,21.173,24.198
415.640,1.612,21.173,24.198
415.729,0.273,21.173,24.198
416.175,0.719,21.173,24.198
416.659,1.236,20.721,23.681
416.222,0.624,20.721,23.681
416.359,1.129,20.279,23.176
417.811,1.459,19.847,22.682
417.393,1.877,19.847,22.682
418.331,2.200,19.424,22.199
417.757,1.299,19.424,22.199
418.331,1.381,19.424,22.199
417.757,2.118,19.424,22.199
418.331,2.036,19.424,22.199
417.757,1.626,19.424,22.199
418.201,1.468,19.009,21.725
419.099,1.777,18.604,21.262
419.021,2.483,18.604,21.262
418.690,2.029,18.207,20.808
418.613,2.260,18.207,20.808
418.690,1.722,18.207,20.808
418.613,2.106,18.207,20.808
418.690,1.876,18.207,20.808
418.460,1.953,18.207,20.808
418.843,2.029,18.207,20.808
419.074,2.413,18.207,20.808
419.046,2.709,17.819,20.365
419.872,2.033,17.819,20.365
419.555,1.743,17.439,19.930
419.629,2.111,17.439,19.930
419.849,1.890,17.439,19.930
420.217,1.817,17.439,19.930
420.291,1.890,17.439,19.930
439.774,-4.065,17.439,19.930
438.818,-2.962,17.439,19.930
439.332,-2.888,17.439,19.930
438.377,-3.403,17.439,19.930
438.597,-4.065,17.439,19.930
438.524,-2.815,17.439,19.930
438.450,-2.594,17.439,19.930
438.377,-3.109,17.439,19.930
438.450,-2.888,17.439,19.930
438.818,-3.844,17.439,19.930
439.332,-2.888,17.439,19.930
439.589,-2.180,17.067,19.505
438.942,-2.971,17.067,19.505
439.589,-2.612,17.067,19.505
438.798,-3.259,17.067,19.505
439.589,-2.180,17.067,19.505
438.654,-2.971,17.067,19.505
439.158,-2.612,17.067,19.505
439.805,-3.259,17.067,19.505
439.363,-2.566,16.703,19.089
439.293,-2.214,16.703,19.089
439.363,-2.425,16.703,19.089
439.574,-2.355,16.703,19.089
439.222,-2.143,16.703,19.089
438.870,-1.932,16.703,19.089
439.645,-2.988,16.703,19.089
439.152,-3.763,16.703,19.089
438.659,-3.129,16.703,19.089
439.293,-2.495,16.703,19.089
438.940,-2.425,16.703,19.089
439.715,-1.228,16.703,19.089
438.940,1.237,16.703,19.089
438.870,3.842,16.703,19.089
438.028,6.627,17.073,19.512
438.973,10.512,16.709,19.096
438.276,14.028,17.078,19.518
439.222,17.914,16.714,19.102
438.306,22.917,16.714,19.102
438.658,25.806,16.714,19.102
439.292,27.004,16.714,19.102
438.658,28.906,16.714,19.102
438.588,31.795,16.714,19.102
439.649,33.154,16.358,18.695
440.289,33.818,16.009,18.296
439.816,34.021,16.009,18.296
440.312,34.801,15.668,17.906
439.850,35.264,15.668,17.906
440.576,34.933,15.668,17.906
440.114,34.471,15.668,17.906
440.973,34.537,15.668,17.906
440.045,35.093,16.014,18.302
439.573,34.620,16.014,18.302
439.548,34.100,15.673,17.912
440.672,34.166,15.673,17.912
440.870,34.628,15.673,17.912
440.936,35.223,15.673,17.912
440.870,34.628,15.673,17.912
440.804,34.826,15.673,17.912
440.738,35.025,15.673,17.912
440.804,35.619,15.673,17.912
440.606,35.157,15.673,17.912
440.275,34.298,15.673,17.912
440.077,34.364,15.673,17.912
440.936,34.694,15.673,17.912
440.870,35.157,15.673,17.912
440.540,34.430,15.673,17.912
440.341,34.628,15.673,17.912
440.143,34.959,15.673,17.912
441.134,35.553,15.673,17.912
440.936,35.091,15.673,17.912
440.738,34.496,15.673,17.912
440.804,34.959,15.673,17.912
440.606,35.289,15.673,17.912
440.143,34.562,15.673,17.912
441.002,35.025,15.673,17.912
440.075,34.072,16.019,18.308
440.701,34.723,15.678,17.918
440.371,34.789,15.678,17.918
440.172,34.855,15.678,17.918
439.974,34.922,15.678,17.918
440.701,34.723,15.678,17.918
439.773,33.771,16.025,18.314
440.381,34.514,16.025,18.314
441.008,34.123,15.683,17.923
440.217,34.542,16.030,18.320
440.844,34.151,15.688,17.929
440.053,34.571,16.035,18.326
440.941,34.831,15.693,17.935
440.875,35.030,15.693,17.935
440.083,34.213,16.040,18.332
440.841,34.995,15.698,17.941
440.245,34.797,15.698,17.941
440.476,35.435,15.364,17.558
440.930,35.240,15.364,17.558
440.347,34.657,15.364,17.558
440.800,35.370,15.364,17.558
441.383,35.435,15.364,17.558
440.340,34.770,15.704,17.947
440.671,34.571,15.704,17.947
439.942,34.240,15.704,17.947
440.406,34.969,15.704,17.947
440.869,34.903,15.704,17.947
440.141,34.439,15.704,17.947
440.472,35.035,15.704,17.947
441.068,35.234,15.704,17.947
441.171,34.978,15.369,17.564
440.588,34.654,15.369,17.564
441.171,35.367,15.369,17.564
440.588,35.173,15.369,17.564
441.171,35.367,15.369,17.564
440.588,35.302,15.369,17.564
441.171,35.497,15.369,17.564
440.588,35.432,15.369,17.564
441.171,35.626,15.369,17.564
440.588,35.691,15.369,17.564
441.171,35.885,15.369,17.564
440.588,34.913,15.369,17.564
441.171,35.108,15.369,17.564
440.588,35.173,15.369,17.564
441.171,35.367,15.369,17.564
440.588,35.432,15.369,17.564
441.301,35.626,15.369,17.564
440.848,35.691,15.369,17.564
440.394,35.756,15.369,17.564
440.977,34.913,15.369,17.564
440.394,34.460,15.369,17.564
440.848,35.043,15.369,17.564
440.394,34.589,15.369,17.564
440.848,35.302,15.369,17.564
440.264,34.849,15.369,17.564
440.848,34.913,15.369,17.564
440.264,34.589,15.369,17.564
440.718,35.302,15.369,17.564
441.301,35.237,15.369,17.564
440.660,34.169,15.709,17.953
439.932,34.765,15.709,17.953
440.396,34.831,15.709,17.953
440.992,34.898,15.709,17.953
440.528,34.831,15.709,17.953
441.124,34.898,15.709,17.953
440.660,34.964,15.709,17.953
440.197,34.765,15.709,17.953
440.660,34.831,15.709,17.953
440.064,34.898,15.709,17.953
440.528,35.096,15.709,17.953
440.992,35.295,15.709,17.953
440.968,34.784,15.374,17.570
440.384,34.849,15.374,17.570
440.968,35.173,15.374,17.570
440.384,35.238,15.374,17.570
440.968,35.303,15.374,17.570
440.327,34.369,15.714,17.959
440.658,35.097,15.714,17.959
440.634,34.587,15.379,17.576
440.958,35.300,15.379,17.576
440.183,34.231,15.719,17.965
440.249,34.960,15.719,17.965
440.580,35.026,15.719,17.965
440.912,35.092,15.719,17.965
440.888,34.581,15.384,17.581
440.304,35.295,15.384,17.581
440.888,35.489,15.384,17.581
440.304,35.554,15.384,17.581
440.888,35.619,15.384,17.581
440.434,35.424,15.384,17.581
441.017,35.489,15.384,17.581
440.563,35.554,15.384,17.581
441.147,35.749,15.384,17.581
440.563,34.646,15.384,17.581
440.888,35.360,15.384,17.581
440.304,35.295,15.384,17.581
440.888,35.489,15.384,17.581
440.304,35.424,15.384,17.581
440.888,35.619,15.384,17.581
440.304,35.424,15.384,17.581
440.888,35.619,15.384,17.581
440.434,35.554,15.384,17.581
441.017,35.749,15.384,17.581
440.434,34.776,15.384,17.581
440.888,34.970,15.384,17.581
440.434,35.035,15.384,17.581
441.017,35.230,15.384,17.581
440.564,35.295,15.384,17.581
441.147,35.489,15.384,17.581
440.693,35.554,15.384,17.581
441.277,35.749,15.384,17.581
440.823,34.776,15.384,17.581
440.499,34.841,15.384,17.581
441.212,35.035,15.384,17.581
440.888,35.100,15.384,17.581
440.564,35.165,15.384,17.581
441.277,35.360,15.384,17.581
440.953,35.295,15.384,17.581
440.628,35.230,15.384,17.581
441.342,35.295,15.384,17.581
441.018,35.100,15.384,17.581
440.564,34.776,15.384,17.581
441.277,34.841,15.384,17.581
440.823,34.387,15.384,17.581
440.369,34.970,15.384,17.581
441.082,34.646,15.384,17.581
440.628,35.100,15.384,17.581
441.212,34.776,15.384,17.581
440.758,34.322,15.384,17.581
441.342,35.035,15.384,17.581
441.018,34.841,15.384,17.581
440.564,34.646,15.384,17.581
441.147,35.360,15.384,17.581
440.823,35.295,15.384,17.581
440.369,34.970,15.384,17.581
440.953,35.035,15.384,17.581
440.499,34.711,15.384,17.581
441.082,34.776,15.384,17.581
440.629,34.581,15.384,17.581
441.082,35.295,15.384,17.581
440.629,35.100,15.384,17.581
441.212,35.165,15.384,17.581
440.758,34.970,15.384,17.581
441.342,35.035,15.384,17.581
440.888,34.970,15.384,17.581
440.434,34.776,15.384,17.581
441.018,34.841,15.384,17.581
440.564,34.646,15.384,17.581
441.147,35.360,15.384,17.581
440.693,35.035,15.384,17.581
441.277,34.841,15.384,17.581
440.693,34.516,15.384,17.581
441.147,35.230,15.384,17.581
440.564,34.776,15.384,17.581
441.147,34.452,15.384,17.581
440.564,34.906,15.384,17.581
441.018,34.452,15.384,17.581
440.434,34.906,15.384,17.581
441.018,34.581,15.384,17.581
440.564,35.165,15.384,17.581
441.147,34.841,15.384,17.581
440.693,34.387,15.384,17.581
441.277,35.100,15.384,17.581
440.823,34.646,15.384,17.581
440.239,35.100,15.384,17.581
440.823,34.776,15.384,17.581
440.239,34.322,15.384,17.581
440.693,34.906,15.384,17.581
441.147,34.452,15.384,17.581
440.564,34.906,15.384,17.581
441.018,34.452,15.384,17.581
440.434,34.906,15.384,17.581
440.888,34.581,15.384,17.581
440.304,35.035,15.384,17.581
440.758,34.711,15.384,17.581
441.083,34.387,15.384,17.581
440.369,34.841,15.384,17.581
440.693,34.387,15.384,17.581
441.018,34.841,15.384,17.581
440.304,34.257,15.384,17.581
440.629,34.711,15.384,17.581
441.083,34.257,15.384,17.581
440.369,34.711,15.384,17.581
440.823,34.387,15.384,17.581
440.110,34.841,15.384,17.581
440.564,34.516,15.384,17.581
441.018,35.100,15.384,17.581
440.434,34.646,15.384,17.581
440.888,35.230,15.384,17.581
440.175,34.776,15.384,17.581
440.628,34.452,15.384,17.581
441.082,35.035,15.384,17.581
440.499,34.581,15.384,17.581
440.953,35.165,15.384,17.581
440.554,35.165,15.056,17.207
440.491,35.355,15.056,17.207
440.554,35.673,15.056,17.207
440.618,34.975,15.056,17.207
440.554,35.165,15.056,17.207
440.491,35.355,15.056,17.207
440.554,35.546,15.056,17.207
440.618,34.721,15.056,17.207
441.206,35.455,14.735,16.840
441.020,35.517,14.735,16.840
440.958,35.703,14.735,16.840
441.020,34.896,14.735,16.840
441.082,35.082,14.735,16.840
441.144,35.268,14.735,16.840
441.331,35.455,14.735,16.840
441.517,35.641,14.735,16.840
441.579,34.709,14.735,16.840
441.641,34.771,14.735,16.840
440.834,34.958,14.735,16.840
441.020,35.144,14.735,16.840
441.207,35.331,14.735,16.840
441.393,35.517,14.735,16.840
441.579,35.703,14.735,16.840
441.766,34.896,14.735,16.840
440.958,35.082,14.735,16.840
441.144,35.268,14.735,16.840
441.331,35.455,14.735,16.840
441.517,35.641,14.735,16.840
441.704,34.709,14.735,16.840
440.896,34.896,14.735,16.840
441.082,35.082,14.735,16.840
441.269,35.393,14.735,16.840
441.331,35.579,14.735,16.840
441.517,35.765,14.735,16.840
441.704,34.958,14.735,16.840
440.896,35.268,14.735,16.840
441.082,35.579,14.735,16.840
441.269,35.890,14.735,16.840
441.331,35.082,14.735,16.840
441.517,35.393,14.735,16.840
441.704,35.703,14.735,16.840
440.772,35.020,14.735,16.840
440.834,35.455,14.735,16.840
440.896,35.890,14.735,16.840
440.834,35.206,14.735,16.840
440.896,35.765,14.735,16.840
440.834,35.206,14.735,16.840
441.020,35.765,14.735,16.840
440.958,35.206,14.735,16.840
441.020,35.765,14.735,16.840
440.958,35.331,14.735,16.840
441.145,35.890,14.735,16.840
440.958,35.331,14.735,16.840
441.020,35.890,14.735,16.840
440.834,35.331,14.735,16.840
440.896,35.890,14.735,16.840
440.834,35.455,14.735,16.840
440.896,36.014,14.735,16.840
440.834,35.579,14.735,16.840
440.896,36.138,14.735,16.840
441.184,35.114,15.061,17.212
441.121,35.558,15.061,17.212
440.930,35.114,15.061,17.212
440.867,35.558,15.061,17.212
440.676,34.987,15.061,17.212
440.486,35.304,15.061,17.212
440.422,35.622,15.061,17.212
441.248,35.050,15.061,17.212
441.184,35.368,15.061,17.212
441.121,35.685,15.061,17.212
440.930,34.987,15.061,17.212
440.867,35.304,15.061,17.212
440.803,35.622,15.061,17.212
440.613,34.923,15.061,17.212
440.549,35.241,15.061,17.212
440.486,35.558,15.061,17.212
440.295,34.860,15.061,17.212
441.121,35.304,15.061,17.212
441.057,35.622,15.061,17.212
440.867,34.923,15.061,17.212
440.803,35.241,15.061,17.212
440.740,35.431,15.061,17.212
440.549,34.733,15.061,17.212
441.138,35.590,14.739,16.845
440.952,34.906,14.739,16.845
440.890,35.341,14.739,16.845
440.827,35.776,14.739,16.845
440.765,35.217,14.739,16.845
440.827,35.776,14.739,16.845
440.641,35.217,14.739,16.845
440.703,35.652,14.739,16.845
440.517,35.093,14.739,16.845
441.449,35.528,14.739,16.845
441.387,35.963,14.739,16.845
441.325,35.403,14.739,16.845
441.262,35.838,14.739,16.845
441.200,35.403,14.739,16.845
441.262,35.838,14.739,16.845
441.325,35.528,14.739,16.845
441.511,36.087,14.739,16.845
441.449,35.776,14.739,16.845
441.387,35.341,14.739,16.845
441.325,35.776,14.739,16.845
441.262,35.341,14.739,16.845
441.200,35.776,14.739,16.845
441.138,35.341,14.739,16.845
441.325,35.776,14.739,16.845
441.387,35.217,14.739,16.845
441.449,35.652,14.739,16.845
441.262,34.968,14.739,16.845
441.076,35.279,14.739,16.845
441.014,35.590,14.739,16.845
440.952,35.030,14.739,16.845
440.890,35.465,14.739,16.845
440.827,35.900,14.739,16.845
440.641,35.341,14.739,16.845
440.579,35.776,14.739,16.845
441.511,35.217,14.739,16.845
441.449,35.652,14.739,16.845
441.262,35.093,14.739,16.845
441.200,35.528,14.739,16.845
441.014,35.963,14.739,16.845
440.827,35.403,14.739,16.845
440.641,35.838,14.739,16.845
440.455,35.403,14.739,16.845
441.387,35.838,14.739,16.845
441.200,35.279,14.739,16.845
441.014,35.714,14.739,16.845
440.827,35.279,14.739,16.845
440.765,35.714,14.739,16.845
440.579,35.279,14.739,16.845
440.996,35.286,15.066,17.218
440.805,35.731,15.066,17.218
440.488,35.159,15.066,17.218
440.297,35.604,15.066,17.218
441.123,35.032,15.066,17.218
440.932,35.477,15.066,17.218
440.742,34.905,15.066,17.218
440.551,35.350,15.066,17.218
440.488,35.921,15.066,17.218
440.297,35.477,15.066,17.218
441.250,34.905,15.066,17.218
441.186,35.350,15.066,17.218
441.123,35.794,15.066,17.218
440.932,35.223,15.066,17.218
440.742,35.667,15.066,17.218
440.551,35.096,15.066,17.218
440.361,35.540,15.066,17.218
441.313,35.096,15.066,17.218
441.123,35.540,15.066,17.218
440.932,35.096,15.066,17.218
440.742,35.540,15.066,17.218
440.551,35.096,15.066,17.218
440.361,35.667,15.066,17.218
441.313,35.350,15.066,17.218
441.123,35.921,15.066,17.218
440.678,35.223,15.066,17.218
440.234,35.667,15.066,17.218
440.932,34.969,15.066,17.218
440.488,35.286,15.066,17.218
440.043,35.604,15.066,17.218
440.742,34.905,15.066,17.218
440.297,35.223,15.066,17.218
441.123,35.540,15.066,17.218
440.678,34.841,15.066,17.218
440.361,35.286,15.066,17.218
441.186,35.604,15.066,17.218
440.869,35.032,15.066,17.218
440.551,35.477,15.066,17.218
440.234,34.905,15.066,17.218
441.059,35.350,15.066,17.218
440.742,35.794,15.066,17.218
440.424,35.223,15.066,17.218
441.250,35.667,15.066,17.218
440.805,34.969,15.066,17.218
440.488,35.413,15.066,17.218
440.170,34.714,15.066,17.218
440.996,35.159,15.066,17.218
440.678,35.604,15.066,17.218
440.488,35.032,15.066,17.218
440.170,35.477,15.066,17.218
440.996,34.778,15.066,17.218
440.678,35.096,15.066,17.218
440.361,35.413,15.066,17.218
441.059,34.714,15.066,17.218
440.547,35.571,14.744,16.851
441.355,35.882,14.744,16.851
441.044,35.198,14.744,16.851
440.733,35.634,14.744,16.851
440.422,34.950,14.744,16.851
441.230,35.261,14.744,16.851
440.920,35.571,14.744,16.851
440.609,35.882,14.744,16.851
441.417,35.074,14.744,16.851
441.106,35.385,14.744,16.851
440.920,35.696,14.744,16.851
440.609,34.763,14.744,16.851
441.417,34.950,14.744,16.851
441.230,35.136,14.744,16.851
441.044,35.323,14.744,16.851
440.857,35.509,14.744,16.851
440.671,35.696,14.744,16.851
440.360,34.639,14.744,16.851
440.391,35.033,15.071,17.223
441.089,35.224,15.071,17.223
440.772,35.414,15.071,17.223
441.484,35.659,14.749,16.856
441.297,34.851,14.749,16.856
441.110,35.162,14.749,16.856
440.924,35.473,14.749,16.856
441.212,35.351,15.075,17.229
441.022,35.668,15.075,17.229
440.704,34.842,15.075,17.229
441.171,35.700,14.754,16.862
440.984,34.891,14.754,16.862
441.144,35.414,15.080,17.235
440.826,34.588,15.080,17.235
440.508,34.906,15.080,17.235
440.190,35.224,15.080,17.235
440.889,35.542,15.080,17.235
440.699,34.715,15.080,17.235
440.508,35.033,15.080,17.235
440.317,35.351,15.080,17.235
441.144,35.669,15.080,17.235
440.826,34.715,15.080,17.235
440.635,35.033,15.080,17.235
440.444,35.351,15.080,17.235
441.271,35.796,15.080,17.235
441.080,34.969,15.080,17.235
440.889,35.287,15.080,17.235
440.699,35.605,15.080,17.235
440.508,34.779,15.080,17.235
440.317,35.097,15.080,17.235
441.144,35.415,15.080,17.235
440.826,34.461,15.080,17.235
440.508,34.779,15.080,17.235
440.190,35.097,15.080,17.235
440.890,35.415,15.080,17.235
440.572,34.461,15.080,17.235
440.381,34.779,15.080,17.235
441.080,35.097,15.080,17.235
440.762,35.287,15.080,17.235
440.445,35.478,15.080,17.235
441.144,34.652,15.080,17.235
440.953,34.842,15.080,17.235
440.762,35.033,15.080,17.235
440.572,35.351,15.080,17.235
440.381,35.542,15.080,17.235
441.080,34.588,15.080,17.235
440.890,34.779,15.080,17.235
440.699,34.969,15.080,17.235
440.508,35.160,15.080,17.235
440.317,35.478,15.080,17.235
441.017,34.652,15.080,17.235
440.826,34.969,15.080,17.235
440.635,35.287,15.080,17.235
440.572,35.478,15.080,17.235
440.381,34.524,15.080,17.235
441.207,34.842,15.080,17.235
441.144,35.160,15.080,17.235
441.207,35.478,15.080,17.235
441.144,34.652,15.080,17.235
441.080,34.969,15.080,17.235
441.017,35.287,15.080,17.235
440.953,35.605,15.080,17.235
440.762,34.779,15.080,17.235
440.699,35.097,15.080,17.235
440.635,35.542,15.080,17.235
440.445,34.715,15.080,17.235
441.271,35.033,15.080,17.235
441.207,35.478,15.080,17.235
441.017,34.652,15.080,17.235
441.080,35.097,15.080,17.235
441.271,35.542,15.080,17.235
441.207,34.842,15.080,17.235
441.271,35.287,15.080,17.235
441.207,35.732,15.080,17.235
441.144,35.033,15.080,17.235
441.080,35.478,15.080,17.235
441.017,34.906,15.080,17.235
440.953,35.351,15.080,17.235
440.635,35.669,15.080,17.235
440.317,34.842,15.080,17.235
441.017,35.287,15.080,17.235
440.699,35.605,15.080,17.235
440.381,34.779,15.080,17.235
441.080,35.097,15.080,17.235
440.762,35.415,15.080,17.235
440.445,34.461,15.080,17.235
441.271,34.906,15.080,17.235
441.080,35.224,15.080,17.235
440.890,35.542,15.080,17.235
440.572,34.588,15.080,17.235
440.381,34.906,15.080,17.235
441.208,35.351,15.080,17.235
440.890,35.669,15.080,17.235
440.572,34.842,15.080,17.235
440.254,35.160,15.080,17.235
440.953,35.478,15.080,17.235
440.635,34.524,15.080,17.235
440.318,34.842,15.080,17.235
441.017,35.160,15.080,17.235
440.699,35.478,15.080,17.235
440.381,34.524,15.080,17.235
441.080,34.842,15.080,17.235
440.763,35.160,15.080,17.235
440.445,35.478,15.080,17.235
441.144,34.652,15.080,17.235
440.826,34.970,15.080,17.235
440.508,35.287,15.080,17.235
440.190,35.605,15.080,17.235
440.763,34.779,15.080,17.235
440.318,35.097,15.080,17.235
441.017,35.415,15.080,17.235
440.572,34.588,15.080,17.235
440.127,34.906,15.080,17.235
440.826,35.351,15.080,17.235
440.508,35.796,15.080,17.235
440.191,35.097,15.080,17.235
441.017,35.542,15.080,17.235
440.699,34.842,15.080,17.235
440.381,35.287,15.080,17.235
441.208,35.732,15.080,17.235
440.890,35.160,15.080,17.235
440.445,35.605,15.080,17.235
441.144,35.033,15.080,17.235
440.699,35.478,15.080,17.235
440.254,35.033,15.080,17.235
441.081,35.605,15.080,17.235
440.636,35.160,15.080,17.235
440.318,35.605,15.080,17.235
441.017,35.033,15.080,17.235
440.572,35.478,15.080,17.235
440.127,34.906,15.080,17.235
440.826,35.224,15.080,17.235
440.508,35.669,15.080,17.235
440.063,35.224,15.080,17.235
440.890,35.669,15.080,17.235
440.572,35.351,15.080,17.235
440.381,35.796,15.080,17.235
441.208,35.351,15.080,17.235
441.017,35.796,15.080,17.235
440.826,35.351,15.080,17.235
440.636,35.796,15.080,17.235
440.445,35.351,15.080,17.235
441.399,35.796,15.080,17.235
441.208,35.351,15.080,17.235
441.144,35.796,15.080,17.235
440.954,35.351,15.080,17.235
440.890,35.796,15.080,17.235
440.699,35.351,15.080,17.235
440.763,35.923,15.080,17.235
440.699,35.478,15.080,17.235
440.763,35.160,15.080,17.235
440.826,35.605,15.080,17.235
440.763,35.033,15.080,17.235
440.699,35.224,15.080,17.235
440.636,35.415,15.080,17.235
440.445,34.588,15.080,17.235
441.399,34.779,15.080,17.235
441.462,34.970,15.080,17.235
440.636,35.160,15.080,17.235
440.699,35.351,15.080,17.235
440.763,35.542,15.080,17.235
441.107,34.929,14.759,16.867
441.294,35.116,14.759,16.867
441.481,35.302,14.759,16.867
441.543,35.489,14.759,16.867
441.730,35.676,14.759,16.867
440.921,34.867,14.759,16.867
441.338,35.261,15.085,17.240
441.529,35.452,15.085,17.240
440.703,34.752,15.085,17.240
440.893,35.070,15.085,17.240
440.957,35.261,15.085,17.240
441.148,35.579,15.085,17.240
441.492,35.089,14.764,16.873
441.679,35.400,14.764,16.873
440.870,35.711,14.764,16.873
441.057,35.151,14.764,16.873
441.368,35.586,14.764,16.873
441.430,34.902,14.764,16.873
441.493,35.338,14.764,16.873
441.679,35.773,14.764,16.873
440.870,35.089,14.764,16.873
440.932,35.524,14.764,16.873
440.995,35.960,14.764,16.873
440.932,35.275,14.764,16.873
440.995,35.711,14.764,16.873
441.057,35.151,14.764,16.873
441.119,35.586,14.764,16.873
441.181,35.026,14.764,16.873
441.244,35.462,14.764,16.873
441.430,36.022,14.764,16.873
441.617,35.462,14.764,16.873
441.804,35.898,14.764,16.873
440.995,35.338,14.764,16.873
441.306,35.898,14.764,16.873
441.617,35.462,14.764,16.873
441.928,36.022,14.764,16.873
441.119,35.462,14.764,16.873
441.430,36.022,14.764,16.873
441.742,35.586,14.764,16.873
440.933,35.151,14.764,16.873
441.244,35.835,14.764,16.873
441.555,35.524,14.764,16.873
441.866,36.084,14.764,16.873
441.057,35.649,14.764,16.873
441.244,35.338,14.764,16.873
441.555,35.898,14.764,16.873
441.742,35.586,14.764,16.873
440.933,35.151,14.764,16.873
441.119,35.711,14.764,16.873
441.306,35.400,14.764,16.873
441.493,35.960,14.764,16.873
441.804,36.022,14.764,16.873
441.119,35.960,14.764,16.873
441.431,36.022,14.764,16.873
441.742,35.960,14.764,16.873
441.057,35.898,14.764,16.873
441.244,35.835,14.764,16.873
441.555,35.898,14.764,16.873
441.742,35.835,14.764,16.873
440.933,35.649,14.764,16.873
441.244,35.711,14.764,16.873
441.680,35.773,14.764,16.873
440.995,35.711,14.764,16.873
441.431,35.773,14.764,16.873
441.866,35.835,14.764,16.873
441.182,35.773,14.764,16.873
441.493,35.835,14.764,16.873
441.929,36.022,14.764,16.873
441.244,36.084,14.764,16.873
441.680,36.271,14.764,16.873
440.995,36.333,14.764,16.873
441.413,35.953,15.090,17.246
441.476,36.017,15.090,17.246
440.649,36.080,15.090,17.246
440.713,36.144,15.090,17.246
440.904,36.207,15.090,17.246
440.967,36.144,15.090,17.246
441.031,36.080,15.090,17.246
441.222,36.017,15.090,17.246
441.413,35.953,15.090,17.246
441.476,35.762,15.090,17.246
440.649,35.571,15.090,17.246
440.840,35.380,15.090,17.246
441.031,35.190,15.090,17.246
441.349,35.889,15.090,17.246
441.667,35.826,15.090,17.246
440.967,35.508,15.090,17.246
441.286,35.317,15.090,17.246
441.604,35.889,15.090,17.246
440.904,35.571,15.090,17.246
441.095,35.253,15.090,17.246
441.286,35.699,15.090,17.246
441.222,35.126,15.090,17.246
441.286,35.571,15.090,17.246
441.222,34.999,15.090,17.246
441.158,35.444,15.090,17.246
441.095,34.999,15.090,17.246
441.031,35.444,15.090,17.246
440.967,34.999,15.090,17.246
441.031,35.444,15.090,17.246
440.967,34.999,15.090,17.246
441.031,35.444,15.090,17.246
440.967,34.999,15.090,17.246
441.031,35.444,15.090,17.246
440.840,34.999,15.090,17.246
440.777,35.444,15.090,17.246
440.586,34.999,15.090,17.246
440.522,35.444,15.090,17.246
440.458,35.126,15.090,17.246
440.395,35.571,15.090,17.246
441.222,35.253,15.090,17.246
441.158,35.699,15.090,17.246
441.095,35.380,15.090,17.246
440.904,34.935,15.090,17.246
440.840,35.380,15.090,17.246
440.777,34.935,15.090,17.246
440.713,35.380,15.090,17.246
440.649,34.935,15.090,17.246
440.713,35.508,15.090,17.246
440.649,35.190,15.090,17.246
440.713,35.762,15.090,17.246
441.667,36.208,15.090,17.246
444.403,39.070,15.090,17.246
451.083,42.315,15.090,17.246
455.727,45.559,15.090,17.246
459.099,47.277,15.090,17.246
464.506,51.540,15.090,17.246
469.659,56.184,15.090,17.246
474.558,62.228,15.090,17.246
479.838,65.345,15.090,17.246
483.592,68.081,15.090,17.246
484.292,71.707,15.090,17.246
485.501,74.570,15.090,17.246
486.200,77.051,15.090,17.246
486.646,78.132,15.090,17.246
485.946,78.578,15.090,17.246
486.391,78.260,15.090,17.246
486.455,79.214,15.090,17.246
486.646,79.532,15.090,17.246
486.073,78.323,15.090,17.246
486.137,78.896,15.090,17.246
486.455,79.214,15.090,17.246
486.773,79.659,15.090,17.246
486.073,79.087,15.090,17.246
486.391,79.277,15.090,17.246
486.837,79.596,15.090,17.246
486.264,79.150,15.090,17.246
486.709,79.468,15.090,17.246
486.137,78.769,15.090,17.246
486.582,79.087,15.090,17.246
485.882,79.532,15.090,17.246
487.727,79.850,15.090,17.246
490.590,82.458,15.090,17.246
495.743,85.448,15.090,17.246
501.405,88.566,15.090,17.246
506.177,91.556,15.090,17.246
511.203,95.309,15.090,17.246
517.374,100.590,15.090,17.246
520.618,104.979,15.090,17.246
525.501,108.413,14.768,16.878
530.419,111.838,14.768,16.878
530.967,115.850,15.095,17.252
531.667,118.586,15.095,17.252
532.748,121.195,15.095,17.252
532.430,122.405,15.095,17.252
533.130,122.341,15.095,17.252
533.576,123.296,15.095,17.252
532.621,123.359,15.095,17.252
532.048,123.423,15.095,17.252
532.876,122.341,15.095,17.252
532.430,122.914,15.095,17.252
533.258,123.105,15.095,17.252
533.067,123.296,15.095,17.252
532.749,123.614,15.095,17.252
532.303,122.532,15.095,17.252
533.003,122.468,15.095,17.252
532.685,122.659,15.095,17.252
532.367,122.850,15.095,17.252
533.194,123.168,15.095,17.252
532.876,123.105,15.095,17.252
532.558,123.296,15.095,17.252
532.239,123.614,15.095,17.252
533.067,122.914,15.095,17.252
532.876,123.105,15.095,17.252
532.812,123.296,15.095,17.252
532.621,123.614,15.095,17.252
532.303,122.786,15.095,17.252
533.258,123.105,15.095,17.252
533.067,123.296,15.095,17.252
533.003,123.614,15.095,17.252
532.812,123.041,15.095,17.252
532.621,123.359,15.095,17.252
532.176,123.550,15.095,17.252
532.876,122.723,15.095,17.252
532.430,122.786,15.095,17.252
533.385,123.105,15.095,17.252
532.939,123.168,15.095,17.252
532.621,123.232,15.095,17.252
532.303,123.423,15.095,17.252
533.130,122.595,15.095,17.252
532.812,122.786,15.095,17.252
532.367,122.977,15.095,17.252
533.194,123.168,15.095,17.252
532.749,123.359,15.095,17.252
532.303,123.550,15.095,17.252
533.130,122.850,15.095,17.252
532.685,123.041,15.095,17.252
532.239,123.232,15.095,17.252
533.067,123.550,15.095,17.252
532.621,122.723,15.095,17.252
532.303,122.914,15.095,17.252
533.258,123.232,15.095,17.252
532.176,123.677,15.095,17.252
527.657,122.850,15.095,17.252
521.230,123.041,15.095,17.252
517.730,123.232,15.095,17.252
512.957,123.550,15.095,17.252
507.802,122.723,15.095,17.252
502.902,122.659,15.095,17.252
498.129,122.850,15.095,17.252
492.974,123.041,15.095,17.252
488.328,123.105,15.095,17.252
483.428,122.914,15.095,17.252
478.655,122.468,15.095,17.252
472.736,122.023,15.095,17.252
467.836,122.595,15.095,17.252
463.700,122.023,15.095,17.252
462.236,122.468,15.095,17.252
462.681,121.768,15.095,17.252
461.854,122.086,15.095,17.252
461.154,122.277,15.095,17.252
461.981,122.468,15.095,17.252
461.408,121.641,15.095,17.252
461.981,121.832,15.095,17.252
461.408,122.023,15.095,17.252
461.981,122.214,15.095,17.252
461.408,122.404,15.095,17.252
461.981,121.577,15.095,17.252
461.408,121.768,15.095,17.252
462.109,121.959,15.095,17.252
461.536,122.150,15.095,17.252
460.963,122.341,15.095,17.252
461.536,122.404,15.095,17.252
460.963,121.450,15.095,17.252
461.536,121.514,15.095,17.252
460.963,121.450,15.095,17.252
461.663,121.514,15.095,17.252
461.090,121.450,15.095,17.252
461.790,121.514,15.095,17.252
461.218,121.450,15.095,17.252
461.918,121.514,15.095,17.252
461.345,121.450,15.095,17.252
462.045,121.514,15.095,17.252
461.599,121.577,15.095,17.252
461.154,121.641,15.095,17.252
461.854,121.832,15.095,17.252
461.409,122.023,15.095,17.252
462.109,122.214,15.095,17.252
461.536,122.277,15.095,17.252
460.963,122.341,15.095,17.252
461.663,122.532,15.095,17.252
461.090,121.704,15.095,17.252
461.790,121.895,15.095,17.252
461.218,121.959,15.095,17.252
461.790,122.150,15.095,17.252
461.218,122.214,15.095,17.252
461.790,122.405,15.095,17.252
460.963,121.450,15.095,17.252
461.027,121.386,15.095,17.252
461.090,121.195,15.095,17.252
461.154,121.895,15.095,17.252
461.345,121.832,15.095,17.252
461.536,121.768,15.095,17.252
460.709,121.704,15.095,17.252
460.899,121.641,15.095,17.252
461.218,121.704,15.095,17.252
461.409,121.768,15.095,17.252
461.727,121.832,15.095,17.252
460.900,121.895,15.095,17.252
461.218,121.959,15.095,17.252
461.409,122.023,15.095,17.252
461.727,122.086,15.095,17.252
461.027,122.150,15.095,17.252
461.345,122.214,15.095,17.252
461.663,122.277,15.095,17.252
460.963,122.341,15.095,17.252
461.281,122.405,15.095,17.252
461.472,121.450,15.095,17.252
460.772,121.514,15.095,17.252
461.090,121.577,15.095,17.252
461.154,121.641,15.095,17.252
461.600,121.832,15.095,17.252
460.900,122.023,15.095,17.252
461.218,122.214,15.095,17.252
461.536,122.405,15.095,17.252
460.836,121.577,15.095,17.252
461.281,121.768,15.095,17.252
461.600,121.959,15.095,17.252
461.027,122.023,15.095,17.252
461.472,122.214,15.095,17.252
460.900,122.277,15.095,17.252
461.345,122.468,15.095,17.252
461.790,121.768,15.095,17.252
461.218,121.832,15.095,17.252
461.790,122.023,15.095,17.252
461.218,122.086,15.095,17.252
461.790,122.277,15.095,17.252
461.345,122.468,15.095,17.252
461.918,121.768,15.095,17.252
461.472,121.832,15.095,17.252
461.027,121.895,15.095,17.252
461.727,122.214,15.095,17.252
461.281,122.405,15.095,17.252
461.981,121.832,15.095,17.252
461.536,122.023,15.095,17.252
461.090,122.214,15.095,17.252
461.791,122.532,15.095,17.252
461.218,121.705,15.095,17.252
461.663,121.768,15.095,17.252
461.090,121.832,15.095,17.252
461.663,122.023,15.095,17.252
461.090,122.086,15.095,17.252
461.663,122.277,15.095,17.252
461.090,122.341,15.095,17.252
461.536,122.532,15.095,17.252
460.963,121.705,15.095,17.252
461.409,121.895,15.095,17.252
461.854,122.086,15.095,17.252
461.281,122.277,15.095,17.252
461.727,122.468,15.095,17.252
461.154,121.768,15.095,17.252
461.600,121.959,15.095,17.252
461.027,122.150,15.095,17.252
461.472,122.341,15.095,17.252
460.900,122.532,15.095,17.252
461.345,121.959,15.095,17.252
461.918,122.277,15.095,17.252
461.345,122.468,15.095,17.252
461.790,121.768,15.095,17.252
461.218,121.959,15.095,17.252
461.790,122.277,15.095,17.252
461.345,122.468,15.095,17.252
461.536,121.514,15.095,17.252
460.836,121.323,15.095,17.252
461.027,122.023,15.095,17.252
461.345,122.086,15.095,17.252
461.663,122.150,15.095,17.252
461.090,122.214,15.095,17.252
461.536,122.405,15.095,17.252
460.963,121.577,15.095,17.252
461.536,121.768,15.095,17.252
460.963,121.959,15.095,17.252
461.536,122.277,15.095,17.252
461.090,122.468,15.095,17.252
461.663,121.895,15.095,17.252
461.218,121.959,15.095,17.252
461.918,122.277,15.095,17.252
461.472,122.468,15.095,17.252
461.027,121.768,15.095,17.252
461.600,122.086,15.095,17.252
461.154,122.277,15.095,17.252
461.854,122.595,15.095,17.252
461.409,121.768,15.095,17.252
462.109,121.959,15.095,17.252
461.663,122.023,15.095,17.252
461.218,122.086,15.095,17.252
461.918,122.277,15.095,17.252
461.472,122.341,15.095,17.252
461.154,122.405,15.095,17.252
461.854,121.577,15.095,17.252
461.536,121.641,15.095,17.252
461.218,121.705,15.095,17.252
462.045,121.895,15.095,17.252
461.727,121.959,15.095,17.252
461.409,122.023,15.095,17.252
462.109,122.214,15.095,17.252
461.791,122.277,15.095,17.252
461.472,122.341,15.095,17.252
461.154,122.532,15.095,17.252
461.854,121.832,15.095,17.252
461.536,122.023,15.095,17.252
461.218,122.214,15.095,17.252
462.045,122.405,15.095,17.252
461.727,121.577,15.095,17.252
461.409,121.768,15.095,17.252
462.236,121.959,15.095,17.252
461.918,122.150,15.095,17.252
461.600,122.341,15.095,17.252
461.281,122.405,15.095,17.252
461.981,121.705,15.095,17.252
461.663,121.768,15.095,17.252
461.345,121.832,15.095,17.252
462.045,121.895,15.095,17.252
461.727,121.959,15.095,17.252
462.154,123.287,15.429,17.633
465.767,125.795,15.100,17.257
472.493,129.967,14.778,16.889
476.917,132.771,14.778,16.889
481.714,135.450,14.778,16.889
486.512,138.752,14.778,16.889
491.309,144.172,14.778,16.889
496.106,148.845,14.778,16.889
502.523,152.396,14.778,16.889
506.199,155.200,14.778,16.889
511.246,159.374,14.778,16.889
516.043,164.421,14.778,16.889
521.339,168.969,14.778,16.889
526.240,172.091,14.463,16.529
532.213,176.793,14.155,16.177
535.137,181.030,14.155,16.177
536.151,184.431,14.155,16.177
536.211,187.355,14.155,16.177
537.345,188.608,14.155,16.177
537.126,189.730,14.468,16.535
537.065,191.010,14.468,16.535
537.858,191.803,14.468,16.535
537.675,191.498,14.468,16.535
537.614,190.827,14.468,16.535
538.041,191.376,14.468,16.535
538.102,191.681,14.468,16.535
538.407,191.986,14.468,16.535
537.736,192.169,14.468,16.535
537.919,192.108,14.468,16.535
538.224,192.413,14.468,16.535
538.651,191.864,14.468,16.535
539.923,193.040,14.159,16.182
542.370,195.129,14.159,16.182
546.966,198.174,14.159,16.182
551.921,201.218,14.159,16.182
556.279,204.382,14.159,16.182
562.427,208.739,14.159,16.182
568.456,213.455,14.159,16.182
572.933,219.484,14.159,16.182
577.291,222.290,14.159,16.182
582.102,224.937,13.857,15.837
586.834,229.201,13.857,15.837
591.449,234.167,13.857,15.837
594.024,238.538,14.164,16.187
593.486,241.105,14.164,16.187
594.621,241.882,14.164,16.187
595.278,244.330,14.164,16.187
594.621,245.345,14.164,16.187
595.278,246.121,14.164,16.187
595.141,245.776,13.862,15.842
595.316,245.367,13.862,15.842
595.466,245.980,14.169,16.193
595.329,246.325,13.866,15.847
595.388,246.968,13.866,15.847
595.446,246.325,13.866,15.847
595.621,246.500,13.866,15.847
595.375,246.500,13.571,15.509
595.432,247.015,13.571,15.509
595.604,246.729,13.571,15.509
595.775,246.901,13.571,15.509
595.032,246.043,13.571,15.509
594.974,246.443,13.571,15.509
594.917,246.844,13.571,15.509
594.860,246.329,13.571,15.509
594.917,246.500,13.571,15.509
594.974,246.786,13.571,15.509
595.032,246.272,13.571,15.509
595.089,246.786,13.571,15.509
595.375,246.500,13.571,15.509
595.661,247.015,13.571,15.509
596.176,247.072,13.571,15.509
595.661,247.130,13.571,15.509
596.061,246.958,13.571,15.509
595.432,246.558,13.571,15.509
595.718,247.072,13.571,15.509
595.089,246.901,13.571,15.509
595.489,246.958,13.571,15.509
595.890,247.015,13.571,15.509
595.375,247.072,13.571,15.509
595.890,247.244,13.571,15.509
595.489,247.301,13.571,15.509
596.004,247.473,13.571,15.509
595.604,247.530,13.571,15.509
596.119,247.702,13.571,15.509
595.718,247.873,13.571,15.509
595.318,247.015,13.571,15.509
595.833,247.301,13.571,15.509
595.432,247.473,13.571,15.509
595.947,247.759,13.571,15.509
595.546,247.015,13.571,15.509
596.061,247.301,13.571,15.509
595.661,247.473,13.571,15.509
596.176,247.759,13.571,15.509
595.775,247.015,13.571,15.509
595.375,247.187,13.571,15.509
596.004,247.473,13.571,15.509
595.718,247.645,13.571,15.509
595.432,247.816,13.571,15.509
596.290,247.301,13.571,15.509
596.347,247.587,13.571,15.509
596.290,247.873,13.571,15.509
