306.000,270.000,14.000,11.000
313.025,269.361,14.000,11.000
319.853,269.803,14.000,11.000
325.600,270.049,14.000,11.000
325.748,269.214,14.000,11.000
331.201,269.361,14.000,11.000
336.064,269.410,14.000,11.000
338.274,269.361,14.000,11.000
338.717,269.214,14.000,11.000
339.748,269.067,14.000,11.000
342.155,268.919,14.000,11.000
344.268,269.656,14.000,11.000
344.513,269.312,14.000,11.000
342.106,268.870,14.000,11.000
338.717,269.607,14.000,11.000
333.755,269.361,14.000,11.000
329.579,269.116,14.000,11.000
329.039,269.067,14.000,11.000
325.650,269.017,14.000,11.000
322.653,269.263,14.000,11.000
321.032,269.902,14.000,11.000
321.474,270.540,14.000,11.000
321.425,270.098,14.000,11.000
320.983,270.049,14.000,11.000
320.246,270.295,14.000,11.000
319.902,270.442,14.000,11.000
319.460,270.688,14.000,11.000
319.804,270.540,14.000,11.000
318.084,270.098,14.000,11.000
316.955,269.656,14.000,11.000
316.513,270.393,14.000,11.000
313.909,270.049,14.000,11.000
311.502,269.607,14.000,11.000
307.916,270.246,14.000,11.000
308.456,269.803,14.000,11.000
306.344,270.442,14.000,11.000
304.428,269.902,14.000,11.000
303.593,270.442,14.000,11.000
302.267,270.000,14.000,11.000
302.807,270.639,14.000,11.000
301.972,270.688,14.000,11.000
301.628,271.130,14.000,11.000
300.989,270.786,14.000,11.000
300.744,271.621,14.000,11.000
300.498,271.572,14.000,11.000
301.235,271.818,14.000,11.000
300.891,271.965,14.000,11.000
301.431,272.112,14.000,11.000
301.972,271.179,14.000,11.000
302.807,271.424,14.000,11.000
304.133,271.670,14.000,11.000
306.049,271.326,14.000,11.000
306.884,270.491,14.000,11.000
307.326,270.147,14.000,11.000
307.965,269.509,14.000,11.000
308.505,269.361,14.000,11.000
312.091,269.214,14.000,11.000
312.730,269.067,14.000,11.000
318.674,269.116,14.000,11.000
325.207,268.870,14.000,11.000
330.758,269.509,14.000,11.000
334.738,268.968,14.000,11.000
337.439,269.607,14.000,11.000
338.274,269.165,14.000,11.000
339.011,268.919,14.000,11.000
339.453,269.853,14.000,11.000
341.271,270.000,14.000,11.000
340.927,270.147,14.000,11.000
341.860,269.410,14.000,11.000
340.239,269.853,14.000,11.000
336.260,270.491,14.000,11.000
330.316,270.147,14.000,11.000
329.972,269.803,14.000,11.000
323.242,270.639,14.000,11.000
310.750,270.803,13.701,10.765
307.913,270.178,13.701,10.765
305.942,270.515,13.701,10.765
305.413,270.851,13.701,10.765
304.404,270.130,13.701,10.765
303.779,270.371,13.701,10.765
304.307,270.515,13.701,10.765
303.394,270.851,13.701,10.765
302.673,270.034,13.701,10.765
302.048,270.274,13.701,10.765
302.481,270.419,13.701,10.765
300.509,270.563,13.701,10.765
299.211,270.611,13.701,10.765
297.625,270.371,13.701,10.765
297.192,270.034,13.701,10.765
296.375,269.601,13.701,10.765
296.519,270.226,13.701,10.765
296.086,269.697,13.701,10.765
296.327,269.072,13.701,10.765
295.029,269.505,13.701,10.765
295.269,269.938,13.701,10.765
294.163,269.217,13.701,10.765
293.827,269.553,13.701,10.765
294.260,269.986,13.701,10.765
293.538,269.553,13.701,10.765
294.260,270.467,13.701,10.765
294.981,270.996,13.701,10.765
295.702,270.371,13.701,10.765
297.096,271.188,13.701,10.765
299.356,271.524,13.701,10.765
300.365,272.245,13.701,10.765
301.663,272.582,13.701,10.765
302.192,272.822,13.701,10.765
303.106,272.005,13.701,10.765
306.231,271.765,13.701,10.765
309.452,271.717,13.701,10.765
316.038,271.861,13.701,10.765
316.759,271.909,13.701,10.765
323.250,272.053,13.701,10.765
328.778,272.101,13.701,10.765
335.557,272.053,13.701,10.765
335.317,272.005,13.701,10.765
340.942,271.669,13.701,10.765
345.317,270.947,13.701,10.765
345.845,270.707,13.701,10.765
346.374,270.467,13.701,10.765
345.845,270.996,13.701,10.765
347.624,270.371,13.701,10.765
348.538,270.611,13.701,10.765
346.182,270.755,13.701,10.765
340.461,269.842,13.701,10.765
340.317,270.082,13.701,10.765
332.192,270.419,13.701,10.765
322.432,270.947,13.701,10.765
312.288,270.419,13.701,10.765
302.529,271.236,13.701,10.765
297.192,270.899,13.701,10.765
296.086,270.659,13.701,10.765
293.827,270.322,13.701,10.765
293.106,271.044,13.701,10.765
293.827,270.611,13.701,10.765
293.394,271.236,13.701,10.765
292.673,270.707,13.701,10.765
292.433,270.082,13.701,10.765
291.712,270.419,13.701,10.765
291.279,270.851,13.701,10.765
290.462,270.130,13.701,10.765
289.644,270.563,13.701,10.765
289.885,270.899,13.701,10.765
290.510,270.178,13.701,10.765
291.327,270.515,13.701,10.765
292.529,270.851,13.701,10.765
294.500,270.130,13.701,10.765
296.279,270.563,13.701,10.765
295.558,271.092,13.701,10.765
295.317,270.563,13.701,10.765
294.885,271.188,13.701,10.765
305.413,270.851,13.701,10.765
313.731,270.419,13.701,10.765
321.279,271.044,13.701,10.765
326.711,270.515,13.701,10.765
333.394,271.044,13.701,10.765
335.749,270.515,13.701,10.765
339.740,271.140,13.701,10.765
343.249,270.611,13.701,10.765
340.028,271.140,13.701,10.765
336.615,270.611,13.701,10.765
331.663,271.332,13.701,10.765
328.057,270.996,13.701,10.765
323.490,270.755,13.701,10.765
321.327,270.803,13.701,10.765
319.932,270.947,13.701,10.765
317.577,271.092,13.701,10.765
315.125,271.236,13.701,10.765
312.865,271.188,13.701,10.765
309.548,271.044,13.701,10.765
306.038,270.611,13.701,10.765
302.048,269.794,13.701,10.765
300.846,268.496,13.701,10.765
300.029,268.544,13.701,10.765
299.404,268.015,13.701,10.765
297.817,267.486,13.701,10.765
297.673,268.015,13.701,10.765
297.336,267.294,13.701,10.765
297.192,267.919,13.701,10.765
297.048,267.967,13.701,10.765
297.769,268.399,13.701,10.765
297.336,269.217,13.701,10.765
298.058,269.938,13.701,10.765
310.894,271.236,13.701,10.765
317.480,272.342,13.701,10.765
322.721,273.063,13.701,10.765
331.519,273.880,13.701,10.765
333.682,274.409,13.701,10.765
335.653,275.322,13.701,10.765
337.817,275.755,13.701,10.765
340.269,274.938,13.701,10.765
337.432,274.890,13.701,10.765
333.634,275.226,13.701,10.765
329.836,275.563,13.701,10.765
324.211,273.784,13.701,10.765
321.952,272.294,13.701,10.765
322.000,271.957,13.701,10.765
321.375,270.947,13.701,10.765
319.403,268.976,13.701,10.765
318.490,268.255,13.701,10.765
317.096,267.822,13.701,10.765
312.529,266.044,13.701,10.765
308.730,266.476,13.701,10.765
306.279,267.390,13.701,10.765
303.634,267.919,13.701,10.765
301.375,267.774,13.701,10.765
300.654,268.399,13.701,10.765
300.125,269.409,13.701,10.765
300.173,270.226,13.701,10.765
298.106,271.717,13.701,10.765
298.827,271.957,13.701,10.765
298.394,272.582,13.701,10.765
298.731,273.399,13.701,10.765
299.452,273.928,13.701,10.765
299.981,273.976,13.701,10.765
302.529,274.217,13.701,10.765
307.384,273.976,13.701,10.765
318.490,273.447,13.701,10.765
318.923,274.072,13.701,10.765
326.278,273.063,13.701,10.765
328.346,272.053,13.701,10.765
330.798,271.332,13.701,10.765
334.403,270.995,13.701,10.765
336.663,269.890,13.701,10.765
334.788,269.457,13.701,10.765
332.048,270.082,13.701,10.765
329.499,269.361,13.701,10.765
326.086,269.697,13.701,10.765
325.942,269.169,13.701,10.765
325.221,269.794,13.701,10.765
322.865,269.938,13.701,10.765
321.951,270.563,13.701,10.765
320.077,271.669,13.701,10.765
317.913,271.428,13.701,10.765
312.096,273.496,13.701,10.765
309.452,273.736,13.701,10.765
306.327,273.015,13.701,10.765
304.644,273.544,13.701,10.765
304.019,274.361,13.701,10.765
303.682,274.121,13.701,10.765
301.904,271.380,13.701,10.765
301.471,270.467,13.701,10.765
300.461,269.457,13.701,10.765
299.644,268.544,13.701,10.765
298.731,268.688,13.701,10.765
298.106,267.967,13.701,10.765
298.442,268.015,13.701,10.765
297.721,268.063,13.701,10.765
300.077,269.072,13.701,10.765
304.067,269.794,13.701,10.765
308.923,269.457,13.701,10.765
312.817,270.467,13.701,10.765
316.711,270.803,13.701,10.765
320.605,269.986,13.701,10.765
324.692,270.226,13.701,10.765
329.451,270.274,13.701,10.765
333.634,269.842,13.701,10.765
332.817,269.217,13.701,10.765
331.999,269.649,13.701,10.765
330.798,268.640,13.701,10.765
329.115,268.303,13.701,10.765
327.817,269.024,13.701,10.765
325.653,268.496,13.701,10.765
321.952,268.928,13.701,10.765
320.077,268.592,13.701,10.765
318.202,269.409,13.701,10.765
315.557,269.649,13.701,10.765
311.856,269.024,13.701,10.765
310.750,269.649,13.701,10.765
309.644,269.697,13.701,10.765
308.634,270.130,13.701,10.765
307.817,270.659,13.701,10.765
307.096,270.322,13.701,10.765
306.471,271.236,13.701,10.765
305.269,271.380,13.701,10.765
304.260,271.717,13.701,10.765
303.346,271.092,13.701,10.765
303.394,271.620,13.701,10.765
302.673,271.092,13.701,10.765
302.240,271.717,13.701,10.765
301.615,271.188,13.701,10.765
302.048,271.717,13.701,10.765
302.481,271.092,13.701,10.765
301.856,271.620,13.701,10.765
302.385,270.995,13.701,10.765
302.817,270.947,13.701,10.765
303.346,270.899,13.701,10.765
304.548,270.370,13.701,10.765
307.000,270.707,13.701,10.765
309.356,269.697,13.701,10.765
308.827,269.457,13.701,10.765
310.894,269.986,13.701,10.765
311.904,269.553,13.701,10.765
312.721,270.370,13.701,10.765
313.250,270.419,13.701,10.765
313.779,270.467,13.701,10.765
314.981,270.707,13.701,10.765
315.413,269.890,13.701,10.765
314.884,270.419,13.701,10.765
315.221,271.044,13.701,10.765
314.404,271.188,13.701,10.765
314.644,271.332,13.701,10.765
314.788,271.765,13.701,10.765
315.029,271.332,13.701,10.765
315.269,272.053,13.701,10.765
314.452,271.620,13.701,10.765
314.788,271.188,13.701,10.765
315.029,271.813,13.701,10.765
315.365,271.572,13.701,10.765
314.548,272.390,13.701,10.765
314.884,272.245,13.701,10.765
314.356,272.197,13.701,10.765
313.346,271.669,13.701,10.765
312.529,271.140,13.701,10.765
311.904,271.669,13.701,10.765
312.433,271.140,13.701,10.765
311.327,271.572,13.701,10.765
310.606,271.813,13.701,10.765
310.077,270.995,13.701,10.765
310.221,270.659,13.701,10.765
309.308,270.322,13.701,10.765
308.683,270.947,13.701,10.765
308.635,270.419,13.701,10.765
308.779,270.563,13.701,10.765
309.596,270.226,13.701,10.765
309.356,269.890,13.701,10.765
309.788,269.169,13.701,10.765
310.509,269.409,13.701,10.765
310.173,269.649,13.701,10.765
310.413,268.640,13.701,10.765
311.134,268.688,13.701,10.765
312.144,269.120,13.701,10.765
312.673,269.649,13.701,10.765
312.048,269.120,13.701,10.765
312.865,269.745,13.701,10.765
313.106,269.409,13.701,10.765
313.634,270.418,13.701,10.765
313.106,270.947,13.701,10.765
313.923,270.611,13.701,10.765
313.779,271.332,13.701,10.765
313.538,271.668,13.701,10.765
313.875,271.043,13.701,10.765
314.211,271.572,13.701,10.765
313.490,272.101,13.701,10.765
313.827,271.572,13.701,10.765
314.163,272.101,13.701,10.765
313.346,271.668,13.701,10.765
313.490,271.236,13.701,10.765
313.634,271.957,13.701,10.765
313.875,271.813,13.701,10.765
313.634,272.342,13.701,10.765
313.586,272.967,13.701,10.765
313.538,272.438,13.701,10.765
313.394,273.063,13.701,10.765
313.154,272.726,13.701,10.765
312.817,272.293,13.701,10.765
313.538,272.918,13.701,10.765
313.106,272.197,13.701,10.765
313.827,272.534,13.701,10.765
313.298,272.774,13.701,10.765
312.769,271.957,13.701,10.765
313.298,271.717,13.701,10.765
312.384,271.380,13.701,10.765
311.471,272.101,13.701,10.765
311.615,271.765,13.701,10.765
310.990,271.140,13.701,10.765
310.461,271.668,13.701,10.765
309.644,270.851,13.701,10.765
309.885,271.092,13.701,10.765
310.029,271.140,13.701,10.765
310.269,270.899,13.701,10.765
309.452,270.370,13.701,10.765
309.692,270.995,13.701,10.765
309.836,270.370,13.701,10.765
309.981,270.707,13.701,10.765
310.510,269.601,13.701,10.765
310.846,270.034,13.701,10.765
311.086,269.313,13.701,10.765
311.904,269.265,13.701,10.765
312.336,268.832,13.701,10.765
312.096,268.303,13.701,10.765
312.817,268.832,13.701,10.765
313.154,268.784,13.701,10.765
312.433,269.505,13.701,10.765
312.961,270.611,13.701,10.765
313.490,271.332,13.701,10.765
312.865,271.092,13.701,10.765
313.586,271.428,13.701,10.765
313.154,272.149,13.701,10.765
312.433,272.582,13.701,10.765
312.865,273.015,13.701,10.765
312.529,272.774,13.701,10.765
311.904,273.207,13.701,10.765
312.144,273.928,13.701,10.765
312.384,273.495,13.701,10.765
311.567,274.024,13.701,10.765
311.904,272.822,13.701,10.765
312.240,272.101,13.701,10.765
311.423,272.534,13.701,10.765
311.760,272.870,13.701,10.765
312.096,271.861,13.701,10.765
312.433,270.851,13.701,10.765
311.712,270.611,13.701,10.765
312.144,270.563,13.701,10.765
312.481,269.649,13.701,10.765
311.760,268.447,13.701,10.765
312.096,268.111,13.701,10.765
312.433,267.870,13.701,10.765
311.712,267.438,13.701,10.765
311.952,268.159,13.701,10.765
312.288,267.822,13.701,10.765
311.567,267.486,13.701,10.765
311.904,268.015,13.701,10.765
312.144,267.486,13.701,10.765
312.096,268.207,13.701,10.765
311.952,268.640,13.701,10.765
311.904,267.918,13.701,10.765
311.664,268.640,13.701,10.765
311.519,268.880,13.701,10.765
311.183,269.505,13.701,10.765
310.942,270.226,13.701,10.765
311.664,270.466,13.701,10.765
311.231,271.188,13.701,10.765
310.798,271.620,13.701,10.765
311.519,270.899,13.701,10.765
311.183,271.716,13.701,10.765
310.654,272.149,13.701,10.765
311.183,272.582,13.701,10.765
310.654,273.014,13.701,10.765
311.183,272.005,13.701,10.765
310.558,271.572,13.701,10.765
310.990,272.197,13.701,10.765
311.423,271.765,13.701,10.765
310.798,271.332,13.701,10.765
311.135,271.668,13.701,10.765
311.375,270.659,13.701,10.765
310.462,270.034,13.701,10.765
310.414,270.563,13.701,10.765
310.269,270.707,13.701,10.765
310.221,269.697,13.701,10.765
310.558,269.841,13.701,10.765
310.894,269.890,13.701,10.765
311.712,270.322,13.701,10.765
312.240,270.755,13.701,10.765
312.000,270.226,13.701,10.765
312.817,270.755,13.701,10.765
313.250,270.226,13.701,10.765
312.817,270.851,13.701,10.765
313.635,270.322,13.701,10.765
313.875,270.851,13.701,10.765
314.308,270.226,13.701,10.765
313.683,270.659,13.701,10.765
314.404,269.938,13.701,10.765
314.067,270.370,13.701,10.765
314.788,270.803,13.701,10.765
314.356,270.274,13.701,10.765
313.827,270.899,13.701,10.765
314.356,270.370,13.701,10.765
313.827,270.995,13.701,10.765
314.356,270.563,13.701,10.765
313.538,271.188,13.701,10.765
313.010,270.851,13.701,10.765
313.250,270.611,13.701,10.765
312.433,271.332,13.701,10.765
311.808,271.284,13.701,10.765
311.856,271.043,13.701,10.765
311.615,270.995,13.701,10.765
311.279,270.947,13.701,10.765
310.750,271.091,13.701,10.765
311.279,271.236,13.701,10.765
310.558,271.476,13.701,10.765
310.798,271.620,13.701,10.765
310.846,270.611,13.701,10.765
310.894,271.428,13.701,10.765
310.942,270.707,13.701,10.765
311.087,269.793,13.701,10.765
311.327,269.168,13.701,10.765
310.510,269.409,13.701,10.765
310.750,269.361,13.701,10.765
310.990,269.313,13.701,10.765
311.423,269.457,13.701,10.765
310.798,269.505,13.701,10.765
311.327,269.265,13.701,10.765
310.702,269.120,13.701,10.765
311.327,268.976,13.701,10.765
310.990,269.601,13.701,10.765
311.904,270.707,13.701,10.765
312.337,270.274,13.701,10.765
311.808,271.188,13.701,10.765
312.337,271.236,13.701,10.765
312.096,271.668,13.701,10.765
312.913,270.947,13.701,10.765
313.154,271.284,13.701,10.765
312.337,271.620,13.701,10.765
312.673,270.803,13.701,10.765
313.010,271.140,13.701,10.765
313.442,271.572,13.701,10.765
312.817,272.005,13.701,10.765
313.250,271.188,13.701,10.765
312.625,270.851,13.701,10.765
313.058,270.226,13.701,10.765
313.490,270.466,13.701,10.765
312.769,270.803,13.701,10.765
313.202,269.890,13.701,10.765
312.481,269.649,13.701,10.765
312.721,269.409,13.701,10.765
312.673,270.034,13.701,10.765
312.625,269.601,13.701,10.765
312.385,270.226,13.701,10.765
311.952,269.601,13.701,10.765
312.481,270.130,13.701,10.765
311.952,269.505,13.701,10.765
312.096,270.034,13.701,10.765
311.856,269.409,13.701,10.765
311.423,269.649,13.701,10.765
310.990,268.832,13.701,10.765
311.423,268.784,13.701,10.765
310.702,269.120,13.701,10.765
311.038,269.841,13.701,10.765
311.279,269.409,13.701,10.765
310.462,270.226,13.701,10.765
310.702,270.370,13.701,10.765
310.942,270.803,13.701,10.765
310.990,270.274,13.701,10.765
310.942,270.899,13.701,10.765
310.510,270.563,13.701,10.765
309.981,271.476,13.701,10.765
310.317,271.428,13.701,10.765
309.404,271.765,13.701,10.765
309.548,271.043,13.701,10.765
309.692,271.476,13.701,10.765
309.933,272.005,13.701,10.765
310.365,271.572,13.701,10.765
309.740,272.197,13.701,10.765
310.365,271.861,13.701,10.765
309.933,271.524,13.701,10.765
310.846,271.957,13.701,10.765
310.990,271.332,13.701,10.765
311.712,270.803,13.701,10.765
312.144,269.890,13.701,10.765
312.962,269.361,13.701,10.765
313.298,269.313,13.701,10.765
312.577,269.265,13.701,10.765
313.106,269.120,13.701,10.765
313.731,268.976,13.701,10.765
313.394,268.640,13.701,10.765
313.635,268.015,13.701,10.765
313.683,268.640,13.701,10.765
313.154,268.399,13.701,10.765
312.625,269.120,13.701,10.765
312.673,269.168,13.701,10.765
312.144,269.409,13.701,10.765
312.481,269.649,13.701,10.765
311.664,268.832,13.701,10.765
311.904,269.072,13.701,10.765
311.760,268.832,13.701,10.765
311.615,268.399,13.701,10.765
311.375,269.024,13.701,10.765
311.135,268.495,13.701,10.765
311.952,269.120,13.701,10.765
312.192,269.361,13.701,10.765
311.375,269.601,13.701,10.765
312.192,270.130,13.701,10.765
312.817,270.082,13.701,10.765
313.827,270.515,13.701,10.765
314.067,270.947,13.701,10.765
314.596,270.707,13.701,10.765
314.260,270.755,13.701,10.765
313.923,270.899,13.701,10.765
314.644,270.947,13.701,10.765
314.404,271.091,13.701,10.765
314.163,271.332,13.701,10.765
314.115,271.572,13.701,10.765
314.933,271.813,13.701,10.765
314.692,270.899,13.701,10.765
313.971,270.370,13.701,10.765
313.538,270.707,13.701,10.765
312.721,269.890,13.701,10.765
312.865,270.034,13.701,10.765
312.529,269.793,13.701,10.765
312.096,269.457,13.701,10.765
312.817,270.178,13.701,10.765
312.481,269.841,13.701,10.765
312.048,269.505,13.701,10.765
312.673,270.226,13.701,10.765
312.240,269.986,13.701,10.765
311.808,269.649,13.701,10.765
312.529,269.216,13.701,10.765
312.192,269.938,13.701,10.765
312.048,269.601,13.701,10.765
312.962,270.322,13.701,10.765
313.202,269.986,13.701,10.765
312.288,269.553,13.701,10.765
311.760,270.178,13.701,10.765
312.385,269.745,13.701,10.765
311.471,269.216,13.701,10.765
311.039,269.745,13.701,10.765
311.471,269.216,13.701,10.765
310.750,269.745,13.701,10.765
311.183,269.120,13.701,10.765
310.654,269.553,13.701,10.765
311.183,269.889,13.701,10.765
310.558,269.072,13.701,10.765
310.990,269.409,13.701,10.765
311.423,269.745,13.701,10.765
310.798,269.313,13.701,10.765
311.231,270.226,13.701,10.765
310.702,270.851,13.701,10.765
311.231,270.418,13.701,10.765
310.702,271.332,13.701,10.765
311.231,271.861,13.701,10.765
310.702,272.005,13.701,10.765
311.231,272.149,13.701,10.765
310.702,272.678,13.701,10.765
311.327,272.630,13.701,10.765
310.990,273.159,13.701,10.765
311.712,273.784,13.701,10.765
311.279,273.159,13.701,10.765
310.846,273.303,13.701,10.765
311.471,273.447,13.701,10.765
311.038,273.495,13.701,10.765
311.663,273.447,13.701,10.765
311.231,273.303,13.701,10.765
310.894,272.389,13.701,10.765
311.615,272.534,13.701,10.765
311.375,271.716,13.701,10.765
311.038,270.418,13.701,10.765
311.760,270.274,13.701,10.765
311.423,270.226,13.701,10.765
311.279,269.505,13.701,10.765
311.038,269.649,13.701,10.765
311.856,268.928,13.701,10.765
311.615,269.265,13.701,10.765
311.279,269.793,13.701,10.765
310.942,269.168,13.701,10.765
311.663,269.697,13.701,10.765
311.519,268.976,13.701,10.765
311.279,269.409,13.701,10.765
311.038,270.034,13.701,10.765
311.760,269.601,13.701,10.765
311.423,270.322,13.701,10.765
311.086,269.890,13.701,10.765
311.808,269.649,13.701,10.765
311.471,269.793,13.701,10.765
311.134,270.322,13.701,10.765
311.856,271.140,13.701,10.765
311.519,271.380,13.701,10.765
311.182,271.524,13.701,10.765
310.750,271.957,13.701,10.765
311.471,271.332,13.701,10.765
311.038,271.957,13.701,10.765
311.663,271.524,13.701,10.765
311.231,272.245,13.701,10.765
310.702,272.293,13.701,10.765
311.327,272.341,13.701,10.765
310.798,272.486,13.701,10.765
311.231,272.822,13.701,10.765
310.606,272.101,13.701,10.765
310.942,272.630,13.701,10.765
311.279,272.197,13.701,10.765
310.942,272.630,13.701,10.765
311.663,272.005,13.701,10.765
311.904,272.341,13.701,10.765
312.625,272.486,13.701,10.765
312.769,272.149,13.701,10.765
312.817,271.524,13.701,10.765
312.288,271.284,13.701,10.765
311.759,270.755,13.701,10.765
312.288,270.034,13.701,10.765
311.375,269.697,13.701,10.765
311.231,269.072,13.701,10.765
310.798,269.409,13.701,10.765
311.423,269.072,13.701,10.765
310.798,268.736,13.701,10.765
311.134,268.399,13.701,10.765
311.471,269.024,13.701,10.765
310.750,268.591,13.701,10.765
310.990,269.120,13.701,10.765
310.942,268.495,13.701,10.765
310.990,269.024,13.701,10.765
311.038,268.495,13.701,10.765
311.279,269.409,13.701,10.765
310.461,269.745,13.701,10.765
310.894,269.024,13.701,10.765
311.327,269.265,13.701,10.765
310.606,269.601,13.701,10.765
310.942,269.841,13.701,10.765
311.086,268.928,13.701,10.765
311.231,269.072,13.701,10.765
310.413,269.024,13.701,10.765
310.461,268.784,13.701,10.765
310.606,268.736,13.701,10.765
310.846,268.688,13.701,10.765
310.894,269.217,13.701,10.765
311.231,269.938,13.701,10.765
310.509,269.793,13.701,10.765
310.942,269.649,13.701,10.765
311.279,269.890,13.701,10.765
310.461,270.226,13.701,10.765
310.702,270.563,13.701,10.765
310.942,270.899,13.701,10.765
311.183,270.082,13.701,10.765
310.461,270.226,13.701,10.765
310.798,270.467,13.701,10.765
311.135,270.803,13.701,10.765
311.567,270.370,13.701,10.765
310.846,270.995,13.701,10.765
311.279,270.947,13.701,10.765
310.750,271.284,13.701,10.765
311.279,271.813,13.701,10.765
310.750,271.284,13.701,10.765
311.375,271.813,13.701,10.765
310.846,271.284,13.701,10.765
311.471,271.717,13.701,10.765
310.942,271.092,13.701,10.765
311.471,271.524,13.701,10.765
310.846,271.957,13.701,10.765
311.375,271.332,13.701,10.765
310.750,271.765,13.701,10.765
311.279,271.140,13.701,10.765
310.558,271.572,13.701,10.765
310.894,272.005,13.701,10.765
311.231,271.380,13.701,10.765
310.510,271.813,13.701,10.765
310.846,271.188,13.701,10.765
311.087,271.620,13.701,10.765
311.327,270.899,13.701,10.765
310.510,271.332,13.701,10.765
310.750,271.765,13.701,10.765
311.183,271.043,13.701,10.765
310.558,271.284,13.701,10.765
310.990,271.524,13.701,10.765
311.519,271.476,13.701,10.765
310.894,271.332,13.701,10.765
311.519,270.899,13.701,10.765
311.087,270.467,13.701,10.765
311.808,270.995,13.701,10.765
311.375,270.370,13.701,10.765
310.846,270.803,13.701,10.765
311.471,270.082,13.701,10.765
311.135,270.226,13.701,10.765
311.952,270.082,13.701,10.765
311.808,269.745,13.701,10.765
311.567,269.505,13.701,10.765
311.808,270.130,13.701,10.765
312.144,269.505,13.701,10.765
312.481,269.938,13.701,10.765
311.760,269.217,13.701,10.765
312.192,269.649,13.701,10.765
311.471,269.024,13.701,10.765
311.327,269.745,13.701,10.765
311.279,269.505,13.701,10.765
310.750,270.515,13.701,10.765
311.183,270.947,13.701,10.765
310.462,270.226,13.701,10.765
310.894,270.563,13.701,10.765
311.423,270.899,13.701,10.765
310.894,270.082,13.701,10.765
311.519,270.322,13.701,10.765
311.087,270.563,13.701,10.765
311.808,270.707,13.701,10.765
311.471,269.793,13.701,10.765
311.423,269.938,13.701,10.765
311.567,269.986,13.701,10.765
311.808,269.842,13.701,10.765
312.144,269.697,13.701,10.765
312.577,269.553,13.701,10.765
312.048,270.370,13.701,10.765
312.673,270.226,13.701,10.765
312.240,270.082,13.701,10.765
311.904,270.130,13.701,10.765
312.913,270.274,13.701,10.765
313.154,270.418,13.701,10.765
312.433,270.467,13.701,10.765
312.962,270.515,13.701,10.765
313.587,270.755,13.701,10.765
313.154,269.938,13.701,10.765
312.817,270.178,13.701,10.765
313.635,270.418,13.701,10.765
313.298,270.755,13.701,10.765
313.250,270.034,13.701,10.765
313.106,270.370,13.701,10.765
313.538,270.707,13.701,10.765
312.721,269.986,13.701,10.765
312.962,270.322,13.701,10.765
312.721,270.659,13.701,10.765
312.289,269.938,13.701,10.765
311.856,270.370,13.701,10.765
312.481,270.707,13.701,10.765
312.048,270.082,13.701,10.765
312.865,270.611,13.701,10.765
313.010,271.140,13.701,10.765
313.346,270.707,13.701,10.765
312.625,270.274,13.701,10.765
312.865,270.995,13.701,10.765
312.433,270.851,13.701,10.765
311.712,270.803,13.701,10.765
312.144,270.659,13.701,10.765
312.481,270.707,13.701,10.765
311.471,270.947,13.701,10.765
311.135,271.284,13.701,10.765
312.069,271.816,13.409,10.536
311.363,271.675,13.409,10.536
311.880,271.533,13.409,10.536
311.363,271.769,13.409,10.536
311.974,272.098,13.409,10.536
311.551,272.427,13.409,10.536
312.163,271.816,13.409,10.536
311.269,272.427,13.409,10.536
310.751,272.098,13.409,10.536
311.080,272.804,13.409,10.536
310.281,272.569,13.409,10.536
310.139,272.898,13.409,10.536
309.904,273.227,13.409,10.536
309.669,273.651,13.409,10.536
310.469,272.945,13.409,10.536
310.234,273.463,13.409,10.536
309.904,272.945,13.409,10.536
309.669,273.557,13.409,10.536
310.469,273.133,13.409,10.536
310.328,273.368,13.409,10.536
310.751,271.722,13.409,10.536
311.645,271.204,13.409,10.536
311.504,271.816,13.409,10.536
312.210,270.545,13.409,10.536
311.786,270.028,13.409,10.536
312.586,270.545,13.409,10.536
312.821,270.028,13.409,10.536
311.927,270.640,13.409,10.536
312.257,270.122,13.409,10.536
312.586,270.640,13.409,10.536
312.915,270.122,13.409,10.536
310.986,270.734,13.409,10.536
310.469,270.216,13.409,10.536
310.986,270.734,13.409,10.536
310.092,270.122,13.409,10.536
309.481,270.640,13.409,10.536
309.434,270.028,13.409,10.536
309.387,270.545,13.409,10.536
308.775,269.934,13.409,10.536
309.293,270.357,13.409,10.536
308.775,269.651,13.409,10.536
309.387,270.075,13.409,10.536
308.869,270.592,13.409,10.536
308.634,270.169,13.409,10.536
309.716,271.345,13.409,10.536
310.139,270.639,13.409,10.536
309.998,271.345,13.409,10.536
310.516,271.486,13.409,10.536
311.316,271.910,13.409,10.536
311.363,272.333,13.409,10.536
311.410,271.628,13.409,10.536
311.457,271.957,13.409,10.536
311.222,272.380,13.409,10.536
311.175,271.769,13.409,10.536
311.128,272.286,13.409,10.536
311.175,271.675,13.409,10.536
311.222,271.251,13.409,10.536
311.175,270.357,13.409,10.536
310.845,269.840,13.409,10.536
310.516,270.075,13.409,10.536
311.222,270.310,13.409,10.536
310.798,268.851,13.409,10.536
310.375,269.181,13.409,10.536
310.986,269.510,13.409,10.536
310.469,268.710,13.409,10.536
311.175,268.569,13.409,10.536
310.751,268.146,13.409,10.536
311.457,268.851,13.409,10.536
311.033,268.428,13.409,10.536
310.516,268.663,13.409,10.536
311.316,269.369,13.409,10.536
310.798,269.793,13.409,10.536
310.281,270.310,13.409,10.536
310.892,269.981,13.409,10.536
310.281,271.157,13.409,10.536
310.892,271.675,13.409,10.536
310.375,270.875,13.409,10.536
311.081,271.016,13.409,10.536
310.563,271.251,13.409,10.536
311.175,270.451,13.409,10.536
310.657,270.686,13.409,10.536
311.269,270.922,13.409,10.536
310.751,271.157,13.409,10.536
311.363,270.922,13.409,10.536
310.751,270.686,13.409,10.536
311.363,270.451,13.409,10.536
310.845,270.122,13.409,10.536
310.234,270.828,13.409,10.536
310.845,270.310,13.409,10.536
310.234,269.887,13.409,10.536
310.845,270.592,13.409,10.536
310.328,270.169,13.409,10.536
310.940,270.687,13.409,10.536
310.422,270.169,13.409,10.536
311.034,270.687,13.409,10.536
310.516,269.981,13.409,10.536
311.128,270.404,13.409,10.536
310.610,269.698,13.409,10.536
311.222,270.028,13.409,10.536
310.987,270.169,13.409,10.536
310.751,270.404,13.409,10.536
311.551,269.510,13.409,10.536
311.222,269.651,13.409,10.536
310.798,269.792,13.409,10.536
310.375,269.934,13.409,10.536
311.175,269.698,13.409,10.536
310.751,269.557,13.409,10.536
311.645,269.981,13.409,10.536
311.692,270.404,13.409,10.536
311.551,270.075,13.409,10.536
311.692,271.345,13.409,10.536
311.834,271.580,13.409,10.536
311.034,272.192,13.409,10.536
311.269,272.710,13.409,10.536
311.504,273.039,13.409,10.536
311.363,273.462,13.409,10.536
311.504,272.757,13.409,10.536
311.645,273.180,13.409,10.536
311.975,273.604,13.409,10.536
311.269,272.992,13.409,10.536
311.692,273.509,13.409,10.536
312.116,272.898,13.409,10.536
311.504,273.133,13.409,10.536
312.210,272.992,13.409,10.536
311.786,272.757,13.409,10.536
312.586,272.239,13.409,10.536
312.633,271.533,13.409,10.536
312.775,271.298,13.409,10.536
312.916,271.063,13.409,10.536
312.116,271.674,13.409,10.536
312.445,270.969,13.409,10.536
312.775,270.733,13.409,10.536
313.292,270.122,13.409,10.536
312.680,270.545,13.409,10.536
313.198,269.839,13.409,10.536
312.680,269.981,13.409,10.536
313.292,269.463,13.409,10.536
312.775,268.946,13.409,10.536
313.386,269.463,13.409,10.536
312.869,268.757,13.409,10.536
312.163,268.993,13.409,10.536
312.586,269.322,13.409,10.536
312.916,268.428,13.409,10.536
312.116,268.099,13.409,10.536
312.163,268.898,13.409,10.536
311.645,269.416,13.409,10.536
312.257,268.804,13.409,10.536
311.551,269.510,13.409,10.536
312.069,269.087,13.409,10.536
311.363,269.886,13.409,10.536
311.598,270.216,13.409,10.536
311.551,270.828,13.409,10.536
311.410,270.310,13.409,10.536
311.363,270.075,13.409,10.536
311.222,271.063,13.409,10.536
310.892,271.674,13.409,10.536
310.563,271.157,13.409,10.536
311.081,272.051,13.409,10.536
310.281,272.568,13.409,10.536
309.857,272.333,13.409,10.536
309.434,272.098,13.409,10.536
310.046,273.274,13.409,10.536
309.246,273.133,13.409,10.536
309.010,274.497,13.409,10.536
309.152,273.980,13.409,10.536
309.293,274.592,13.409,10.536
309.246,274.074,13.409,10.536
309.387,274.309,13.409,10.536
309.528,273.509,13.409,10.536
309.575,273.745,13.409,10.536
309.998,273.039,13.409,10.536
309.481,271.863,13.409,10.536
310.187,270.498,13.409,10.536
309.951,269.134,13.409,10.536
309.716,269.651,13.409,10.536
310.516,268.663,13.409,10.536
310.845,268.146,13.409,10.536
310.140,268.946,13.409,10.536
310.563,268.616,13.409,10.536
311.175,268.287,13.409,10.536
310.845,267.675,13.409,10.536
310.892,268.193,13.409,10.536
310.940,268.710,13.409,10.536
311.363,268.663,13.409,10.536
311.786,269.181,13.409,10.536
312.398,269.887,13.409,10.536
311.881,269.463,13.409,10.536
311.363,269.416,13.409,10.536
312.163,270.028,13.409,10.536
312.398,270.828,13.409,10.536
312.633,270.875,13.409,10.536
312.869,271.204,13.409,10.536
311.881,271.910,13.409,10.536
312.116,271.392,13.409,10.536
312.257,270.875,13.409,10.536
312.210,271.580,13.409,10.536
311.786,271.157,13.409,10.536
312.304,271.957,13.409,10.536
311.504,272.286,13.409,10.536
311.269,271.580,13.409,10.536
311.034,271.910,13.409,10.536
310.516,272.521,13.409,10.536
311.034,272.474,13.409,10.536
310.610,272.615,13.409,10.536
311.222,272.757,13.409,10.536
311.175,273.086,13.409,10.536
311.034,273.509,13.409,10.536
311.457,272.710,13.409,10.536
311.881,272.851,13.409,10.536
311.363,272.615,13.409,10.536
312.069,272.474,13.409,10.536
312.304,272.333,13.409,10.536
312.539,272.192,13.409,10.536
313.057,272.992,13.409,10.536
312.822,272.663,13.409,10.536
313.339,272.145,13.409,10.536
313.857,272.757,13.409,10.536
313.904,271.957,13.409,10.536
314.327,272.286,13.409,10.536
315.127,271.392,13.409,10.536
315.080,271.439,13.409,10.536
315.598,271.486,13.409,10.536
316.397,270.969,13.409,10.536
316.633,271.486,13.409,10.536
317.150,270.592,13.409,10.536
316.539,270.639,13.409,10.536
317.338,270.122,13.409,10.536
317.197,270.545,13.409,10.536
316.774,269.839,13.409,10.536
316.915,270.263,13.409,10.536
316.115,269.557,13.409,10.536
315.315,269.886,13.409,10.536
314.421,270.216,13.409,10.536
313.810,270.545,13.409,10.536
313.198,269.745,13.409,10.536
313.339,270.075,13.409,10.536
313.574,270.404,13.409,10.536
313.715,269.792,13.409,10.536
313.857,270.310,13.409,10.536
312.963,269.792,13.409,10.536
312.445,270.498,13.409,10.536
312.963,270.169,13.409,10.536
312.351,270.969,13.409,10.536
312.586,270.639,13.409,10.536
312.445,270.310,13.409,10.536
312.210,269.886,13.409,10.536
311.975,270.592,13.409,10.536
311.739,270.263,13.409,10.536
312.163,270.122,13.409,10.536
311.175,271.204,13.409,10.536
310.187,271.722,13.409,10.536
310.045,271.110,13.409,10.536
308.493,271.816,13.409,10.536
307.599,272.051,13.409,10.536
306.328,272.192,13.409,10.536
305.623,272.427,13.409,10.536
304.729,271.627,13.409,10.536
303.741,272.051,13.409,10.536
303.035,272.663,13.409,10.536
302.329,272.145,13.409,10.536
302.658,272.757,13.409,10.536
303.082,272.239,13.409,10.536
302.282,271.722,13.409,10.536
302.611,272.427,13.409,10.536
302.941,272.098,13.409,10.536
302.235,272.804,13.409,10.536
302.752,272.380,13.409,10.536
303.646,272.333,13.409,10.536
303.882,272.192,13.409,10.536
303.364,272.992,13.409,10.536
304.258,273.415,13.409,10.536
304.870,272.710,13.409,10.536
305.199,273.321,13.409,10.536
305.528,272.804,13.409,10.536
307.834,273.604,13.409,10.536
311.551,273.368,13.409,10.536
317.621,273.039,13.409,10.536
317.856,273.839,13.409,10.536
321.197,273.698,13.409,10.536
325.008,272.898,13.409,10.536
326.937,272.569,13.409,10.536
326.701,272.333,13.409,10.536
327.972,272.569,13.409,10.536
328.301,272.804,13.409,10.536
329.477,273.039,13.409,10.536
329.901,273.180,13.409,10.536
330.513,273.039,13.409,10.536
330.089,272.427,13.409,10.536
327.784,271.251,13.409,10.536
325.666,270.451,13.409,10.536
323.173,270.310,13.409,10.536
320.585,269.698,13.409,10.536
319.691,270.310,13.409,10.536
319.079,270.169,13.409,10.536
318.468,270.969,13.409,10.536
318.891,270.828,13.409,10.536
317.997,270.687,13.409,10.536
317.479,270.828,13.409,10.536
317.903,271.157,13.409,10.536
317.009,271.863,13.409,10.536
316.021,272.098,13.409,10.536
314.092,272.616,13.409,10.536
309.998,272.192,13.409,10.536
307.411,272.710,13.409,10.536
305.576,271.910,13.409,10.536
304.493,272.051,13.409,10.536
302.658,271.910,13.409,10.536
302.423,271.392,13.409,10.536
302.094,270.592,13.409,10.536
301.482,270.357,13.409,10.536
301.811,269.746,13.409,10.536
301.012,270.263,13.409,10.536
301.341,269.463,13.409,10.536
301.670,269.793,13.409,10.536
302.847,269.463,13.409,10.536
303.458,268.946,13.409,10.536
305.481,269.746,13.409,10.536
307.599,270.075,13.409,10.536
309.998,270.592,13.409,10.536
312.398,270.357,13.409,10.536
315.927,270.592,13.409,10.536
318.232,271.016,13.409,10.536
321.667,271.439,13.409,10.536
325.196,271.110,13.409,10.536
327.595,272.004,13.409,10.536
328.207,271.957,13.409,10.536
330.324,272.286,13.409,10.536
331.218,271.675,13.409,10.536
330.607,272.192,13.409,10.536
329.995,272.898,13.409,10.536
329.383,272.474,13.409,10.536
329.054,272.051,13.409,10.536
328.442,272.757,13.409,10.536
329.054,272.239,13.409,10.536
328.536,271.722,13.409,10.536
328.395,272.239,13.409,10.536
327.501,271.628,13.409,10.536
326.607,271.957,13.409,10.536
326.748,272.192,13.409,10.536
324.443,271.675,13.409,10.536
323.925,271.251,13.409,10.536
321.620,270.545,13.409,10.536
319.503,270.592,13.409,10.536
316.256,270.169,13.409,10.536
312.163,270.592,13.409,10.536
307.787,269.887,13.409,10.536
303.882,270.122,13.409,10.536
298.565,270.075,13.409,10.536
294.754,269.651,13.409,10.536
291.131,269.134,13.409,10.536
287.884,269.746,13.409,10.536
286.049,269.322,13.409,10.536
286.473,268.899,13.409,10.536
286.802,269.604,13.409,10.536
286.096,269.369,13.409,10.536
286.520,269.416,13.409,10.536
286.943,269.463,13.409,10.536
286.896,269.699,13.409,10.536
287.508,269.934,13.409,10.536
289.625,270.169,13.409,10.536
291.648,270.592,13.409,10.536
291.695,269.887,13.409,10.536
293.625,270.216,13.409,10.536
295.930,270.828,13.409,10.536
299.271,270.310,13.409,10.536
299.694,269.793,13.409,10.536
306.046,270.404,13.409,10.536
311.363,270.545,13.409,10.536
316.962,270.498,13.409,10.536
316.821,270.263,13.409,10.536
320.255,270.310,13.409,10.536
322.937,270.451,13.409,10.536
324.772,270.592,13.409,10.536
325.572,270.734,13.409,10.536
327.784,270.875,13.409,10.536
330.936,271.204,13.409,10.536
331.265,271.533,13.409,10.536
331.595,270.828,13.409,10.536
330.701,271.251,13.409,10.536
329.430,270.639,13.409,10.536
327.313,271.251,13.409,10.536
326.607,270.922,13.409,10.536
326.937,271.722,13.409,10.536
326.137,271.580,13.409,10.536
326.372,271.722,13.409,10.536
326.513,271.863,13.409,10.536
326.654,272.004,13.409,10.536
326.325,272.333,13.409,10.536
325.525,271.533,13.409,10.536
325.760,271.769,13.409,10.536
324.302,272.192,13.409,10.536
321.338,272.710,13.409,10.536
318.091,272.098,13.409,10.536
317.762,272.616,13.409,10.536
314.986,271.910,13.409,10.536
309.951,272.051,13.409,10.536
306.140,272.098,13.409,10.536
306.281,272.145,13.409,10.536
302.470,272.286,13.409,10.536
299.130,271.486,13.409,10.536
295.601,271.627,13.409,10.536
296.212,271.769,13.409,10.536
293.813,271.251,13.409,10.536
292.260,270.451,13.409,10.536
292.778,270.122,13.409,10.536
293.295,270.545,13.409,10.536
292.683,269.934,13.409,10.536
293.201,270.263,13.409,10.536
292.778,269.557,13.409,10.536
293.672,270.169,13.409,10.536
294.377,270.781,13.409,10.536
293.954,270.357,13.409,10.536
294.471,270.498,13.409,10.536
296.495,271.110,13.409,10.536
297.671,271.722,13.409,10.536
300.070,271.486,13.409,10.536
299.553,271.157,13.409,10.536
303.270,272.145,13.409,10.536
307.269,272.380,13.409,10.536
312.210,271.674,13.409,10.536
312.351,272.004,13.409,10.536
317.385,272.333,13.409,10.536
322.043,271.627,13.409,10.536
326.419,272.145,13.409,10.536
331.736,272.757,13.409,10.536
332.348,272.145,13.409,10.536
336.065,272.757,13.409,10.536
338.182,272.145,13.409,10.536
337.758,272.662,13.409,10.536
338.370,272.145,13.409,10.536
337.006,272.851,13.409,10.536
335.265,272.239,13.409,10.536
334.841,271.533,13.409,10.536
334.418,271.957,13.409,10.536
334.841,272.004,13.409,10.536
333.853,272.051,13.409,10.536
333.053,271.910,13.409,10.536
333.289,271.769,13.409,10.536
332.112,271.439,13.409,10.536
330.277,271.016,13.409,10.536
328.536,271.345,13.409,10.536
326.231,270.263,13.409,10.536
322.514,269.557,13.409,10.536
318.703,269.322,13.409,10.536
314.609,268.804,13.409,10.536
309.387,269.322,13.409,10.536
304.446,268.898,13.409,10.536
301.106,269.604,13.409,10.536
298.330,269.275,13.409,10.536
296.683,269.040,13.409,10.536
297.012,269.745,13.409,10.536
296.212,269.698,13.409,10.536
296.448,269.839,13.409,10.536
296.589,269.792,13.409,10.536
296.730,269.839,13.409,10.536
297.059,269.887,13.409,10.536
297.577,269.839,13.409,10.536
299.412,269.604,13.409,10.536
300.400,269.934,13.409,10.536
302.047,270.075,13.409,10.536
305.481,270.498,13.409,10.536
308.163,269.886,13.409,10.536
310.469,270.404,13.409,10.536
313.245,269.886,13.409,10.536
315.268,270.498,13.409,10.536
318.703,270.169,13.409,10.536
320.726,270.969,13.409,10.536
322.090,271.486,13.409,10.536
322.608,271.345,13.409,10.536
323.784,271.674,13.409,10.536
325.055,272.286,13.409,10.536
324.255,271.674,13.409,10.536
323.549,272.380,13.409,10.536
322.749,272.051,13.409,10.536
322.043,272.945,13.409,10.536
320.396,273.274,13.409,10.536
319.691,272.380,13.409,10.536
320.114,272.427,13.409,10.536
318.467,271.910,13.409,10.536
317.762,272.333,13.409,10.536
316.773,271.533,13.409,10.536
316.538,271.863,13.409,10.536
314.703,271.816,13.409,10.536
312.962,271.204,13.409,10.536
310.563,271.627,13.409,10.536
309.386,270.922,13.409,10.536
308.963,271.345,13.409,10.536
306.187,270.639,13.409,10.536
303.881,270.875,13.409,10.536
301.200,270.733,13.409,10.536
301.341,270.780,13.409,10.536
299.035,270.263,13.409,10.536
296.447,269.463,13.409,10.536
294.424,268.946,13.409,10.536
294.565,269.557,13.409,10.536
293.577,268.757,13.409,10.536
292.589,268.898,13.409,10.536
291.789,268.663,13.409,10.536
291.742,268.052,13.409,10.536
291.507,268.099,13.409,10.536
290.895,267.769,13.409,10.536
289.907,267.440,13.409,10.536
289.672,267.111,13.409,10.536
290.472,267.816,13.409,10.536
290.331,267.675,13.409,10.536
291.507,267.628,13.409,10.536
293.530,267.957,13.409,10.536
293.860,268.287,13.409,10.536
294.565,267.769,13.409,10.536
296.777,268.663,13.409,10.536
298.706,268.993,13.409,10.536
300.729,269.604,13.409,10.536
300.776,269.181,13.409,10.536
304.211,270.357,13.409,10.536
311.974,271.251,13.409,10.536
324.537,272.239,13.409,10.536
335.594,273.510,13.409,10.536
336.111,274.027,13.409,10.536
346.039,275.956,13.409,10.536
355.402,276.850,13.409,10.536
362.225,276.427,13.409,10.536
362.554,276.097,13.409,10.536
366.271,276.897,13.409,10.536
367.165,276.662,13.409,10.536
368.059,276.803,13.409,10.536
368.200,276.756,13.409,10.536
369.377,276.333,13.409,10.536
367.071,275.250,13.409,10.536
359.119,274.168,13.409,10.536
358.978,274.874,13.409,10.536
345.796,273.732,13.706,10.769
346.193,273.962,14.009,11.007
351.650,274.896,14.009,11.007
350.899,274.587,13.710,10.772
350.697,270.825,14.014,11.011
348.091,274.611,14.014,11.011
348.803,274.336,14.324,11.254
349.658,278.005,14.324,11.254
338.717,291.059,14.018,11.014
339.430,290.478,14.329,11.258
341.723,304.281,14.646,11.507
341.721,305.060,14.970,11.762
341.038,306.373,14.970,11.762
344.850,301.611,15.301,12.022
348.791,302.722,14.974,11.766
348.213,301.094,14.974,11.766
343.221,303.458,14.974,11.766
347.471,304.473,15.306,12.026
357.315,314.695,14.979,11.770
357.472,314.327,14.979,11.770
348.905,321.948,14.979,11.770
356.736,327.362,14.979,11.770
357.315,329.097,14.979,11.770
363.311,330.112,15.311,12.030
365.191,330.917,15.311,12.030
365.352,334.517,15.311,12.030
364.547,330.810,15.311,12.030
356.757,337.848,15.311,12.030
356.532,338.216,15.650,12.296
357.492,338.612,15.316,12.034
356.710,338.200,15.655,12.300
356.252,338.691,16.001,12.572
356.133,337.678,16.355,12.850
355.773,336.881,16.717,13.135
356.258,337.527,17.087,13.425
356.504,342.292,17.465,13.722
353.624,345.050,17.465,13.722
357.852,335.919,17.465,13.722
355.217,335.368,17.465,13.722
355.156,335.429,17.465,13.722
354.899,334.323,17.851,14.026
354.507,335.143,18.246,14.336
355.380,336.592,17.857,14.031
355.443,336.654,17.857,14.031
355.310,337.474,18.252,14.341
354.734,336.770,18.252,14.341
354.333,339.202,18.656,14.658
354.791,339.792,18.656,14.658
356.282,342.686,19.069,14.983
353.807,345.429,19.069,14.983
352.693,346.860,19.491,15.314
352.898,347.202,19.491,15.314
351.477,347.529,19.922,15.653
351.764,346.993,20.363,15.999
356.802,343.332,20.813,16.353
360.234,342.091,20.813,16.353
359.322,341.228,21.274,16.715
361.188,340.705,21.274,16.715
357.829,341.377,21.274,16.715
358.800,340.257,21.274,16.715
357.248,341.234,21.744,17.085
361.203,344.132,22.225,17.463
362.840,343.898,22.225,17.463
363.074,343.353,22.225,17.463
363.308,343.119,22.225,17.463
363.542,342.885,22.225,17.463
361.904,343.587,22.225,17.463
362.762,343.041,22.225,17.463
359.361,344.870,22.717,17.849
358.451,343.908,22.233,17.469
359.933,344.922,22.233,17.469
358.763,345.312,22.233,17.469
357.748,346.482,22.233,17.469
354.550,346.873,22.233,17.469
353.380,345.390,22.233,17.469
354.082,345.156,22.233,17.469
353.068,346.482,22.233,17.469
353.926,344.844,22.233,17.469
354.085,343.437,22.725,17.855
355.600,344.474,22.725,17.855
356.258,343.862,23.227,18.250
356.829,344.433,23.227,18.250
356.095,343.699,23.227,18.250
356.666,344.270,23.227,18.250
356.832,342.969,23.741,18.654
353.371,343.195,24.267,19.067
352.945,344.472,24.267,19.067
353.286,345.742,23.749,18.660
353.036,346.325,23.749,18.660
352.786,347.075,23.749,18.660
352.203,347.492,23.749,18.660
351.620,347.909,23.749,18.660
350.536,347.825,23.749,18.660
349.286,348.242,23.749,18.660
348.036,348.992,23.749,18.660
346.953,349.742,23.749,18.660
345.703,350.825,23.749,18.660
346.786,350.242,23.749,18.660
345.573,350.987,24.275,19.073
347.021,350.050,24.275,19.073
345.913,349.624,24.275,19.073
347.501,348.441,24.812,19.495
348.632,347.657,24.812,19.495
348.197,348.963,24.812,19.495
346.891,349.921,24.812,19.495
345.804,347.989,25.361,19.926
346.539,346.568,25.922,20.367
345.591,346.626,26.495,20.818
344.430,346.878,27.081,21.278
342.625,348.493,27.081,21.278
343.860,347.068,27.081,21.278
343.659,347.523,27.681,21.749
344.058,346.174,28.293,22.230
343.230,345.413,28.919,22.722
344.549,344.500,28.919,22.722
342.650,344.985,29.559,23.225
343.077,344.621,30.213,23.739
342.192,345.568,30.881,24.264
341.064,346.311,31.565,24.801
341.059,345.462,32.263,25.349
341.173,341.726,32.263,25.349
343.047,343.208,32.977,25.910
342.469,344.249,32.977,25.910
343.279,343.439,32.977,25.910
342.931,344.481,32.977,25.910
343.973,343.671,32.977,25.910
342.931,342.861,32.977,25.910
342.353,343.671,32.977,25.910
341.774,343.092,32.977,25.910
340.964,344.828,32.977,25.910
336.220,344.018,32.977,25.910
340.537,344.331,33.706,26.484
340.042,342.198,34.452,27.070
341.542,343.780,35.214,27.668
339.999,344.115,35.994,28.281
339.207,341.836,36.790,28.906
339.738,340.311,37.604,29.546
338.638,339.026,38.436,30.200
338.072,337.433,39.286,30.868
336.637,336.090,40.155,31.551
337.508,337.641,41.044,32.249
338.996,338.331,41.952,32.962
339.296,337.202,42.880,33.692
337.729,336.674,43.829,34.437
335.170,337.090,44.799,35.199
333.206,335.559,45.790,35.978
332.200,334.995,46.803,36.774
332.875,333.054,47.838,37.587
331.823,331.768,48.897,38.419
332.172,332.589,49.979,39.269
330.346,333.792,51.084,40.138
329.967,332.418,52.215,41.026
328.058,331.774,53.370,41.934
325.331,330.727,54.551,42.861
322.940,330.055,55.758,43.810
320.496,328.961,56.991,44.779
318.828,328.258,58.252,45.770
311.186,328.812,59.541,46.782
302.941,328.078,60.858,47.817
300.274,329.100,62.205,48.875
308.870,268.096,63.581,49.957
316.644,257.232,62.225,48.891
320.464,256.701,60.898,47.849
322.143,257.417,59.600,46.828
322.771,258.045,59.600,46.828
324.011,258.746,58.329,45.830
324.830,259.037,57.085,44.852
326.018,258.936,55.867,43.896
327.936,259.971,54.676,42.960
