361.000,232.000,20.000,20.000
359.819,229.874,20.000,20.000
358.638,227.118,20.000,20.000
357.142,224.992,20.000,20.000
356.118,222.394,20.000,20.000
354.937,220.268,20.000,20.000
353.598,217.197,20.000,20.000
352.102,215.071,20.000,20.000
351.079,211.842,20.000,20.000
349.740,209.087,20.000,20.000
348.244,207.118,20.000,20.000
347.535,204.047,20.000,20.000
346.039,209.953,20.000,20.000
345.173,230.976,20.000,20.000
343.992,252.000,20.000,20.000
342.654,253.181,20.000,20.000
341.158,250.425,20.000,20.000
340.134,248.299,20.000,20.000
338.953,245.386,20.000,20.000
337.614,243.260,20.000,20.000
336.118,240.346,20.000,20.000
334.937,238.378,20.000,20.000
333.598,235.779,20.000,20.000
332.102,233.024,20.000,20.000
331.236,231.213,20.000,20.000
330.213,229.087,20.000,20.000
329.032,226.961,20.000,20.000
327.535,223.890,20.000,20.000
325.724,222.079,20.000,20.000
324.386,220.110,20.000,20.000
323.520,217.827,20.000,20.000
321.709,215.386,20.000,20.000
320.528,213.890,20.000,20.000
319.346,210.819,20.000,20.000
318.953,209.165,20.000,20.000
317.772,207.197,20.000,20.000
316.591,205.071,20.000,20.000
315.252,202.945,20.000,20.000
314.386,200.504,20.000,20.000
313.362,197.905,20.000,20.000
306.984,186.173,20.000,20.000
305.331,192.079,20.000,20.000
304.465,213.102,20.000,20.000
303.598,234.126,20.000,20.000
301.945,244.756,20.000,20.000
300.921,242.157,20.000,20.000
299.898,240.189,20.000,20.000
298.717,237.591,20.000,20.000
297.378,234.520,20.000,20.000
296.669,232.394,20.000,20.000
294.858,230.740,20.000,20.000
293.835,228.457,20.000,20.000
292.654,226.646,20.000,20.000
291.472,223.732,20.000,20.000
290.851,222.352,19.573,19.573
290.003,219.500,19.573,19.573
289.001,217.420,19.573,19.573
288.000,215.339,19.573,19.573
286.844,212.642,19.573,19.573
285.688,211.024,19.573,19.573
284.532,209.405,19.573,19.573
283.376,206.400,19.573,19.573
282.220,204.628,19.573,19.573
281.064,202.393,19.573,19.573
280.833,199.850,19.573,19.573
279.523,198.232,19.573,19.573
278.213,195.072,19.573,19.573
277.519,193.608,19.573,19.573
276.209,191.373,19.573,19.573
275.516,188.522,19.573,19.573
274.360,204.011,19.573,19.573
273.050,224.586,19.573,19.573
272.510,245.162,19.573,19.573
271.355,251.712,19.573,19.573
270.199,249.169,19.573,19.573
269.659,247.242,19.573,19.573
268.349,243.775,19.573,19.573
267.039,242.156,19.573,19.573
266.500,240.230,19.573,19.573
265.190,237.533,19.573,19.573
264.496,235.606,19.573,19.573
263.032,233.526,19.573,19.573
262.184,231.291,19.573,19.573
261.182,228.902,19.573,19.573
260.335,227.592,19.573,19.573
258.717,225.357,19.573,19.573
257.715,223.122,19.573,19.573
256.713,221.812,19.573,19.573
255.711,219.886,19.573,19.573
254.709,217.805,19.573,19.573
253.708,216.033,19.573,19.573
252.398,214.106,19.573,19.573
251.087,212.488,19.573,19.573
250.394,209.637,19.573,19.573
248.930,208.018,19.573,19.573
248.082,206.554,19.573,19.573
247.080,204.474,19.573,19.573
246.079,202.393,19.573,19.573
244.923,200.620,19.573,19.573
243.767,198.848,19.573,19.573
242.611,197.230,19.573,19.573
241.455,195.149,19.573,19.573
240.299,197.076,19.573,19.573
239.203,218.206,20.007,20.007
238.337,239.237,20.007,20.007
237.470,256.801,20.007,20.007
236.604,254.832,20.007,20.007
234.950,252.706,20.007,20.007
233.926,250.264,20.007,20.007
232.902,248.925,20.007,20.007
231.878,246.798,20.007,20.007
231.011,244.671,20.007,20.007
229.987,243.017,20.007,20.007
228.806,241.206,20.007,20.007
227.624,239.709,20.007,20.007
226.443,237.582,20.007,20.007
226.207,235.613,20.007,20.007
225.025,233.802,20.007,20.007
223.844,232.148,20.007,20.007
222.662,230.494,20.007,20.007
221.481,229.155,20.007,20.007
221.244,227.028,20.007,20.007
220.220,224.901,20.007,20.007
219.354,223.090,20.007,20.007
218.488,221.120,20.007,20.007
217.621,219.151,20.007,20.007
216.125,217.182,20.007,20.007
215.416,215.213,20.007,20.007
214.707,213.244,20.007,20.007
213.368,211.117,20.007,20.007
212.974,208.360,20.007,20.007
211.950,207.021,20.007,20.007
211.084,204.580,20.007,20.007
210.375,202.138,20.007,20.007
209.823,200.799,20.007,20.007
208.642,198.357,20.007,20.007
207.460,196.861,20.007,20.007
207.539,212.535,20.007,20.007
206.043,233.565,20.007,20.007
205.491,254.596,20.007,20.007
205.727,265.229,20.007,20.007
204.231,263.260,20.007,20.007
203.680,261.449,20.007,20.007
202.498,258.849,20.007,20.007
201.317,256.093,20.007,20.007
201.238,254.281,20.007,20.007
200.371,252.469,20.007,20.007
199.820,250.500,20.007,20.007
198.639,247.271,20.007,20.007
197.772,246.089,20.007,20.007
197.063,244.120,20.007,20.007
196.669,242.466,20.007,20.007
195.645,240.497,20.007,20.007
194.937,237.583,20.007,20.007
194.228,235.771,20.007,20.007
193.834,234.274,20.007,20.007
192.810,232.620,20.007,20.007
191.943,230.651,20.007,20.007
191.077,228.840,20.007,20.007
190.368,227.501,20.007,20.007
190.132,225.689,20.007,20.007
189.108,224.350,20.007,20.007
188.241,223.483,20.007,20.007
187.533,222.302,20.007,20.007
186.194,220.963,20.007,20.007
185.485,219.624,20.007,20.007
184.933,218.127,20.007,20.007
183.594,216.946,20.007,20.007
182.255,215.764,20.007,20.007
181.704,214.425,20.007,20.007
180.522,214.189,20.007,20.007
179.498,213.008,20.007,20.007
178.790,211.826,20.007,20.007
178.238,210.802,20.007,20.007
178.159,210.093,20.007,20.007
187.848,210.330,20.007,20.007
176.901,207.582,19.580,19.580
175.549,207.122,19.162,19.162
176.408,206.963,18.754,18.754
176.964,208.515,18.354,18.354
178.048,214.079,18.354,18.354
177.108,217.331,18.354,18.354
193.473,229.647,18.760,18.760
194.138,228.835,18.760,18.760
193.697,229.533,18.360,18.360
193.047,230.617,18.360,18.360
193.264,231.702,18.360,18.360
194.059,233.364,18.360,18.360
194.681,235.786,18.766,18.766
195.470,240.867,19.181,19.181
216.176,237.286,19.606,19.606
218.122,237.630,20.039,20.039
218.964,236.835,20.483,20.483
220.038,235.888,20.046,20.046
221.240,235.873,19.618,19.618
221.077,236.603,19.200,19.200
219.688,237.097,19.625,19.625
220.419,238.572,19.206,19.206
221.425,238.704,18.797,18.797
213.770,244.408,19.213,19.213
219.443,233.287,19.638,19.638
218.665,234.273,20.072,20.072
217.377,232.821,20.516,20.516
216.165,231.448,20.516,20.516
217.530,234.825,20.970,20.970
216.356,235.192,21.434,21.434
217.432,239.070,21.908,21.908
219.069,232.116,22.393,22.393
220.392,230.794,22.393,22.393
221.225,230.608,21.916,21.916
220.966,230.176,21.916,21.916
221.782,229.661,21.448,21.448
240.613,207.115,21.448,21.448
252.904,188.217,21.923,21.923
249.527,191.288,22.408,22.408
248.638,191.864,22.904,22.904
273.364,216.589,23.410,23.410
273.965,219.868,23.928,23.928
274.189,218.724,24.458,24.458
284.300,210.925,24.458,24.458
285.927,209.355,24.999,24.999
287.182,207.955,25.552,25.552
285.543,207.360,26.117,26.117
286.001,206.964,26.695,26.695
285.378,206.996,27.286,27.286
284.742,207.028,27.890,27.890
283.864,207.745,28.507,28.507
284.650,207.184,28.507,28.507
283.752,206.286,29.137,29.137
283.311,207.987,29.782,29.782
283.103,208.509,30.441,30.441
282.393,207.302,31.114,31.114
282.684,207.594,31.803,31.803
281.683,207.372,32.506,32.506
283.050,207.676,33.226,33.226
318.918,243.544,33.961,33.961
281.505,240.810,34.712,34.712
274.740,239.717,35.480,35.480
260.000,238.021,36.265,36.265
257.673,236.286,37.068,37.068
216.838,242.992,37.888,37.888
209.047,244.978,37.080,37.080
207.613,245.514,36.289,36.289
208.964,247.140,35.515,35.515
210.286,249.001,34.758,34.758
209.997,250.031,34.016,34.016
211.521,251.814,33.291,33.291
211.128,252.994,33.291,33.291
212.620,254.486,32.581,32.581
212.492,255.640,32.581,32.581
213.390,256.538,32.581,32.581
212.872,257.504,31.886,31.886
214.785,258.933,31.206,31.206
214.525,260.331,30.541,30.541
215.848,261.654,30.541,30.541
216.289,262.791,29.890,29.890
216.878,263.850,29.890,29.890
216.525,264.909,29.890,29.890
217.819,265.732,29.890,29.890
217.571,267.072,29.252,29.252
218.377,268.569,29.252,29.252
218.262,269.375,29.252,29.252
219.759,270.412,29.252,29.252
218.953,271.679,29.252,29.252
220.220,272.715,29.252,29.252
220.795,273.982,29.252,29.252
220.220,275.249,29.252,29.252
221.486,276.285,29.252,29.252
220.911,277.552,29.252,29.252
222.177,277.898,29.252,29.252
222.753,279.164,29.252,29.252
222.408,280.431,29.252,29.252
222.753,281.007,29.252,29.252
223.559,282.504,29.252,29.252
223.675,283.080,29.252,29.252
224.250,284.347,29.252,29.252
225.287,285.844,29.252,29.252
224.941,286.650,29.252,29.252
225.287,287.456,29.252,29.252
226.323,288.493,29.252,29.252
227.130,289.299,29.252,29.252
227.245,290.796,29.252,29.252
228.334,291.885,28.628,28.628
228.530,292.951,28.018,28.018
228.297,294.632,27.420,27.420
229.701,296.035,27.420,27.420
230.672,296.575,27.420,27.420
230.780,298.194,27.420,27.420
231.536,298.950,27.420,27.420
231.428,299.705,27.420,27.420
231.968,301.325,27.420,27.420
231.212,302.296,27.420,27.420
232.400,303.052,27.420,27.420
232.939,304.024,27.420,27.420
232.616,304.995,27.420,27.420
233.803,306.183,27.420,27.420
232.831,307.586,27.420,27.420
233.803,308.990,27.420,27.420
234.127,309.961,27.420,27.420
235.099,310.933,27.420,27.420
235.206,311.904,27.420,27.420
235.746,312.876,27.420,27.420
236.718,313.847,27.420,27.420
237.258,314.819,27.420,27.420
236.502,316.007,27.420,27.420
237.474,316.978,27.420,27.420
237.797,318.166,27.420,27.420
237.042,319.353,27.420,27.420
238.013,320.541,27.420,27.420
238.553,321.944,27.420,27.420
239.309,322.484,27.420,27.420
239.201,323.887,27.420,27.420
239.741,324.643,27.420,27.420
240.928,326.046,27.420,27.420
239.956,326.802,27.420,27.420
240.928,327.558,27.420,27.420
240.604,328.961,27.420,27.420
242.249,328.109,26.836,26.836
241.087,308.775,26.836,26.836
242.249,286.482,26.836,26.836
242.989,264.823,26.836,26.836
243.728,261.760,26.836,26.836
243.411,262.922,26.836,26.836
243.728,264.506,26.836,26.836
244.468,265.246,26.836,26.836
244.245,266.245,26.263,26.263
245.175,267.589,26.263,26.263
245.279,268.520,26.263,26.263
246.209,269.657,26.263,26.263
245.899,270.795,26.263,26.263
246.209,271.725,26.263,26.263
246.726,272.863,26.263,26.263
247.864,273.793,26.263,26.263
248.381,274.517,26.263,26.263
247.450,275.241,26.263,26.263
248.174,275.551,26.263,26.263
247.657,276.482,26.263,26.263
248.794,277.619,26.263,26.263
249.105,278.343,26.263,26.263
248.381,279.273,26.263,26.263
249.518,279.997,26.263,26.263
250.035,280.307,26.263,26.263
249.311,281.652,26.263,26.263
250.242,282.789,26.263,26.263
249.932,283.720,26.263,26.263
250.242,284.650,26.263,26.263
250.966,285.374,26.263,26.263
250.242,286.098,26.263,26.263
251.379,286.821,26.263,26.263
251.896,287.959,26.263,26.263
251.379,288.476,26.263,26.263
252.517,289.613,26.263,26.263
253.034,290.751,26.263,26.263
252.724,291.888,26.263,26.263
253.861,291.991,26.263,26.263
254.585,292.922,26.263,26.263
254.068,294.059,26.263,26.263
254.378,294.990,26.263,26.263
254.895,295.921,26.263,26.263
253.964,296.851,26.263,26.263
254.481,298.195,26.263,26.263
255.205,298.712,26.263,26.263
254.895,300.057,26.263,26.263
256.271,301.234,25.703,25.703
255.563,302.144,25.703,25.703
257.105,304.076,25.155,25.155
257.402,304.770,25.155,25.155
257.897,305.265,25.155,25.155
257.306,306.201,24.619,24.619
257.791,306.686,24.619,24.619
257.113,307.752,24.619,24.619
258.403,307.174,24.094,24.094
259.300,308.436,23.580,23.580
258.835,309.272,23.580,23.580
260.250,309.971,23.077,23.077
261.068,310.970,23.077,23.077
260.613,311.788,23.077,23.077
260.159,312.242,23.077,23.077
261.340,313.241,23.077,23.077
261.795,313.514,23.077,23.077
261.159,313.241,23.077,23.077
262.340,314.423,23.077,23.077
262.794,315.059,23.077,23.077
262.340,314.786,23.077,23.077
263.339,315.422,23.077,23.077
263.793,316.240,23.077,23.077
263.339,316.512,23.077,23.077
264.338,315.695,23.077,23.077
264.974,316.331,23.077,23.077
264.157,317.330,23.077,23.077
265.366,317.839,22.585,22.585
266.035,317.308,22.103,22.103
265.426,318.265,22.103,22.103
266.920,319.088,21.632,21.632
267.005,319.514,21.632,21.632
267.601,319.259,21.632,21.632
267.176,319.684,21.632,21.632
268.283,320.280,21.632,21.632
267.176,319.514,21.632,21.632
268.638,320.812,21.171,21.171
269.426,321.439,20.719,20.719
269.670,321.521,20.719,20.719
268.936,321.929,20.719,20.719
269.833,321.358,20.719,20.719
270.241,322.092,20.719,20.719
270.975,322.500,20.719,20.719
270.568,322.907,20.719,20.719
271.791,322.173,20.719,20.719
271.383,323.071,20.719,20.719
272.607,322.989,20.719,20.719
273.178,322.581,20.719,20.719
272.607,323.478,20.719,20.719
273.504,322.744,20.719,20.719
273.586,321.847,20.719,20.719
273.504,322.255,20.719,20.719
273.175,321.768,20.277,20.277
274.391,322.369,19.845,19.845
274.001,322.760,19.845,19.845
274.391,321.588,19.845,19.845
275.251,321.197,19.845,19.845
274.860,321.900,19.845,19.845
274.626,320.885,19.845,19.845
275.016,320.338,19.845,19.845
275.719,321.041,19.845,19.845
275.173,320.650,19.845,19.845
276.188,320.572,19.845,19.845
276.579,321.432,19.845,19.845
275.876,321.354,19.845,19.845
276.735,321.119,19.845,19.845
276.657,320.728,19.845,19.845
277.848,321.467,19.422,19.422
277.159,321.544,19.422,19.422
278.472,320.940,19.008,19.008
278.098,322.063,19.008,19.008
278.322,321.090,19.008,19.008
278.397,321.614,19.008,19.008
278.622,322.287,19.008,19.008
279.295,321.913,19.008,19.008
278.921,322.886,19.008,19.008
279.744,323.410,19.008,19.008
279.520,322.886,19.008,19.008
279.894,323.859,19.008,19.008
280.268,324.532,19.008,19.008
279.445,323.859,19.008,19.008
279.520,324.831,19.008,19.008
280.044,325.355,19.008,19.008
279.370,324.682,19.008,19.008
279.894,325.655,19.008,19.008
280.567,326.029,19.008,19.008
280.044,325.206,19.008,19.008
279.520,326.029,19.008,19.008
280.193,326.253,19.008,19.008
279.969,326.927,19.008,19.008
281.091,327.900,19.008,19.008
279.969,328.124,19.008,19.008
280.942,327.750,19.008,19.008
280.717,328.872,19.008,19.008
281.091,329.546,19.008,19.008
280.268,329.770,19.008,19.008
280.642,330.444,19.008,19.008
281.316,330.668,19.008,19.008
280.792,331.491,19.008,19.008
281.465,331.716,19.008,19.008
280.792,332.389,19.008,19.008
281.465,332.913,19.008,19.008
281.091,333.736,19.008,19.008
280.867,334.111,19.008,19.008
281.989,333.736,19.008,19.008
282.064,334.859,19.008,19.008
281.091,335.682,19.008,19.008
280.867,336.206,19.008,19.008
281.840,336.281,19.008,19.008
281.765,337.104,19.008,19.008
281.690,337.628,19.008,19.008
282.064,338.601,19.008,19.008
281.241,339.424,19.008,19.008
281.765,339.948,19.008,19.008
282.438,340.920,19.008,19.008
282.064,341.744,19.008,19.008
281.540,342.267,19.008,19.008
282.214,342.642,19.008,19.008
281.690,343.465,19.008,19.008
282.513,343.989,19.008,19.008
282.289,345.111,19.008,19.008
281.914,345.036,19.008,19.008
282.887,345.859,19.008,19.008
283.261,347.281,19.008,19.008
282.438,347.655,19.008,19.008
282.663,348.628,19.008,19.008
282.438,349.302,19.008,19.008
282.064,349.526,19.008,19.008
281.690,350.649,19.008,19.008
282.363,351.622,19.008,19.008
282.139,345.111,19.008,19.008
282.472,324.171,19.428,19.428
281.543,302.768,19.858,19.858
281.729,280.891,20.297,20.297
282.288,274.738,20.297,20.297
283.007,275.937,20.297,20.297
282.448,277.295,20.297,20.297
282.048,278.814,20.297,20.297
283.087,279.693,20.297,20.297
283.327,280.732,20.297,20.297
283.727,281.611,20.297,20.297
283.167,283.129,20.297,20.297
284.046,284.328,20.297,20.297
284.446,285.526,20.297,20.297
283.886,286.086,20.297,20.297
284.765,287.284,20.297,20.297
284.845,288.483,20.297,20.297
285.085,288.723,20.297,20.297
285.645,289.762,20.297,20.297
285.405,290.801,20.297,20.297
285.804,291.999,20.297,20.297
286.364,293.198,20.297,20.297
285.964,294.556,20.297,20.297
286.683,294.956,20.297,20.297
286.444,296.314,20.297,20.297
286.364,297.833,20.297,20.297
287.083,298.392,20.297,20.297
288.122,298.951,20.297,20.297
288.521,300.310,20.297,20.297
287.802,301.668,20.297,20.297
288.521,302.547,20.297,20.297
288.122,303.427,20.297,20.297
289.161,303.986,20.297,20.297
289.720,305.344,20.297,20.297
289.001,306.863,20.297,20.297
289.720,307.742,20.297,20.297
289.480,308.621,20.297,20.297
289.720,309.340,20.297,20.297
290.279,310.698,20.297,20.297
291.158,311.577,20.297,20.297
291.238,312.137,20.297,20.297
291.798,313.655,20.297,20.297
291.079,314.534,20.297,20.297
291.958,315.094,20.297,20.297
292.197,316.452,20.297,20.297
292.917,317.171,20.297,20.297
292.357,318.690,20.297,20.297
291.958,319.569,20.297,20.297
292.996,320.288,20.297,20.297
292.917,321.806,20.297,20.297
293.476,322.685,20.297,20.297
292.757,323.404,20.297,20.297
293.636,324.124,20.297,20.297
293.875,325.482,20.297,20.297
294.435,326.201,20.297,20.297
293.875,327.560,20.297,20.297
294.754,328.279,20.297,20.297
294.834,312.217,20.297,20.297
295.554,290.881,20.297,20.297
294.834,279.134,20.297,20.297
295.873,280.333,20.297,20.297
296.273,281.851,20.297,20.297
297.152,282.730,20.297,20.297
297.551,283.929,20.297,20.297
296.832,285.127,20.297,20.297
297.711,286.326,20.297,20.297
297.791,287.685,20.297,20.297
298.510,288.404,20.297,20.297
298.430,289.123,20.297,20.297
298.670,290.801,20.297,20.297
299.230,291.680,20.297,20.297
300.109,292.879,20.297,20.297
300.189,294.237,20.297,20.297
300.109,295.596,20.297,20.297
300.189,296.475,20.297,20.297
300.428,297.354,20.297,20.297
299.549,298.233,20.297,20.297
300.428,299.751,20.297,20.297
300.189,300.470,20.297,20.297
301.227,300.870,20.297,20.297
301.947,302.229,20.297,20.297
301.547,303.427,20.297,20.297
302.457,304.645,19.864,19.864
302.141,305.686,19.441,19.441
302.677,306.681,19.441,19.441
303.212,307.829,19.441,19.441
302.524,308.212,19.441,19.441
303.365,309.207,19.441,19.441
302.983,310.202,19.441,19.441
302.753,310.890,19.441,19.441
303.901,311.273,19.441,19.441
303.212,312.421,19.441,19.441
303.901,313.263,19.441,19.441
303.672,314.105,19.441,19.441
304.513,314.947,19.441,19.441
304.131,315.789,19.441,19.441
304.054,316.478,19.441,19.441
304.437,317.932,19.441,19.441
305.126,318.162,19.441,19.441
304.743,319.463,19.441,19.441
305.738,320.458,19.441,19.441
305.508,321.300,19.441,19.441
305.891,322.142,19.441,19.441
305.355,322.830,19.441,19.441
306.197,323.672,19.441,19.441
306.427,325.127,19.441,19.441
306.810,325.662,19.441,19.441
306.121,322.524,19.441,19.441
307.116,302.088,19.441,19.441
306.821,280.671,19.871,19.871
306.587,274.960,19.871,19.871
306.352,276.134,19.871,19.871
307.369,277.307,19.871,19.871
307.134,278.794,19.871,19.871
307.369,279.341,19.871,19.871
307.917,280.515,19.871,19.871
307.369,281.845,19.871,19.871
308.229,282.236,19.871,19.871
307.995,283.409,19.871,19.871
308.386,284.583,19.871,19.871
308.934,285.131,19.871,19.871
308.386,286.304,19.871,19.871
309.247,287.478,19.871,19.871
308.855,288.651,19.871,19.871
308.464,289.355,19.871,19.871
309.325,290.529,19.871,19.871
309.403,291.702,19.871,19.871
309.638,292.093,19.871,19.871
308.777,293.267,19.871,19.871
309.325,294.440,19.871,19.871
310.185,295.614,19.871,19.871
309.719,296.354,19.447,19.447
310.561,297.349,19.447,19.447
310.178,298.344,19.447,19.447
309.948,299.033,19.447,19.447
309.565,299.875,19.447,19.447
310.408,300.565,19.447,19.447
310.331,301.866,19.447,19.447
310.561,302.555,19.447,19.447
310.331,303.857,19.447,19.447
310.254,304.393,19.447,19.447
310.637,305.694,19.447,19.447
310.714,306.843,19.447,19.447
310.790,307.379,19.447,19.447
309.948,308.680,19.447,19.447
310.178,309.829,19.447,19.447
310.101,310.365,19.447,19.447
310.484,311.513,19.447,19.447
310.867,312.509,19.447,19.447
310.025,313.504,19.447,19.447
310.408,314.499,19.447,19.447
310.944,315.341,19.447,19.447
310.408,316.490,19.447,19.447
311.403,317.179,19.447,19.447
311.173,318.021,19.447,19.447
311.250,318.863,19.447,19.447
311.633,319.552,19.447,19.447
312.015,321.007,19.447,19.447
311.326,321.849,19.447,19.447
311.709,322.538,19.447,19.447
312.092,323.993,19.447,19.447
311.250,307.379,19.447,19.447
311.479,286.936,19.447,19.447
310.549,265.512,19.877,19.877
311.723,244.617,19.877,19.877
310.862,242.817,19.877,19.877
311.567,244.617,19.877,19.877
311.019,245.635,19.877,19.877
311.880,246.809,19.877,19.877
311.489,248.139,19.877,19.877
312.349,249.156,19.877,19.877
311.958,250.487,19.877,19.877
311.567,251.974,19.877,19.877
311.332,252.521,19.877,19.877
312.506,254.165,19.877,19.877
312.897,255.026,19.877,19.877
312.036,256.043,19.877,19.877
312.428,257.373,19.877,19.877
312.506,258.704,19.877,19.877
312.741,259.408,19.877,19.877
312.349,261.051,19.877,19.877
313.210,261.599,19.877,19.877
312.819,262.460,19.877,19.877
312.584,264.103,19.877,19.877
312.193,264.651,19.877,19.877
313.054,265.669,19.877,19.877
312.506,266.842,19.877,19.877
313.054,267.860,19.877,19.877
312.349,269.190,19.877,19.877
312.897,270.364,19.877,19.877
312.349,271.694,19.877,19.877
313.054,272.712,19.877,19.877
312.506,273.416,19.877,19.877
313.367,274.903,19.877,19.877
313.132,275.920,19.877,19.877
312.897,276.781,19.877,19.877
312.506,277.798,19.877,19.877
313.523,278.816,19.877,19.877
312.975,279.677,19.877,19.877
312.428,280.851,19.877,19.877
313.288,281.868,19.877,19.877
312.741,282.885,19.877,19.877
312.036,284.216,19.877,19.877
312.741,285.233,19.877,19.877
312.036,286.250,19.877,19.877
312.741,287.268,19.877,19.877
312.036,288.128,19.877,19.877
312.428,288.989,19.877,19.877
312.975,289.850,19.877,19.877
312.271,290.554,19.877,19.877
312.506,292.198,19.877,19.877
312.897,293.059,19.877,19.877
312.193,293.919,19.877,19.877
312.741,294.937,19.877,19.877
311.880,295.641,19.877,19.877
312.115,296.502,19.877,19.877
312.349,298.145,19.877,19.877
312.271,298.850,19.877,19.877
312.349,299.554,19.877,19.877
312.741,301.041,19.877,19.877
311.880,301.589,19.877,19.877
312.584,302.450,19.877,19.877
312.036,303.936,19.877,19.877
312.741,304.484,19.877,19.877
312.036,305.971,19.877,19.877
312.741,306.519,19.877,19.877
312.193,307.849,19.877,19.877
313.054,308.554,19.877,19.877
312.662,309.884,19.877,19.877
312.428,310.275,19.877,19.877
313.602,311.449,19.877,19.877
312.741,312.310,19.877,19.877
313.445,313.327,19.877,19.877
314.306,314.188,19.877,19.877
314.541,315.049,19.877,19.877
314.932,315.910,19.877,19.877
314.541,316.614,19.877,19.877
315.245,299.789,19.877,19.877
313.807,277.891,20.317,20.317
314.527,266.452,20.317,20.317
314.287,267.332,20.317,20.317
315.327,269.172,20.317,20.317
315.407,270.372,20.317,20.317
314.527,271.412,20.317,20.317
314.927,272.291,20.317,20.317
315.487,274.131,20.317,20.317
315.087,275.491,20.317,20.317
315.967,275.891,20.317,20.317
315.887,277.091,20.317,20.317
315.967,278.610,20.317,20.317
316.047,279.330,20.317,20.317
316.447,281.010,20.317,20.317
315.567,282.050,20.317,20.317
316.632,282.806,19.884,19.884
315.770,283.981,19.884,19.884
316.812,285.626,19.460,19.460
315.663,286.775,19.460,19.460
316.353,287.312,19.460,19.460
315.510,288.614,19.460,19.460
315.587,289.917,19.460,19.460
315.357,290.759,19.460,19.460
314.514,292.062,19.460,19.460
314.131,292.905,19.460,19.460
313.288,293.747,19.460,19.460
312.752,295.356,19.460,19.460
312.522,296.505,19.460,19.460
311.526,297.501,19.460,19.460
310.683,298.497,19.460,19.460
309.841,299.800,19.460,19.460
308.538,300.030,19.460,19.460
308.002,301.179,19.460,19.460
306.853,302.481,19.460,19.460
305.550,303.784,19.460,19.460
305.014,304.320,19.460,19.460
303.558,305.622,19.460,19.460
302.716,306.772,19.460,19.460
301.720,307.461,19.460,19.460
300.571,308.917,19.460,19.460
299.421,309.453,19.460,19.460
297.966,310.909,19.460,19.460
296.050,311.445,19.460,19.460
294.595,312.747,19.460,19.460
293.599,314.203,19.460,19.460
292.143,315.046,19.460,19.460
290.381,315.888,19.460,19.460
288.619,317.038,19.460,19.460
287.163,318.034,19.460,19.460
285.095,319.183,19.460,19.460
283.486,320.332,19.460,19.460
281.877,321.634,19.460,19.460
279.042,323.243,19.460,19.460
277.740,324.239,19.460,19.460
276.744,325.389,19.460,19.460
275.135,326.538,19.460,19.460
272.300,327.687,19.460,19.460
270.691,328.836,19.460,19.460
269.236,329.526,19.460,19.460
267.320,323.167,19.460,19.460
263.687,301.728,19.890,19.890
262.248,279.816,20.331,20.331
260.567,275.574,20.331,20.331
257.766,276.934,20.331,20.331
256.085,278.295,20.331,20.331
254.404,279.816,20.331,20.331
251.283,280.856,20.331,20.331
250.242,281.737,20.331,20.331
248.401,282.777,20.331,20.331
245.119,283.978,20.331,20.331
243.919,285.019,20.331,20.331
241.277,286.219,20.331,20.331
239.597,287.420,20.331,20.331
236.475,287.500,20.331,20.331
234.634,288.701,20.331,20.331
232.633,289.741,20.331,20.331
229.992,290.942,20.331,20.331
228.471,292.302,20.331,20.331
225.829,293.663,20.331,20.331
224.148,294.223,20.331,20.331
222.308,295.744,20.331,20.331
219.506,296.465,20.331,20.331
216.545,297.345,20.331,20.331
214.864,298.065,20.331,20.331
212.703,299.266,20.331,20.331
210.221,300.787,20.331,20.331
208.380,301.507,20.331,20.331
205.099,302.388,20.331,20.331
203.418,303.268,20.331,20.331
200.296,305.109,20.331,20.331
198.935,306.150,20.331,20.331
195.814,307.510,20.331,20.331
193.813,307.590,20.331,20.331
191.332,308.951,20.331,20.331
189.651,310.312,20.331,20.331
186.049,311.672,20.331,20.331
184.208,312.393,20.331,20.331
181.727,313.273,20.331,20.331
179.085,314.954,20.331,20.331
177.244,315.995,20.331,20.331
174.923,316.875,20.331,20.331
172.122,317.916,20.331,20.331
170.281,319.116,20.331,20.331
184.448,320.797,20.331,20.331
190.131,322.478,20.331,20.331
176.604,308.311,20.331,20.331
167.992,308.999,20.780,20.780
165.619,311.863,20.780,20.780
164.286,310.529,21.240,21.240
163.464,305.356,20.787,20.787
159.583,304.362,21.247,21.247
162.793,307.894,20.794,20.794
170.407,308.303,20.794,20.794
171.635,308.549,20.794,20.794
171.389,307.976,20.794,20.794
169.205,306.132,21.254,21.254
170.099,305.289,21.724,21.724
163.026,304.783,22.205,22.205
138.564,293.925,22.696,22.696
137.402,275.429,22.696,22.696
123.894,273.601,23.198,23.198
121.458,269.839,23.712,23.712
105.425,258.125,23.206,23.206
118.441,248.773,22.711,22.711
120.855,246.359,22.711,22.711
117.010,251.098,22.711,22.711
123.160,255.949,23.214,23.214
123.567,254.839,23.727,23.727
122.469,256.262,23.221,23.221
138.621,281.331,23.735,23.735
139.145,278.431,23.229,23.229
140.699,279.620,23.229,23.229
142.254,278.797,23.229,23.229
139.968,277.974,23.229,23.229
154.038,273.447,23.743,23.743
154.260,270.954,24.268,24.268
154.795,270.937,23.751,23.751
153.696,280.112,23.244,23.244
152.965,280.710,23.758,23.758
151.325,279.791,23.252,23.252
146.896,286.127,22.756,22.756
151.943,284.109,23.259,23.259
151.970,282.997,23.774,23.774
152.855,282.799,23.267,23.267
151.933,283.207,23.782,23.782
150.795,282.264,24.308,24.308
151.420,283.286,24.846,24.846
149.420,281.489,25.395,25.395
151.919,280.789,25.395,25.395
150.083,282.064,25.957,25.957
151.443,281.848,25.404,25.404
151.266,281.049,25.966,25.966
150.656,280.833,25.412,25.412
149.025,294.357,25.974,25.974
170.099,305.969,25.420,25.420
171.624,306.336,24.878,24.878
171.857,306.569,25.429,25.429
169.602,307.223,25.991,25.991
168.359,305.980,26.566,26.566
147.755,282.447,26.566,26.566
147.023,282.551,26.566,26.566
148.213,282.532,26.000,26.000
146.120,280.651,26.575,26.575
151.950,283.456,26.008,26.008
150.494,284.549,26.584,26.584
147.919,280.237,27.172,27.172
147.075,280.218,26.593,26.593
146.889,282.422,27.181,27.181
147.424,282.529,27.181,27.181
144.348,280.119,27.782,27.782
146.436,281.996,27.190,27.190
145.358,282.029,27.791,27.791
146.562,282.576,27.791,27.791
146.890,282.904,27.791,27.791
146.026,281.408,27.199,27.199
147.245,281.182,26.619,26.619
146.407,281.648,27.208,27.208
144.942,280.803,26.627,26.627
146.305,284.472,26.627,26.627
150.252,298.643,27.217,27.217
152.298,300.276,26.636,26.636
144.643,299.542,26.636,26.636
145.377,295.871,26.636,26.636
144.103,293.727,27.226,27.226
144.853,292.977,27.226,27.226
143.551,293.676,27.828,27.828
145.176,291.891,28.444,28.444
147.533,286.813,29.073,29.073
137.355,282.097,29.716,29.716
116.360,270.123,29.082,29.082
87.425,251.341,28.462,28.462
72.969,259.745,28.462,28.462
65.098,271.405,29.092,29.092
39.907,301.190,28.472,28.472
34.591,297.968,29.101,29.101
40.312,294.634,28.481,28.481
32.436,288.851,29.111,29.111
32.946,293.880,29.755,29.755
30.794,296.833,30.413,30.413
-2.712,304.819,31.086,31.086
-6.016,306.166,31.086,31.086
-7.454,307.795,30.423,30.423
-7.014,309.158,29.775,29.775
-6.662,310.213,29.775,29.775
-6.311,311.034,29.775,29.775
-6.275,310.826,30.433,30.433
-6.488,309.122,31.107,31.107
-6.451,307.888,31.795,31.795
-6.075,307.262,31.795,31.795
-7.452,306.887,31.795,31.795
-6.751,307.105,31.117,31.117
-6.384,307.718,31.117,31.117
-6.346,307.501,31.805,31.805
-6.568,306.499,32.509,32.509
-6.795,305.741,33.228,33.228
-6.664,304.564,33.228,33.228
-6.534,303.910,33.228,33.228
-8.071,305.651,32.520,32.520
-7.943,306.291,32.520,32.520
-7.815,306.931,32.520,32.520
-7.687,307.315,32.520,32.520
-7.216,308.032,31.826,31.826
-7.091,308.408,31.826,31.826
-6.966,308.784,31.826,31.826
-6.841,308.909,31.826,31.826
-6.715,308.534,31.826,31.826
-6.590,307.406,31.826,31.826
-6.465,306.529,31.826,31.826
-6.339,308.659,31.826,31.826
-6.301,308.957,32.530,32.530
-5.917,308.829,32.530,32.530
-6.144,308.867,33.250,33.250
-7.682,310.105,32.541,32.541
-7.909,309.346,33.261,33.261
-7.778,309.477,33.261,33.261
-7.647,310.918,33.261,33.261
-7.516,312.096,33.261,33.261
-7.386,310.394,33.261,33.261
-7.255,309.216,33.261,33.261
-7.124,308.561,33.261,33.261
-7.356,308.872,33.997,33.997
-7.222,307.935,33.997,33.997
-7.088,307.534,33.997,33.997
-6.954,307.935,33.997,33.997
-7.191,307.698,34.749,34.749
-7.055,308.382,34.749,34.749
-6.918,309.066,34.749,34.749
-6.781,308.656,34.749,34.749
-8.388,309.949,34.008,34.008
-7.897,309.667,33.283,33.283
-7.766,309.535,33.283,33.283
-7.635,307.832,33.283,33.283
-7.504,306.653,33.283,33.283
-7.373,308.356,33.283,33.283
-6.980,310.060,33.283,33.283
-7.212,311.187,34.019,34.019
-7.078,311.857,34.019,34.019
-6.944,312.526,34.019,34.019
-6.903,312.567,34.772,34.772
-6.493,313.525,34.772,34.772
-7.837,314.819,34.030,34.030
-7.703,314.150,34.030,34.030
-7.569,314.551,34.030,34.030
-7.435,313.882,34.030,34.030
-7.301,312.944,34.030,34.030
-7.167,308.522,34.030,34.030
-7.033,306.513,34.030,34.030
-6.631,305.307,34.030,34.030
-6.591,305.348,34.783,34.783
