227.000,297.000,33.000,31.000
225.197,297.311,33.730,31.686
227.129,296.924,33.730,31.686
228.802,297.053,33.730,31.686
231.769,297.103,34.476,32.387
194.931,328.286,35.239,33.103
213.070,298.688,34.488,32.398
248.220,299.610,34.488,32.398
284.306,299.661,35.251,33.114
320.234,299.258,35.251,33.114
356.162,300.200,35.251,33.114
392.089,298.989,35.251,33.114
428.974,297.087,36.031,33.847
444.073,295.989,35.262,33.125
442.324,295.855,35.262,33.125
443.266,297.604,35.262,33.125
444.290,297.828,34.510,32.419
443.632,298.487,34.510,32.419
444.635,297.690,33.774,31.727
444.622,298.898,33.054,31.051
443.739,298.519,33.054,31.051
444.942,298.485,32.349,30.389
445.313,298.609,32.349,30.389
445.683,298.979,32.349,30.389
444.572,298.856,32.349,30.389
444.942,298.732,32.349,30.389
445.560,298.856,32.349,30.389
444.449,299.226,32.349,30.389
444.819,299.597,32.349,30.389
445.436,298.485,32.349,30.389
444.572,298.362,32.349,30.389
444.943,298.485,32.349,30.389
445.313,297.868,32.349,30.389
445.189,298.732,32.349,30.389
445.313,298.115,32.349,30.389
444.943,298.979,32.349,30.389
444.819,298.362,32.349,30.389
444.943,297.497,32.349,30.389
445.066,298.609,32.349,30.389
445.189,298.979,32.349,30.389
444.701,298.232,31.659,29.741
446.756,298.353,31.659,29.741
473.112,299.654,32.360,30.399
506.972,300.727,33.076,31.071
504.641,301.301,33.808,31.759
468.518,265.200,34.556,32.461
473.399,274.830,34.556,32.461
470.629,276.017,34.556,32.461
464.957,281.425,34.556,32.461
461.659,296.330,34.556,32.461
461.000,298.309,34.556,32.461
460.340,298.441,34.556,32.461
461.000,298.309,34.556,32.461
460.604,298.441,34.556,32.461
461.527,298.045,34.556,32.461
460.868,298.441,34.556,32.461
459.944,299.100,34.556,32.461
460.868,298.177,34.556,32.461
460.472,298.045,34.556,32.461
459.679,298.644,35.320,33.180
460.893,298.509,35.320,33.180
459.949,298.914,35.320,33.180
459.978,299.246,36.102,33.914
459.564,298.557,36.102,33.914
460.253,298.695,36.102,33.914
459.564,299.108,36.102,33.914
463.285,297.868,36.102,33.914
456.808,288.084,36.102,33.914
444.828,249.534,36.900,34.664
483.439,246.081,37.717,35.431
521.592,243.058,37.717,35.431
559.745,241.474,37.717,35.431
593.534,241.829,38.551,36.215
608.834,248.910,39.404,37.016
627.593,246.471,40.276,37.835
629.899,245.088,40.276,37.835
631.958,243.565,39.417,37.028
630.783,244.395,38.577,36.239
631.814,243.658,38.577,36.239
633.068,242.494,39.430,37.040
631.111,242.644,39.430,37.040
632.767,242.193,39.430,37.040
633.519,241.440,39.430,37.040
632.466,240.988,39.430,37.040
633.820,239.935,39.430,37.040
631.864,241.591,39.430,37.040
630.978,243.291,38.589,36.250
632.893,243.733,38.589,36.250
632.027,243.978,37.766,35.477
633.901,243.257,37.766,35.477
632.315,244.266,37.766,35.477
633.325,242.680,37.766,35.477
632.027,242.536,37.766,35.477
633.901,242.104,37.766,35.477
632.315,243.401,37.766,35.477
633.036,242.392,37.766,35.477
634.967,244.021,36.961,34.721
636.237,245.008,36.961,34.721
635.250,242.892,36.961,34.721
636.158,244.704,37.779,35.489
634.860,247.444,37.779,35.489
635.490,248.697,38.615,36.274
634.163,249.729,38.615,36.274
635.490,250.171,38.615,36.274
634.163,251.203,38.615,36.274
635.490,251.055,38.615,36.274
634.163,252.087,38.615,36.274
635.490,251.350,38.615,36.274
634.163,251.792,38.615,36.274
635.195,251.350,38.615,36.274
633.868,252.677,38.615,36.274
635.195,251.645,38.615,36.274
633.868,252.087,38.615,36.274
635.195,251.055,38.615,36.274
633.868,251.203,38.615,36.274
635.195,250.171,38.615,36.274
633.868,251.203,38.615,36.274
635.195,250.171,38.615,36.274
633.868,251.203,38.615,36.274
636.374,252.824,38.615,36.274
597.018,213.468,38.615,36.274
597.460,217.743,38.615,36.274
599.376,228.798,38.615,36.274
596.576,244.570,38.615,36.274
595.996,254.720,39.469,37.077
565.713,241.613,39.469,37.077
563.374,240.701,38.627,36.286
561.163,240.849,38.627,36.286
560.888,241.212,39.482,37.089
561.546,241.271,40.355,37.910
560.620,240.372,41.248,38.748
560.463,240.844,41.248,38.748
559.189,239.926,42.161,39.606
560.960,240.408,42.161,39.606
560.155,241.213,42.161,39.606
561.282,239.765,42.161,39.606
560.799,240.247,42.161,39.606
559.994,240.730,42.161,39.606
560.155,239.282,42.161,39.606
561.282,239.765,42.161,39.606
560.477,239.604,42.161,39.606
559.994,240.730,42.161,39.606
559.833,239.604,42.161,39.606
559.672,240.408,42.161,39.606
559.511,240.569,42.161,39.606
559.672,241.052,42.161,39.606
559.511,239.604,42.161,39.606
559.672,240.730,42.161,39.606
559.511,239.926,42.161,39.606
560.638,240.408,42.161,39.606
560.155,240.891,42.161,39.606
560.316,239.765,42.161,39.606
573.331,236.309,41.262,38.761
596.799,278.363,41.262,38.761
590.341,267.180,41.262,38.761
591.355,266.261,42.175,39.619
586.045,258.641,43.108,40.495
588.129,256.315,44.062,41.391
586.615,256.819,44.062,41.391
586.447,256.987,44.062,41.391
587.288,257.828,44.062,41.391
587.793,257.997,44.062,41.391
587.624,257.828,44.062,41.391
587.456,257.997,44.062,41.391
588.633,257.156,44.062,41.391
587.456,257.997,44.062,41.391
588.633,258.501,44.062,41.391
587.456,257.660,44.062,41.391
588.970,259.510,44.062,41.391
587.610,257.482,45.036,42.307
586.750,257.310,45.036,42.307
587.610,258.170,45.036,42.307
586.406,256.966,45.036,42.307
588.298,255.763,45.036,42.307
586.194,256.187,46.033,43.243
586.721,258.119,46.033,43.243
588.736,258.750,45.051,42.321
587.877,258.578,45.051,42.321
590.800,257.374,45.051,42.321
590.837,244.238,46.048,43.257
588.200,244.062,46.048,43.257
587.673,257.246,46.048,43.257
585.522,253.302,47.067,44.214
591.046,255.332,46.063,43.271
593.740,257.997,45.081,42.349
593.060,257.619,44.119,41.445
593.902,257.114,44.119,41.445
593.060,256.945,44.119,41.445
593.902,256.103,44.119,41.445
593.060,258.629,44.119,41.445
594.239,257.787,44.119,41.445
593.397,257.282,44.119,41.445
594.239,259.135,44.119,41.445
594.547,258.765,43.178,40.562
594.053,258.270,43.178,40.562
593.558,257.446,43.178,40.562
595.131,257.084,42.258,39.697
594.647,259.827,42.258,39.697
595.131,259.020,42.258,39.697
594.647,259.827,42.258,39.697
595.131,258.375,42.258,39.697
593.492,257.768,43.193,40.575
592.843,257.148,44.148,41.473
593.348,256.643,44.148,41.473
571.241,269.592,43.207,40.588
592.844,271.456,42.285,39.723
586.515,264.150,43.221,40.602
608.444,239.617,42.299,39.736
593.067,238.005,43.235,40.615
592.417,240.466,44.192,41.513
590.353,239.482,45.169,42.432
589.491,246.551,45.169,42.432
588.097,248.765,46.169,43.371
591.477,247.019,45.184,42.446
589.009,244.939,46.184,43.385
587.217,243.545,47.206,44.345
590.673,245.928,46.199,43.399
589.439,247.515,46.199,43.399
587.647,247.950,47.221,44.359
585.815,248.020,48.266,45.341
589.704,249.037,47.237,44.374
588.442,249.578,47.237,44.374
586.610,250.022,48.282,45.356
585.688,250.575,48.282,45.356
589.223,249.104,47.252,44.388
587.390,247.678,48.298,45.371
585.517,246.985,49.366,46.374
583.603,247.058,50.459,47.400
587.297,246.635,49.382,46.390
585.977,248.332,49.382,46.390
584.062,248.796,50.475,47.416
586.643,248.373,49.399,46.405
584.727,249.621,50.492,47.432
583.169,250.096,51.609,48.481
581.576,248.946,52.751,49.554
584.273,249.281,51.626,48.497
582.894,248.690,51.626,48.497
581.300,249.993,52.768,49.570
583.998,249.551,51.643,48.513
582.404,249.628,52.785,49.586
580.775,250.125,53.953,50.683
579.110,250.632,55.147,51.805
582.336,249.764,53.971,50.700
581.525,253.265,55.165,51.822
581.736,253.896,55.165,51.822
582.367,250.738,55.165,51.822
582.999,248.421,55.165,51.822
585.008,250.395,53.988,50.716
584.802,251.013,53.988,50.716
586.371,254.533,52.837,49.635
585.766,251.508,52.837,49.635
586.371,252.920,52.837,49.635
585.362,260.786,52.837,49.635
586.120,269.674,51.710,48.576
587.623,273.046,50.608,47.540
587.043,275.171,50.608,47.540
586.464,276.137,50.608,47.540
587.043,278.648,50.608,47.540
586.464,280.387,50.608,47.540
586.657,281.353,50.608,47.540
586.850,283.091,50.608,47.540
586.270,284.444,50.608,47.540
586.850,285.796,50.608,47.540
585.884,288.694,50.608,47.540
586.464,289.273,50.608,47.540
587.043,289.853,50.608,47.540
586.077,291.205,50.608,47.540
586.657,291.398,50.608,47.540
588.009,293.910,50.608,47.540
589.107,297.582,49.528,46.527
588.540,300.796,49.528,46.527
588.886,308.399,48.472,45.534
545.774,282.310,48.472,45.534
525.236,255.110,48.472,45.534
527.641,255.665,48.472,45.534
524.125,253.260,48.472,45.534
524.933,254.868,49.545,46.542
525.122,252.788,49.545,46.542
525.163,254.431,50.641,47.572
524.969,252.691,50.641,47.572
524.209,253.970,51.761,48.624
522.611,252.407,52.906,49.700
524.025,253.417,52.906,49.700
521.973,253.077,54.077,50.800
522.592,252.870,54.077,50.800
467.477,197.755,54.077,50.800
465.808,198.264,55.273,51.924
467.706,199.319,55.273,51.924
466.230,198.264,55.273,51.924
468.128,198.897,55.273,51.924
467.074,198.686,55.273,51.924
466.019,197.209,55.273,51.924
464.313,195.978,56.496,53.072
463.666,196.193,56.496,53.072
463.019,196.840,56.496,53.072
460.380,195.134,57.746,54.247
457.683,193.391,59.024,55.447
462.414,195.419,59.024,55.447
472.103,192.039,59.024,55.447
462.333,166.881,60.330,56.674
472.696,167.572,60.330,56.674
505.240,165.272,61.665,57.927
567.618,162.212,61.665,57.927
573.503,165.743,61.665,57.927
583.154,141.027,61.665,57.927
606.726,136.881,60.350,56.692
605.114,135.268,60.350,56.692
603.962,135.959,60.350,56.692
605.114,135.268,60.350,56.692
606.867,134.318,59.063,55.483
606.191,135.896,59.063,55.483
607.473,134.098,57.803,54.300
607.252,135.642,57.803,54.300
607.031,136.745,57.803,54.300
609.136,135.410,56.571,53.142
607.625,136.490,56.571,53.142
609.269,134.767,55.364,52.009
607.789,136.247,55.364,52.009
609.269,136.458,55.364,52.009
608.212,136.669,55.364,52.009
609.821,134.983,54.183,50.900
610.028,136.017,54.183,50.900
608.580,135.397,54.183,50.900
609.200,136.017,54.183,50.900
609.977,134.766,53.028,49.814
610.585,135.373,53.028,49.814
609.572,136.790,53.028,49.814
610.333,134.785,51.897,48.752
625.191,129.832,51.897,48.752
629.351,128.842,51.897,48.752
634.326,128.097,53.045,49.831
580.262,151.788,53.045,49.831
577.785,154.808,54.219,50.933
588.138,163.530,53.063,49.847
536.577,150.200,51.931,48.784
537.171,148.812,51.931,48.784
536.180,152.182,51.931,48.784
536.378,150.398,51.931,48.784
536.973,149.407,51.931,48.784
535.782,152.364,53.080,49.863
535.984,150.945,53.080,49.863
536.187,149.932,53.080,49.863
536.389,151.756,53.080,49.863
536.997,150.337,53.080,49.863
536.389,148.919,53.080,49.863
537.808,152.364,53.080,49.863
536.389,150.135,53.080,49.863
538.323,149.299,51.948,48.800
537.728,151.877,51.948,48.800
536.736,150.093,51.948,48.800
536.934,152.670,51.948,48.800
537.133,150.886,51.948,48.800
537.331,149.101,51.948,48.800
537.133,151.679,51.948,48.800
537.728,150.291,51.948,48.800
536.736,148.903,51.948,48.800
537.728,152.274,51.948,48.800
536.736,150.093,51.948,48.800
536.934,152.670,51.948,48.800
536.736,150.886,51.948,48.800
538.628,150.068,50.840,47.759
539.986,152.979,50.840,47.759
547.167,154.726,50.840,47.759
556.875,165.523,49.756,46.741
584.795,172.930,49.756,46.741
611.870,175.809,48.695,45.744
630.644,174.136,48.695,45.744
633.384,170.737,49.773,46.756
633.194,167.887,49.773,46.756
632.624,165.797,49.773,46.756
633.453,163.506,50.874,47.791
631.705,161.758,50.874,47.791
633.064,160.787,50.874,47.791
631.705,159.428,50.874,47.791
633.453,158.457,50.874,47.791
631.705,157.874,50.874,47.791
633.453,156.903,50.874,47.791
632.093,156.321,50.874,47.791
632.288,156.515,50.874,47.791
632.482,156.709,50.874,47.791
632.676,156.515,50.874,47.791
632.870,156.321,50.874,47.791
633.065,156.126,50.874,47.791
631.705,156.321,50.874,47.791
633.453,156.903,50.874,47.791
631.705,157.486,50.874,47.791
633.453,157.292,50.874,47.791
631.705,157.486,50.874,47.791
633.453,157.292,50.874,47.791
631.705,157.097,50.874,47.791
633.065,156.903,50.874,47.791
581.214,208.754,50.874,47.791
578.032,254.364,51.999,48.848
582.597,268.854,51.999,48.848
580.282,249.669,50.890,47.806
547.840,258.411,50.890,47.806
555.944,260.099,52.016,48.864
553.245,258.897,50.907,47.822
553.226,261.093,49.822,46.802
554.177,259.381,49.822,46.802
553.791,261.164,48.759,45.804
554.722,259.488,48.759,45.804
555.280,260.791,48.759,45.804
555.262,259.665,47.719,44.827
555.809,260.940,47.719,44.827
554.533,261.487,47.719,44.827
555.444,259.119,47.719,44.827
555.626,260.394,47.719,44.827
556.537,261.669,47.719,44.827
555.991,261.851,47.719,44.827
555.444,260.940,47.719,44.827
556.355,262.215,47.719,44.827
555.080,260.212,47.719,44.827
555.262,261.122,47.719,44.827
555.080,259.483,47.719,44.827
555.626,261.122,47.719,44.827
555.809,259.847,47.719,44.827
554.169,261.487,47.719,44.827
555.444,260.576,47.719,44.827
555.991,261.851,47.719,44.827
555.622,260.047,46.702,43.871
556.870,261.651,46.702,43.871
522.506,211.782,47.735,44.842
564.962,206.863,47.735,44.842
589.197,216.520,47.735,44.842
580.918,173.488,48.791,45.834
583.663,170.082,49.871,46.848
584.995,172.176,49.871,46.848
584.044,172.367,49.871,46.848
584.234,172.938,49.871,46.848
584.424,173.128,49.871,46.848
584.995,171.034,49.871,46.848
584.424,173.509,49.871,46.848
585.376,172.176,49.871,46.848
584.232,173.831,50.974,47.885
583.062,171.484,52.102,48.944
583.659,174.467,52.102,48.944
581.638,171.656,53.255,50.027
580.416,173.423,54.433,51.134
578.736,172.210,55.637,52.265
579.663,172.293,56.868,53.421
577.275,171.208,56.868,53.421
578.223,172.644,58.126,54.603
578.001,171.978,58.126,54.603
577.335,170.425,58.126,54.603
573.239,159.002,59.412,55.812
572.105,149.703,59.412,55.812
575.143,160.135,58.145,54.621
573.590,151.035,58.145,54.621
582.246,146.374,58.145,54.621
582.024,150.591,58.145,54.621
579.308,151.599,59.432,55.830
579.828,171.929,60.747,57.065
579.877,174.907,62.091,58.328
574.027,164.671,63.465,59.618
529.339,231.120,64.869,60.937
541.473,226.415,64.869,60.937
536.901,230.623,66.304,62.285
535.636,225.814,66.304,62.285
532.014,235.891,67.771,63.663
534.217,236.528,69.270,65.072
530.433,238.826,70.803,66.512
533.946,234.772,70.803,66.512
531.200,237.121,72.369,67.983
531.833,236.082,73.971,69.487
530.721,236.778,75.607,71.025
529.585,235.693,77.280,72.596
528.700,236.578,77.280,72.596
528.152,234.857,78.990,74.202
527.591,235.600,80.737,75.844
525.738,234.441,82.524,77.522
523.191,235.218,84.350,79.237
525.445,233.608,84.350,79.237
523.835,234.574,84.350,79.237
524.157,234.896,84.350,79.237
525.123,233.930,84.350,79.237
524.157,234.896,84.350,79.237
525.123,234.574,84.350,79.237
525.445,234.896,84.350,79.237
531.563,233.286,84.350,79.237
546.696,232.964,84.350,79.237
507.736,198.512,84.350,79.237
533.816,200.766,84.350,79.237
555.389,201.732,84.350,79.237
552.875,234.542,82.551,77.548
521.256,199.833,80.790,75.894
547.470,198.291,80.790,75.894
552.196,197.019,79.068,74.276
548.876,197.925,79.068,74.276
552.919,196.099,77.381,72.692
552.320,197.158,75.731,71.141
556.750,194.295,74.116,69.624
553.638,198.539,74.116,69.624
557.316,195.426,74.116,69.624
553.638,197.973,74.116,69.624
557.882,194.295,74.116,69.624
554.770,197.973,74.116,69.624
558.448,194.861,74.116,69.624
554.204,199.670,74.116,69.624
556.750,188.071,74.116,69.624
553.638,171.378,74.116,69.624
556.184,160.345,74.116,69.624
552.506,163.457,74.116,69.624
556.296,160.654,72.536,68.140
553.804,163.700,72.536,68.140
558.047,160.423,70.989,66.686
555.066,163.946,70.989,66.686
559.219,160.217,69.475,65.264
557.362,164.195,69.475,65.264
558.688,160.217,69.475,65.264
556.302,164.195,69.475,65.264
559.343,160.545,67.993,63.873
557.816,161.977,66.543,62.510
561.219,159.460,65.124,61.177
560.236,161.790,63.736,59.873
561.150,159.380,62.376,58.596
560.436,161.523,62.376,58.596
562.249,159.623,61.046,57.346
561.083,161.720,61.046,57.346
567.375,162.420,61.046,57.346
578.327,166.381,61.046,57.346
577.406,169.463,59.744,56.123
579.348,170.499,61.066,57.365
520.010,224.359,59.764,56.142
518.668,256.401,58.489,54.945
522.017,259.304,58.489,54.945
524.473,257.295,58.489,54.945
521.124,258.411,58.489,54.945
525.406,257.060,57.242,53.773
523.279,259.529,56.021,52.626
526.914,257.604,56.021,52.626
524.832,259.196,54.827,51.504
526.828,258.333,53.658,50.406
526.019,259.463,52.513,49.331
527.158,258.636,51.393,48.279
526.570,259.617,51.393,48.279
527.943,259.029,51.393,48.279
529.058,258.598,50.297,47.249
527.714,260.710,50.297,47.249
528.674,259.750,50.297,47.249
530.136,258.958,49.225,46.242
529.948,260.649,49.225,46.242
532.015,258.583,49.225,46.242
529.948,260.274,49.225,46.242
532.103,258.774,48.175,45.255
530.312,260.852,47.148,44.290
537.691,260.672,47.148,44.290
541.470,252.573,47.148,44.290
495.657,222.342,46.142,43.346
476.458,213.711,46.142,43.346
466.418,242.421,46.142,43.346
459.197,234.143,46.142,43.346
460.697,230.922,47.163,44.305
462.229,230.992,48.207,45.285
464.178,231.064,49.273,46.287
467.376,231.629,49.273,46.287
468.977,231.702,50.363,47.311
468.400,231.125,50.363,47.311
466.846,231.200,51.478,48.358
464.849,230.054,52.617,49.428
463.642,229.715,53.781,50.521
464.538,219.572,54.971,51.639
462.406,201.366,56.187,52.782
461.117,182.758,57.430,53.949
460.254,172.381,58.701,55.143
462.271,173.502,58.701,55.143
461.150,172.829,58.701,55.143
461.374,173.950,58.701,55.143
461.150,174.174,58.701,55.143
461.823,174.846,58.701,55.143
460.254,172.829,58.701,55.143
461.374,173.950,58.701,55.143
461.598,174.174,58.701,55.143
461.374,173.502,58.701,55.143
460.702,173.277,58.701,55.143
460.478,173.502,58.701,55.143
461.150,172.829,58.701,55.143
460.926,173.053,58.701,55.143
462.495,173.277,58.701,55.143
428.211,155.576,58.701,55.143
459.411,155.663,60.000,56.363
499.492,152.686,60.000,56.363
532.141,155.715,58.720,55.161
571.815,151.456,58.720,55.161
582.163,157.445,57.468,53.985
585.102,157.387,56.242,52.834
582.921,157.470,57.487,54.003
584.896,158.129,57.487,54.003
583.359,157.909,57.487,54.003
585.876,158.697,56.261,52.851
582.803,157.889,57.506,54.020
584.778,158.109,57.506,54.020
583.681,158.328,57.506,54.020
586.198,159.116,56.279,52.868
583.124,158.754,57.524,54.038
584.661,158.973,57.524,54.038
585.759,158.315,57.524,54.038
583.343,158.534,57.524,54.038
585.861,157.629,56.298,52.886
583.232,157.713,57.543,54.056
585.751,158.077,56.316,52.903
585.966,157.432,56.316,52.903
583.782,158.408,57.562,54.073
584.880,158.628,57.562,54.073
585.100,158.408,57.562,54.073
584.441,159.068,57.562,54.073
585.540,158.408,57.562,54.073
584.002,158.628,57.562,54.073
585.100,158.408,57.562,54.073
583.562,158.628,57.562,54.073
586.082,157.722,56.335,52.920
584.147,157.937,56.335,52.920
586.082,158.582,56.335,52.920
584.577,157.937,56.335,52.920
586.512,157.722,56.335,52.920
540.152,202.427,57.581,54.091
572.581,204.794,58.855,55.288
583.140,208.613,58.855,55.288
589.655,200.300,58.855,55.288
607.885,196.659,60.157,56.511
610.518,196.597,58.874,55.306
611.192,198.620,58.874,55.306
610.068,200.193,58.874,55.306
610.743,199.519,58.874,55.306
610.967,198.395,58.874,55.306
611.192,198.170,58.874,55.306
610.068,199.743,58.874,55.306
610.293,200.867,58.874,55.306
610.967,199.743,58.874,55.306
611.192,198.620,58.874,55.306
611.417,199.294,58.874,55.306
610.528,201.833,57.619,54.127
610.308,202.493,57.619,54.127
610.088,202.273,57.619,54.127
615.155,200.942,56.390,52.972
577.916,177.910,56.390,52.972
575.729,179.334,57.638,54.144
577.146,183.985,58.913,55.342
562.384,179.156,57.657,54.162
581.030,183.340,56.427,53.007
545.059,171.493,56.427,53.007
559.921,175.586,56.427,53.007
550.350,180.096,55.224,51.877
548.453,181.571,55.224,51.877
546.134,182.204,55.224,51.877
547.333,180.928,54.046,50.770
547.952,181.960,54.046,50.770
548.727,183.098,52.893,49.688
548.707,183.822,51.765,48.628
548.904,182.834,51.765,48.628
549.102,183.427,51.765,48.628
549.300,183.624,51.765,48.628
549.497,183.427,51.765,48.628
549.695,183.624,51.765,48.628
549.497,184.217,51.765,48.628
549.695,182.439,51.765,48.628
549.497,183.427,51.765,48.628
550.090,183.229,51.765,48.628
549.497,183.822,51.765,48.628
549.695,184.020,51.765,48.628
549.497,184.612,51.765,48.628
550.090,182.834,51.765,48.628
550.451,183.924,50.662,47.591
550.258,184.504,50.662,47.591
550.451,183.537,50.662,47.591
550.645,184.117,50.662,47.591
550.451,184.311,50.662,47.591
550.258,182.957,50.662,47.591
550.451,183.924,50.662,47.591
550.645,184.504,50.662,47.591
550.451,183.150,50.662,47.591
550.258,184.117,50.662,47.591
550.065,184.311,50.662,47.591
550.258,182.570,50.662,47.591
569.962,182.646,51.782,48.644
517.581,184.820,51.782,48.644
547.428,186.599,51.782,48.644
583.601,184.820,51.782,48.644
593.870,193.531,50.678,47.607
621.920,202.236,50.678,47.607
625.209,200.882,50.678,47.607
627.337,196.820,50.678,47.607
625.209,192.757,50.678,47.607
626.950,187.921,50.678,47.607
628.304,190.049,50.678,47.607
629.271,192.564,50.678,47.607
626.756,193.144,50.678,47.607
628.002,193.621,51.799,48.660
629.386,193.028,51.799,48.660
627.606,193.226,51.799,48.660
587.072,235.738,51.799,48.660
588.060,236.726,51.799,48.660
587.863,236.924,51.799,48.660
587.269,237.122,51.799,48.660
588.258,238.110,51.799,48.660
588.060,236.726,51.799,48.660
586.676,238.110,51.799,48.660
586.719,238.598,52.946,49.737
586.921,237.183,52.946,49.737
587.527,234.960,52.946,49.737
587.897,236.464,51.816,48.676
587.699,233.893,51.816,48.676
586.710,235.277,51.816,48.676
589.677,235.871,51.816,48.676
586.710,243.980,51.816,48.676
533.899,191.169,51.816,48.676
524.998,206.399,51.816,48.676
552.096,210.157,51.816,48.676
584.868,212.392,50.711,47.638
555.587,183.949,51.833,48.692
539.560,163.965,51.833,48.692
567.931,159.116,52.980,49.769
581.886,161.340,52.980,49.769
581.090,162.258,54.152,50.870
581.297,160.811,54.152,50.870
581.090,161.845,54.152,50.870
580.883,160.811,54.152,50.870
581.917,160.605,54.152,50.870
582.537,160.398,54.152,50.870
580.676,161.845,54.152,50.870
582.123,159.985,54.152,50.870
580.676,161.432,54.152,50.870
582.123,159.571,54.152,50.870
580.263,160.605,54.152,50.870
581.296,159.158,54.152,50.870
580.676,161.432,54.152,50.870
582.123,159.985,54.152,50.870
580.676,161.018,54.152,50.870
581.710,159.571,54.152,50.870
581.503,159.778,54.152,50.870
581.296,160.398,54.152,50.870
581.917,161.018,54.152,50.870
582.123,161.225,54.152,50.870
580.263,162.672,54.152,50.870
581.296,160.398,54.152,50.870
581.090,161.845,54.152,50.870
582.123,159.985,54.152,50.870
580.263,161.845,54.152,50.870
581.296,160.398,54.152,50.870
580.676,161.845,54.152,50.870
581.710,159.985,54.152,50.870
580.676,161.845,54.152,50.870
582.865,163.212,55.351,51.996
579.179,172.116,54.170,50.887
532.026,189.360,55.369,52.013
566.054,187.035,55.369,52.013
582.328,197.391,55.369,52.013
581.271,201.830,55.369,52.013
581.060,200.350,55.369,52.013
581.694,200.139,55.369,52.013
581.483,201.196,55.369,52.013
582.117,200.139,55.369,52.013
583.726,198.045,54.188,50.904
585.699,195.996,53.032,49.818
585.902,193.769,53.032,49.818
584.889,197.211,53.032,49.818
585.902,194.984,53.032,49.818
584.889,198.425,53.032,49.818
585.650,197.591,51.901,48.756
587.158,197.538,50.795,47.716
586.765,199.355,49.711,46.699
586.576,198.785,49.711,46.699
587.904,197.837,49.711,46.699
588.617,197.420,48.651,45.703
588.060,199.463,48.651,45.703
587.503,198.906,48.651,45.703
587.928,198.207,49.728,46.714
588.275,198.157,48.667,45.718
587.346,199.829,48.667,45.718
587.771,198.359,49.744,46.729
585.683,200.828,49.744,46.729
586.632,199.878,49.744,46.729
586.442,201.587,49.744,46.729
581.755,207.571,50.845,47.763
586.219,206.213,50.845,47.763
584.472,204.078,50.845,47.763
582.500,205.362,51.970,48.820
586.687,207.986,50.861,47.779
585.328,204.297,50.861,47.779
584.357,197.890,50.861,47.779
582.385,194.340,51.987,48.836
580.368,191.123,53.137,49.916
585.041,189.505,52.004,48.852
583.651,186.924,52.004,48.852
581.634,185.766,53.154,49.933
579.993,182.056,54.330,51.037
578.317,182.567,55.532,52.167
582.791,180.876,54.348,51.054
581.338,181.498,54.348,51.054
580.301,179.216,54.348,51.054
584.280,176.361,53.189,49.965
582.859,176.158,53.189,49.965
581.844,173.519,53.189,49.965
580.623,172.334,54.366,51.071
579.376,171.123,55.569,52.201
578.541,169.005,56.798,53.356
577.688,169.990,58.055,54.536
577.023,169.325,58.055,54.536
575.231,172.630,59.339,55.743
573.870,175.068,60.652,56.976
572.478,177.561,61.994,58.237
572.038,176.671,63.366,59.525
570.082,179.777,64.768,60.842
569.109,181.412,66.201,62.188
568.856,179.643,66.201,62.188
567.337,178.169,67.665,63.564
566.563,181.527,67.665,63.564
564.474,252.374,69.162,64.971
561.792,276.033,70.693,66.408
560.170,280.618,72.257,67.878
557.939,279.581,73.855,69.379
557.094,279.863,73.855,69.379
554.814,279.388,75.490,70.914
551.288,278.902,77.160,72.483
547.073,279.017,78.867,74.087
552.191,279.318,78.867,74.087
546.009,278.811,80.612,75.726
542.244,278.293,82.395,77.402
541.300,277.978,82.395,77.402
512.679,289.615,82.395,77.402
509.219,291.817,82.395,77.402
505.371,294.550,84.218,79.114
507.621,291.014,84.218,79.114
503.688,293.141,86.082,80.865
505.988,290.183,86.082,80.865
503.688,293.141,86.082,80.865
500.349,293.951,87.986,82.654
504.715,290.256,87.986,82.654
501.021,293.951,87.986,82.654
499.699,295.476,89.933,84.482
502.789,291.013,89.933,84.482
499.012,294.789,89.933,84.482
502.648,290.649,91.923,86.352
498.788,293.807,91.923,86.352
499.591,295.400,93.956,88.262
500.667,290.020,93.956,88.262
497.439,293.965,93.956,88.262
502.102,291.455,93.956,88.262
526.738,293.083,96.035,90.215
530.770,297.116,96.035,90.215
528.937,295.283,96.035,90.215
537.381,304.371,93.987,88.291
547.720,258.629,91.983,86.408
533.224,258.766,94.018,88.320
534.301,259.843,94.018,88.320
529.909,262.217,96.098,90.274
531.010,265.519,96.098,90.274
527.283,268.706,98.224,92.271
525.029,270.409,100.398,94.313
524.646,274.624,100.398,94.313
522.342,275.569,102.619,96.400
522.734,279.878,102.619,96.400
523.126,285.754,102.619,96.400
519.958,289.158,104.889,98.532
517.552,303.438,107.210,100.712
516.324,319.398,107.210,100.712
514.278,333.722,107.210,100.712
510.120,342.373,109.582,102.941
506.738,350.348,112.007,105.218
503.281,349.628,114.485,107.546
500.654,347.078,117.018,109.926
497.969,344.471,119.607,112.358
495.225,341.807,122.253,114.844
492.420,338.116,124.958,117.385
489.553,333.353,127.723,119.982
486.622,330.509,130.548,122.636
483.627,325.533,133.437,125.350
484.136,325.023,133.437,125.350
483.627,324.514,133.437,125.350
483.118,326.042,133.437,125.350
485.665,324.514,133.437,125.350
495.342,330.117,133.437,125.350
489.110,327.145,136.389,128.123
470.888,334.954,136.389,128.123
331.880,195.947,136.389,128.123
341.772,211.045,136.389,128.123
352.761,215.924,133.481,125.391
348.175,216.433,133.481,125.391
355.983,213.350,130.634,122.717
351.495,216.841,130.634,122.717
356.980,213.350,130.634,122.717
353.490,215.843,130.634,122.717
362.092,211.865,127.848,120.100
358.676,215.281,127.848,120.100
355.260,216.745,127.848,120.100
361.604,213.329,127.848,120.100
358.188,215.769,127.848,120.100
363.785,212.816,125.122,117.539
360.441,215.204,125.122,117.539
357.098,217.592,125.122,117.539
363.307,213.294,125.122,117.539
359.964,215.682,125.122,117.539
361.397,214.249,125.122,117.539
359.008,215.682,125.122,117.539
363.307,213.294,125.122,117.539
360.919,215.682,125.122,117.539
386.233,211.383,125.122,117.539
405.815,219.503,125.122,117.539
429.218,223.802,125.122,117.539
482.234,217.592,125.122,117.539
497.040,220.936,125.122,117.539
495.607,215.682,125.122,117.539
503.847,224.761,122.454,115.032
503.379,231.773,122.454,115.032
506.938,228.945,119.842,112.579
506.480,228.487,119.842,112.579
509.963,228.365,117.287,110.178
507.724,230.603,117.287,110.178
508.172,229.260,117.287,110.178
508.620,227.917,117.287,110.178
507.276,231.051,117.287,110.178
508.620,228.812,117.287,110.178
507.276,229.260,117.287,110.178
509.515,227.917,117.287,110.178
507.276,230.155,117.287,110.178
509.515,228.812,117.287,110.178
507.276,231.051,117.287,110.178
509.515,228.812,117.287,110.178
506.381,232.842,117.287,110.178
507.724,230.603,117.287,110.178
507.276,229.260,117.287,110.178
509.515,227.917,117.287,110.178
506.381,231.051,117.287,110.178
509.515,234.185,117.287,110.178
518.101,229.750,114.785,107.829
501.830,233.557,117.325,110.214
513.922,241.171,117.325,110.214
508.442,243.204,119.921,112.653
380.309,278.528,122.574,115.145
370.483,281.803,122.574,115.145
360.658,280.399,122.574,115.145
352.703,282.739,122.574,115.145
347.557,281.335,122.574,115.145
341.474,281.803,122.574,115.145
335.391,281.335,122.574,115.145
328.373,282.739,122.574,115.145
321.355,282.271,122.574,115.145
314.336,283.675,122.574,115.145
307.318,283.207,122.574,115.145
300.299,285.546,122.574,115.145
294.217,284.143,122.574,115.145
286.263,286.482,122.574,115.145
280.180,284.143,122.574,115.145
273.162,286.482,122.574,115.145
266.143,284.143,122.574,115.145
260.061,283.675,122.574,115.145
253.042,284.143,122.574,115.145
246.960,283.675,122.574,115.145
241.813,285.078,122.574,115.145
253.510,285.546,122.574,115.145
279.244,288.821,122.574,115.145
310.593,286.482,122.574,115.145
341.006,285.078,122.574,115.145
369.548,284.610,122.574,115.145
399.961,283.207,122.574,115.145
426.072,283.082,119.960,112.690
427.445,284.455,119.960,112.690
421.221,282.567,117.402,110.287
414.499,283.912,117.402,110.287
409.271,282.064,114.898,107.935
401.815,283.380,114.898,107.935
395.236,283.818,114.898,107.935
389.535,284.257,114.898,107.935
385.264,284.140,112.448,105.633
377.967,285.427,112.448,105.633
371.529,285.857,112.448,105.633
364.867,285.742,110.050,103.380
357.725,287.842,110.050,103.380
350.584,286.582,110.050,103.380
344.283,287.842,110.050,103.380
337.981,287.422,110.050,103.380
330.652,286.500,107.703,101.176
324.485,287.733,107.703,101.176
317.496,287.322,107.703,101.176
309.684,290.200,107.703,101.176
304.096,289.298,105.406,99.018
296.451,291.309,105.406,99.018
290.982,290.426,103.159,96.907
284.871,290.321,100.959,94.840
278.890,290.218,98.806,92.817
273.763,289.390,96.699,90.838
275.609,290.497,96.699,90.838
297.387,293.819,96.699,90.838
330.239,291.235,96.699,90.838
360.799,291.136,94.637,88.901
375.611,291.498,94.637,88.901
370.700,290.705,92.618,87.005
363.276,290.351,92.618,87.005
357.266,292.826,92.618,87.005
351.097,292.050,90.643,85.150
345.727,291.957,88.710,83.334
338.616,292.973,88.710,83.334
332.859,292.634,88.710,83.334
325.748,292.296,88.710,83.334
318.637,293.989,88.710,83.334
312.880,293.650,88.710,83.334
305.092,294.666,88.710,83.334
299.184,294.576,86.819,81.557
292.224,296.233,86.819,81.557
285.927,295.238,86.819,81.557
