452.000,211.000,28.000,40.000
455.600,211.400,28.000,40.000
418.355,213.033,28.619,40.885
408.406,210.716,28.619,40.885
412.903,206.763,28.619,40.885
374.833,186.374,29.253,41.790
368.565,185.120,29.253,41.790
365.520,188.386,28.629,40.898
366.747,190.158,28.629,40.898
367.709,189.411,28.018,40.026
365.050,186.366,27.421,39.173
358.130,176.573,27.421,39.173
358.783,176.703,27.421,39.173
360.219,178.401,27.421,39.173
360.611,179.054,27.421,39.173
361.527,180.110,28.028,40.039
324.244,207.223,28.648,40.925
317.841,212.857,29.281,41.831
319.398,214.275,29.929,42.756
323.947,213.950,30.592,43.702
329.503,213.920,31.268,44.669
334.714,214.366,31.268,44.669
339.775,212.482,31.960,45.657
345.711,213.547,31.960,45.657
350.568,212.568,32.667,46.668
355.702,213.035,32.667,46.668
379.065,210.743,33.390,47.700
386.449,211.041,34.129,48.755
378.161,208.278,34.129,48.755
378.648,207.790,34.129,48.755
377.836,219.329,34.129,48.755
376.373,212.991,34.129,48.755
373.935,220.629,34.129,48.755
369.680,234.422,34.884,49.834
362.869,240.901,34.884,49.834
376.530,225.261,34.140,48.771
394.251,190.632,34.140,48.771
416.396,206.666,33.412,47.731
397.703,234.035,34.151,48.787
378.350,225.741,34.151,48.787
382.741,233.385,34.151,48.787
390.059,226.066,34.151,48.787
395.751,228.831,34.151,48.787
397.540,231.596,34.151,48.787
385.669,218.748,34.151,48.787
386.482,219.887,34.151,48.787
388.596,221.675,34.151,48.787
390.385,223.139,34.151,48.787
418.194,216.797,34.151,48.787
429.741,230.945,34.151,48.787
436.409,232.734,34.151,48.787
439.824,216.309,34.151,48.787
442.263,218.423,34.151,48.787
443.727,211.755,34.151,48.787
430.140,205.222,33.423,47.747
428.284,206.840,34.162,48.803
429.423,208.630,34.162,48.803
436.744,207.816,34.162,48.803
433.327,213.185,34.162,48.803
437.069,215.950,34.162,48.803
429.748,219.041,34.162,48.803
428.935,221.156,34.162,48.803
430.074,218.716,34.162,48.803
429.260,217.902,34.162,48.803
428.447,217.089,34.162,48.803
427.633,215.950,34.162,48.803
428.099,215.242,34.918,49.883
429.266,215.552,35.691,50.987
381.790,213.049,36.480,52.115
378.837,214.612,36.480,52.115
382.137,216.176,36.480,52.115
385.786,216.002,36.480,52.115
389.781,215.481,36.480,52.115
393.082,217.044,36.480,52.115
396.035,217.913,36.480,52.115
408.428,218.598,37.288,53.268
416.419,215.579,37.288,53.268
412.874,217.385,38.113,54.447
371.676,214.299,38.113,54.447
375.487,216.296,38.113,54.447
382.565,208.129,38.113,54.447
383.836,193.065,38.113,54.447
397.447,189.254,38.113,54.447
399.807,182.901,38.113,54.447
401.438,180.158,37.300,53.285
398.629,177.173,38.125,54.464
399.903,174.875,38.969,55.669
401.202,178.030,38.969,55.669
421.058,170.050,38.969,55.669
424.212,174.690,38.969,55.669
427.367,171.535,38.969,55.669
426.358,168.416,39.831,56.901
425.327,166.016,40.712,58.160
425.521,163.883,40.712,58.160
447.816,112.120,40.712,58.160
446.847,114.640,40.712,58.160
444.715,112.120,40.712,58.160
442.194,114.252,40.712,58.160
445.102,113.283,40.712,58.160
448.786,115.803,40.712,58.160
450.531,114.058,40.712,58.160
452.663,113.477,40.712,58.160
452.469,112.895,40.712,58.160
453.829,110.441,41.613,59.447
451.650,112.621,41.613,59.447
449.470,114.008,41.613,59.447
450.461,113.414,41.613,59.447
449.866,114.801,41.613,59.447
445.911,109.826,42.533,60.762
446.518,101.116,42.533,60.762
447.531,98.078,42.533,60.762
447.328,96.255,42.533,60.762
447.126,98.483,42.533,60.762
445.708,100.306,42.533,60.762
443.075,102.534,42.533,60.762
441.657,103.952,42.533,60.762
441.860,102.534,42.533,60.762
443.278,101.927,42.533,60.762
446.316,98.888,42.533,60.762
443.954,95.064,43.475,62.106
446.612,92.733,42.547,60.782
446.005,86.047,42.547,60.782
447.423,85.844,42.547,60.782
446.410,86.047,42.547,60.782
447.018,86.655,42.547,60.782
449.229,87.889,41.640,59.486
448.634,88.484,41.640,59.486
450.022,91.062,41.640,59.486
446.835,94.945,40.752,58.217
444.838,97.997,39.883,56.976
423.756,148.707,39.883,56.976
425.086,149.656,39.883,56.976
427.175,150.606,39.883,56.976
424.706,150.416,39.883,56.976
422.097,148.801,40.765,58.236
421.970,149.609,39.896,56.994
420.261,149.039,39.896,56.994
420.451,150.369,39.896,56.994
419.812,149.935,40.779,58.255
420.395,150.518,40.779,58.255
419.742,149.672,41.681,59.544
420.338,148.679,41.681,59.544
421.330,150.863,41.681,59.544
419.839,151.234,42.603,60.862
420.098,153.643,41.695,59.564
419.502,154.635,41.695,59.564
420.904,153.548,40.806,58.294
421.098,152.188,40.806,58.294
421.346,150.749,39.935,57.051
421.156,150.559,39.935,57.051
420.965,150.369,39.935,57.051
420.841,150.794,39.084,55.834
420.720,150.851,38.250,54.643
420.538,151.762,38.250,54.643
421.823,151.115,37.435,53.478
422.358,151.650,37.435,53.478
422.893,151.472,37.435,53.478
422.433,150.839,36.636,52.338
422.956,151.014,36.636,52.338
423.131,150.142,36.636,52.338
422.681,149.859,35.855,51.221
422.852,150.030,35.855,51.221
423.728,150.082,35.090,50.129
424.229,150.249,35.090,50.129
424.062,150.416,35.090,50.129
423.895,150.583,35.090,50.129
425.396,150.313,34.342,49.060
424.906,151.130,34.342,49.060
423.761,151.621,34.342,49.060
424.229,151.248,35.102,50.146
425.055,150.520,35.879,51.255
425.899,149.066,36.672,52.389
424.587,149.393,37.484,53.548
425.839,147.504,38.313,54.733
426.740,146.709,39.161,55.944
424.566,148.605,40.027,57.182
371.322,190.095,40.913,58.447
362.555,191.849,40.913,58.447
357.684,191.264,40.913,58.447
358.269,191.849,40.913,58.447
358.853,190.874,40.913,58.447
359.411,191.239,41.818,59.740
359.982,189.131,42.743,61.062
360.999,190.963,42.743,61.062
362.831,190.353,42.743,61.062
359.778,188.521,42.743,61.062
358.672,189.324,43.689,62.413
358.836,187.122,44.655,63.794
359.474,188.611,44.655,63.794
359.642,186.802,45.643,65.205
362.467,189.193,45.643,65.205
365.728,187.237,45.643,65.205
362.033,188.758,45.643,65.205
358.596,186.458,46.653,66.648
361.484,188.458,46.653,66.648
359.485,186.903,46.653,66.648
361.040,186.236,46.653,66.648
358.596,187.791,46.653,66.648
361.040,186.236,46.653,66.648
362.151,187.791,46.653,66.648
358.638,184.979,47.686,68.122
361.590,187.023,47.686,68.122
358.638,184.979,47.686,68.122
361.590,187.023,47.686,68.122
358.638,184.979,47.686,68.122
361.644,186.346,48.741,69.629
358.627,184.257,48.741,69.629
362.109,186.346,48.741,69.629
359.091,184.257,48.741,69.629
362.573,186.346,48.741,69.629
359.556,184.722,48.741,69.629
363.037,187.275,48.741,69.629
360.020,184.722,48.741,69.629
363.037,186.810,48.741,69.629
360.020,186.114,48.741,69.629
363.965,188.203,48.741,69.629
359.814,184.784,49.819,71.170
363.373,187.394,49.819,71.170
359.814,185.258,49.819,71.170
364.322,187.394,49.819,71.170
360.571,185.868,50.921,72.745
364.693,187.080,50.921,72.745
361.541,185.868,50.921,72.745
358.388,186.595,50.921,72.745
362.511,187.808,50.921,72.745
358.873,185.140,50.921,72.745
362.511,187.808,50.921,72.745
358.873,185.625,50.921,72.745
362.511,188.778,50.921,72.745
358.873,186.110,50.921,72.745
362.511,188.778,50.921,72.745
359.358,187.080,50.921,72.745
363.481,189.263,50.921,72.745
359.843,188.050,50.921,72.745
363.966,190.233,50.921,72.745
360.813,189.020,50.921,72.745
357.176,190.233,50.921,72.745
360.813,189.990,50.921,72.745
357.176,189.748,50.921,72.745
361.298,191.445,50.921,72.745
357.661,190.233,50.921,72.745
361.298,192.415,50.921,72.745
358.146,190.718,50.921,72.745
361.860,191.674,52.048,74.354
357.427,190.080,53.199,75.999
361.227,192.360,53.199,75.999
357.427,190.587,53.199,75.999
361.733,192.867,53.199,75.999
357.933,191.093,53.199,75.999
361.227,193.880,53.199,75.999
357.426,191.600,53.199,75.999
361.227,193.880,53.199,75.999
357.426,192.107,53.199,75.999
360.720,194.893,53.199,75.999
356.920,193.120,53.199,75.999
360.720,195.400,53.199,75.999
356.920,193.627,53.199,75.999
361.227,195.400,53.199,75.999
357.426,195.147,53.199,75.999
362.240,196.413,53.199,75.999
358.440,194.640,53.199,75.999
362.746,196.920,53.199,75.999
359.453,195.147,53.199,75.999
355.653,197.427,53.199,75.999
351.346,196.667,53.199,75.999
307.013,197.933,53.199,75.999
236.247,195.778,54.376,77.681
163.916,193.576,55.580,79.399
93.249,193.311,55.580,79.399
81.339,196.223,55.580,79.399
84.779,193.841,55.580,79.399
80.280,194.635,55.580,79.399
75.780,196.487,55.580,79.399
79.221,193.576,55.580,79.399
75.251,196.487,55.580,79.399
78.692,194.105,55.580,79.399
74.192,195.429,55.580,79.399
77.633,193.576,55.580,79.399
73.663,195.958,55.580,79.399
77.104,193.576,55.580,79.399
72.604,195.429,55.580,79.399
76.045,193.576,55.580,79.399
72.075,195.958,55.580,79.399
74.986,193.047,55.580,79.399
71.016,194.899,55.580,79.399
74.457,193.047,55.580,79.399
71.016,194.899,55.580,79.399
74.457,192.517,55.580,79.399
70.487,195.429,55.580,79.399
73.928,193.046,55.580,79.399
69.428,191.723,55.580,79.399
65.988,194.635,55.580,79.399
69.428,192.252,55.580,79.399
90.337,193.576,55.580,79.399
163.039,194.620,56.809,81.156
237.350,192.318,58.066,82.952
297.239,189.966,59.351,84.787
355.743,191.945,59.351,84.787
368.462,189.966,59.351,84.787
365.353,192.510,59.351,84.787
361.471,190.106,60.664,86.663
365.295,191.245,62.006,88.580
366.754,187.508,63.378,90.540
363.434,186.603,63.378,90.540
367.357,190.526,63.378,90.540
364.038,187.810,63.378,90.540
361.771,185.869,64.780,92.543
363.313,188.645,64.780,92.543
360.537,186.486,64.780,92.543
364.547,189.879,64.780,92.543
361.154,187.103,64.780,92.543
358.837,188.320,66.214,94.591
362.936,186.743,66.214,94.591
359.468,186.428,66.214,94.591
357.891,184.851,66.214,94.591
360.729,189.581,66.214,94.591
357.891,186.743,66.214,94.591
356.945,186.428,66.214,94.591
359.152,186.112,66.214,94.591
356.315,188.950,66.214,94.591
359.152,186.112,66.214,94.591
356.315,189.581,66.214,94.591
354.107,187.374,66.214,94.591
355.684,188.950,66.214,94.591
352.846,188.004,66.214,94.591
355.053,190.211,66.214,94.591
352.216,188.004,66.214,94.591
355.053,190.842,66.214,94.591
352.216,188.635,66.214,94.591
353.792,190.211,66.214,94.591
350.954,188.004,66.214,94.591
353.792,191.473,66.214,94.591
350.954,189.266,66.214,94.591
351.900,190.842,66.214,94.591
349.693,189.896,66.214,94.591
352.531,191.473,66.214,94.591
349.693,189.266,66.214,94.591
351.270,191.473,66.214,94.591
349.062,189.266,66.214,94.591
351.900,191.473,66.214,94.591
349.062,189.896,66.214,94.591
351.270,192.734,66.214,94.591
348.432,190.527,66.214,94.591
350.008,192.103,66.214,94.591
347.801,191.157,66.214,94.591
350.639,192.734,66.214,94.591
347.801,190.527,66.214,94.591
351.270,192.734,66.214,94.591
348.432,191.157,66.214,94.591
349.378,193.995,66.214,94.591
352.216,191.788,66.214,94.591
349.378,193.995,66.214,94.591
352.846,192.419,66.214,94.591
349.378,191.473,66.214,94.591
353.477,193.680,66.214,94.591
349.800,190.998,67.679,96.684
352.056,191.320,67.679,96.684
351.734,192.932,67.679,96.684
353.345,190.676,67.679,96.684
353.023,191.642,67.679,96.684
354.634,192.609,67.679,96.684
354.957,190.998,67.679,96.684
357.213,190.676,67.679,96.684
356.246,190.353,67.679,96.684
357.857,192.609,67.679,96.684
360.113,190.998,67.679,96.684
361.725,190.676,67.679,96.684
362.692,189.709,67.679,96.684
364.303,191.965,67.679,96.684
365.270,190.353,67.679,96.684
366.881,191.965,67.679,96.684
369.137,190.353,67.679,96.684
370.104,191.965,67.679,96.684
371.716,190.353,67.679,96.684
372.038,189.386,67.679,96.684
375.583,190.998,67.679,96.684
373.972,189.386,67.679,96.684
378.806,190.353,67.679,96.684
380.417,188.742,67.679,96.684
381.384,187.775,67.679,96.684
383.640,189.386,67.679,96.684
385.896,188.420,67.679,96.684
388.152,187.453,67.679,96.684
389.764,190.353,67.679,96.684
392.020,187.453,67.679,96.684
393.631,186.486,67.679,96.684
395.242,188.742,67.679,96.684
397.498,185.841,67.679,96.684
399.110,185.519,67.679,96.684
402.655,187.775,67.679,96.684
402.333,185.519,67.679,96.684
406.522,185.197,67.679,96.684
407.489,184.230,67.679,96.684
411.034,184.552,67.679,96.684
413.935,183.585,67.679,96.684
414.902,185.841,67.679,96.684
419.092,182.941,67.679,96.684
418.125,184.552,67.679,96.684
423.604,186.164,67.679,96.684
424.570,182.618,67.679,96.684
428.116,182.296,67.679,96.684
431.661,181.329,67.679,96.684
430.694,181.007,67.679,96.684
436.173,180.685,67.679,96.684
437.784,179.073,67.679,96.684
441.329,180.685,67.679,96.684
442.941,179.073,67.679,96.684
446.486,178.106,67.679,96.684
448.097,178.429,67.679,96.684
452.931,178.106,67.679,96.684
454.543,177.140,67.679,96.684
457.443,176.173,67.679,96.684
459.699,177.140,67.679,96.684
463.889,176.173,67.679,96.684
466.145,175.206,67.679,96.684
469.690,176.173,67.679,96.684
471.946,175.206,67.679,96.684
476.136,174.884,67.679,96.684
479.037,173.917,67.679,96.684
481.293,174.239,67.679,96.684
483.549,175.206,67.679,96.684
487.094,174.884,67.679,96.684
490.639,173.917,67.679,96.684
494.184,176.173,67.679,96.684
496.440,173.272,67.679,96.684
499.985,174.884,67.679,96.684
502.886,171.983,67.679,96.684
507.075,171.661,67.679,96.684
509.976,171.338,67.679,96.684
513.521,173.594,67.679,96.684
515.133,172.628,67.679,96.684
519.967,172.305,67.679,96.684
522.868,171.983,67.679,96.684
526.413,171.661,67.679,96.684
528.669,171.338,67.679,96.684
533.503,172.950,67.679,96.684
537.048,170.694,67.679,96.684
541.238,174.239,67.679,96.684
477.748,167.471,67.679,96.684
408.456,167.793,67.679,96.684
351.412,166.182,67.679,96.684
338.198,171.016,67.679,96.684
345.611,168.760,67.679,96.684
351.734,170.372,67.679,96.684
348.833,168.760,67.679,96.684
355.601,169.727,67.679,96.684
357.857,168.116,67.679,96.684
362.692,167.149,67.679,96.684
364.303,168.760,67.679,96.684
369.137,168.438,67.679,96.684
373.972,169.405,67.679,96.684
377.517,169.082,67.679,96.684
381.062,169.405,67.679,96.684
385.252,169.082,67.679,96.684
321.117,171.983,67.679,96.684
253.115,168.438,67.679,96.684
198.004,170.049,67.679,96.684
193.170,167.793,67.679,96.684
207.028,167.471,67.679,96.684
203.483,169.082,67.679,96.684
206.383,166.826,67.679,96.684
210.573,166.504,67.679,96.684
213.474,168.116,67.679,96.684
217.663,166.504,67.679,96.684
221.208,168.760,67.679,96.684
224.754,166.504,67.679,96.684
228.943,169.405,67.679,96.684
233.133,166.504,67.679,96.684
236.678,169.405,67.679,96.684
240.223,166.504,67.679,96.684
243.124,168.760,67.679,96.684
247.314,167.149,67.679,96.684
250.859,169.405,67.679,96.684
255.048,167.793,67.679,96.684
258.593,169.405,67.679,96.684
262.139,168.438,67.679,96.684
265.039,170.694,67.679,96.684
267.940,167.149,67.679,96.684
270.840,170.049,67.679,96.684
275.030,169.082,67.679,96.684
279.790,169.803,66.235,94.622
283.259,170.749,66.235,94.622
287.360,171.064,66.235,94.622
291.460,171.380,66.235,94.622
294.299,168.541,66.235,94.622
299.565,169.854,64.823,92.604
303.578,168.311,64.823,92.604
306.974,170.471,64.823,92.604
311.533,169.971,63.440,90.629
314.252,170.877,63.440,90.629
318.714,169.806,62.088,88.696
321.940,170.466,60.763,86.805
326.859,173.649,60.763,86.805
330.575,170.949,59.468,84.954
333.737,172.066,60.783,86.833
252.883,90.924,62.128,88.755
248.205,90.863,63.503,90.718
248.444,88.918,64.908,92.725
249.971,84.365,66.344,94.777
250.876,82.333,67.812,96.874
252.471,78.916,69.312,99.017
254.101,75.424,70.846,101.208
256.468,71.854,72.413,103.447
258.886,68.921,74.015,105.736
259.896,65.191,75.653,108.075
261.675,61.379,77.327,110.467
261.202,57.483,79.038,112.911
156.067,33.976,80.786,115.409
139.500,30.386,79.063,112.948
136.112,33.775,79.063,112.948
132.723,36.410,79.063,112.948
136.865,31.516,79.063,112.948
133.476,36.410,79.063,112.948
137.618,30.763,79.063,112.948
132.446,34.591,80.813,115.447
134.371,30.358,80.813,115.447
130.682,34.271,82.601,118.001
134.222,30.731,82.601,118.001
130.682,35.845,82.601,118.001
135.009,30.731,82.601,118.001
131.468,34.271,82.601,118.001
136.520,29.843,80.839,115.485
133.055,34.847,80.839,115.485
136.520,30.612,80.839,115.485
132.285,34.847,80.839,115.485
137.971,29.771,79.115,113.022
133.073,35.422,79.115,113.022
135.710,31.278,79.115,113.022
133.073,36.929,79.115,113.022
136.464,32.031,79.115,113.022
132.071,34.299,80.866,115.522
136.273,29.963,79.141,113.059
133.121,36.617,77.454,110.648
134.965,32.560,77.454,110.648
136.810,36.617,77.454,110.648
133.274,32.715,79.167,113.096
130.635,36.861,79.167,113.096
135.626,31.308,80.919,115.598
132.158,35.547,80.919,115.598
136.364,31.208,79.193,113.133
135.987,36.111,79.193,113.133
138.627,32.717,79.193,113.133
133.724,36.865,79.193,113.133
137.118,31.208,79.193,113.133
132.721,34.260,80.945,115.636
136.190,30.020,80.945,115.636
132.721,35.031,80.945,115.636
136.190,30.791,80.945,115.636
131.950,35.802,80.945,115.636
136.157,31.462,79.219,113.170
135.025,35.612,79.219,113.170
136.105,31.620,80.972,115.674
132.635,35.862,80.972,115.674
136.877,30.078,80.972,115.674
131.580,33.999,82.763,118.233
135.882,30.321,80.998,115.712
130.867,36.107,80.998,115.712
133.573,30.425,82.790,118.272
129.516,34.346,81.025,115.750
123.728,30.873,81.025,115.750
127.972,32.803,81.025,115.750
124.500,32.417,81.025,115.750
128.007,29.135,82.818,118.311
123.948,35.338,81.051,115.788
127.422,30.320,81.051,115.788
131.634,28.951,79.323,113.319
127.019,32.708,77.631,110.902
131.766,30.683,75.976,108.537
126.339,33.939,75.976,108.537
130.288,31.958,74.356,106.222
126.644,35.480,72.770,103.957
129.794,36.846,74.380,106.257
127.314,35.076,74.380,106.257
132.627,31.888,74.380,106.257
128.023,34.367,74.380,106.257
131.211,37.555,74.380,106.257
125.898,35.076,74.380,106.257
130.502,32.596,74.380,106.257
126.372,35.463,76.026,108.608
128.927,32.085,74.405,106.292
125.030,35.273,74.405,106.292
130.456,31.524,76.051,108.644
127.197,35.508,76.051,108.644
132.545,32.129,74.429,106.327
127.938,34.610,74.429,106.327
133.856,31.986,72.842,104.060
134.896,28.170,72.842,104.060
130.658,32.289,71.288,101.840
128.473,35.665,69.768,99.669
130.804,38.354,71.312,101.874
128.618,35.185,69.791,99.701
131.639,37.185,71.335,101.907
133.338,34.128,71.335,101.907
128.672,35.468,72.913,104.162
134.574,34.426,72.913,104.162
131.001,33.864,71.358,101.941
127.943,36.242,71.358,101.941
131.031,37.582,72.937,104.196
132.747,33.187,74.551,106.501
128.132,36.382,74.551,106.501
131.322,34.438,72.961,104.230
126.805,37.565,72.961,104.230
130.684,33.167,74.575,106.536
129.083,36.699,72.985,104.264
129.527,33.456,71.429,102.041
131.908,35.157,71.429,102.041
130.207,36.858,71.429,102.041
133.299,36.787,73.009,104.299
129.474,34.354,73.009,104.299
131.928,32.450,71.452,102.074
133.674,35.178,69.928,99.898
128.409,38.564,71.476,102.108
130.797,32.844,73.057,104.367
129.228,35.633,71.499,102.141
134.335,35.293,71.499,102.141
136.038,32.229,71.499,102.141
131.878,35.615,69.974,99.963
133.544,32.616,69.974,99.963
128.967,36.004,71.522,102.175
134.076,33.620,71.522,102.175
136.460,29.874,71.522,102.175
129.989,33.620,71.522,102.175
132.378,34.964,73.105,104.435
127.596,37.059,74.722,106.746
131.510,33.856,74.722,106.746
127.596,37.771,74.722,106.746
131.569,32.529,76.376,109.108
126.840,35.802,76.376,109.108
132.212,33.109,74.747,106.781
128.297,35.601,74.747,106.781
130.809,33.652,73.153,104.504
133.268,31.744,71.593,102.275
127.878,34.504,73.177,104.538
133.105,32.064,73.177,104.538
129.271,35.201,73.177,104.538
133.105,33.458,73.177,104.538
129.271,36.594,73.177,104.538
133.105,34.155,73.177,104.538
130.665,31.716,73.177,104.538
133.110,34.536,74.796,106.851
130.817,31.899,73.201,104.573
127.680,34.339,73.201,104.573
132.212,31.899,73.201,104.573
128.377,35.037,73.201,104.573
134.303,32.596,73.201,104.573
129.772,35.037,73.201,104.573
132.904,33.128,71.640,102.342
129.151,36.880,71.640,102.342
134.269,33.810,71.640,102.342
137.339,30.057,71.640,102.342
130.857,34.492,71.640,102.342
131.950,33.282,70.112,100.160
134.950,31.454,68.617,98.024
129.106,36.132,70.135,100.193
134.116,33.794,70.135,100.193
129.528,35.112,71.687,102.410
133.254,35.216,70.158,100.226
131.104,37.895,68.662,98.088
135.433,34.435,70.181,100.259
131.349,37.115,68.684,98.121
131.676,36.134,68.684,98.121
129.387,36.461,68.684,98.121
131.676,38.096,68.684,98.121
132.003,35.807,68.684,98.121
129.060,36.788,68.684,98.121
132.003,39.078,68.684,98.121
132.330,35.480,68.684,98.121
128.517,36.770,70.204,100.291
132.249,33.232,71.757,102.510
128.490,36.991,71.757,102.510
132.932,33.916,71.757,102.510
127.530,36.681,73.345,104.778
131.372,32.839,73.345,104.778
132.372,35.666,74.968,107.097
129.386,33.023,73.369,104.813
127.811,35.825,71.804,102.578
131.629,37.883,73.393,104.847
134.080,32.734,75.017,107.167
128.722,30.948,75.017,107.167
130.508,34.163,75.017,107.167
133.723,36.664,75.017,107.167
129.358,33.330,73.417,104.882
131.085,35.434,75.041,107.202
126.440,34.362,75.041,107.202
130.371,36.864,75.041,107.202
132.157,33.648,75.041,107.202
129.169,35.824,73.441,104.916
131.622,37.203,75.066,107.237
126.975,33.271,75.066,107.237
132.943,31.314,73.465,104.950
129.095,34.462,73.465,104.950
131.549,35.116,75.091,107.272
126.900,34.043,75.091,107.272
132.182,32.775,73.489,104.985
126.649,36.333,75.115,107.308
130.553,33.685,73.513,105.019
128.300,35.142,71.946,102.780
133.439,32.744,71.946,102.780
130.355,35.827,71.946,102.780
132.754,33.429,71.946,102.780
128.985,37.198,71.946,102.780
133.439,34.114,71.946,102.780
128.733,35.465,73.538,105.054
131.880,33.548,71.969,102.813
129.674,36.956,70.435,100.621
134.115,33.407,71.993,102.847
136.514,29.636,71.993,102.847
129.671,33.834,73.586,105.122
132.820,32.590,72.017,102.881
135.907,28.818,72.017,102.881
133.700,31.568,70.481,100.687
136.750,33.588,72.040,102.914
132.750,29.958,73.634,105.191
137.309,27.503,73.634,105.191
133.947,31.797,75.263,107.519
130.722,30.005,75.263,107.519
135.467,32.162,76.928,109.898
138.031,34.726,76.928,109.898
132.999,34.651,78.630,112.329
129.868,31.878,76.954,109.934
136.098,35.909,76.954,109.934
132.067,33.344,76.954,109.934
137.479,31.338,75.313,107.589
132.817,36.000,75.313,107.589
137.422,32.653,73.706,105.295
134.058,35.494,75.337,107.625
130.829,33.700,75.337,107.625
136.928,37.647,75.337,107.625
132.000,34.595,77.004,110.006
136.709,31.880,75.362,107.660
139.939,28.650,75.362,107.660
134.555,34.033,75.362,107.660
131.326,37.263,75.362,107.660
135.273,33.316,75.362,107.660
131.089,33.986,77.029,110.042
135.184,31.627,78.734,112.477
132.771,35.356,77.055,110.078
130.409,32.639,75.411,107.730
136.514,36.590,75.411,107.730
138.288,32.045,77.080,110.114
135.218,37.111,75.436,107.766
130.284,31.819,77.105,110.150
135.792,35.123,77.105,110.150
132.487,32.553,77.105,110.150
130.124,36.205,75.461,107.801
135.514,32.971,75.461,107.801
137.289,28.423,77.130,110.186
133.769,31.396,78.837,112.624
130.390,34.024,78.837,112.624
136.021,30.645,78.837,112.624
132.642,34.774,78.837,112.624
129.264,30.645,78.837,112.624
134.144,35.525,78.837,112.624
130.014,31.396,78.837,112.624
135.646,34.024,78.837,112.624
133.769,31.396,78.837,112.624
130.390,33.273,78.837,112.624
136.021,32.146,78.837,112.624
134.144,35.525,78.837,112.624
130.014,30.645,78.837,112.624
134.895,34.024,78.837,112.624
132.479,31.968,77.156,110.222
136.489,30.664,75.510,107.872
133.253,33.900,75.510,107.872
136.489,29.945,75.510,107.872
139.006,33.181,75.510,107.872
134.612,36.757,73.900,105.571
131.445,34.294,73.900,105.571
137.565,36.412,75.535,107.907
134.117,31.860,77.206,110.295
130.072,32.963,77.206,110.295
136.323,30.389,77.206,110.295
134.484,33.698,77.206,110.295
137.793,30.389,77.206,110.295
132.743,31.839,78.914,112.735
136.125,30.712,78.914,112.735
134.246,33.342,78.914,112.735
130.113,32.215,78.914,112.735
134.308,32.917,80.660,115.229
132.388,31.765,80.660,115.229
135.839,28.921,78.940,112.772
133.208,33.056,78.940,112.772
135.839,31.177,78.940,112.772
134.711,33.808,78.940,112.772
138.089,31.025,77.257,110.367
133.036,33.239,78.966,112.809
129.652,30.607,78.966,112.809
134.630,32.870,80.713,115.305
132.709,31.717,80.713,115.305
136.162,28.871,78.992,112.846
132.777,32.257,78.992,112.846
130.356,35.273,77.308,110.439
135.142,33.432,77.308,110.439
138.455,30.855,77.308,110.439
134.667,35.226,75.659,108.084
136.446,30.666,77.333,110.476
133.132,34.717,77.333,110.476
130.762,32.701,75.684,108.120
134.726,35.224,75.684,108.120
136.507,30.662,77.358,110.512
133.191,34.714,77.358,110.512
130.821,32.697,75.709,108.155
134.786,35.221,75.709,108.155
132.263,33.418,75.709,108.155
136.892,30.749,74.094,105.849
140.099,32.873,75.733,108.191
134.690,31.069,75.733,108.191
130.723,33.594,75.733,108.191
135.411,36.118,75.733,108.191
131.954,31.554,77.409,110.584
136.688,29.535,75.758,108.226
133.441,33.504,75.758,108.226
137.378,32.224,74.143,105.918
139.122,34.349,75.783,108.262
135.408,35.155,74.167,105.953
132.936,34.802,74.167,105.953
136.821,31.623,74.167,105.953
137.833,33.749,75.808,108.297
132.874,36.671,77.485,110.693
128.815,32.612,77.485,110.693
135.088,35.933,77.485,110.693
137.671,31.874,77.485,110.693
132.603,34.095,79.200,113.142
129.449,31.303,77.511,110.729
136.462,34.625,77.511,110.729
133.878,33.517,77.511,110.729
135.723,29.457,77.511,110.729
133.348,34.551,75.858,108.368
136.594,33.270,74.240,106.057
133.939,35.397,75.883,108.404
131.613,33.419,74.264,106.092
134.094,36.281,75.907,108.439
129.395,32.305,75.907,108.439
133.430,34.481,77.587,110.838
130.105,31.894,77.587,110.838
134.908,35.219,77.587,110.838
131.583,32.633,77.587,110.838
133.408,34.857,79.304,113.291
129.254,30.703,79.304,113.291
135.559,29.363,77.612,110.875
133.181,34.464,75.957,108.510
137.883,31.932,75.957,108.510
133.665,34.859,77.638,110.911
128.859,31.532,77.638,110.911
134.405,34.859,77.638,110.911
131.077,31.532,77.638,110.911
135.205,33.757,79.356,113.365
132.560,31.868,79.356,113.365
129.399,35.626,77.663,110.947
134.947,31.558,77.663,110.947
131.618,34.147,77.663,110.947
134.980,34.838,79.382,113.402
132.334,30.680,79.382,113.402
129.901,34.439,77.689,110.984
135.450,31.850,77.689,110.984
133.601,35.179,77.689,110.984
129.531,31.850,77.689,110.984
134.341,35.179,77.689,110.984
131.011,32.590,77.689,110.984
135.820,35.179,77.689,110.984
133.231,33.329,77.689,110.984
135.820,30.740,77.689,110.984
133.231,34.809,77.689,110.984
129.161,31.480,77.689,110.984
134.710,35.549,77.689,110.984
130.641,31.480,77.689,110.984
134.771,33.706,79.408,113.439
131.368,36.353,79.408,113.439
134.020,30.783,81.164,115.949
131.533,35.372,79.434,113.477
133.401,31.370,81.191,115.987
132.404,35.215,79.460,113.514
128.510,31.684,77.765,111.093
134.805,30.573,77.765,111.093
132.213,34.647,77.765,111.093
136.255,31.905,76.107,108.724
133.718,35.892,76.107,108.724
129.731,33.355,76.107,108.724
135.892,36.616,76.107,108.724
133.170,32.782,77.791,111.129
136.499,32.181,76.132,108.760
132.511,35.444,76.132,108.760
135.070,32.760,74.508,106.440
131.167,33.824,74.508,106.440
135.128,35.960,76.157,108.795
131.865,32.696,76.157,108.795
135.161,34.126,77.842,111.202
138.497,30.790,77.842,111.202
132.636,33.021,79.564,113.663
129.468,33.868,77.867,111.239
135.771,35.722,77.867,111.239
131.692,33.868,77.867,111.239
134.293,36.100,79.590,113.700
130.882,32.689,79.590,113.700
135.114,31.038,81.351,116.216
132.621,34.890,79.616,113.737
128.719,31.353,77.918,111.312
133.631,33.586,79.642,113.775
130.977,31.690,79.642,113.775
134.424,32.398,81.404,116.292
130.935,34.337,81.404,116.292
126.415,36.670,83.205,118.865
131.566,29.934,83.205,118.865
135.890,30.056,81.431,116.330
130.849,33.546,81.431,116.330
126.327,35.880,83.233,118.904
132.273,29.142,83.233,118.904
130.291,33.502,83.233,118.904
133.893,30.130,85.074,121.534
128.627,31.345,85.074,121.534
129.787,32.943,86.956,124.223
135.105,28.281,85.102,121.574
129.836,31.118,85.102,121.574
126.189,34.765,85.102,121.574
131.457,28.686,85.102,121.574
128.414,30.284,86.985,124.264
126.547,30.412,85.130,121.614
131.817,28.385,85.130,121.614
128.772,29.984,87.014,124.305
126.520,32.477,88.939,127.055
130.331,27.819,88.939,127.055
127.367,31.630,88.939,127.055
129.484,27.819,88.939,127.055
126.520,30.783,88.939,127.055
130.331,29.513,88.939,127.055
126.520,30.783,88.939,127.055
130.331,29.513,88.939,127.055
126.520,30.783,88.939,127.055
130.331,29.513,88.939,127.055
126.520,30.783,88.939,127.055
130.331,28.666,88.939,127.055
126.520,30.783,88.939,127.055
130.331,29.513,88.939,127.055
126.520,30.783,88.939,127.055
130.331,28.666,88.939,127.055
126.520,30.783,88.939,127.055
130.331,29.513,88.939,127.055
126.520,30.783,88.939,127.055
130.331,29.513,88.939,127.055
126.520,30.783,88.939,127.055
130.331,28.666,88.939,127.055
126.520,30.783,88.939,127.055
130.331,28.666,88.939,127.055
126.520,30.783,88.939,127.055
130.331,28.666,88.939,127.055
126.520,30.783,88.939,127.055
130.331,28.666,88.939,127.055
126.520,30.783,88.939,127.055
130.331,29.513,88.939,127.055
126.520,30.783,88.939,127.055
130.331,29.513,88.939,127.055
126.520,30.783,88.939,127.055
130.331,29.513,88.939,127.055
126.520,30.783,88.939,127.055
129.484,29.513,88.939,127.055
125.673,29.936,88.939,127.055
125.249,32.901,88.939,127.055
130.688,28.132,87.042,124.346
125.854,28.907,88.968,127.097
128.820,30.178,88.968,127.097
126.094,34.392,87.071,124.386
