244.000,295.000,31.000,29.000
243.646,295.827,31.000,29.000
243.055,295.472,31.000,29.000
242.465,295.590,31.000,29.000
242.347,295.945,31.000,29.000
241.756,296.299,31.000,29.000
241.874,295.472,31.000,29.000
241.520,296.299,31.000,29.000
240.693,295.945,31.000,29.000
239.493,296.237,31.686,29.642
239.372,295.874,31.686,29.642
239.010,296.961,31.686,29.642
239.372,298.047,31.686,29.642
238.044,297.926,31.686,29.642
236.817,296.722,32.387,30.297
237.187,297.832,32.387,30.297
235.677,298.137,33.103,30.968
234.794,297.254,33.103,30.968
234.416,298.389,33.103,30.968
234.038,298.515,33.103,30.968
232.650,299.398,33.103,30.968
231.515,299.020,33.103,30.968
230.380,298.642,33.103,30.968
230.507,298.768,33.103,30.968
228.615,299.398,33.103,30.968
227.984,299.020,33.103,30.968
227.858,299.146,33.103,30.968
226.976,299.524,33.103,30.968
226.093,298.894,33.103,30.968
225.462,299.777,33.103,30.968
224.075,299.398,33.103,30.968
224.958,300.533,33.103,30.968
223.823,299.398,33.103,30.968
223.192,301.038,33.103,30.968
222.814,300.407,33.103,30.968
221.679,301.290,33.103,30.968
220.796,301.668,33.103,30.968
220.670,301.038,33.103,30.968
219.787,301.920,33.103,30.968
218.905,301.542,33.103,30.968
218.526,302.173,33.103,30.968
218.148,303.055,33.103,30.968
217.518,302.929,33.103,30.968
216.635,302.551,33.103,30.968
224.832,302.677,33.103,30.968
251.188,303.812,33.103,30.968
277.797,304.190,33.103,30.968
300.118,304.569,33.103,30.968
307.810,303.434,33.103,30.968
305.414,305.073,33.103,30.968
304.531,304.190,33.103,30.968
303.649,305.325,33.103,30.968
303.018,305.199,33.103,30.968
303.649,305.577,33.103,30.968
302.009,304.443,33.103,30.968
302.135,306.082,33.103,30.968
301.000,305.451,33.103,30.968
299.865,306.586,33.103,30.968
298.983,305.199,33.103,30.968
299.109,306.334,33.103,30.968
298.226,306.965,33.103,30.968
297.091,306.082,33.103,30.968
295.956,306.712,33.103,30.968
294.569,305.830,33.103,30.968
293.686,306.460,33.103,30.968
292.551,306.082,33.103,30.968
291.921,305.956,33.103,30.968
291.542,306.082,33.103,30.968
289.903,306.208,33.103,30.968
289.272,306.838,33.103,30.968
288.137,305.956,33.103,30.968
286.750,307.091,33.103,30.968
285.615,307.469,33.103,30.968
284.480,308.100,33.103,30.968
282.841,307.217,33.103,30.968
282.210,308.352,33.103,30.968
281.580,308.730,33.103,30.968
280.193,307.343,33.103,30.968
279.814,308.478,33.103,30.968
278.427,308.100,33.103,30.968
277.797,307.973,33.103,30.968
276.914,308.352,33.103,30.968
276.031,308.478,33.103,30.968
275.149,309.108,33.103,30.968
273.761,308.982,33.103,30.968
272.879,307.847,33.103,30.968
273.257,308.478,33.103,30.968
272.374,309.361,33.103,30.968
271.491,309.234,33.103,30.968
270.356,309.613,33.103,30.968
269.474,308.478,33.103,30.968
268.339,310.117,33.103,30.968
268.465,309.487,33.103,30.968
267.078,310.874,33.103,30.968
267.456,309.487,33.103,30.968
266.321,309.865,33.103,30.968
266.952,308.478,33.103,30.968
265.564,309.865,33.103,30.968
264.429,308.730,33.103,30.968
265.060,309.361,33.103,30.968
263.673,308.982,33.103,30.968
262.286,308.352,33.103,30.968
262.160,308.730,33.103,30.968
261.277,307.847,33.103,30.968
260.394,308.226,33.103,30.968
260.016,307.847,33.103,30.968
259.385,306.965,33.103,30.968
259.259,307.847,33.103,30.968
258.376,306.965,33.103,30.968
258.250,307.595,33.103,30.968
257.367,306.460,33.103,30.968
256.485,307.595,33.103,30.968
255.098,306.460,33.103,30.968
255.224,308.100,33.103,30.968
254.593,306.965,33.103,30.968
253.458,307.343,33.103,30.968
252.575,307.721,33.103,30.968
251.945,306.334,33.103,30.968
252.575,307.469,33.103,30.968
251.440,306.586,33.103,30.968
252.323,305.451,33.103,30.968
251.188,306.586,33.103,30.968
250.306,305.199,33.103,30.968
249.423,306.839,33.103,30.968
248.540,307.217,33.103,30.968
246.901,307.091,33.103,30.968
246.018,306.965,33.103,30.968
245.387,306.586,33.103,30.968
245.009,305.956,33.103,30.968
245.387,306.334,33.103,30.968
244.757,306.460,33.103,30.968
243.370,305.830,33.103,30.968
243.748,305.956,33.103,30.968
242.109,306.334,33.103,30.968
241.730,306.965,33.103,30.968
240.343,306.334,33.103,30.968
240.721,307.469,33.103,30.968
239.334,306.839,33.103,30.968
238.704,306.208,33.103,30.968
237.821,307.343,33.103,30.968
237.190,306.712,33.103,30.968
236.812,305.830,33.103,30.968
236.434,306.460,33.103,30.968
236.055,307.091,33.103,30.968
235.173,306.208,33.103,30.968
234.290,306.839,33.103,30.968
232.903,305.956,33.103,30.968
232.020,306.839,33.103,30.968
231.137,306.712,33.103,30.968
238.325,306.334,33.103,30.968
265.438,307.721,33.103,30.968
293.560,306.334,33.103,30.968
318.403,307.469,33.103,30.968
344.760,307.847,33.103,30.968
370.612,306.460,33.103,30.968
386.375,307.091,33.103,30.968
384.988,305.956,33.103,30.968
383.096,306.839,33.103,30.968
381.961,306.460,33.103,30.968
380.574,307.847,33.103,30.968
378.430,306.965,33.103,30.968
377.547,308.100,33.103,30.968
376.917,306.712,33.103,30.968
374.521,307.847,33.103,30.968
372.377,308.478,33.103,30.968
372.755,308.856,33.103,30.968
371.368,307.217,33.103,30.968
371.999,308.100,33.103,30.968
370.359,307.217,33.103,30.968
369.729,307.595,33.103,30.968
368.342,306.460,33.103,30.968
368.468,307.847,33.103,30.968
366.828,306.965,33.103,30.968
366.450,307.595,33.103,30.968
365.063,306.460,33.103,30.968
365.441,307.595,33.103,30.968
364.558,307.721,33.103,30.968
362.919,308.100,33.103,30.968
362.288,308.226,33.103,30.968
361.658,309.108,33.103,30.968
360.523,308.730,33.103,30.968
359.640,308.352,33.103,30.968
359.514,308.478,33.103,30.968
358.884,309.108,33.103,30.968
358.758,307.721,33.103,30.968
357.875,307.847,33.103,30.968
357.244,308.478,33.103,30.968
355.605,309.865,33.103,30.968
355.731,307.973,33.103,30.968
354.848,308.604,33.103,30.968
353.461,308.730,33.103,30.968
351.822,307.343,33.103,30.968
350.939,308.478,33.103,30.968
349.047,308.099,33.103,30.968
347.156,307.973,33.103,30.968
345.264,307.595,33.103,30.968
342.616,306.965,33.103,30.968
339.211,307.847,33.103,30.968
336.563,306.712,33.103,30.968
332.149,307.091,33.103,30.968
329.753,307.469,33.103,30.968
324.835,306.586,33.103,30.968
320.169,305.451,33.103,30.968
316.512,306.838,33.103,30.968
311.593,305.451,33.103,30.968
306.928,306.586,33.103,30.968
302.009,305.199,33.103,30.968
296.587,305.577,33.103,30.968
290.407,304.190,33.103,30.968
285.237,305.325,33.103,30.968
283.346,305.956,33.103,30.968
300.622,304.569,33.103,30.968
322.691,303.686,33.103,30.968
344.255,303.055,33.103,30.968
364.811,303.686,33.103,30.968
383.939,302.166,33.836,31.653
397.606,302.484,34.585,32.353
393.807,302.536,35.350,33.069
383.976,300.786,35.350,33.069
376.570,301.998,35.350,33.069
367.816,301.055,35.350,33.069
360.679,301.459,35.350,33.069
352.734,302.132,35.350,33.069
343.442,300.651,35.350,33.069
335.497,301.055,35.350,33.069
327.821,301.728,35.350,33.069
319.607,301.324,35.350,33.069
311.392,302.536,35.350,33.069
302.639,301.324,35.350,33.069
294.843,302.775,36.132,33.801
287.160,300.830,36.931,34.549
276.890,301.815,36.931,34.549
282.096,303.362,36.931,34.549
300.807,303.784,36.931,34.549
320.644,303.925,36.931,34.549
339.356,304.629,36.931,34.549
358.068,303.362,36.931,34.549
376.779,302.940,36.931,34.549
395.492,300.661,37.748,35.313
403.114,299.366,37.748,35.313
395.492,299.798,37.748,35.313
384.132,299.079,37.748,35.313
374.785,300.085,37.748,35.313
366.300,300.804,37.748,35.313
356.378,299.510,37.748,35.313
347.319,300.517,37.748,35.313
337.684,299.798,37.748,35.313
328.912,300.804,37.748,35.313
320.140,300.373,37.748,35.313
310.218,300.229,37.748,35.313
301.733,301.523,37.748,35.313
292.386,300.229,37.748,35.313
283.615,301.523,37.748,35.313
276.856,299.942,37.748,35.313
287.641,300.661,37.748,35.313
307.342,299.654,37.748,35.313
324.454,298.935,37.748,35.313
343.867,300.229,37.748,35.313
362.418,300.661,37.748,35.313
379.242,299.079,37.748,35.313
398.656,300.373,37.748,35.313
416.056,298.504,37.748,35.313
434.894,297.497,37.748,35.313
437.913,296.203,37.748,35.313
427.416,294.621,37.748,35.313
416.631,292.751,37.748,35.313
408.434,291.170,37.748,35.313
398.224,289.588,37.748,35.313
388.014,288.869,37.748,35.313
380.393,286.712,37.748,35.313
370.471,284.555,37.748,35.313
360.836,282.973,37.748,35.313
359.672,280.941,38.584,36.094
376.575,282.558,38.584,36.094
397.300,280.059,38.584,36.094
414.497,278.736,38.584,36.094
433.458,277.120,38.584,36.094
450.655,276.385,38.584,36.094
469.028,277.120,38.584,36.094
486.519,275.209,38.584,36.094
491.957,275.944,38.584,36.094
480.933,274.327,38.584,36.094
470.498,273.592,38.584,36.094
460.944,272.269,38.584,36.094
452.566,273.886,38.584,36.094
442.424,272.857,38.584,36.094
433.752,274.180,38.584,36.094
423.610,272.857,38.584,36.094
414.644,271.828,38.584,36.094
405.678,271.093,38.584,36.094
395.830,272.710,38.584,36.094
387.158,271.387,38.584,36.094
377.898,273.004,38.584,36.094
367.756,271.681,38.584,36.094
359.084,272.710,38.584,36.094
349.237,271.387,38.584,36.094
339.389,272.710,38.584,36.094
331.305,271.681,38.584,36.094
321.751,270.358,38.584,36.094
313.961,271.975,38.584,36.094
309.992,270.065,38.584,36.094
325.131,271.387,38.584,36.094
345.268,271.534,38.584,36.094
361.877,270.212,38.584,36.094
382.014,271.240,38.584,36.094
399.505,269.918,38.584,36.094
411.704,270.065,38.584,36.094
405.090,270.799,38.584,36.094
394.654,270.065,38.584,36.094
385.688,271.093,38.584,36.094
376.134,269.771,38.584,36.094
368.638,270.211,38.584,36.094
358.497,270.946,38.584,36.094
348.649,269.624,38.584,36.094
340.859,270.358,38.584,36.094
343.945,270.799,38.584,36.094
363.494,269.477,38.584,36.094
383.043,268.742,38.584,36.094
401.122,269.477,38.584,36.094
420.376,268.154,38.584,36.094
437.573,270.065,38.584,36.094
455.946,269.624,38.584,36.094
475.495,270.358,38.584,36.094
493.280,271.681,38.584,36.094
505.510,269.605,39.437,36.893
498.750,271.257,39.437,36.893
487.783,270.506,39.437,36.893
479.820,272.159,39.437,36.893
470.355,271.107,39.437,36.893
462.092,271.858,39.437,36.893
453.228,270.807,39.437,36.893
445.566,271.858,39.437,36.893
434.900,270.807,39.437,36.893
427.238,271.558,39.437,36.893
418.975,270.807,39.437,36.893
409.810,272.159,39.437,36.893
400.646,271.407,39.437,36.893
391.782,272.459,39.437,36.893
383.519,272.910,39.437,36.893
373.754,271.558,39.437,36.893
365.792,272.008,39.437,36.893
356.928,272.760,39.437,36.893
348.665,271.708,39.437,36.893
344.608,272.459,39.437,36.893
359.482,273.511,39.437,36.893
380.364,271.858,39.437,36.893
398.242,272.008,39.437,36.893
418.825,272.760,39.437,36.893
436.102,271.708,39.437,36.893
456.383,272.760,39.437,36.893
471.858,271.708,39.437,36.893
469.304,273.361,39.437,36.893
458.036,272.910,39.437,36.893
450.374,273.961,39.437,36.893
441.510,274.412,39.437,36.893
433.247,275.464,39.437,36.893
425.585,274.112,39.437,36.893
416.120,274.863,39.437,36.893
408.458,273.811,39.437,36.893
399.594,274.562,39.437,36.893
391.332,273.210,39.437,36.893
383.069,274.863,39.437,36.893
375.407,274.112,39.437,36.893
366.543,275.163,39.437,36.893
358.280,274.713,39.437,36.893
350.918,273.961,39.437,36.893
342.355,275.013,39.437,36.893
335.594,273.961,39.437,36.893
348.064,274.112,39.437,36.893
369.247,274.562,39.437,36.893
389.228,273.511,39.437,36.893
407.407,275.163,39.437,36.893
425.585,273.811,39.437,36.893
445.566,274.262,39.437,36.893
447.219,275.314,39.437,36.893
436.853,273.962,39.437,36.893
428.890,274.713,39.437,36.893
420.627,265.248,39.437,36.893
412.665,253.079,39.437,36.893
404.402,239.107,39.437,36.893
396.139,225.736,39.437,36.893
388.477,212.365,39.437,36.893
378.712,206.205,39.437,36.893
371.050,207.858,39.437,36.893
363.388,207.107,39.437,36.893
355.125,208.759,39.437,36.893
347.463,207.107,39.437,36.893
339.200,208.759,39.437,36.893
331.538,207.407,39.437,36.893
323.275,209.060,39.437,36.893
315.613,207.708,39.437,36.893
306.749,209.060,39.437,36.893
298.486,208.309,39.437,36.893
290.223,209.661,39.437,36.893
287.669,207.708,39.437,36.893
303.444,209.360,39.437,36.893
324.327,210.412,39.437,36.893
342.205,208.760,39.437,36.893
362.486,210.112,39.437,36.893
380.965,210.562,39.437,36.893
400.646,209.210,39.437,36.893
418.524,210.562,39.437,36.893
434.900,208.609,39.437,36.893
432.646,209.360,39.437,36.893
421.979,210.412,39.437,36.893
414.618,209.360,39.437,36.893
406.355,210.713,39.437,36.893
398.092,209.360,39.437,36.893
390.430,210.713,39.437,36.893
380.665,209.060,39.437,36.893
373.604,210.412,39.437,36.893
365.040,211.163,39.437,36.893
357.679,211.313,39.437,36.893
347.613,211.764,39.437,36.893
339.951,210.412,39.437,36.893
331.989,212.365,39.437,36.893
323.425,212.816,39.437,36.893
313.660,211.464,39.437,36.893
306.298,212.215,39.437,36.893
305.247,212.065,39.437,36.893
323.726,213.116,39.437,36.893
344.007,213.567,39.437,36.893
361.885,211.614,39.437,36.893
382.768,212.666,39.437,36.893
400.646,212.816,39.437,36.893
420.627,213.267,39.437,36.893
429.491,214.318,39.437,36.893
421.829,214.468,39.437,36.893
411.162,213.417,39.437,36.893
403.801,214.769,39.437,36.893
394.637,214.919,39.437,36.893
386.374,215.069,39.437,36.893
377.510,215.821,39.437,36.893
369.247,216.572,39.437,36.893
361.585,215.220,39.437,36.893
352.421,216.271,39.437,36.893
343.857,215.520,39.437,36.893
336.195,216.872,39.437,36.893
328.533,215.520,39.437,36.893
319.068,217.173,39.437,36.893
311.707,217.323,39.437,36.893
307.951,218.074,39.437,36.893
323.726,217.323,39.437,36.893
343.707,218.375,39.437,36.893
361.284,217.323,39.437,36.893
379.463,218.375,39.437,36.893
399.144,217.022,39.437,36.893
419.425,218.375,39.437,36.893
437.003,217.623,39.437,36.893
454.280,218.375,39.437,36.893
452.026,219.727,39.437,36.893
441.059,218.375,39.437,36.893
433.397,219.727,39.437,36.893
423.632,218.375,39.437,36.893
416.270,220.328,39.437,36.893
408.608,220.478,39.437,36.893
399.745,219.126,39.437,36.893
392.083,220.177,39.437,36.893
391.632,219.126,39.437,36.893
409.209,220.478,39.437,36.893
430.393,219.126,39.437,36.893
445.867,220.478,39.437,36.893
442.712,221.229,39.437,36.893
431.444,220.177,39.437,36.893
424.083,220.929,39.437,36.893
416.120,219.576,39.437,36.893
408.759,220.328,39.437,36.893
400.496,221.379,39.437,36.893
392.233,222.130,39.437,36.893
384.571,220.478,39.437,36.893
376.608,221.830,39.437,36.893
368.045,220.177,39.437,36.893
360.683,221.529,39.437,36.893
352.721,222.581,39.437,36.893
344.759,220.628,39.437,36.893
337.097,221.980,39.437,36.893
329.735,222.431,39.437,36.893
322.073,222.581,39.437,36.893
314.712,221.229,39.437,36.893
307.050,221.980,39.437,36.893
300.289,220.929,39.437,36.893
307.951,221.980,39.437,36.893
330.036,222.431,39.437,36.893
350.918,221.980,39.437,36.893
369.097,220.929,39.437,36.893
389.979,222.581,39.437,36.893
409.660,221.529,39.437,36.893
420.026,222.882,39.437,36.893
412.665,222.130,39.437,36.893
403.500,222.882,39.437,36.893
396.139,221.830,39.437,36.893
389.078,222.882,39.437,36.893
381.115,222.130,39.437,36.893
373.453,223.182,39.437,36.893
365.491,222.130,39.437,36.893
358.430,222.882,39.437,36.893
350.768,222.431,39.437,36.893
343.406,223.483,39.437,36.893
335.143,224.234,39.437,36.893
327.181,223.182,39.437,36.893
319.519,224.234,39.437,36.893
312.158,223.182,39.437,36.893
320.120,224.534,39.437,36.893
341.604,225.285,39.437,36.893
361.284,223.633,39.437,36.893
380.064,223.783,39.437,36.893
400.345,224.835,39.437,36.893
417.923,224.083,39.437,36.893
439.407,225.736,39.437,36.893
456.984,224.384,39.437,36.893
459.238,226.037,39.437,36.893
449.472,226.788,39.437,36.893
441.209,226.337,39.437,36.893
434.148,227.689,39.437,36.893
426.787,226.637,39.437,36.893
419.125,227.689,39.437,36.893
411.463,226.938,39.437,36.893
402.599,227.689,39.437,36.893
395.238,226.938,39.437,36.893
387.876,227.088,39.437,36.893
379.613,226.938,39.437,36.893
372.069,228.924,38.596,36.106
364.571,228.189,38.596,36.106
355.896,228.924,38.596,36.106
348.985,228.189,38.596,36.106
346.192,229.218,38.596,36.106
361.630,229.953,38.596,36.106
381.773,229.512,38.596,36.106
401.623,228.777,38.596,36.106
421.178,230.100,38.596,36.106
441.321,231.130,38.596,36.106
458.524,231.277,38.596,36.106
478.667,231.130,38.596,36.106
484.989,229.806,38.596,36.106
478.373,230.836,38.596,36.106
468.228,229.806,38.596,36.106
460.729,231.130,38.596,36.106
453.231,232.453,38.596,36.106
445.438,231.718,38.596,36.106
438.528,232.453,38.596,36.106
430.735,231.424,38.596,36.106
424.118,233.335,38.596,36.106
416.914,235.247,38.596,36.106
407.830,234.640,37.773,35.336
400.492,233.344,37.773,35.336
393.821,236.911,36.968,34.583
387.766,238.460,36.968,34.583
381.992,239.728,36.968,34.583
368.405,236.432,36.179,33.845
361.100,234.640,36.179,33.845
356.001,235.605,36.179,33.845
367.440,236.294,36.179,33.845
389.905,235.053,36.179,33.845
411.268,236.569,36.179,33.845
430.426,235.605,36.179,33.845
450.134,236.294,36.179,33.845
470.395,236.983,36.179,33.845
488.174,237.672,36.179,33.845
486.382,236.432,36.179,33.845
476.597,235.467,36.179,33.845
469.292,235.880,36.179,33.845
461.160,236.569,36.179,33.845
452.753,235.880,36.179,33.845
446.000,236.845,36.179,33.845
437.592,235.880,36.179,33.845
430.839,236.845,36.179,33.845
423.534,236.707,36.179,33.845
415.403,236.018,36.179,33.845
408.098,237.534,36.179,33.845
400.242,236.569,36.179,33.845
392.662,237.259,36.179,33.845
385.357,237.396,36.179,33.845
375.847,236.983,36.179,33.845
369.870,235.608,36.980,34.594
383.817,236.875,36.980,34.594
404.525,237.580,36.980,34.594
424.388,236.030,36.980,34.594
443.406,237.298,36.980,34.594
462.142,236.312,36.980,34.594
481.724,237.580,36.980,34.594
488.063,237.721,36.980,34.594
478.061,238.707,36.980,34.594
470.031,239.129,36.980,34.594
462.283,239.552,36.980,34.594
454.535,238.566,36.980,34.594
447.632,238.425,36.980,34.594
439.884,238.284,36.980,34.594
432.982,238.707,36.980,34.594
425.515,239.693,36.980,34.594
418.049,239.270,36.980,34.594
424.670,239.693,36.980,34.594
445.660,238.988,36.980,34.594
466.087,239.693,36.980,34.594
486.232,238.425,36.980,34.594
505.813,237.439,36.980,34.594
526.240,238.425,36.980,34.594
545.539,237.439,36.980,34.594
551.597,238.425,36.980,34.594
542.440,237.157,36.980,34.594
534.129,238.988,36.980,34.594
526.381,239.129,36.980,34.594
518.914,238.425,36.980,34.594
511.448,237.157,36.980,34.594
503.418,238.707,36.980,34.594
495.952,239.693,36.980,34.594
489.613,238.425,36.980,34.594
483.555,239.693,36.980,34.594
478.061,241.242,36.980,34.594
472.617,240.389,36.191,33.856
468.086,239.289,35.419,33.134
466.994,246.061,36.203,33.867
488.772,238.962,37.004,34.617
489.477,239.103,37.004,34.617
489.900,239.808,37.004,34.617
490.323,238.821,37.004,34.617
490.644,237.707,37.823,35.382
489.924,238.427,37.823,35.382
490.356,238.859,37.823,35.382
490.685,238.916,38.659,36.165
488.684,237.457,37.835,35.394
489.911,235.420,38.672,36.177
490.553,234.256,39.528,36.978
490.703,234.406,39.528,36.978
490.735,233.841,40.402,37.796
491.197,236.150,40.402,37.796
491.229,237.169,41.296,38.632
490.442,238.270,41.296,38.632
490.599,238.742,41.296,38.632
490.757,238.899,41.296,38.632
490.914,238.113,41.296,38.632
489.813,237.641,41.296,38.632
490.599,237.798,41.296,38.632
491.071,239.214,41.296,38.632
491.431,239.603,42.210,39.487
492.556,238.799,42.210,39.487
514.945,232.856,43.144,40.360
543.378,227.104,43.144,40.360
570.497,224.639,43.144,40.360
600.883,216.860,44.098,41.253
608.640,206.127,43.158,40.374
596.967,195.769,43.158,40.374
594.954,193.446,44.113,41.267
580.670,190.926,44.113,41.267
577.916,190.295,45.089,42.180
578.562,189.586,44.127,41.280
578.730,189.754,44.127,41.280
578.562,189.250,44.127,41.280
578.730,189.754,44.127,41.280
578.898,190.258,44.127,41.280
579.066,190.762,44.127,41.280
579.051,189.744,43.186,40.400
579.670,190.334,42.265,39.539
579.831,190.817,42.265,39.539
579.670,190.012,42.265,39.539
579.831,190.817,42.265,39.539
579.992,190.334,42.265,39.539
580.475,191.461,42.265,39.539
591.013,190.175,41.364,38.695
604.092,190.963,41.364,38.695
587.546,184.818,41.364,38.695
587.704,186.236,41.364,38.695
586.601,185.763,41.364,38.695
585.498,187.181,41.364,38.695
583.449,188.915,41.364,38.695
580.770,182.139,41.364,38.695
579.352,182.297,41.364,38.695
579.195,181.194,41.364,38.695
577.777,175.048,41.364,38.695
576.043,171.424,41.364,38.695
575.255,167.800,41.364,38.695
572.892,166.381,41.364,38.695
574.940,167.484,41.364,38.695
573.837,168.588,41.364,38.695
572.419,166.539,41.364,38.695
571.631,164.806,41.364,38.695
573.364,163.388,41.364,38.695
574.152,163.545,41.364,38.695
604.593,160.665,42.279,39.551
606.365,158.249,42.279,39.551
605.560,154.867,42.279,39.551
604.754,156.960,42.279,39.551
604.593,157.766,42.279,39.551
604.110,156.960,42.279,39.551
603.949,158.732,42.279,39.551
603.788,159.537,42.279,39.551
603.627,160.343,42.279,39.551
603.466,160.826,42.279,39.551
603.305,160.987,42.279,39.551
605.463,158.770,41.378,38.708
604.675,157.351,41.378,38.708
604.517,155.617,41.378,38.708
604.360,154.514,41.378,38.708
604.202,153.725,41.378,38.708
606.011,156.721,40.495,37.883
605.548,158.109,40.495,37.883
605.394,159.498,40.495,37.883
605.239,158.109,40.495,37.883
607.009,156.580,39.632,37.075
606.556,155.222,39.632,37.075
606.405,153.863,39.632,37.075
606.254,153.108,39.632,37.075
606.103,152.957,39.632,37.075
605.952,153.410,39.632,37.075
605.801,152.353,39.632,37.075
605.650,151.598,39.632,37.075
607.965,150.975,38.786,36.284
607.226,150.236,38.786,36.284
607.078,149.793,38.786,36.284
606.930,151.123,38.786,36.284
606.783,152.157,38.786,36.284
606.635,152.896,38.786,36.284
606.487,153.930,38.786,36.284
608.467,155.883,37.959,35.510
608.033,158.342,37.959,35.510
607.310,159.065,37.959,35.510
608.969,160.977,37.150,34.753
607.979,162.250,37.150,34.753
607.554,163.524,37.150,34.753
607.979,164.798,37.150,34.753
607.554,166.071,37.150,34.753
607.696,167.911,37.150,34.753
607.837,169.468,37.150,34.753
607.979,171.025,37.150,34.753
607.271,172.298,37.150,34.753
609.168,173.624,36.358,34.012
608.475,174.316,36.358,34.012
608.337,174.732,36.358,34.012
608.198,175.147,36.358,34.012
610.055,176.177,35.582,33.287
609.377,176.313,35.582,33.287
608.970,175.364,35.582,33.287
610.525,173.759,34.823,32.577
610.127,173.892,34.823,32.577
609.729,174.024,34.823,32.577
611.252,173.477,34.081,31.882
610.862,172.828,34.081,31.882
610.473,172.178,34.081,31.882
610.083,171.529,34.081,31.882
610.992,170.880,34.081,31.882
610.602,170.231,34.081,31.882
610.213,169.842,34.081,31.882
611.122,169.192,34.081,31.882
610.732,168.284,34.081,31.882
610.343,166.855,34.081,31.882
612.333,166.319,33.354,31.202
611.698,165.430,33.354,31.202
611.317,164.286,33.354,31.202
613.019,164.007,32.643,30.537
612.149,163.882,32.643,30.537
613.576,164.568,31.947,29.886
612.480,164.933,31.947,29.886
614.111,166.072,31.265,29.248
613.754,166.906,31.265,29.248
613.397,167.978,31.265,29.248
612.801,167.621,31.265,29.248
613.938,168.966,30.599,28.625
613.589,163.720,30.599,28.625
614.638,171.997,30.599,28.625
614.754,172.346,30.599,28.625
613.938,172.696,30.599,28.625
614.288,170.714,30.599,28.625
614.404,170.132,30.599,28.625
614.521,171.181,30.599,28.625
614.638,171.763,30.599,28.625
614.754,172.113,30.599,28.625
613.938,172.230,30.599,28.625
614.055,172.579,30.599,28.625
614.171,172.929,30.599,28.625
614.521,173.745,30.599,28.625
614.871,174.328,30.599,28.625
614.288,174.444,30.599,28.625
614.638,175.027,30.599,28.625
614.987,175.144,30.599,28.625
614.404,174.561,30.599,28.625
614.754,175.144,30.599,28.625
614.171,174.561,30.599,28.625
614.754,174.911,30.599,28.625
614.637,170.132,30.599,28.625
615.687,164.886,30.599,28.625
615.570,160.806,30.599,28.625
615.220,156.493,30.599,28.625
614.871,152.647,30.599,28.625
614.521,151.365,30.599,28.625
615.104,150.782,30.599,28.625
614.754,150.432,30.599,28.625
614.404,150.316,30.599,28.625
614.987,149.966,30.599,28.625
614.638,149.383,30.599,28.625
615.454,150.199,30.599,28.625
615.104,149.616,30.599,28.625
614.754,149.266,30.599,28.625
614.405,148.917,30.599,28.625
614.987,148.101,30.599,28.625
614.638,147.984,30.599,28.625
615.221,148.800,30.599,28.625
614.871,148.217,30.599,28.625
614.521,149.500,30.599,28.625
615.104,149.150,30.599,28.625
614.754,148.800,30.599,28.625
614.405,148.217,30.599,28.625
614.987,150.898,30.599,28.625
614.638,152.181,30.599,28.625
615.454,156.493,30.599,28.625
615.104,161.739,30.599,28.625
614.988,163.254,30.599,28.625
614.871,164.770,30.599,28.625
614.988,165.119,30.599,28.625
615.104,163.371,30.599,28.625
614.988,160.457,30.599,28.625
614.871,156.144,30.599,28.625
614.521,150.898,30.599,28.625
615.104,145.653,30.599,28.625
614.754,140.408,30.599,28.625
614.638,135.861,30.599,28.625
615.454,133.414,30.599,28.625
615.570,127.935,30.599,28.625
616.153,123.622,30.599,28.625
616.037,121.874,30.599,28.625
616.853,117.794,30.599,28.625
616.037,116.512,30.599,28.625
616.620,115.929,30.599,28.625
616.969,115.346,30.599,28.625
615.920,114.064,30.599,28.625
616.736,112.549,30.599,28.625
615.920,111.266,30.599,28.625
616.270,111.383,30.599,28.625
616.853,109.868,30.599,28.625
615.804,108.585,30.599,28.625
615.221,110.101,30.599,28.625
616.037,111.150,30.599,28.625
614.610,109.019,31.276,29.258
614.491,107.470,31.276,29.258
613.774,106.281,31.968,29.905
613.041,105.066,32.675,30.567
612.550,105.115,33.398,31.243
611.521,105.430,34.137,31.934
610.739,104.941,34.892,32.641
611.403,104.809,34.892,32.641
611.155,103.758,35.664,33.363
610.056,102.402,36.453,34.101
611.306,102.819,36.453,34.101
609.894,102.009,37.260,34.856
609.468,103.287,37.260,34.856
603.607,97.747,38.084,35.627
595.338,99.053,38.084,35.627
594.032,99.778,38.084,35.627
595.628,99.923,38.084,35.627
592.045,98.174,38.927,36.415
591.897,96.543,38.927,36.415
591.313,94.756,39.788,37.221
590.715,94.187,40.668,38.044
590.870,93.102,40.668,38.044
591.335,91.398,40.668,38.044
586.867,89.531,41.568,38.886
586.900,87.622,42.488,39.746
586.933,85.671,43.428,40.626
587.430,83.851,43.428,40.626
587.926,82.693,43.428,40.626
589.415,82.197,43.428,40.626
584.300,81.232,44.388,41.525
583.793,84.107,44.388,41.525
582.776,85.577,45.371,42.443
581.736,86.722,46.374,43.382
580.673,86.792,47.400,44.342
579.212,86.114,48.449,45.323
578.289,85.929,48.449,45.323
577.735,85.745,48.449,45.323
576.813,87.037,48.449,45.323
575.319,86.727,49.521,46.326
573.401,86.410,50.617,47.351
577.836,87.374,50.617,47.351
577.258,87.952,50.617,47.351
576.679,89.688,50.617,47.351
576.101,91.038,50.617,47.351
574.941,91.114,51.737,48.399
573.755,90.783,52.881,49.470
571.707,91.699,54.051,50.564
569.854,93.552,54.051,50.564
566.906,91.924,55.247,51.683
559.540,90.872,55.247,51.683
555.962,90.662,55.247,51.683
553.647,90.030,55.247,51.683
551.332,89.399,55.247,51.683
550.279,88.347,55.247,51.683
550.069,86.452,55.247,51.683
591.163,62.080,56.470,52.826
579.603,58.148,57.719,53.995
555.636,57.048,57.719,53.995
532.109,55.949,57.719,53.995
514.361,52.386,58.996,55.190
518.239,44.526,57.738,54.013
519.915,41.922,56.507,52.861
520.853,43.794,57.757,54.031
519.560,42.037,56.525,52.878
517.371,43.910,57.776,54.048
517.775,41.728,56.544,52.896
519.416,44.161,55.338,51.768
520.049,40.999,55.338,51.768
519.218,43.269,56.562,52.913
519.613,41.134,55.356,51.785
517.715,43.032,55.356,51.785
515.817,44.930,55.356,51.785
513.236,45.888,56.581,52.930
511.296,42.224,56.581,52.930
509.356,38.991,56.581,52.930
508.710,41.362,56.581,52.930
509.649,43.236,57.833,54.101
511.066,43.781,59.112,55.298
514.895,44.456,59.112,55.298
516.176,42.658,57.852,54.119
518.705,44.297,56.618,52.965
519.516,42.575,55.410,51.836
521.416,39.831,55.410,51.836
521.898,41.667,56.636,52.982
521.943,43.543,57.889,54.155
523.046,40.676,57.889,54.155
522.825,43.102,57.889,54.155
524.369,40.235,57.889,54.155
584.818,-6.353,59.170,55.353
583.461,-13.747,60.479,56.578
582.075,-13.656,61.818,57.829
581.369,-12.007,61.818,57.829
583.617,-5.716,60.499,56.596
582.230,-11.364,61.838,57.848
579.835,-8.337,63.206,59.128
582.384,4.748,64.604,60.436
578.350,-5.368,66.034,61.774
581.117,1.424,66.034,61.774
575.949,-3.174,67.495,63.140
576.207,-6.517,67.495,63.140
576.794,-13.884,68.988,64.537
577.394,-14.871,70.514,65.965
573.902,-9.767,70.514,65.965
573.633,-12.722,70.514,65.965
572.017,-19.304,72.075,67.425
574.109,-18.850,70.538,65.987
575.990,-18.044,70.538,65.987
572.143,-45.259,72.098,67.447
569.671,-44.984,72.098,67.447
569.945,-48.555,72.098,67.447
568.023,-49.928,72.098,67.447
571.044,-47.456,72.098,67.447
568.572,-46.632,72.098,67.447
570.339,-49.373,73.693,68.939
568.935,-49.092,73.693,68.939
566.970,-49.373,73.693,68.939
568.194,-49.262,75.324,70.464
568.167,-47.681,73.718,68.962
569.391,-51.066,75.349,70.487
568.530,-50.779,75.349,70.487
567.669,-50.492,75.349,70.487
569.104,-49.631,75.349,70.487
567.971,-48.049,73.742,68.984
570.361,-51.435,75.373,70.510
567.777,-49.425,75.373,70.510
568.638,-48.564,75.373,70.510
570.486,-49.046,77.041,72.071
565.675,-49.539,78.745,73.665
565.975,-49.239,78.745,73.665
564.791,-49.899,77.066,72.094
565.461,-49.174,78.771,73.689
564.276,-50.991,77.091,72.118
565.381,-47.674,75.447,70.580
564.519,-46.812,75.447,70.580
571.130,-28.130,75.447,70.580
573.575,-23.842,77.117,72.141
570.344,-17.672,77.117,72.141
575.413,-14.355,75.472,70.603
579.151,-20.967,75.472,70.603
578.570,-19.938,73.863,69.097
577.163,-20.219,73.863,69.097
570.692,-22.751,73.863,69.097
570.750,-20.304,75.497,70.626
569.020,-20.787,77.167,72.189
568.138,-22.257,77.167,72.189
570.196,-18.436,77.167,72.189
570.867,-17.099,78.875,73.786
569.683,-18.851,80.620,75.418
570.246,-18.343,78.901,73.810
568.438,-20.718,80.646,75.443
570.589,-17.339,80.646,75.443
569.378,-19.767,82.430,77.112
569.692,-21.965,82.430,77.112
570.634,-23.535,82.430,77.112
569.396,-19.502,84.254,78.818
569.075,-20.465,84.254,78.818
568.112,-23.353,84.254,78.818
567.791,-26.884,84.254,78.818
568.999,-27.590,82.458,77.138
569.313,-31.674,82.458,77.138
572.312,-35.393,80.699,75.493
567.086,-30.167,80.699,75.493
568.835,-26.695,78.978,73.883
572.867,-28.517,77.294,72.307
568.450,-27.634,77.294,72.307
568.745,-24.395,77.294,72.307
571.395,-19.978,77.294,72.307
574.205,-24.032,75.646,70.765
571.036,-24.896,75.646,70.765
571.900,-22.879,75.646,70.765
