456.000,341.000,33.000,31.000
453.103,341.378,33.000,31.000
449.953,341.756,33.000,31.000
447.560,342.134,33.000,31.000
443.655,341.252,33.000,31.000
440.506,341.630,33.000,31.000
436.853,342.008,33.000,31.000
433.703,341.126,33.000,31.000
430.302,341.504,33.000,31.000
426.145,341.882,33.000,31.000
422.492,342.260,33.000,31.000
419.343,341.378,33.000,31.000
415.690,341.504,33.000,31.000
414.808,341.630,33.000,31.000
420.477,341.756,33.000,31.000
426.397,341.630,33.000,31.000
431.562,341.756,33.000,31.000
436.727,341.630,33.000,31.000
442.143,341.504,33.000,31.000
446.552,341.126,33.000,31.000
451.969,340.496,33.000,31.000
457.386,341.126,33.000,31.000
461.795,340.496,33.000,31.000
467.211,340.874,33.000,31.000
471.368,340.748,33.000,31.000
476.533,340.622,33.000,31.000
476.659,339.992,33.000,31.000
473.006,340.622,33.000,31.000
468.345,339.740,33.000,31.000
465.700,340.118,33.000,31.000
462.550,339.236,33.000,31.000
458.393,339.110,33.000,31.000
454.992,338.984,33.000,31.000
451.843,340.118,33.000,31.000
448.190,338.733,33.000,31.000
443.781,339.614,33.000,31.000
440.632,338.984,33.000,31.000
436.475,339.614,33.000,31.000
432.066,338.984,33.000,31.000
427.657,339.614,33.000,31.000
424.256,338.984,33.000,31.000
419.091,339.866,33.000,31.000
414.430,339.236,33.000,31.000
410.273,338.607,33.000,31.000
405.360,339.488,33.000,31.000
400.196,338.607,33.000,31.000
395.031,338.984,33.000,31.000
391.378,339.362,33.000,31.000
393.771,338.229,33.000,31.000
398.180,338.103,33.000,31.000
400.322,337.725,33.000,31.000
402.967,338.606,33.000,31.000
406.116,338.229,33.000,31.000
408.006,337.599,33.000,31.000
410.147,338.229,33.000,31.000
412.541,337.599,33.000,31.000
415.438,338.480,33.000,31.000
417.327,337.851,33.000,31.000
419.469,338.480,33.000,31.000
421.610,337.851,33.000,31.000
423.752,338.480,33.000,31.000
421.358,337.851,33.000,31.000
413.926,338.229,33.000,31.000
407.754,337.347,33.000,31.000
401.077,337.977,33.000,31.000
393.897,338.606,33.000,31.000
388.229,337.725,33.000,31.000
386.591,337.851,33.000,31.000
389.992,337.725,33.000,31.000
392.889,337.599,33.000,31.000
394.779,337.221,33.000,31.000
396.668,336.843,33.000,31.000
398.810,337.725,33.000,31.000
400.951,337.095,33.000,31.000
403.093,336.465,33.000,31.000
404.479,337.347,33.000,31.000
406.620,336.465,33.000,31.000
409.013,336.843,33.000,31.000
410.651,337.221,33.000,31.000
413.044,336.339,33.000,31.000
414.934,336.465,33.000,31.000
417.579,336.591,33.000,31.000
419.469,336.465,33.000,31.000
421.610,336.339,33.000,31.000
423.752,336.213,33.000,31.000
426.145,336.087,33.000,31.000
428.035,335.961,33.000,31.000
430.176,337.095,33.000,31.000
432.318,335.961,33.000,31.000
434.963,337.095,33.000,31.000
437.608,335.961,33.000,31.000
440.002,337.095,33.000,31.000
441.639,335.961,33.000,31.000
444.537,337.347,33.000,31.000
444.663,336.465,33.000,31.000
439.246,337.095,33.000,31.000
432.822,336.465,33.000,31.000
427.405,337.095,33.000,31.000
421.484,336.465,33.000,31.000
415.564,337.347,33.000,31.000
412.667,336.969,33.000,31.000
415.312,337.851,33.000,31.000
418.965,337.473,33.000,31.000
422.366,337.095,33.000,31.000
424.760,336.717,33.000,31.000
428.413,337.851,33.000,31.000
431.058,337.725,33.000,31.000
433.703,337.599,33.000,31.000
437.860,337.725,33.000,31.000
441.010,337.851,33.000,31.000
443.403,337.977,33.000,31.000
446.804,338.355,33.000,31.000
450.457,337.221,33.000,31.000
453.355,337.599,33.000,31.000
456.504,337.977,33.000,31.000
459.905,338.103,33.000,31.000
463.810,336.969,33.000,31.000
463.936,338.354,33.000,31.000
458.519,337.221,33.000,31.000
453.103,337.599,33.000,31.000
447.938,338.229,33.000,31.000
444.285,337.599,33.000,31.000
438.616,338.229,33.000,31.000
434.207,337.599,33.000,31.000
429.546,338.480,33.000,31.000
431.688,337.851,33.000,31.000
437.105,338.732,33.000,31.000
440.506,338.103,33.000,31.000
444.915,337.725,33.000,31.000
449.324,338.858,33.000,31.000
452.473,338.732,33.000,31.000
456.630,338.606,33.000,31.000
460.787,338.732,33.000,31.000
464.944,338.858,33.000,31.000
469.101,338.984,33.000,31.000
472.250,339.110,33.000,31.000
476.407,338.480,33.000,31.000
480.564,339.110,33.000,31.000
481.446,338.480,33.000,31.000
477.037,339.362,33.000,31.000
471.620,338.984,33.000,31.000
468.471,340.118,33.000,31.000
463.558,338.732,33.000,31.000
459.905,339.866,33.000,31.000
456.000,339.992,33.000,31.000
451.087,340.118,33.000,31.000
449.953,339.236,33.000,31.000
455.874,339.614,33.000,31.000
460.787,339.992,33.000,31.000
465.196,340.370,33.000,31.000
468.597,339.488,33.000,31.000
473.762,339.866,33.000,31.000
478.422,340.244,33.000,31.000
481.824,339.362,33.000,31.000
487.240,339.740,33.000,31.000
490.893,340.118,33.000,31.000
495.806,339.236,33.000,31.000
499.963,339.614,33.000,31.000
504.876,340.244,33.000,31.000
506.765,339.362,33.000,31.000
503.112,339.992,33.000,31.000
497.948,340.874,33.000,31.000
495.050,340.244,33.000,31.000
489.886,339.866,33.000,31.000
486.988,341.000,33.000,31.000
483.335,341.126,33.000,31.000
478.422,339.992,33.000,31.000
474.517,341.630,33.000,31.000
470.612,341.000,33.000,31.000
466.959,342.134,33.000,31.000
468.597,341.000,33.000,31.000
473.762,342.134,33.000,31.000
478.926,341.000,33.000,31.000
483.839,342.385,33.000,31.000
488.248,341.504,33.000,31.000
492.153,341.882,33.000,31.000
496.562,342.260,33.000,31.000
501.727,341.378,33.000,31.000
506.388,342.008,33.000,31.000
510.544,341.126,33.000,31.000
515.457,341.504,33.000,31.000
519.614,341.630,33.000,31.000
524.527,341.756,33.000,31.000
528.936,341.882,33.000,31.000
531.329,341.756,33.000,31.000
527.928,341.630,33.000,31.000
524.527,341.756,33.000,31.000
520.118,341.630,33.000,31.000
515.961,341.756,33.000,31.000
513.064,341.882,33.000,31.000
508.403,341.756,33.000,31.000
505.254,341.630,33.000,31.000
501.601,341.252,33.000,31.000
498.200,340.874,33.000,31.000
493.791,341.504,33.000,31.000
490.893,340.622,33.000,31.000
488.248,341.000,33.000,31.000
490.641,341.126,33.000,31.000
497.066,339.740,33.000,31.000
501.979,340.622,33.000,31.000
507.647,339.992,33.000,31.000
512.560,340.622,33.000,31.000
517.473,339.740,33.000,31.000
522.385,339.866,33.000,31.000
527.298,339.488,33.000,31.000
532.211,338.858,33.000,31.000
537.124,339.488,33.000,31.000
542.037,338.607,33.000,31.000
547.201,338.481,33.000,31.000
552.114,338.103,33.000,31.000
551.988,337.473,33.000,31.000
549.595,338.103,33.000,31.000
545.438,337.221,33.000,31.000
542.289,337.599,33.000,31.000
538.887,337.725,33.000,31.000
536.242,337.599,33.000,31.000
532.589,337.221,33.000,31.000
529.692,336.843,33.000,31.000
526.794,337.725,33.000,31.000
523.393,337.095,33.000,31.000
519.740,336.465,33.000,31.000
517.095,337.347,33.000,31.000
513.190,336.717,33.000,31.000
510.292,337.347,33.000,31.000
507.395,336.465,33.000,31.000
504.498,336.843,33.000,31.000
501.349,337.221,33.000,31.000
498.199,336.087,33.000,31.000
495.050,336.213,33.000,31.000
492.153,336.087,33.000,31.000
489.256,335.709,33.000,31.000
486.610,336.591,33.000,31.000
489.004,335.457,33.000,31.000
494.924,335.331,33.000,31.000
501.601,334.701,33.000,31.000
507.269,335.331,33.000,31.000
512.686,334.449,33.000,31.000
518.354,334.072,33.000,31.000
524.023,333.442,33.000,31.000
529.188,333.820,33.000,31.000
534.856,333.442,33.000,31.000
541.281,332.812,33.000,31.000
546.445,333.190,33.000,31.000
551.610,332.056,33.000,31.000
550.980,331.426,33.000,31.000
548.587,332.056,33.000,31.000
545.438,331.174,33.000,31.000
542.792,331.300,33.000,31.000
540.399,330.922,33.000,31.000
537.250,331.552,33.000,31.000
534.352,330.670,33.000,31.000
531.959,330.796,33.000,31.000
529.818,330.419,33.000,31.000
527.172,329.789,33.000,31.000
524.023,330.419,33.000,31.000
521.126,329.285,33.000,31.000
518.732,328.907,33.000,31.000
516.591,329.789,33.000,31.000
513.945,329.159,33.000,31.000
511.552,328.277,33.000,31.000
508.907,328.403,33.000,31.000
506.513,328.277,33.000,31.000
503.616,327.899,33.000,31.000
501.223,328.529,33.000,31.000
498.073,327.647,33.000,31.000
495.428,328.025,33.000,31.000
493.035,327.143,33.000,31.000
490.389,327.017,33.000,31.000
488.248,326.891,33.000,31.000
485.602,328.025,33.000,31.000
483.461,326.639,33.000,31.000
480.816,327.521,33.000,31.000
478.422,326.891,33.000,31.000
475.777,327.773,33.000,31.000
473.383,326.891,33.000,31.000
470.486,327.521,33.000,31.000
467.841,326.639,33.000,31.000
465.699,326.765,33.000,31.000
463.054,326.639,33.000,31.000
460.157,326.262,33.000,31.000
457.763,325.884,33.000,31.000
455.622,326.765,33.000,31.000
453.228,326.388,33.000,31.000
450.583,325.758,33.000,31.000
451.969,326.388,33.000,31.000
458.645,325.254,33.000,31.000
465.069,325.380,33.000,31.000
470.738,325.254,33.000,31.000
477.162,324.876,33.000,31.000
482.831,326.010,33.000,31.000
489.255,324.372,33.000,31.000
494.924,325.254,33.000,31.000
501.097,324.372,33.000,31.000
506.513,324.750,33.000,31.000
512.434,324.876,33.000,31.000
518.102,325.002,33.000,31.000
523.519,323.616,33.000,31.000
529.692,324.498,33.000,31.000
532.841,323.868,33.000,31.000
530.951,324.750,33.000,31.000
528.306,324.372,33.000,31.000
525.157,323.994,33.000,31.000
522.259,324.876,33.000,31.000
519.362,324.498,33.000,31.000
516.717,324.120,33.000,31.000
514.323,323.742,33.000,31.000
511.174,324.624,33.000,31.000
508.025,324.246,33.000,31.000
504.876,323.868,33.000,31.000
502.986,324.750,33.000,31.000
500.341,324.372,33.000,31.000
496.940,323.994,33.000,31.000
494.798,324.876,33.000,31.000
492.153,324.498,33.000,31.000
488.752,324.120,33.000,31.000
486.358,323.994,33.000,31.000
483.461,325.128,33.000,31.000
480.564,323.994,33.000,31.000
478.170,325.380,33.000,31.000
474.769,324.498,33.000,31.000
472.628,325.128,33.000,31.000
469.730,324.498,33.000,31.000
466.833,325.380,33.000,31.000
463.936,325.254,33.000,31.000
461.290,325.380,33.000,31.000
457.889,325.758,33.000,31.000
455.496,326.639,33.000,31.000
452.095,326.262,33.000,31.000
448.442,326.136,33.000,31.000
446.048,326.765,33.000,31.000
442.899,327.647,33.000,31.000
440.506,327.521,33.000,31.000
437.356,328.151,33.000,31.000
434.207,327.521,33.000,31.000
431.058,328.655,33.000,31.000
428.161,329.033,33.000,31.000
425.011,328.403,33.000,31.000
422.114,329.789,33.000,31.000
420.477,330.419,33.000,31.000
425.641,330.041,33.000,31.000
431.814,330.167,33.000,31.000
437.986,330.796,33.000,31.000
443.907,331.678,33.000,31.000
449.323,331.804,33.000,31.000
454.236,332.182,33.000,31.000
459.653,331.552,33.000,31.000
465.573,332.686,33.000,31.000
470.990,332.812,33.000,31.000
476.911,333.442,33.000,31.000
482.327,333.064,33.000,31.000
486.988,333.190,33.000,31.000
488.122,333.820,33.000,31.000
483.965,334.702,33.000,31.000
481.823,334.828,33.000,31.000
478.674,335.205,33.000,31.000
475.525,334.828,33.000,31.000
472.628,336.213,33.000,31.000
469.730,335.583,33.000,31.000
466.833,336.465,33.000,31.000
463.936,336.591,33.000,31.000
461.542,337.221,33.000,31.000
464.440,336.591,33.000,31.000
471.116,337.725,33.000,31.000
476.785,338.103,33.000,31.000
482.705,337.473,33.000,31.000
488.374,338.607,33.000,31.000
493.539,338.984,33.000,31.000
499.207,339.614,33.000,31.000
504.372,339.236,33.000,31.000
510.040,339.614,33.000,31.000
515.205,340.244,33.000,31.000
520.622,339.866,33.000,31.000
526.542,341.252,33.000,31.000
529.188,340.370,33.000,31.000
526.794,341.504,33.000,31.000
523.897,341.882,33.000,31.000
521.000,342.764,33.000,31.000
518.102,342.638,33.000,31.000
513.945,343.015,33.000,31.000
511.804,342.638,33.000,31.000
508.907,343.771,33.000,31.000
506.009,344.401,33.000,31.000
501.852,344.023,33.000,31.000
499.711,344.401,33.000,31.000
497.066,345.283,33.000,31.000
493.413,344.905,33.000,31.000
490.767,346.291,33.000,31.000
488.122,345.661,33.000,31.000
488.248,346.543,33.000,31.000
494.420,346.669,33.000,31.000
500.845,347.046,33.000,31.000
506.765,346.417,33.000,31.000
512.182,347.550,33.000,31.000
517.599,347.928,33.000,31.000
523.267,348.810,33.000,31.000
528.432,348.180,33.000,31.000
533.597,348.054,33.000,31.000
532.715,348.684,33.000,31.000
529.566,349.566,33.000,31.000
526.668,349.440,33.000,31.000
523.771,349.818,33.000,31.000
520.874,350.700,33.000,31.000
518.229,350.826,33.000,31.000
514.575,351.455,33.000,31.000
513.946,350.826,33.000,31.000
520.370,351.707,33.000,31.000
526.291,352.085,33.000,31.000
531.455,351.455,33.000,31.000
537.124,352.337,33.000,31.000
542.541,352.463,33.000,31.000
548.461,352.841,33.000,31.000
553.878,353.471,33.000,31.000
559.546,353.093,33.000,31.000
564.711,352.967,33.000,31.000
570.128,354.353,33.000,31.000
574.789,353.471,33.000,31.000
580.709,354.353,33.000,31.000
562.696,359.265,33.000,31.000
559.294,359.391,33.000,31.000
555.893,360.021,33.000,31.000
553.248,359.895,33.000,31.000
549.091,361.281,33.000,31.000
545.942,360.903,33.000,31.000
543.800,362.289,33.000,31.000
540.399,361.911,33.000,31.000
536.746,363.296,33.000,31.000
533.849,362.667,33.000,31.000
530.699,363.800,33.000,31.000
527.550,364.430,33.000,31.000
523.897,364.052,33.000,31.000
521.000,364.178,33.000,31.000
518.103,365.060,33.000,31.000
513.442,364.682,33.000,31.000
510.796,366.068,33.000,31.000
507.647,365.438,33.000,31.000
504.246,366.572,33.000,31.000
500.341,367.201,33.000,31.000
497.192,366.572,33.000,31.000
493.791,367.705,33.000,31.000
490.893,368.083,33.000,31.000
487.744,367.453,33.000,31.000
484.091,368.587,33.000,31.000
480.186,368.713,33.000,31.000
477.037,369.595,33.000,31.000
475.399,369.217,33.000,31.000
481.320,369.343,33.000,31.000
487.240,369.973,33.000,31.000
492.657,370.855,33.000,31.000
497.822,370.729,33.000,31.000
503.238,371.106,33.000,31.000
507.395,370.225,33.000,31.000
507.773,370.855,33.000,31.000
504.372,371.736,33.000,31.000
500.215,371.610,33.000,31.000
496.814,371.988,33.000,31.000
493.917,372.870,33.000,31.000
490.515,372.492,33.000,31.000
486.107,372.366,33.000,31.000
481.950,372.744,33.000,31.000
479.304,373.626,33.000,31.000
474.895,373.248,33.000,31.000
471.998,373.374,33.000,31.000
468.345,373.752,33.000,31.000
463.684,374.382,33.000,31.000
461.039,374.004,33.000,31.000
463.180,373.878,33.000,31.000
469.353,375.012,33.000,31.000
474.769,374.130,33.000,31.000
479.682,374.760,33.000,31.000
484.343,375.389,33.000,31.000
488.500,374.760,33.000,31.000
488.374,375.893,33.000,31.000
483.965,376.019,33.000,31.000
480.312,375.138,33.000,31.000
475.651,375.515,33.000,31.000
472.502,376.397,33.000,31.000
468.093,376.019,33.000,31.000
465.448,375.641,33.000,31.000
469.353,376.775,33.000,31.000
474.769,376.901,33.000,31.000
479.934,377.027,33.000,31.000
482.076,375.893,33.000,31.000
477.919,377.027,33.000,31.000
474.265,376.145,33.000,31.000
469.605,376.271,33.000,31.000
466.203,376.649,33.000,31.000
461.543,377.027,33.000,31.000
457.889,376.145,33.000,31.000
454.236,376.523,33.000,31.000
452.095,377.153,33.000,31.000
456.756,376.271,33.000,31.000
462.676,376.649,33.000,31.000
467.085,377.027,33.000,31.000
470.234,375.893,33.000,31.000
470.108,377.279,33.000,31.000
465.448,376.397,33.000,31.000
461.543,376.775,33.000,31.000
457.637,377.405,33.000,31.000
453.229,376.523,33.000,31.000
448.568,376.901,33.000,31.000
449.953,377.531,33.000,31.000
455.622,376.901,33.000,31.000
459.527,377.279,33.000,31.000
462.424,376.145,33.000,31.000
460.535,376.523,33.000,31.000
455.622,376.649,33.000,31.000
451.213,376.775,33.000,31.000
446.300,376.901,33.000,31.000
441.891,377.027,33.000,31.000
439.246,375.893,33.000,31.000
441.639,377.027,33.000,31.000
447.056,376.145,33.000,31.000
450.457,376.271,33.000,31.000
454.866,376.649,33.000,31.000
459.023,377.027,33.000,31.000
461.668,375.893,33.000,31.000
466.329,377.027,33.000,31.000
469.227,375.893,33.000,31.000
472.880,376.775,33.000,31.000
477.289,376.397,33.000,31.000
480.186,375.767,33.000,31.000
483.839,376.397,33.000,31.000
487.996,375.515,33.000,31.000
491.901,375.641,33.000,31.000
495.050,375.515,33.000,31.000
497.948,375.389,33.000,31.000
502.608,375.263,33.000,31.000
504.750,374.634,33.000,31.000
502.356,375.263,33.000,31.000
496.184,374.634,33.000,31.000
491.019,375.012,33.000,31.000
486.106,373.878,33.000,31.000
486.736,374.760,33.000,31.000
491.901,374.130,33.000,31.000
496.310,373.248,33.000,31.000
497.948,373.374,33.000,31.000
495.050,372.996,33.000,31.000
488.374,373.626,33.000,31.000
483.713,372.492,33.000,31.000
484.847,372.366,33.000,31.000
489.760,371.736,33.000,31.000
492.909,372.114,33.000,31.000
490.515,370.980,33.000,31.000
484.595,372.114,33.000,31.000
478.926,370.477,33.000,31.000
474.265,370.603,33.000,31.000
468.849,370.729,33.000,31.000
469.982,370.099,33.000,31.000
474.643,369.217,33.000,31.000
478.044,369.091,33.000,31.000
480.942,368.713,33.000,31.000
485.603,369.595,33.000,31.000
488.500,368.713,33.000,31.000
491.901,368.839,33.000,31.000
495.554,368.461,33.000,31.000
498.703,367.831,33.000,31.000
501.853,367.957,33.000,31.000
500.719,368.083,33.000,31.000
495.302,366.950,33.000,31.000
489.382,367.831,33.000,31.000
484.217,367.201,33.000,31.000
479.052,366.320,33.000,31.000
476.659,366.950,33.000,31.000
480.564,366.824,33.000,31.000
484.973,366.446,33.000,31.000
484.847,365.816,33.000,31.000
479.430,366.446,33.000,31.000
473.761,365.816,33.000,31.000
469.604,366.194,33.000,31.000
471.242,365.312,33.000,31.000
475.147,365.186,33.000,31.000
478.800,364.808,33.000,31.000
482.957,365.942,33.000,31.000
486.358,365.564,33.000,31.000
489.256,364.934,33.000,31.000
492.657,365.564,33.000,31.000
496.058,364.682,33.000,31.000
498.955,365.312,33.000,31.000
503.364,364.430,33.000,31.000
505.758,364.808,33.000,31.000
509.663,365.186,33.000,31.000
512.308,364.304,33.000,31.000
515.457,364.430,33.000,31.000
518.606,364.556,33.000,31.000
516.969,364.682,33.000,31.000
511.804,364.808,33.000,31.000
506.135,364.934,33.000,31.000
500.467,365.060,33.000,31.000
495.302,363.926,33.000,31.000
489.886,365.312,33.000,31.000
485.225,364.178,33.000,31.000
479.556,364.556,33.000,31.000
474.391,364.934,33.000,31.000
470.486,365.312,33.000,31.000
473.132,364.430,33.000,31.000
477.289,364.808,33.000,31.000
480.438,365.186,33.000,31.000
483.587,364.304,33.000,31.000
486.736,364.934,33.000,31.000
490.137,365.816,33.000,31.000
492.531,365.438,33.000,31.000
495.680,364.808,33.000,31.000
495.050,365.690,33.000,31.000
488.878,365.060,33.000,31.000
483.461,364.430,33.000,31.000
477.541,365.312,33.000,31.000
471.620,364.934,33.000,31.000
465.951,365.816,33.000,31.000
460.031,365.438,33.000,31.000
453.355,365.312,33.000,31.000
447.434,364.682,33.000,31.000
441.513,365.564,33.000,31.000
435.593,365.186,33.000,31.000
429.420,365.060,33.000,31.000
423.248,364.682,33.000,31.000
416.824,365.564,33.000,31.000
410.651,365.438,33.000,31.000
404.227,365.060,33.000,31.000
397.802,364.682,33.000,31.000
394.401,365.564,33.000,31.000
396.291,364.934,33.000,31.000
399.188,365.816,33.000,31.000
401.581,365.438,33.000,31.000
403.975,365.060,33.000,31.000
406.872,364.682,33.000,31.000
408.762,365.816,33.000,31.000
410.903,365.690,33.000,31.000
413.044,365.564,33.000,31.000
414.682,365.690,33.000,31.000
417.327,365.564,33.000,31.000
419.217,365.690,33.000,31.000
421.107,366.068,33.000,31.000
423.248,365.186,33.000,31.000
425.389,365.564,33.000,31.000
427.783,366.194,33.000,31.000
430.176,365.564,33.000,31.000
431.814,366.446,33.000,31.000
434.711,365.816,33.000,31.000
436.601,366.698,33.000,31.000
438.742,366.320,33.000,31.000
441.136,365.690,33.000,31.000
442.773,366.572,33.000,31.000
445.167,365.942,33.000,31.000
446.804,366.823,33.000,31.000
449.701,366.446,33.000,31.000
451.591,365.816,33.000,31.000
453.732,366.698,33.000,31.000
455.874,366.068,33.000,31.000
458.015,365.438,33.000,31.000
459.653,366.068,33.000,31.000
462.046,365.186,33.000,31.000
463.684,365.816,33.000,31.000
466.077,365.942,33.000,31.000
467.715,366.320,33.000,31.000
470.360,365.186,33.000,31.000
471.998,365.312,33.000,31.000
474.643,364.934,33.000,31.000
476.533,366.068,33.000,31.000
478.422,364.682,33.000,31.000
480.312,365.564,33.000,31.000
482.201,364.934,33.000,31.000
484.091,365.564,33.000,31.000
485.980,364.682,33.000,31.000
488.878,364.808,33.000,31.000
490.767,364.682,33.000,31.000
492.657,364.556,33.000,31.000
494.798,364.178,33.000,31.000
496.688,363.800,33.000,31.000
498.577,364.682,33.000,31.000
500.467,364.052,33.000,31.000
502.356,363.422,33.000,31.000
503.238,364.052,33.000,31.000
497.570,363.170,33.000,31.000
491.145,363.548,33.000,31.000
486.484,363.674,33.000,31.000
489.130,363.800,33.000,31.000
491.775,363.926,33.000,31.000
494.420,364.052,33.000,31.000
496.058,362.918,33.000,31.000
497.696,364.304,33.000,31.000
500.341,363.170,33.000,31.000
501.979,363.044,33.000,31.000
504.624,362.667,33.000,31.000
506.513,363.800,33.000,31.000
508.151,363.422,33.000,31.000
509.789,362.793,33.000,31.000
512.182,363.170,33.000,31.000
513.568,362.289,33.000,31.000
515.709,362.415,33.000,31.000
517.599,362.541,33.000,31.000
513.190,362.415,33.000,31.000
506.009,362.289,33.000,31.000
499.333,362.163,33.000,31.000
493.161,361.785,33.000,31.000
487.996,362.415,33.000,31.000
490.641,361.785,33.000,31.000
493.539,362.667,33.000,31.000
495.428,362.289,33.000,31.000
497.570,361.911,33.000,31.000
499.711,362.793,33.000,31.000
501.852,362.415,33.000,31.000
503.994,362.037,33.000,31.000
506.387,361.659,33.000,31.000
508.025,362.541,33.000,31.000
509.663,362.163,33.000,31.000
512.308,361.533,33.000,31.000
513.945,362.415,33.000,31.000
514.575,362.289,33.000,31.000
508.403,361.911,33.000,31.000
501.726,363.044,33.000,31.000
495.554,361.911,33.000,31.000
489.130,363.296,33.000,31.000
484.721,362.415,33.000,31.000
487.870,362.541,33.000,31.000
490.767,362.667,33.000,31.000
493.161,363.044,33.000,31.000
494.798,362.163,33.000,31.000
497.443,362.541,33.000,31.000
499.585,362.918,33.000,31.000
501.474,363.548,33.000,31.000
497.821,362.667,33.000,31.000
491.145,363.296,33.000,31.000
484.217,362.667,33.000,31.000
483.335,363.044,33.000,31.000
486.736,362.415,33.000,31.000
489.633,363.044,33.000,31.000
487.240,362.415,33.000,31.000
480.312,363.296,33.000,31.000
474.139,362.918,33.000,31.000
475.021,363.800,33.000,31.000
477.918,363.170,33.000,31.000
481.319,362.541,33.000,31.000
483.461,363.170,33.000,31.000
485.854,362.541,33.000,31.000
488.752,363.170,33.000,31.000
491.145,362.541,33.000,31.000
493.035,363.170,33.000,31.000
495.176,362.541,33.000,31.000
496.058,363.170,33.000,31.000
490.137,362.541,33.000,31.000
484.217,363.170,33.000,31.000
485.099,362.541,33.000,31.000
488.500,362.918,33.000,31.000
491.649,363.296,33.000,31.000
494.042,362.163,33.000,31.000
495.680,362.541,33.000,31.000
493.035,362.918,33.000,31.000
486.106,363.296,33.000,31.000
480.942,362.163,33.000,31.000
483.839,362.289,33.000,31.000
487.492,362.666,33.000,31.000
489.885,362.792,33.000,31.000
492.783,362.918,33.000,31.000
495.428,363.044,33.000,31.000
496.814,362.163,33.000,31.000
493.160,362.289,33.000,31.000
485.980,362.415,33.000,31.000
480.312,362.541,33.000,31.000
474.391,362.918,33.000,31.000
468.974,363.044,33.000,31.000
470.612,362.163,33.000,31.000
474.013,362.037,33.000,31.000
476.407,361.911,33.000,31.000
479.556,362.792,33.000,31.000
482.453,362.415,33.000,31.000
485.350,361.785,33.000,31.000
487.996,362.415,33.000,31.000
491.397,362.037,33.000,31.000
493.790,361.659,33.000,31.000
496.688,362.541,33.000,31.000
494.546,362.163,33.000,31.000
488.374,361.785,33.000,31.000
482.453,362.667,33.000,31.000
476.784,362.289,33.000,31.000
471.368,361.911,33.000,31.000
465.951,363.044,33.000,31.000
467.589,361.911,33.000,31.000
471.494,362.793,33.000,31.000
473.887,362.667,33.000,31.000
470.990,362.541,33.000,31.000
464.817,362.667,33.000,31.000
458.897,363.044,33.000,31.000
453.480,362.163,33.000,31.000
447.812,362.541,33.000,31.000
447.938,362.918,33.000,31.000
452.347,363.548,33.000,31.000
454.740,362.918,33.000,31.000
458.393,363.548,33.000,31.000
460.786,362.918,33.000,31.000
464.440,363.548,33.000,31.000
466.833,363.170,33.000,31.000
470.234,362.793,33.000,31.000
472.628,363.674,33.000,31.000
476.281,363.296,33.000,31.000
478.674,363.170,33.000,31.000
482.075,363.044,33.000,31.000
484.721,363.170,33.000,31.000
488.626,363.548,33.000,31.000
491.523,363.926,33.000,31.000
494.168,364.304,33.000,31.000
496.814,363.674,33.000,31.000
499.459,364.304,33.000,31.000
494.798,363.674,33.000,31.000
489.129,364.556,33.000,31.000
482.957,364.682,33.000,31.000
478.044,365.060,33.000,31.000
472.124,364.430,33.000,31.000
472.501,365.060,33.000,31.000
477.162,364.430,33.000,31.000
480.312,365.312,33.000,31.000
483.461,364.934,33.000,31.000
486.862,366.068,33.000,31.000
490.515,365.186,33.000,31.000
493.412,365.816,33.000,31.000
496.310,366.446,33.000,31.000
499.207,365.816,33.000,31.000
500.593,366.949,33.000,31.000
496.184,366.823,33.000,31.000
490.263,367.453,33.000,31.000
484.846,367.075,33.000,31.000
479.682,366.698,33.000,31.000
474.265,367.831,33.000,31.000
468.596,368.209,33.000,31.000
463.684,367.579,33.000,31.000
458.519,368.461,33.000,31.000
458.141,368.083,33.000,31.000
462.298,367.957,33.000,31.000
465.951,369.091,33.000,31.000
469.856,367.957,33.000,31.000
473.005,369.091,33.000,31.000
475.651,368.209,33.000,31.000
479.808,368.839,33.000,31.000
482.957,369.721,33.000,31.000
485.602,369.343,33.000,31.000
482.705,369.721,33.000,31.000
476.785,370.351,33.000,31.000
471.116,370.225,33.000,31.000
465.447,370.351,33.000,31.000
460.535,370.729,33.000,31.000
455.370,371.358,33.000,31.000
449.953,371.232,33.000,31.000
445.040,371.358,33.000,31.000
439.120,371.988,33.000,31.000
439.498,372.870,33.000,31.000
444.411,372.744,33.000,31.000
448.064,372.870,33.000,31.000
450.709,373.500,33.000,31.000
454.866,372.870,33.000,31.000
458.015,373.752,33.000,31.000
460.409,373.878,33.000,31.000
464.314,374.256,33.000,31.000
467.211,373.626,33.000,31.000
470.360,374.256,33.000,31.000
473.761,373.878,33.000,31.000
477.414,375.012,33.000,31.000
480.312,374.130,33.000,31.000
483.461,374.760,33.000,31.000
486.862,375.389,33.000,31.000
491.019,375.012,33.000,31.000
493.161,374.634,33.000,31.000
496.562,375.767,33.000,31.000
498.955,376.145,33.000,31.000
495.806,375.515,33.000,31.000
489.633,376.397,33.000,31.000
483.965,376.271,33.000,31.000
479.304,376.145,33.000,31.000
478.674,376.523,33.000,31.000
483.839,377.153,33.000,31.000
487.996,376.523,33.000,31.000
491.397,377.405,33.000,31.000
494.042,377.027,33.000,31.000
496.940,376.649,33.000,31.000
501.600,377.783,33.000,31.000
504.246,377.909,33.000,31.000
507.395,378.035,33.000,31.000
510.796,376.901,33.000,31.000
514.701,378.287,33.000,31.000
517.850,377.657,33.000,31.000
521.252,378.539,33.000,31.000
523.897,378.161,33.000,31.000
526.542,378.035,33.000,31.000
523.141,378.413,33.000,31.000
516.969,379.043,33.000,31.000
512.560,378.161,33.000,31.000
507.143,379.043,33.000,31.000
501.726,378.917,33.000,31.000
497.317,380.050,33.000,31.000
492.153,379.168,33.000,31.000
492.530,379.798,33.000,31.000
497.443,380.428,33.000,31.000
501.348,380.050,33.000,31.000
504.498,379.672,33.000,31.000
508.655,380.554,33.000,31.000
512.308,380.176,33.000,31.000
515.457,380.050,33.000,31.000
519.362,380.176,33.000,31.000
522.763,380.302,33.000,31.000
524.905,380.680,33.000,31.000
520.748,381.310,33.000,31.000
515.331,380.680,33.000,31.000
509.914,381.562,33.000,31.000
506.261,381.184,33.000,31.000
500.844,381.310,33.000,31.000
497.191,381.688,33.000,31.000
491.523,382.066,33.000,31.000
487.366,381.184,33.000,31.000
482.453,381.814,33.000,31.000
477.792,382.444,33.000,31.000
473.383,381.814,33.000,31.000
472.501,382.696,33.000,31.000
477.666,382.318,33.000,31.000
482.579,382.192,33.000,31.000
485.980,381.814,33.000,31.000
490.893,382.948,33.000,31.000
494.546,382.822,33.000,31.000
498.451,382.696,33.000,31.000
502.356,382.570,33.000,31.000
506.513,382.444,33.000,31.000
510.922,382.822,33.000,31.000
515.583,383.199,33.000,31.000
518.732,382.318,33.000,31.000
523.393,382.948,33.000,31.000
525.786,383.325,33.000,31.000
523.393,382.444,33.000,31.000
518.228,383.074,33.000,31.000
513.819,382.444,33.000,31.000
510.418,383.074,33.000,31.000
505.253,382.192,33.000,31.000
501.348,382.822,33.000,31.000
497.191,383.451,33.000,31.000
492.530,382.822,33.000,31.000
489.129,383.703,33.000,31.000
484.216,383.074,33.000,31.000
480.060,382.444,33.000,31.000
476.154,383.325,33.000,31.000
474.013,382.948,33.000,31.000
478.674,383.829,33.000,31.000
484.594,383.199,33.000,31.000
489.255,382.570,33.000,31.000
493.160,383.199,33.000,31.000
497.821,382.570,33.000,31.000
502.986,383.199,33.000,31.000
507.899,382.570,33.000,31.000
512.308,383.199,33.000,31.000
515.961,382.066,33.000,31.000
521.125,382.444,33.000,31.000
519.740,382.318,33.000,31.000
516.590,382.444,33.000,31.000
512.182,382.318,33.000,31.000
507.773,382.192,33.000,31.000
505.127,382.066,33.000,31.000
500.214,381.688,33.000,31.000
497.065,382.822,33.000,31.000
498.451,382.696,33.000,31.000
504.371,382.570,33.000,31.000
509.536,382.192,33.000,31.000
514.701,381.814,33.000,31.000
519.614,382.696,33.000,31.000
524.526,382.318,33.000,31.000
528.683,381.688,33.000,31.000
528.809,382.318,33.000,31.000
525.156,381.688,33.000,31.000
520.244,382.570,33.000,31.000
517.094,382.192,33.000,31.000
512.937,381.814,33.000,31.000
510.544,382.948,33.000,31.000
505.883,382.570,33.000,31.000
502.986,382.192,33.000,31.000
499.081,382.066,33.000,31.000
494.420,381.940,33.000,31.000
491.523,383.074,33.000,31.000
487.618,381.940,33.000,31.000
484.216,383.074,33.000,31.000
479.556,381.940,33.000,31.000
476.658,383.325,33.000,31.000
473.005,382.444,33.000,31.000
468.596,383.074,33.000,31.000
465.699,382.444,33.000,31.000
462.298,383.325,33.000,31.000
461.668,382.696,33.000,31.000
467.841,383.577,33.000,31.000
473.509,383.199,33.000,31.000
478.422,383.073,33.000,31.000
483.335,382.948,33.000,31.000
488.247,384.333,33.000,31.000
492.908,383.451,33.000,31.000
