53.000,286.000,54.000,28.000
55.391,284.247,54.000,28.000
59.694,285.044,54.000,28.000
64.316,284.247,54.000,28.000
68.300,284.725,54.000,28.000
72.284,285.522,54.000,28.000
76.906,285.044,54.000,28.000
82.485,283.928,54.000,28.000
86.469,285.681,54.000,28.000
90.772,285.203,54.000,28.000
95.713,284.406,54.000,28.000
100.016,285.203,54.000,28.000
104.000,284.725,54.000,28.000
108.303,285.522,54.000,28.000
112.925,285.044,54.000,28.000
118.185,285.203,54.000,28.000
121.850,285.362,54.000,28.000
127.110,285.203,54.000,28.000
130.457,285.362,54.000,28.000
135.397,285.522,54.000,28.000
139.700,285.681,54.000,28.000
144.004,285.841,54.000,28.000
147.669,286.319,54.000,28.000
153.566,285.203,54.000,28.000
157.232,285.362,54.000,28.000
161.216,285.841,54.000,28.000
165.201,286.319,54.000,28.000
169.823,285.203,54.000,28.000
174.444,285.681,54.000,28.000
178.429,286.159,54.000,28.000
183.051,285.362,54.000,28.000
186.716,285.841,54.000,28.000
192.295,286.637,54.000,28.000
195.641,285.841,54.000,28.000
200.263,286.637,54.000,28.000
204.248,285.841,54.000,28.000
208.232,286.637,54.000,28.000
212.854,286.159,54.000,28.000
218.113,285.681,54.000,28.000
221.460,286.478,54.000,28.000
225.763,286.000,54.000,28.000
230.704,286.797,54.000,28.000
234.688,286.637,54.000,28.000
238.992,286.797,54.000,28.000
243.295,286.637,54.000,28.000
247.279,286.478,54.000,28.000
251.582,286.637,54.000,28.000
255.886,286.797,54.000,28.000
260.826,286.637,54.000,28.000
264.811,286.478,54.000,28.000
269.114,286.319,54.000,28.000
272.779,285.522,54.000,28.000
277.401,286.319,54.000,28.000
281.386,285.522,54.000,28.000
285.689,286.000,54.000,28.000
290.311,286.478,54.000,28.000
293.976,285.044,54.000,28.000
298.917,285.203,54.000,28.000
302.901,284.725,54.000,28.000
306.886,285.522,54.000,28.000
311.189,285.044,54.000,28.000
314.855,283.609,54.000,28.000
320.807,284.676,52.848,27.403
324.394,283.584,52.848,27.403
329.854,282.804,52.848,27.403
335.001,282.960,52.848,27.403
340.460,283.116,52.848,27.403
345.919,283.272,52.848,27.403
348.883,283.428,52.848,27.403
352.782,282.336,52.848,27.403
333.911,284.461,54.018,28.009
360.217,290.678,54.018,28.009
382.280,334.532,55.213,28.629
380.487,341.213,55.213,28.629
380.325,342.028,55.213,28.629
379.836,342.843,55.213,28.629
379.999,342.680,55.213,28.629
379.184,342.191,55.213,28.629
379.347,342.028,55.213,28.629
379.184,342.843,55.213,28.629
378.695,343.332,55.213,28.629
379.836,342.191,55.213,28.629
379.673,342.354,55.213,28.629
379.510,342.191,55.213,28.629
379.347,342.680,55.213,28.629
379.184,343.169,55.213,28.629
379.021,343.657,55.213,28.629
379.184,342.517,55.213,28.629
379.021,342.680,55.213,28.629
379.184,342.843,55.213,28.629
379.347,342.680,55.213,28.629
379.184,342.191,55.213,28.629
379.347,341.702,55.213,28.629
378.567,342.569,56.434,29.262
379.067,342.735,56.434,29.262
379.566,342.569,56.434,29.262
377.387,342.764,57.683,29.910
378.578,341.572,57.683,29.910
378.117,342.124,58.959,30.571
375.479,343.411,60.264,31.248
377.435,340.743,60.264,31.248
376.190,341.988,60.264,31.248
377.080,342.877,60.264,31.248
376.190,341.632,60.264,31.248
377.080,342.521,60.264,31.248
376.190,341.276,60.264,31.248
377.080,342.521,60.264,31.248
376.190,341.276,60.264,31.248
377.080,342.521,60.264,31.248
376.546,341.276,60.264,31.248
376.064,342.592,61.597,31.939
376.973,341.319,61.597,31.939
374.594,342.663,62.960,32.646
375.895,340.991,62.960,32.646
375.709,342.663,62.960,32.646
375.523,341.362,62.960,32.646
374.966,341.920,62.960,32.646
376.266,342.106,62.960,32.646
374.594,342.663,62.960,32.646
375.895,340.619,62.960,32.646
374.234,342.379,64.353,33.368
374.508,340.630,65.777,34.106
371.967,342.066,67.232,34.861
372.253,341.886,68.720,35.632
372.456,341.277,68.720,35.632
351.160,340.263,68.720,35.632
329.864,394.416,68.720,35.632
320.737,347.565,68.720,35.632
319.317,345.739,68.720,35.632
320.030,344.293,70.240,36.421
317.335,346.573,70.240,36.421
318.493,344.235,71.794,37.227
316.586,346.142,71.794,37.227
318.493,343.811,71.794,37.227
317.010,346.142,71.794,37.227
318.070,344.235,71.794,37.227
316.163,346.142,71.794,37.227
318.070,344.235,71.794,37.227
316.163,346.142,71.794,37.227
318.070,344.235,71.794,37.227
316.163,346.142,71.794,37.227
318.070,343.811,71.794,37.227
316.586,346.142,71.794,37.227
318.493,343.811,71.794,37.227
317.434,346.142,71.794,37.227
318.917,344.235,71.794,37.227
316.163,346.142,71.794,37.227
317.347,343.751,73.382,38.050
314.965,346.134,73.382,38.050
316.625,343.691,75.006,38.892
314.632,345.683,75.006,38.892
316.625,343.691,75.006,38.892
315.075,345.683,75.006,38.892
316.182,344.133,75.006,38.892
315.518,343.912,75.006,38.892
316.182,345.462,75.006,38.892
315.960,343.912,75.006,38.892
316.625,345.019,75.006,38.892
315.518,344.797,75.006,38.892
316.625,343.691,75.006,38.892
315.075,345.683,75.006,38.892
316.625,343.691,75.006,38.892
315.075,345.683,75.006,38.892
316.625,344.133,75.006,38.892
315.960,343.912,75.006,38.892
316.625,345.462,75.006,38.892
316.846,343.912,75.006,38.892
314.854,345.904,75.006,38.892
316.846,343.912,75.006,38.892
314.854,345.904,75.006,38.892
316.846,343.912,75.006,38.892
315.296,345.904,75.006,38.892
316.403,344.355,75.006,38.892
315.296,344.576,75.006,38.892
316.846,343.469,75.006,38.892
315.296,345.462,75.006,38.892
316.846,343.469,75.006,38.892
314.854,345.019,75.006,38.892
316.846,343.469,75.006,38.892
314.854,345.019,75.006,38.892
316.846,343.912,75.006,38.892
314.854,345.904,75.006,38.892
316.846,343.912,75.006,38.892
314.854,345.904,75.006,38.892
308.741,344.785,76.666,39.753
245.213,351.623,78.362,40.632
239.431,356.480,78.362,40.632
234.965,360.109,80.096,41.531
232.838,364.128,80.096,41.531
231.706,362.933,81.868,42.450
231.881,361.289,80.122,41.545
232.963,359.681,78.413,40.659
234.022,359.891,76.741,39.792
235.495,360.534,75.104,38.943
236.603,362.086,75.104,38.943
239.042,361.864,75.104,38.943
234.387,360.756,75.104,38.943
235.495,361.864,75.104,38.943
236.160,361.199,75.104,38.943
233.278,359.204,75.104,38.943
236.002,360.260,73.503,38.113
237.954,361.779,73.503,38.113
240.775,362.863,73.503,38.113
234.785,360.416,75.129,38.956
235.007,359.751,75.129,38.956
237.731,360.380,73.527,38.125
234.042,358.427,73.527,38.125
235.127,360.380,73.527,38.125
235.778,359.295,73.527,38.125
234.740,361.800,75.154,38.969
234.518,358.917,75.154,38.969
234.837,362.858,76.817,39.831
233.703,361.271,76.817,39.831
234.030,363.888,78.516,40.712
230.997,361.755,80.253,41.613
228.881,358.100,82.029,42.533
230.234,290.564,83.844,43.475
227.017,284.873,83.844,43.475
228.254,282.646,83.844,43.475
227.017,284.378,83.844,43.475
229.581,283.172,82.056,42.547
227.401,284.383,82.056,42.547
228.612,285.110,82.056,42.547
229.338,283.414,82.056,42.547
227.159,284.625,82.056,42.547
228.370,285.352,82.056,42.547
229.096,283.656,82.056,42.547
226.917,284.867,82.056,42.547
227.643,283.172,82.056,42.547
176.232,284.963,83.871,43.489
154.696,257.486,83.871,43.489
152.966,257.234,82.083,42.561
156.877,257.454,80.332,41.654
161.161,257.670,78.619,40.765
166.249,258.328,76.943,39.896
171.228,258.097,75.302,39.045
175.672,257.871,73.696,38.213
180.441,258.907,72.124,37.398
184.912,258.268,72.124,37.398
189.382,258.907,72.124,37.398
194.049,257.870,70.586,36.600
198.617,258.059,69.081,35.820
202.899,258.263,69.081,35.820
207.180,258.059,69.081,35.820
211.651,258.245,67.608,35.056
215.841,257.646,67.608,35.056
219.233,258.245,67.608,35.056
223.423,256.848,67.608,35.056
227.215,258.245,67.608,35.056
231.405,256.449,67.608,35.056
235.196,257.446,67.608,35.056
238.987,256.848,67.608,35.056
242.779,257.446,67.608,35.056
246.969,256.449,67.608,35.056
250.760,256.648,67.608,35.056
254.551,256.848,67.608,35.056
259.141,256.648,67.608,35.056
262.533,256.449,67.608,35.056
266.723,256.249,67.608,35.056
270.714,256.046,66.166,34.308
275.205,256.241,66.166,34.308
278.915,256.046,66.166,34.308
283.016,256.241,66.166,34.308
286.336,256.046,66.166,34.308
290.047,255.851,66.166,34.308
293.757,255.655,66.166,34.308
298.415,256.209,64.755,33.577
302.974,256.752,63.374,32.861
306.902,256.191,63.374,32.861
310.830,257.126,63.374,32.861
314.758,256.191,63.374,32.861
318.311,256.752,63.374,32.861
322.613,255.816,63.374,32.861
326.167,256.004,63.374,32.861
330.095,256.565,63.374,32.861
334.023,257.126,63.374,32.861
337.951,255.816,63.374,32.861
341.505,256.004,63.374,32.861
345.058,256.191,63.374,32.861
348.986,256.378,63.374,32.861
352.914,256.191,63.374,32.861
356.842,256.004,63.374,32.861
360.396,255.816,63.374,32.861
363.950,255.255,63.374,32.861
367.504,256.191,63.374,32.861
371.057,255.255,63.374,32.861
374.985,255.816,63.374,32.861
378.913,254.881,63.374,32.861
382.467,255.442,63.374,32.861
385.647,255.629,63.374,32.861
389.574,254.320,63.374,32.861
393.128,255.629,63.374,32.861
397.056,254.320,63.374,32.861
400.610,255.629,63.374,32.861
404.164,253.946,63.374,32.861
408.092,254.881,63.374,32.861
412.020,254.320,63.374,32.861
415.573,255.255,63.374,32.861
419.127,254.320,63.374,32.861
423.055,255.255,63.374,32.861
426.983,254.320,63.374,32.861
430.537,254.881,63.374,32.861
434.091,253.946,63.374,32.861
438.018,254.507,63.374,32.861
441.946,255.068,63.374,32.861
445.500,254.133,63.374,32.861
449.054,254.694,63.374,32.861
453.356,253.385,63.374,32.861
432.594,256.191,63.374,32.861
417.818,282.189,63.374,32.861
414.264,283.873,63.374,32.861
412.236,284.043,62.023,32.160
412.368,283.504,60.700,31.474
412.905,284.041,60.700,31.474
412.343,283.859,59.406,30.803
411.817,284.034,59.406,30.803
412.694,284.560,59.406,30.803
412.869,285.086,59.406,30.803
412.343,284.209,59.406,30.803
412.519,284.735,59.406,30.803
412.343,284.209,59.406,30.803
412.168,284.385,59.406,30.803
413.045,284.560,59.406,30.803
413.220,284.735,59.406,30.803
413.045,283.859,59.406,30.803
413.220,284.034,59.406,30.803
413.045,283.859,59.406,30.803
412.519,284.034,59.406,30.803
411.993,283.859,59.406,30.803
412.869,284.034,59.406,30.803
413.045,284.209,59.406,30.803
412.869,284.385,59.406,30.803
412.694,284.209,59.406,30.803
412.168,284.034,59.406,30.803
413.045,284.209,59.406,30.803
412.519,283.683,59.406,30.803
411.993,283.157,59.406,30.803
412.869,284.385,59.406,30.803
412.343,284.209,59.406,30.803
411.467,283.683,59.406,30.803
412.343,283.859,59.406,30.803
412.168,284.034,59.406,30.803
413.045,284.209,59.406,30.803
412.869,284.385,59.406,30.803
412.694,284.560,59.406,30.803
412.869,284.735,59.406,30.803
411.993,283.508,59.406,30.803
412.869,284.735,59.406,30.803
412.343,283.508,59.406,30.803
413.146,284.343,58.139,30.146
412.974,284.172,58.139,30.146
412.803,284.343,58.139,30.146
413.661,284.172,58.139,30.146
413.832,284.343,58.139,30.146
414.004,284.858,58.139,30.146
413.146,285.030,58.139,30.146
413.317,284.172,58.139,30.146
414.433,285.320,56.899,29.503
415.526,285.797,55.685,28.874
415.690,286.618,55.685,28.874
415.175,286.768,54.498,28.258
415.979,287.250,54.498,28.258
417.025,288.017,53.336,27.656
417.498,289.119,53.336,27.656
416.396,289.276,53.336,27.656
415.609,288.174,53.336,27.656
411.988,263.775,53.336,27.656
414.979,263.932,53.336,27.656
419.341,264.379,52.198,27.066
424.204,264.816,51.085,26.489
427.973,264.062,51.085,26.489
432.044,264.816,51.085,26.489
437.966,264.081,49.996,25.924
443.130,263.934,49.996,25.924
446.229,265.557,49.996,25.924
450.213,265.704,49.996,25.924
454.197,266.147,49.996,25.924
458.181,265.409,49.996,25.924
462.460,266.442,49.996,25.924
466.739,265.999,49.996,25.924
471.019,267.032,49.996,25.924
475.003,267.180,49.996,25.924
479.282,266.147,49.996,25.924
483.856,266.294,49.996,25.924
488.725,266.442,49.996,25.924
493.300,267.180,49.996,25.924
497.874,266.442,49.996,25.924
502.743,267.475,49.996,25.924
507.318,267.918,49.996,25.924
511.007,268.655,49.996,25.924
491.381,270.869,49.996,25.924
452.279,277.509,49.996,25.924
442.998,275.367,48.930,25.371
441.989,273.550,47.886,24.830
441.282,272.278,47.886,24.830
447.359,277.225,47.886,24.830
452.638,275.991,46.865,24.300
454.159,275.299,46.865,24.300
453.992,276.492,45.866,23.782
455.395,275.571,44.888,23.275
455.792,276.234,44.888,23.275
454.865,276.631,44.888,23.275
454.732,275.704,44.888,23.275
456.455,280.075,44.888,23.275
454.996,278.856,45.881,23.790
449.571,281.262,46.896,24.316
448.604,282.188,45.896,23.798
447.674,283.471,46.911,24.324
436.957,281.334,47.949,24.862
434.518,280.032,49.010,25.413
432.325,279.000,50.094,25.975
430.994,278.261,50.094,25.975
430.255,277.522,50.094,25.975
430.931,278.511,49.026,25.421
431.873,279.480,47.981,24.879
432.248,280.154,46.957,24.348
432.615,280.547,45.956,23.829
430.309,280.141,45.956,23.829
428.546,280.005,45.956,23.829
427.325,280.141,45.956,23.829
425.550,280.018,46.973,24.356
386.627,267.810,48.012,24.895
361.545,273.336,48.012,24.895
363.808,278.795,49.074,25.446
348.600,280.967,49.074,25.446
343.820,282.850,49.074,25.446
342.806,283.285,49.074,25.446
340.677,289.559,48.028,24.903
334.116,292.078,49.090,25.454
336.289,292.802,49.090,25.454
336.498,291.468,50.176,26.017
337.325,290.412,51.287,26.593
335.973,291.531,52.421,27.181
334.911,291.712,53.581,27.783
335.139,292.882,54.767,28.397
333.359,294.412,55.978,29.026
332.226,292.891,57.217,29.668
331.768,292.738,58.483,30.324
329.867,292.582,59.777,30.995
327.925,292.422,61.099,31.681
326.314,291.884,62.451,32.382
324.667,292.100,63.833,33.098
322.592,292.711,65.245,33.831
320.472,292.936,66.689,34.579
316.671,293.575,68.164,35.344
313.204,295.480,69.672,36.126
308.379,298.707,71.214,36.926
297.779,356.521,72.789,37.743
296.275,362.321,72.789,37.743
294.341,363.825,72.789,37.743
296.705,363.610,72.789,37.743
294.341,363.825,72.789,37.743
296.705,364.470,72.789,37.743
296.445,363.837,71.237,36.938
294.553,364.888,71.237,36.938
297.286,364.257,71.237,36.938
297.917,363.206,71.237,36.938
295.604,363.837,71.237,36.938
297.917,363.626,71.237,36.938
295.184,364.678,71.237,36.938
297.917,363.626,71.237,36.938
295.604,364.257,71.237,36.938
298.338,363.626,71.237,36.938
296.445,364.257,71.237,36.938
298.338,363.206,71.237,36.938
296.025,363.837,71.237,36.938
297.076,364.467,71.237,36.938
297.707,363.416,71.237,36.938
297.917,362.785,71.237,36.938
295.604,363.837,71.237,36.938
297.917,363.626,71.237,36.938
295.604,363.837,71.237,36.938
297.917,363.206,71.237,36.938
296.025,363.837,71.237,36.938
297.917,363.626,71.237,36.938
296.025,364.257,71.237,36.938
298.338,363.206,71.237,36.938
296.445,363.837,71.237,36.938
298.338,363.626,71.237,36.938
297.286,363.837,71.237,36.938
295.815,364.467,71.237,36.938
298.548,363.416,71.237,36.938
296.235,364.047,71.237,36.938
298.127,362.996,71.237,36.938
295.394,364.467,71.237,36.938
297.707,363.416,71.237,36.938
296.235,364.047,71.237,36.938
298.548,362.575,71.237,36.938
295.815,364.047,71.237,36.938
298.548,362.996,71.237,36.938
295.815,364.467,71.237,36.938
298.127,363.416,71.237,36.938
295.394,364.467,71.237,36.938
298.127,363.416,71.237,36.938
295.815,364.467,71.237,36.938
298.548,363.416,71.237,36.938
296.656,364.047,71.237,36.938
293.502,363.416,71.237,36.938
248.719,359.421,71.237,36.938
306.172,354.432,72.813,37.755
311.713,350.485,71.261,36.950
311.923,349.433,71.261,36.950
311.292,349.643,71.261,36.950
311.923,348.592,71.261,36.950
310.872,349.223,71.261,36.950
311.082,349.013,71.261,36.950
311.292,349.223,71.261,36.950
311.503,349.433,71.261,36.950
310.030,350.064,71.261,36.950
311.082,348.592,71.261,36.950
310.872,349.223,71.261,36.950
310.661,349.433,71.261,36.950
310.451,349.643,71.261,36.950
310.241,348.592,71.261,36.950
310.872,348.802,71.261,36.950
310.661,349.013,71.261,36.950
310.451,349.223,71.261,36.950
309.820,350.274,71.261,36.950
310.451,349.223,71.261,36.950
310.241,349.854,71.261,36.950
310.872,348.802,71.261,36.950
311.082,348.592,71.261,36.950
311.292,348.802,71.261,36.950
311.502,349.013,71.261,36.950
310.030,350.064,71.261,36.950
310.661,349.013,71.261,36.950
310.451,349.643,71.261,36.950
310.661,348.592,71.261,36.950
310.451,349.643,71.261,36.950
310.661,348.592,71.261,36.950
310.872,349.223,71.261,36.950
310.661,350.274,71.261,36.950
310.872,349.223,71.261,36.950
310.661,350.274,71.261,36.950
310.451,349.643,71.261,36.950
310.661,348.592,71.261,36.950
310.872,349.223,71.261,36.950
310.661,349.854,71.261,36.950
310.872,348.802,71.261,36.950
310.661,349.433,71.261,36.950
310.451,350.064,71.261,36.950
310.241,349.012,71.261,36.950
310.872,349.223,71.261,36.950
310.661,349.854,71.261,36.950
310.872,348.802,71.261,36.950
310.661,349.433,71.261,36.950
310.872,349.643,71.261,36.950
311.082,348.592,71.261,36.950
310.872,349.223,71.261,36.950
310.661,349.854,71.261,36.950
310.872,348.802,71.261,36.950
311.082,349.012,71.261,36.950
310.872,349.643,71.261,36.950
310.661,348.592,71.261,36.950
310.030,349.643,71.261,36.950
310.661,348.592,71.261,36.950
310.451,349.223,71.261,36.950
310.241,349.433,71.261,36.950
310.871,349.643,71.261,36.950
310.661,348.592,71.261,36.950
310.451,348.802,71.261,36.950
309.820,349.433,71.261,36.950
310.451,349.643,71.261,36.950
310.241,348.592,71.261,36.950
310.871,348.802,71.261,36.950
310.661,349.012,71.261,36.950
310.451,349.643,71.261,36.950
310.661,348.592,71.261,36.950
309.610,349.643,71.261,36.950
273.645,350.695,71.261,36.950
290.260,398.017,71.261,36.950
287.105,400.330,71.261,36.950
284.792,398.858,71.261,36.950
282.058,401.171,71.261,36.950
283.951,399.279,71.261,36.950
281.217,402.433,71.261,36.950
282.392,400.061,72.837,37.767
278.241,400.758,74.449,38.603
277.142,400.099,74.449,38.603
275.179,399.444,76.096,39.457
271.774,399.707,77.779,40.330
274.299,399.018,77.779,40.330
270.342,398.334,79.500,41.222
272.923,399.976,79.500,41.222
270.342,399.272,79.500,41.222
272.923,398.099,79.500,41.222
268.392,398.373,81.259,42.134
270.551,397.174,81.259,42.134
265.920,399.445,83.057,43.067
268.616,397.729,83.057,43.067
267.390,398.464,83.057,43.067
269.597,396.748,83.057,43.067
265.919,399.935,83.057,43.067
263.729,397.679,84.895,44.020
266.986,395.925,84.895,44.020
263.188,397.777,86.773,44.993
264.980,395.985,86.773,44.993
261.098,397.878,88.693,45.989
258.759,394.925,90.655,47.006
258.491,397.333,90.655,47.006
261.434,394.925,90.655,47.006
257.933,395.793,92.661,48.046
254.354,395.545,94.711,49.109
257.429,393.029,94.711,49.109
252.611,392.776,96.807,50.196
255.183,393.633,96.807,50.196
251.444,392.782,98.948,51.307
250.046,392.517,101.138,52.442
247.379,391.008,103.375,53.602
247.684,391.313,103.375,53.602
247.379,391.008,103.375,53.602
248.905,391.923,103.375,53.602
247.989,392.228,103.375,53.602
245.263,389.419,105.663,54.788
247.006,389.784,108.000,56.000
245.412,390.740,108.000,56.000
243.818,391.059,108.000,56.000
245.412,388.828,108.000,56.000
244.456,391.059,108.000,56.000
244.137,388.828,108.000,56.000
246.368,391.059,108.000,56.000
244.137,389.465,108.000,56.000
246.368,390.422,108.000,56.000
244.775,390.740,108.000,56.000
243.818,389.147,108.000,56.000
246.687,390.103,108.000,56.000
244.456,390.422,108.000,56.000
243.500,389.465,108.000,56.000
247.006,390.422,108.000,56.000
244.775,390.103,108.000,56.000
243.818,389.147,108.000,56.000
246.687,390.103,108.000,56.000
244.456,390.422,108.000,56.000
243.500,388.828,108.000,56.000
245.731,390.422,108.000,56.000
244.137,390.740,108.000,56.000
243.181,389.147,108.000,56.000
246.050,390.103,108.000,56.000
243.818,390.422,108.000,56.000
245.412,388.828,108.000,56.000
243.818,390.422,108.000,56.000
246.050,388.828,108.000,56.000
245.093,390.422,108.000,56.000
243.500,389.465,108.000,56.000
246.368,389.784,108.000,56.000
245.412,390.740,108.000,56.000
243.818,389.147,108.000,56.000
246.687,389.465,108.000,56.000
239.356,389.784,108.000,56.000
250.512,404.128,108.000,56.000
234.256,348.346,108.000,56.000
230.750,344.203,108.000,56.000
227.901,345.898,110.390,57.239
225.666,344.251,112.832,58.506
224.763,344.640,115.329,59.800
224.547,342.213,117.880,61.123
222.111,345.344,117.880,61.123
221.890,343.585,120.488,62.475
219.451,344.738,123.154,63.858
217.711,345.163,125.879,65.271
218.246,344.827,128.664,66.715
216.347,342.928,128.664,66.715
217.486,344.067,128.664,66.715
216.347,344.447,128.664,66.715
217.486,343.308,128.664,66.715
216.347,345.206,128.664,66.715
217.486,342.548,128.664,66.715
216.347,345.206,128.664,66.715
218.246,342.548,128.664,66.715
215.588,345.206,128.664,66.715
218.246,342.548,128.664,66.715
215.588,345.206,128.664,66.715
218.246,342.548,128.664,66.715
216.347,345.206,128.664,66.715
218.246,341.789,128.664,66.715
217.788,343.598,125.920,65.292
219.646,342.483,125.920,65.292
215.554,344.460,128.706,66.737
218.213,341.801,128.706,66.737
217.755,343.611,125.962,65.313
219.613,341.752,125.962,65.313
217.755,344.354,125.962,65.313
219.061,340.932,128.748,66.758
217.161,344.352,128.748,66.758
216.021,341.692,128.748,66.758
218.681,343.592,128.748,66.758
216.781,341.692,128.748,66.758
219.253,342.770,126.003,65.335
219.521,343.825,123.316,63.942
221.888,342.051,120.686,62.578
222.145,344.435,118.112,61.243
224.412,342.064,115.594,59.937
224.071,344.452,115.594,59.937
225.095,342.747,115.594,59.937
225.998,345.030,113.129,58.659
226.883,343.403,110.716,57.408
226.556,345.036,110.716,57.408
228.843,344.056,110.716,57.408
227.189,345.613,108.355,56.184
230.068,343.374,108.355,56.184
227.829,346.253,108.355,56.184
230.068,343.374,108.355,56.184
227.829,346.253,108.355,56.184
230.068,343.374,108.355,56.184
227.829,346.253,108.355,56.184
230.068,343.374,108.355,56.184
227.189,346.253,108.355,56.184
230.068,343.374,108.355,56.184
227.189,346.253,108.355,56.184
230.707,343.374,108.355,56.184
229.088,345.515,106.044,54.986
230.653,342.698,106.044,54.986
229.672,345.999,103.783,53.813
233.042,343.242,103.783,53.813
230.285,345.999,103.783,53.813
234.639,343.325,101.570,52.666
231.941,345.424,101.570,52.666
236.202,343.963,99.404,51.543
233.562,346.017,99.404,51.543
232.682,346.310,99.404,51.543
202.354,344.314,97.284,50.443
216.423,381.928,97.284,50.443
215.644,384.051,99.436,51.560
216.422,385.449,97.316,50.460
213.837,385.162,97.316,50.460
214.124,384.875,97.316,50.460
214.986,384.587,97.316,50.460
215.847,385.449,97.316,50.460
213.837,385.162,97.316,50.460
213.550,384.875,97.316,50.460
213.837,384.013,97.316,50.460
215.273,384.875,97.316,50.460
213.262,384.013,97.316,50.460
215.273,384.875,97.316,50.460
213.262,383.438,97.316,50.460
213.080,384.370,99.469,51.576
212.786,384.077,99.469,51.576
211.990,385.029,101.670,52.718
211.628,383.567,99.501,51.593
211.442,384.519,101.703,52.735
212.237,384.214,99.534,51.610
212.449,383.348,97.412,50.510
212.266,384.281,99.567,51.627
212.478,383.415,97.443,50.526
213.916,384.853,97.443,50.526
213.053,384.565,97.443,50.526
215.066,385.428,97.443,50.526
213.053,384.565,97.443,50.526
215.066,385.428,97.443,50.526
213.628,383.990,97.443,50.526
214.491,384.853,97.443,50.526
213.053,383.415,97.443,50.526
211.677,384.348,99.599,51.644
212.100,384.082,101.803,52.787
211.909,385.056,104.055,53.955
210.354,384.744,101.836,52.804
211.410,385.095,104.090,53.972
209.263,385.374,101.870,52.821
212.378,383.909,99.697,51.695
210.359,384.864,101.903,52.839
210.792,385.215,104.158,54.008
208.643,385.495,101.937,52.856
211.760,384.028,99.763,51.729
211.573,384.373,101.970,52.873
209.508,385.349,104.226,54.043
209.313,385.070,106.532,55.239
209.627,384.756,106.532,55.239
209.941,384.441,106.532,55.239
210.256,384.127,106.532,55.239
211.199,385.070,106.532,55.239
211.514,384.756,106.532,55.239
211.828,384.441,106.532,55.239
212.055,382.909,104.260,54.061
211.747,384.447,104.260,54.061
212.828,385.446,106.567,55.257
212.449,382.700,104.294,54.079
211.525,383.624,104.294,54.079
212.607,384.622,106.602,55.275
213.551,383.049,106.602,55.275
217.641,383.993,106.602,55.275
229.282,384.308,106.602,55.275
240.294,383.364,106.602,55.275
245.014,381.791,106.602,55.275
250.992,380.847,106.602,55.275
250.677,380.532,106.602,55.275
254.767,378.959,106.602,55.275
260.116,375.498,106.602,55.275
264.486,370.643,108.961,56.498
275.741,328.515,108.961,56.498
275.420,324.978,108.961,56.498
275.741,325.943,108.961,56.498
276.706,326.907,108.961,56.498
262.234,327.872,108.961,56.498
197.994,397.596,106.637,55.293
195.188,399.096,104.363,54.114
196.112,400.020,104.363,54.114
193.956,399.096,104.363,54.114
196.112,401.252,104.363,54.114
192.771,398.563,102.137,52.960
194.732,401.162,99.959,51.831
194.376,401.430,97.828,50.725
195.242,402.296,97.828,50.725
196.563,401.446,95.741,49.644
196.846,402.293,95.741,49.644
195.416,402.006,93.700,48.585
197.748,402.790,91.701,47.549
197.943,404.080,89.746,46.535
198.737,403.285,89.746,46.535
198.472,403.550,89.746,46.535
199.267,402.755,89.746,46.535
199.969,405.039,87.832,45.543
200.228,404.780,87.832,45.543
199.915,405.515,85.959,44.571
201.184,404.754,85.959,44.571
200.878,405.963,84.126,43.621
201.622,405.714,84.126,43.621
201.871,405.466,84.126,43.621
201.093,406.171,82.332,42.691
201.336,404.956,82.332,42.691
201.579,406.171,82.332,42.691
200.850,404.956,82.332,42.691
201.579,405.685,82.332,42.691
201.336,406.414,82.332,42.691
200.607,405.199,82.332,42.691
203.124,405.420,80.576,41.780
201.935,406.609,80.576,41.780
202.173,406.846,80.576,41.780
202.410,406.609,80.576,41.780
203.124,406.371,80.576,41.780
202.410,406.133,80.576,41.780
203.124,405.895,80.576,41.780
201.935,406.133,80.576,41.780
202.648,405.895,80.576,41.780
202.886,406.609,80.576,41.780
201.697,405.895,80.576,41.780
203.362,406.133,80.576,41.780
202.173,405.420,80.576,41.780
202.411,405.657,80.576,41.780
202.648,405.895,80.576,41.780
202.411,406.609,80.576,41.780
202.173,406.846,80.576,41.780
201.935,407.084,80.576,41.780
201.697,407.322,80.576,41.780
203.362,405.657,80.576,41.780
202.648,406.846,80.576,41.780
202.411,406.609,80.576,41.780
202.648,406.371,80.576,41.780
202.886,406.609,80.576,41.780
201.697,406.846,80.576,41.780
203.362,406.133,80.576,41.780
202.173,405.895,80.576,41.780
202.411,406.609,80.576,41.780
202.648,406.371,80.576,41.780
202.886,406.609,80.576,41.780
202.173,406.846,80.576,41.780
202.411,407.084,80.576,41.780
202.648,407.322,80.576,41.780
202.411,405.657,80.576,41.780
203.124,406.847,80.576,41.780
202.411,406.609,80.576,41.780
203.124,406.371,80.576,41.780
202.411,406.609,80.576,41.780
202.648,406.847,80.576,41.780
203.362,407.084,80.576,41.780
202.648,407.322,80.576,41.780
202.411,405.657,80.576,41.780
203.124,406.371,80.576,41.780
185.288,407.560,80.576,41.780
189.331,394.005,80.576,41.780
194.325,393.291,80.576,41.780
193.611,393.053,80.576,41.780
192.422,393.767,80.576,41.780
191.709,393.053,80.576,41.780
190.996,393.767,80.576,41.780
190.758,393.053,80.576,41.780
190.520,393.767,80.576,41.780
191.709,393.053,80.576,41.780
191.471,393.767,80.576,41.780
191.709,393.053,80.576,41.780
191.471,393.767,80.576,41.780
191.233,393.529,80.576,41.780
190.996,393.291,80.576,41.780
190.282,392.578,80.576,41.780
190.044,393.291,80.576,41.780
191.233,393.053,80.576,41.780
190.520,393.767,80.576,41.780
191.709,393.529,80.576,41.780
193.374,393.291,80.576,41.780
191.709,392.578,80.576,41.780
190.520,393.291,80.576,41.780
191.709,393.053,80.576,41.780
191.947,394.242,80.576,41.780
191.709,392.578,80.576,41.780
190.520,393.291,80.576,41.780
191.233,393.529,80.576,41.780
190.520,393.291,80.576,41.780
191.709,393.053,80.576,41.780
190.996,393.767,80.576,41.780
191.233,393.529,80.576,41.780
190.996,392.816,80.576,41.780
189.331,393.529,80.576,41.780
190.996,393.291,80.576,41.780
191.233,392.578,80.576,41.780
189.569,393.291,80.576,41.780
189.806,393.053,80.576,41.780
188.617,393.767,80.576,41.780
190.758,393.529,80.576,41.780
190.044,392.815,80.576,41.780
188.855,393.529,80.576,41.780
188.617,392.815,80.576,41.780
189.806,393.529,80.576,41.780
189.093,393.291,80.576,41.780
189.806,392.578,80.576,41.780
188.617,393.291,80.576,41.780
191.233,393.053,80.576,41.780
189.569,393.767,80.576,41.780
189.331,393.053,80.576,41.780
188.142,393.767,80.576,41.780
190.282,393.529,80.576,41.780
190.044,393.291,80.576,41.780
189.331,393.053,80.576,41.780
188.617,393.767,80.576,41.780
191.233,393.529,80.576,41.780
190.044,392.815,80.576,41.780
189.331,393.529,80.576,41.780
190.996,393.291,80.576,41.780
190.758,392.578,80.576,41.780
189.569,393.291,80.576,41.780
190.282,392.578,80.576,41.780
189.569,393.291,80.576,41.780
190.758,393.053,80.576,41.780
190.044,393.767,80.576,41.780
190.282,393.529,80.576,41.780
190.044,393.291,80.576,41.780
190.758,393.053,80.576,41.780
190.996,393.767,80.576,41.780
192.185,393.529,80.576,41.780
192.422,392.815,80.576,41.780
191.709,393.529,80.576,41.780
191.471,393.291,80.576,41.780
191.709,393.053,80.576,41.780
190.996,393.767,80.576,41.780
