628.000,341.000,13.000,15.000
626.623,341.386,13.000,15.000
625.246,342.212,13.000,15.000
622.437,342.597,13.000,15.000
620.288,343.424,13.000,15.000
617.920,343.699,13.000,15.000
616.653,344.195,13.000,15.000
613.954,343.919,13.000,15.000
611.916,344.966,13.000,15.000
609.657,345.572,13.000,15.000
607.179,345.186,13.000,15.000
604.700,344.911,13.000,15.000
603.213,345.957,13.000,15.000
600.403,346.563,13.000,15.000
598.255,346.178,13.000,15.000
595.776,346.233,13.000,15.000
594.620,346.508,13.000,15.000
592.141,347.114,13.000,15.000
589.552,346.949,13.000,15.000
587.955,347.996,13.000,15.000
585.916,348.491,13.000,15.000
583.878,348.106,13.000,15.000
581.840,348.271,13.000,15.000
579.802,348.436,13.000,15.000
577.654,348.932,13.000,15.000
575.506,349.648,13.000,15.000
573.468,349.813,13.000,15.000
571.430,349.979,13.000,15.000
569.612,350.254,13.000,15.000
568.125,349.648,13.000,15.000
565.646,350.254,13.000,15.000
564.599,349.758,13.000,15.000
562.671,350.584,13.000,15.000
561.515,350.309,13.000,15.000
559.366,350.254,13.000,15.000
558.210,350.860,13.000,15.000
555.841,351.135,13.000,15.000
555.235,350.419,13.000,15.000
553.527,350.805,13.000,15.000
552.481,351.301,13.000,15.000
551.324,350.805,13.000,15.000
550.167,351.521,13.000,15.000
548.901,351.135,13.000,15.000
548.074,350.529,13.000,15.000
546.807,351.025,13.000,15.000
546.312,350.419,13.000,15.000
545.265,350.915,13.000,15.000
544.549,351.080,13.000,15.000
544.053,350.144,13.000,15.000
543.117,350.309,13.000,15.000
542.511,350.364,13.000,15.000
542.015,349.868,13.000,15.000
541.299,350.474,13.000,15.000
541.795,349.648,13.000,15.000
541.409,349.373,13.000,15.000
540.803,348.987,13.000,15.000
541.299,349.593,13.000,15.000
540.473,348.657,13.000,15.000
540.198,348.271,13.000,15.000
539.702,347.555,13.000,15.000
540.308,347.500,13.000,15.000
539.592,347.004,13.000,15.000
540.087,346.178,13.000,15.000
539.261,346.013,13.000,15.000
539.426,345.407,13.000,15.000
538.931,345.352,13.000,15.000
539.426,344.966,13.000,15.000
538.820,345.352,13.000,15.000
539.426,344.195,13.000,15.000
538.710,343.699,13.000,15.000
539.096,343.975,13.000,15.000
538.159,343.699,13.000,15.000
538.215,343.093,13.000,15.000
537.829,342.267,13.000,15.000
538.435,341.771,13.000,15.000
537.829,341.936,13.000,15.000
538.215,341.661,13.000,15.000
537.388,341.055,13.000,15.000
537.774,340.119,13.000,15.000
538.049,339.623,13.000,15.000
537.003,340.009,13.000,15.000
536.397,338.852,13.000,15.000
537.113,339.348,13.000,15.000
536.397,338.521,13.000,15.000
536.893,338.136,13.000,15.000
537.498,337.420,13.000,15.000
536.782,337.254,13.000,15.000
537.388,336.648,13.000,15.000
536.672,336.704,13.000,15.000
537.058,336.428,13.000,15.000
536.011,335.932,13.000,15.000
535.626,336.098,13.000,15.000
536.232,334.831,13.000,15.000
535.515,335.216,13.000,15.000
536.011,334.170,13.000,15.000
535.295,333.674,13.000,15.000
535.791,333.949,13.000,15.000
536.397,333.784,13.000,15.000
535.681,333.178,13.000,15.000
536.397,332.242,13.000,15.000
535.681,331.636,13.000,15.000
536.287,332.132,13.000,15.000
535.681,331.195,13.000,15.000
536.287,330.699,13.000,15.000
535.570,330.865,13.000,15.000
536.066,330.699,13.000,15.000
535.350,330.314,13.000,15.000
536.176,329.598,13.000,15.000
535.570,329.873,13.000,15.000
536.176,329.708,13.000,15.000
535.570,329.433,13.000,15.000
536.176,328.717,13.000,15.000
535.570,328.772,13.000,15.000
536.066,328.496,13.000,15.000
535.570,328.000,13.000,15.000
536.066,327.174,13.000,15.000
535.460,327.339,13.000,15.000
535.846,326.954,13.000,15.000
536.342,327.339,13.000,15.000
535.515,326.513,13.000,15.000
535.791,326.238,13.000,15.000
535.956,325.522,13.000,15.000
535.901,325.467,13.000,15.000
535.405,325.191,13.000,15.000
534.689,324.475,13.000,15.000
535.075,324.090,13.000,15.000
533.918,323.484,13.000,15.000
534.193,323.759,13.000,15.000
533.037,323.484,13.000,15.000
532.100,322.878,13.000,15.000
531.494,323.153,13.000,15.000
531.219,321.996,13.000,15.000
530.283,322.492,13.000,15.000
529.677,321.666,13.000,15.000
529.291,321.391,13.000,15.000
528.355,320.785,13.000,15.000
527.418,320.950,13.000,15.000
526.372,320.564,13.000,15.000
525.435,319.958,13.000,15.000
524.389,320.564,13.000,15.000
523.232,319.628,13.000,15.000
522.075,319.463,13.000,15.000
520.698,319.077,13.000,15.000
519.762,318.581,13.000,15.000
518.715,318.967,13.000,15.000
517.558,319.242,13.000,15.000
515.851,318.526,13.000,15.000
514.914,318.691,13.000,15.000
513.648,318.747,13.000,15.000
511.609,318.691,13.000,15.000
510.453,318.636,13.000,15.000
508.415,318.691,13.000,15.000
507.148,318.747,13.000,15.000
505.000,318.912,13.000,15.000
504.173,319.297,13.000,15.000
501.805,318.581,13.000,15.000
500.868,318.967,13.000,15.000
499.381,319.463,13.000,15.000
496.792,318.857,13.000,15.000
495.635,319.463,13.000,15.000
493.267,319.187,13.000,15.000
491.009,319.132,13.000,15.000
489.521,319.297,13.000,15.000
488.254,319.683,13.000,15.000
485.776,320.289,13.000,15.000
484.509,319.903,13.000,15.000
482.140,320.730,13.000,15.000
479.661,320.895,13.000,15.000
478.615,321.280,13.000,15.000
476.246,320.895,13.000,15.000
474.098,321.721,13.000,15.000
471.730,322.107,13.000,15.000
470.573,321.611,13.000,15.000
468.314,322.437,13.000,15.000
466.056,322.713,13.000,15.000
463.798,323.098,13.000,15.000
462.751,322.492,13.000,15.000
460.382,323.318,13.000,15.000
458.234,323.704,13.000,15.000
456.196,324.310,13.000,15.000
454.048,324.035,13.000,15.000
451.900,324.420,13.000,15.000
450.853,325.136,13.000,15.000
449.035,325.191,13.000,15.000
446.226,325.687,13.000,15.000
444.298,326.513,13.000,15.000
442.591,326.899,13.000,15.000
441.103,327.395,13.000,15.000
438.404,327.340,13.000,15.000
436.807,327.725,13.000,15.000
435.760,328.441,13.000,15.000
433.392,328.496,13.000,15.000
431.354,328.882,13.000,15.000
429.095,329.598,13.000,15.000
427.718,329.763,13.000,15.000
426.451,330.369,13.000,15.000
424.193,330.314,13.000,15.000
422.596,330.810,13.000,15.000
421.108,331.416,13.000,15.000
418.740,331.140,13.000,15.000
417.914,331.636,13.000,15.000
416.647,332.352,13.000,15.000
414.498,332.628,13.000,15.000
413.121,333.344,13.000,15.000
410.643,333.068,13.000,15.000
409.927,333.344,13.000,15.000
409.211,334.060,13.000,15.000
406.952,334.115,13.000,15.000
406.346,334.500,13.000,15.000
405.079,335.327,13.000,15.000
403.262,335.271,13.000,15.000
402.545,335.437,13.000,15.000
401.940,336.043,13.000,15.000
401.223,335.547,13.000,15.000
400.177,336.373,13.000,15.000
398.910,336.538,13.000,15.000
398.414,336.924,13.000,15.000
397.588,337.530,13.000,15.000
397.092,337.144,13.000,15.000
396.046,336.869,13.000,15.000
395.440,337.915,13.000,15.000
395.054,338.411,13.000,15.000
394.448,338.136,13.000,15.000
394.063,337.750,13.000,15.000
393.347,338.687,13.000,15.000
393.732,338.632,13.000,15.000
393.236,338.687,13.000,15.000
392.520,338.962,13.000,15.000
392.906,339.458,13.000,15.000
392.631,338.962,13.000,15.000
392.355,339.898,13.000,15.000
391.859,339.953,13.000,15.000
392.355,340.229,13.000,15.000
391.419,339.293,13.000,15.000
390.923,339.458,13.000,15.000
391.639,339.623,13.000,15.000
390.813,339.788,13.000,15.000
390.537,340.064,13.000,15.000
389.931,339.348,13.000,15.000
390.647,339.843,13.000,15.000
389.931,340.339,13.000,15.000
390.427,339.843,13.000,15.000
389.270,340.559,13.000,15.000
388.775,340.284,13.000,15.000
389.270,340.339,13.000,15.000
388.444,340.394,13.000,15.000
388.609,340.229,13.000,15.000
388.114,340.064,13.000,15.000
387.508,340.009,13.000,15.000
388.114,340.064,13.000,15.000
387.177,340.119,13.000,15.000
386.682,340.284,13.000,15.000
387.287,340.559,13.000,15.000
386.571,340.835,13.000,15.000
386.957,341.000,13.000,15.000
386.792,340.064,13.000,15.000
386.296,340.119,13.000,15.000
385.690,340.284,13.000,15.000
386.076,340.449,13.000,15.000
385.139,340.725,13.000,15.000
384.754,341.000,13.000,15.000
385.470,340.284,13.000,15.000
384.864,340.670,13.000,15.000
385.470,341.055,13.000,15.000
384.643,340.229,13.000,15.000
384.809,340.725,13.000,15.000
384.643,341.110,13.000,15.000
384.148,340.394,13.000,15.000
383.652,340.780,13.000,15.000
384.478,341.165,13.000,15.000
383.872,340.449,13.000,15.000
384.478,340.835,13.000,15.000
383.872,341.331,13.000,15.000
384.478,340.725,13.000,15.000
383.872,341.221,13.000,15.000
384.478,340.615,13.000,15.000
383.762,341.000,13.000,15.000
384.368,340.284,13.000,15.000
383.652,340.670,13.000,15.000
384.258,341.055,13.000,15.000
383.542,340.229,13.000,15.000
384.148,340.615,13.000,15.000
383.432,341.000,13.000,15.000
384.038,340.284,13.000,15.000
383.211,340.670,13.000,15.000
383.817,341.055,13.000,15.000
384.313,340.339,13.000,15.000
383.707,340.725,13.000,15.000
384.533,341.111,13.000,15.000
384.148,340.174,13.000,15.000
383.762,340.229,13.000,15.000
384.588,340.284,13.000,15.000
384.203,340.450,13.000,15.000
384.368,340.725,13.000,15.000
384.864,341.000,13.000,15.000
385.470,340.174,13.000,15.000
384.754,340.339,13.000,15.000
385.360,340.505,13.000,15.000
384.644,340.670,13.000,15.000
385.250,340.725,13.000,15.000
384.644,340.780,13.000,15.000
385.250,340.835,13.000,15.000
384.533,340.780,13.000,15.000
385.139,340.725,13.000,15.000
384.533,340.670,13.000,15.000
385.139,340.725,13.000,15.000
384.644,340.670,13.000,15.000
385.360,340.615,13.000,15.000
384.974,340.560,13.000,15.000
385.800,340.505,13.000,15.000
385.855,340.560,13.000,15.000
386.131,340.615,13.000,15.000
385.194,340.780,13.000,15.000
385.580,340.835,13.000,15.000
385.966,340.780,13.000,15.000
386.461,340.725,13.000,15.000
385.745,340.450,13.000,15.000
386.241,339.954,13.000,15.000
385.635,340.339,13.000,15.000
386.241,339.513,13.000,15.000
385.525,339.678,13.000,15.000
385.911,339.513,13.000,15.000
386.406,339.238,13.000,15.000
385.800,338.852,13.000,15.000
386.296,339.348,13.000,15.000
385.690,338.632,13.000,15.000
386.406,338.797,13.000,15.000
386.021,338.962,13.000,15.000
385.635,338.907,13.000,15.000
386.351,338.522,13.000,15.000
385.855,338.136,13.000,15.000
386.572,337.420,13.000,15.000
385.855,337.916,13.000,15.000
386.461,338.301,13.000,15.000
385.745,337.365,13.000,15.000
386.351,337.310,13.000,15.000
385.635,337.035,13.000,15.000
386.131,336.759,13.000,15.000
385.305,337.475,13.000,15.000
385.139,336.869,13.000,15.000
384.644,337.255,13.000,15.000
385.360,336.539,13.000,15.000
384.644,336.814,13.000,15.000
385.250,337.090,13.000,15.000
384.754,336.153,13.000,15.000
385.360,335.988,13.000,15.000
384.534,336.814,13.000,15.000
384.478,336.429,13.000,15.000
384.093,335.933,13.000,15.000
383.487,336.429,13.000,15.000
384.093,335.823,13.000,15.000
383.377,336.098,13.000,15.000
384.093,335.272,13.000,15.000
383.487,335.437,13.000,15.000
384.203,335.602,13.000,15.000
383.817,335.217,13.000,15.000
384.644,334.721,13.000,15.000
384.148,335.217,13.000,15.000
383.542,334.391,13.000,15.000
384.258,334.666,13.000,15.000
383.542,334.501,13.000,15.000
384.148,334.115,13.000,15.000
383.542,333.619,13.000,15.000
384.368,334.225,13.000,15.000
384.203,333.619,13.000,15.000
384.589,334.005,13.000,15.000
385.084,333.069,13.000,15.000
384.368,332.793,13.000,15.000
384.974,333.509,13.000,15.000
385.580,332.903,13.000,15.000
385.084,332.958,13.000,15.000
384.699,332.683,13.000,15.000
385.745,332.297,13.000,15.000
386.351,331.802,13.000,15.000
385.745,332.297,13.000,15.000
386.351,331.471,13.000,15.000
385.745,331.747,13.000,15.000
386.351,331.691,13.000,15.000
386.406,331.526,13.000,15.000
386.682,331.251,13.000,15.000
387.178,330.755,13.000,15.000
386.461,331.251,13.000,15.000
387.067,330.314,13.000,15.000
386.572,330.039,13.000,15.000
387.288,329.543,13.000,15.000
386.902,330.149,13.000,15.000
387.839,329.433,13.000,15.000
388.224,329.598,13.000,15.000
387.508,329.543,13.000,15.000
388.114,329.047,13.000,15.000
387.288,328.442,13.000,15.000
387.783,328.717,13.000,15.000
388.169,328.992,13.000,15.000
387.453,329.158,13.000,15.000
388.059,328.001,13.000,15.000
387.563,327.505,13.000,15.000
388.279,327.891,13.000,15.000
387.894,328.166,13.000,15.000
388.610,327.230,13.000,15.000
388.114,327.285,13.000,15.000
387.618,327.230,13.000,15.000
388.334,326.954,13.000,15.000
387.839,327.670,13.000,15.000
388.444,327.395,13.000,15.000
387.949,326.899,13.000,15.000
388.555,327.505,13.000,15.000
387.949,327.009,13.000,15.000
388.555,326.403,13.000,15.000
387.839,326.789,13.000,15.000
388.444,327.175,13.000,15.000
387.839,326.459,13.000,15.000
388.555,326.734,13.000,15.000
387.949,327.009,13.000,15.000
388.665,326.293,13.000,15.000
387.949,326.679,13.000,15.000
388.444,326.954,13.000,15.000
387.618,326.899,13.000,15.000
387.563,327.065,13.000,15.000
387.618,326.128,13.000,15.000
387.343,326.183,13.000,15.000
387.067,326.018,13.000,15.000
386.792,325.963,13.000,15.000
387.618,326.789,13.000,15.000
387.122,326.514,13.000,15.000
386.627,326.348,13.000,15.000
387.343,326.073,13.000,15.000
386.847,325.798,13.000,15.000
387.563,326.514,13.000,15.000
387.067,326.238,13.000,15.000
386.572,325.963,13.000,15.000
387.288,326.679,13.000,15.000
386.792,326.403,13.000,15.000
387.508,325.908,13.000,15.000
387.012,326.624,13.000,15.000
386.516,326.238,13.000,15.000
387.232,325.853,13.000,15.000
386.957,326.679,13.000,15.000
387.673,326.403,13.000,15.000
387.287,326.238,13.000,15.000
387.232,325.963,13.000,15.000
387.067,326.789,13.000,15.000
386.792,326.844,13.000,15.000
387.618,326.789,13.000,15.000
387.122,326.734,13.000,15.000
386.516,326.789,13.000,15.000
386.902,326.734,13.000,15.000
387.287,326.569,13.000,15.000
386.351,326.514,13.000,15.000
385.635,326.679,13.000,15.000
386.021,326.844,13.000,15.000
385.084,327.009,13.000,15.000
384.588,326.073,13.000,15.000
384.864,325.908,13.000,15.000
384.919,326.734,13.000,15.000
384.313,326.789,13.000,15.000
383.377,326.954,13.000,15.000
382.550,326.899,13.000,15.000
382.055,326.844,13.000,15.000
381.118,327.009,13.000,15.000
380.402,325.963,13.000,15.000
380.127,326.789,13.000,15.000
379.190,326.514,13.000,15.000
378.364,326.238,13.000,15.000
377.538,325.963,13.000,15.000
377.042,326.789,13.000,15.000
375.996,326.403,13.000,15.000
375.610,326.128,13.000,15.000
374.453,325.632,13.000,15.000
373.407,326.348,13.000,15.000
372.360,325.963,13.000,15.000
371.313,326.679,13.000,15.000
370.157,326.073,13.000,15.000
368.890,325.687,13.000,15.000
368.064,326.403,13.000,15.000
366.246,326.018,13.000,15.000
365.199,325.742,13.000,15.000
363.932,326.679,13.000,15.000
363.106,326.844,13.000,15.000
360.738,327.229,13.000,15.000
360.022,326.403,13.000,15.000
357.983,326.899,13.000,15.000
357.488,327.505,13.000,15.000
355.780,327.009,13.000,15.000
354.623,326.734,13.000,15.000
353.246,327.670,13.000,15.000
350.988,327.725,13.000,15.000
350.162,328.221,13.000,15.000
348.124,327.615,13.000,15.000
346.526,328.331,13.000,15.000
345.369,328.166,13.000,15.000
343.772,328.331,13.000,15.000
342.175,328.717,13.000,15.000
339.806,329.433,13.000,15.000
338.980,329.157,13.000,15.000
337.493,329.212,13.000,15.000
335.455,329.378,13.000,15.000
333.196,329.873,13.000,15.000
331.819,330.590,13.000,15.000
330.442,330.314,13.000,15.000
328.294,330.369,13.000,15.000
326.476,330.755,13.000,15.000
325.209,331.251,13.000,15.000
322.951,330.645,13.000,15.000
322.125,331.471,13.000,15.000
319.536,331.526,13.000,15.000
318.709,331.911,13.000,15.000
317.332,332.517,13.000,15.000
315.074,332.022,13.000,15.000
313.697,331.636,13.000,15.000
312.540,332.572,13.000,15.000
311.053,332.738,13.000,15.000
308.684,333.123,13.000,15.000
307.968,332.628,13.000,15.000
307.252,333.344,13.000,15.000
304.773,332.848,13.000,15.000
304.168,333.564,13.000,15.000
303.121,333.950,13.000,15.000
301.964,334.555,13.000,15.000
301.358,334.060,13.000,15.000
300.202,333.454,13.000,15.000
299.045,334.280,13.000,15.000
298.108,334.225,13.000,15.000
297.392,334.390,13.000,15.000
297.007,334.555,13.000,15.000
296.181,334.941,13.000,15.000
295.795,335.327,13.000,15.000
295.740,334.611,13.000,15.000
295.464,335.216,13.000,15.000
294.638,334.611,13.000,15.000
294.142,334.996,13.000,15.000
293.536,335.602,13.000,15.000
294.142,334.996,13.000,15.000
293.426,335.602,13.000,15.000
293.481,335.216,13.000,15.000
293.537,334.721,13.000,15.000
293.041,335.327,13.000,15.000
292.545,334.831,13.000,15.000
293.151,335.437,13.000,15.000
292.545,334.941,13.000,15.000
293.151,335.547,13.000,15.000
292.435,334.941,13.000,15.000
293.041,335.437,13.000,15.000
292.435,334.831,13.000,15.000
293.041,335.327,13.000,15.000
292.325,334.500,13.000,15.000
292.931,334.776,13.000,15.000
293.426,334.831,13.000,15.000
292.710,334.666,13.000,15.000
293.316,334.500,13.000,15.000
292.710,334.115,13.000,15.000
293.316,333.619,13.000,15.000
292.600,334.225,13.000,15.000
292.986,333.509,13.000,15.000
293.482,333.784,13.000,15.000
292.876,334.060,13.000,15.000
293.371,333.123,13.000,15.000
292.765,333.289,13.000,15.000
293.482,332.903,13.000,15.000
292.986,333.619,13.000,15.000
293.592,333.123,13.000,15.000
293.096,332.297,13.000,15.000
292.490,332.573,13.000,15.000
293.206,332.187,13.000,15.000
292.600,331.691,13.000,15.000
293.206,332.077,13.000,15.000
292.710,331.140,13.000,15.000
293.426,330.755,13.000,15.000
293.041,331.251,13.000,15.000
292.655,330.314,13.000,15.000
293.371,329.818,13.000,15.000
292.876,329.984,13.000,15.000
293.592,329.598,13.000,15.000
292.986,328.662,13.000,15.000
293.702,327.835,13.000,15.000
293.206,327.229,13.000,15.000
292.490,325.963,13.000,15.000
293.206,325.687,13.000,15.000
292.710,324.530,13.000,15.000
293.316,323.263,13.000,15.000
292.380,322.107,13.000,15.000
292.545,321.060,13.000,15.000
293.041,320.014,13.000,15.000
291.994,318.967,13.000,15.000
292.710,318.802,13.000,15.000
292.214,317.865,13.000,15.000
291.719,316.819,13.000,15.000
292.545,315.772,13.000,15.000
291.939,314.505,13.000,15.000
292.765,313.238,13.000,15.000
292.159,311.972,13.000,15.000
291.553,311.366,13.000,15.000
292.269,309.878,13.000,15.000
291.664,308.942,13.000,15.000
292.380,307.895,13.000,15.000
291.774,306.739,13.000,15.000
292.380,305.472,13.000,15.000
291.664,303.984,13.000,15.000
292.159,303.158,13.000,15.000
291.443,301.120,13.000,15.000
292.159,299.963,13.000,15.000
291.443,299.358,13.000,15.000
292.049,297.980,13.000,15.000
291.333,297.154,13.000,15.000
291.829,295.447,13.000,15.000
292.435,294.510,13.000,15.000
291.719,293.574,13.000,15.000
292.435,292.527,13.000,15.000
291.719,291.591,13.000,15.000
292.325,290.654,13.000,15.000
291.609,289.828,13.000,15.000
292.104,289.002,13.000,15.000
291.388,287.735,13.000,15.000
291.884,287.350,13.000,15.000
292.380,286.523,13.000,15.000
291.664,285.917,13.000,15.000
292.159,285.752,13.000,15.000
291.333,285.146,13.000,15.000
291.829,284.320,13.000,15.000
292.325,284.045,13.000,15.000
291.609,283.439,13.000,15.000
292.104,283.824,13.000,15.000
291.388,283.989,13.000,15.000
291.884,283.934,13.000,15.000
292.490,283.549,13.000,15.000
291.884,283.053,13.000,15.000
292.380,282.557,13.000,15.000
291.774,283.163,13.000,15.000
292.270,282.557,13.000,15.000
291.554,282.943,13.000,15.000
292.049,283.218,13.000,15.000
291.444,282.392,13.000,15.000
292.160,282.667,13.000,15.000
291.664,282.943,13.000,15.000
292.380,282.998,13.000,15.000
291.884,283.053,13.000,15.000
292.600,282.006,13.000,15.000
292.215,281.841,13.000,15.000
291.829,282.667,13.000,15.000
292.545,282.282,13.000,15.000
292.490,281.896,13.000,15.000
292.435,282.612,13.000,15.000
292.600,282.227,13.000,15.000
292.765,281.841,13.000,15.000
293.041,282.557,13.000,15.000
292.104,281.951,13.000,15.000
292.380,282.447,13.000,15.000
292.655,281.841,13.000,15.000
293.041,282.337,13.000,15.000
292.215,281.621,13.000,15.000
292.710,281.896,13.000,15.000
293.096,282.061,13.000,15.000
292.380,281.235,13.000,15.000
292.876,281.401,13.000,15.000
293.482,281.566,13.000,15.000
293.206,281.951,13.000,15.000
293.041,282.337,13.000,15.000
293.427,281.621,13.000,15.000
293.922,282.006,13.000,15.000
294.418,281.180,13.000,15.000
293.592,281.345,13.000,15.000
294.088,281.511,13.000,15.000
293.371,281.566,13.000,15.000
293.977,281.621,13.000,15.000
294.473,281.786,13.000,15.000
293.867,281.951,13.000,15.000
294.473,282.117,13.000,15.000
293.977,281.290,13.000,15.000
294.693,281.456,13.000,15.000
294.528,281.731,13.000,15.000
294.473,282.007,13.000,15.000
294.638,281.180,13.000,15.000
294.804,281.456,13.000,15.000
295.079,281.731,13.000,15.000
294.143,281.896,13.000,15.000
294.418,282.062,13.000,15.000
294.583,281.125,13.000,15.000
294.859,281.290,13.000,15.000
295.134,281.456,13.000,15.000
294.088,281.621,13.000,15.000
293.812,281.786,13.000,15.000
294.638,281.841,13.000,15.000
294.363,281.566,13.000,15.000
294.198,281.070,13.000,15.000
293.922,280.354,13.000,15.000
294.638,280.630,13.000,15.000
294.032,281.015,13.000,15.000
293.316,280.299,13.000,15.000
293.922,280.574,13.000,15.000
294.418,280.960,13.000,15.000
293.592,281.235,13.000,15.000
293.977,280.299,13.000,15.000
294.253,280.354,13.000,15.000
293.316,280.189,13.000,15.000
293.261,280.024,13.000,15.000
292.876,279.638,13.000,15.000
293.702,280.244,13.000,15.000
293.206,279.638,13.000,15.000
292.600,279.913,13.000,15.000
293.316,280.189,13.000,15.000
292.600,279.363,13.000,15.000
293.206,279.638,13.000,15.000
292.490,279.914,13.000,15.000
292.876,280.189,13.000,15.000
293.372,279.253,13.000,15.000
292.545,279.418,13.000,15.000
292.931,279.583,13.000,15.000
293.316,279.748,13.000,15.000
292.270,279.803,13.000,15.000
291.884,279.858,13.000,15.000
292.711,279.914,13.000,15.000
292.325,279.748,13.000,15.000
291.829,279.583,13.000,15.000
292.545,279.418,13.000,15.000
292.050,279.363,13.000,15.000
291.444,279.308,13.000,15.000
292.160,279.693,13.000,15.000
291.554,280.079,13.000,15.000
292.160,279.473,13.000,15.000
291.444,279.969,13.000,15.000
291.939,280.464,13.000,15.000
291.884,279.969,13.000,15.000
291.719,280.464,13.000,15.000
291.333,279.858,13.000,15.000
290.948,280.354,13.000,15.000
291.774,279.748,13.000,15.000
291.388,280.244,13.000,15.000
290.783,279.638,13.000,15.000
291.388,280.134,13.000,15.000
290.672,279.528,13.000,15.000
291.388,280.134,13.000,15.000
290.672,279.528,13.000,15.000
291.278,280.244,13.000,15.000
290.562,279.748,13.000,15.000
291.168,280.354,13.000,15.000
290.562,279.858,13.000,15.000
291.278,280.574,13.000,15.000
290.562,280.189,13.000,15.000
291.168,279.803,13.000,15.000
290.342,280.519,13.000,15.000
290.617,280.134,13.000,15.000
290.893,279.748,13.000,15.000
291.058,280.464,13.000,15.000
290.122,280.189,13.000,15.000
290.397,279.913,13.000,15.000
290.122,280.629,13.000,15.000
289.956,280.354,13.000,15.000
290.783,280.079,13.000,15.000
290.617,279.803,13.000,15.000
290.342,280.519,13.000,15.000
290.177,280.134,13.000,15.000
290.342,279.858,13.000,15.000
290.067,280.574,13.000,15.000
290.232,280.299,13.000,15.000
290.728,279.913,13.000,15.000
291.223,280.629,13.000,15.000
290.397,280.244,13.000,15.000
291.003,279.858,13.000,15.000
290.287,280.574,13.000,15.000
290.893,280.189,13.000,15.000
291.499,279.803,13.000,15.000
290.783,280.409,13.000,15.000
291.389,279.913,13.000,15.000
290.783,280.409,13.000,15.000
291.389,279.693,13.000,15.000
290.783,280.079,13.000,15.000
291.389,279.362,13.000,15.000
290.893,279.748,13.000,15.000
291.829,280.134,13.000,15.000
292.105,279.307,13.000,15.000
291.168,279.583,13.000,15.000
291.223,279.858,13.000,15.000
291.499,280.134,13.000,15.000
291.774,279.307,13.000,15.000
292.160,279.473,13.000,15.000
291.334,279.528,13.000,15.000
291.719,279.473,13.000,15.000
292.105,279.197,13.000,15.000
291.279,278.922,13.000,15.000
291.664,279.638,13.000,15.000
292.160,279.252,13.000,15.000
291.444,278.867,13.000,15.000
291.940,279.583,13.000,15.000
292.435,279.197,13.000,15.000
291.719,278.812,13.000,15.000
292.215,279.528,13.000,15.000
291.389,279.142,13.000,15.000
291.885,278.757,13.000,15.000
292.491,279.473,13.000,15.000
291.774,278.977,13.000,15.000
292.380,279.583,13.000,15.000
291.664,279.087,13.000,15.000
292.160,278.591,13.000,15.000
291.554,279.197,13.000,15.000
292.160,278.701,13.000,15.000
291.444,279.307,13.000,15.000
292.050,278.812,13.000,15.000
291.444,279.418,13.000,15.000
292.050,278.922,13.000,15.000
291.334,279.528,13.000,15.000
291.940,279.142,13.000,15.000
292.546,278.757,13.000,15.000
291.830,279.473,13.000,15.000
292.436,279.087,13.000,15.000
291.720,278.812,13.000,15.000
292.325,279.638,13.000,15.000
291.609,279.473,13.000,15.000
292.215,279.417,13.000,15.000
291.499,279.362,13.000,15.000
291.995,279.417,13.000,15.000
292.491,279.473,13.000,15.000
291.665,279.638,13.000,15.000
292.160,279.913,13.000,15.000
291.334,280.189,13.000,15.000
291.609,279.473,13.000,15.000
291.775,279.968,13.000,15.000
291.499,280.464,13.000,15.000
291.114,279.858,13.000,15.000
290.618,280.464,13.000,15.000
291.334,279.968,13.000,15.000
290.728,280.574,13.000,15.000
291.334,280.299,13.000,15.000
290.508,280.023,13.000,15.000
291.114,279.858,13.000,15.000
290.287,280.795,13.000,15.000
290.783,281.070,13.000,15.000
291.169,280.244,13.000,15.000
290.232,280.409,13.000,15.000
290.288,280.684,13.000,15.000
289.902,280.960,13.000,15.000
290.618,281.235,13.000,15.000
290.122,280.409,13.000,15.000
289.516,280.684,13.000,15.000
290.232,280.960,13.000,15.000
289.626,281.235,13.000,15.000
290.122,280.519,13.000,15.000
289.296,280.905,13.000,15.000
289.571,281.401,13.000,15.000
289.626,280.685,13.000,15.000
289.461,281.180,13.000,15.000
289.076,280.464,13.000,15.000
288.580,280.740,13.000,15.000
289.186,281.015,13.000,15.000
288.470,280.299,13.000,15.000
289.186,280.685,13.000,15.000
288.580,281.180,13.000,15.000
289.186,280.574,13.000,15.000
288.470,280.960,13.000,15.000
288.965,281.346,13.000,15.000
289.461,280.519,13.000,15.000
288.745,280.685,13.000,15.000
289.131,280.850,13.000,15.000
288.194,280.905,13.000,15.000
288.360,280.740,13.000,15.000
288.415,280.464,13.000,15.000
288.249,280.189,13.000,15.000
288.084,279.913,13.000,15.000
287.809,280.629,13.000,15.000
288.635,280.134,13.000,15.000
288.139,279.748,13.000,15.000
287.643,280.244,13.000,15.000
288.360,279.638,13.000,15.000
287.864,280.024,13.000,15.000
288.580,279.307,13.000,15.000
287.974,279.473,13.000,15.000
288.580,279.638,13.000,15.000
287.864,279.693,13.000,15.000
288.470,279.858,13.000,15.000
287.864,279.693,13.000,15.000
288.580,279.528,13.000,15.000
287.864,279.363,13.000,15.000
288.470,279.197,13.000,15.000
287.754,278.812,13.000,15.000
288.360,279.307,13.000,15.000
287.754,278.702,13.000,15.000
288.470,279.087,13.000,15.000
287.754,278.371,13.000,15.000
288.360,278.647,13.000,15.000
287.644,278.812,13.000,15.000
288.139,278.977,13.000,15.000
287.313,279.032,13.000,15.000
287.588,278.096,13.000,15.000
287.864,278.151,13.000,15.000
287.919,277.875,13.000,15.000
287.754,278.591,13.000,15.000
287.588,278.206,13.000,15.000
287.533,277.820,13.000,15.000
287.368,278.536,13.000,15.000
287.203,278.151,13.000,15.000
286.817,277.765,13.000,15.000
287.533,278.481,13.000,15.000
287.038,277.985,13.000,15.000
286.652,278.591,13.000,15.000
287.478,277.875,13.000,15.000
287.423,278.261,13.000,15.000
287.148,277.435,13.000,15.000
286.872,277.710,13.000,15.000
287.699,277.986,13.000,15.000
287.864,278.261,13.000,15.000
288.139,277.325,13.000,15.000
287.313,277.159,13.000,15.000
287.699,276.664,13.000,15.000
288.084,277.269,13.000,15.000
287.258,276.664,13.000,15.000
287.864,277.159,13.000,15.000
288.580,276.223,13.000,15.000
287.864,275.947,13.000,15.000
288.580,276.553,13.000,15.000
288.305,275.837,13.000,15.000
288.139,276.113,13.000,15.000
287.754,275.176,13.000,15.000
288.690,275.011,13.000,15.000
289.076,274.736,13.000,15.000
288.360,275.231,13.000,15.000
289.076,274.625,13.000,15.000
288.470,274.901,13.000,15.000
289.076,274.956,13.000,15.000
288.470,274.901,13.000,15.000
289.186,274.515,13.000,15.000
288.910,274.020,13.000,15.000
289.737,273.414,13.000,15.000
289.571,273.909,13.000,15.000
289.957,274.405,13.000,15.000
290.453,273.799,13.000,15.000
289.626,274.185,13.000,15.000
290.232,273.359,13.000,15.000
289.516,273.634,13.000,15.000
290.122,273.469,13.000,15.000
289.406,273.193,13.000,15.000
290.012,272.808,13.000,15.000
289.406,273.524,13.000,15.000
290.122,273.248,13.000,15.000
289.516,272.863,13.000,15.000
290.232,273.579,13.000,15.000
289.626,273.083,13.000,15.000
290.232,272.587,13.000,15.000
289.737,273.193,13.000,15.000
290.453,272.587,13.000,15.000
289.957,273.083,13.000,15.000
290.673,272.477,13.000,15.000
290.287,272.973,13.000,15.000
289.902,273.469,13.000,15.000
290.618,272.863,13.000,15.000
290.342,273.359,13.000,15.000
290.067,272.753,13.000,15.000
289.902,273.248,13.000,15.000
290.728,272.642,13.000,15.000
290.453,273.138,13.000,15.000
290.287,272.532,13.000,15.000
290.342,273.028,13.000,15.000
290.398,272.532,13.000,15.000
290.783,273.138,13.000,15.000
291.059,272.642,13.000,15.000
290.232,273.248,13.000,15.000
290.618,272.753,13.000,15.000
291.003,273.469,13.000,15.000
290.177,273.083,13.000,15.000
290.563,272.697,13.000,15.000
290.948,273.414,13.000,15.000
291.334,273.028,13.000,15.000
290.508,272.642,13.000,15.000
291.004,273.469,13.000,15.000
290.177,273.193,13.000,15.000
290.673,272.918,13.000,15.000
291.169,273.744,13.000,15.000
290.343,273.469,13.000,15.000
290.838,273.303,13.000,15.000
291.334,273.138,13.000,15.000
290.508,272.973,13.000,15.000
291.004,273.799,13.000,15.000
290.177,273.634,13.000,15.000
290.673,273.579,13.000,15.000
291.059,273.524,13.000,15.000
290.233,273.579,13.000,15.000
290.618,273.744,13.000,15.000
291.114,273.909,13.000,15.000
290.288,274.074,13.000,15.000
290.783,273.138,13.000,15.000
291.279,273.303,13.000,15.000
290.453,273.469,13.000,15.000
290.949,273.744,13.000,15.000
291.444,274.019,13.000,15.000
290.728,273.193,13.000,15.000
291.224,273.358,13.000,15.000
290.398,273.634,13.000,15.000
290.894,273.909,13.000,15.000
291.389,274.185,13.000,15.000
290.563,273.358,13.000,15.000
291.059,273.634,13.000,15.000
290.343,273.799,13.000,15.000
290.949,273.964,13.000,15.000
291.555,274.240,13.000,15.000
290.839,273.414,13.000,15.000
291.445,273.689,13.000,15.000
290.949,274.075,13.000,15.000
291.665,273.359,13.000,15.000
291.279,273.744,13.000,15.000
291.004,274.240,13.000,15.000
290.728,273.524,13.000,15.000
291.555,273.909,13.000,15.000
291.500,274.295,13.000,15.000
291.334,273.579,13.000,15.000
291.830,273.854,13.000,15.000
292.436,274.130,13.000,15.000
292.050,273.193,13.000,15.000
291.665,273.248,13.000,15.000
292.491,273.304,13.000,15.000
292.436,273.138,13.000,15.000
292.381,272.973,13.000,15.000
292.546,273.799,13.000,15.000
292.822,273.524,13.000,15.000
293.207,273.028,13.000,15.000
292.491,272.532,13.000,15.000
293.097,273.138,13.000,15.000
292.491,272.532,13.000,15.000
293.317,273.138,13.000,15.000
292.822,272.532,13.000,15.000
293.758,273.028,13.000,15.000
293.703,272.312,13.000,15.000
293.868,272.698,13.000,15.000
294.254,272.973,13.000,15.000
293.648,273.028,13.000,15.000
294.254,272.092,13.000,15.000
293.758,272.037,13.000,15.000
294.364,271.982,13.000,15.000
293.868,272.918,13.000,15.000
294.694,272.973,13.000,15.000
294.309,272.918,13.000,15.000
294.033,273.083,13.000,15.000
293.868,272.257,13.000,15.000
294.915,272.422,13.000,15.000
295.300,272.808,13.000,15.000
294.584,273.193,13.000,15.000
295.190,272.477,13.000,15.000
294.694,272.863,13.000,15.000
295.410,273.249,13.000,15.000
295.135,272.532,13.000,15.000
294.749,273.028,13.000,15.000
295.686,272.643,13.000,15.000
295.521,273.579,13.000,15.000
295.466,273.854,13.000,15.000
295.631,274.460,13.000,15.000
295.796,274.185,13.000,15.000
296.071,274.020,13.000,15.000
295.245,274.185,13.000,15.000
295.741,274.681,13.000,15.000
296.127,275.397,13.000,15.000
295.300,275.342,13.000,15.000
295.576,275.617,13.000,15.000
296.072,276.223,13.000,15.000
295.355,275.837,13.000,15.000
295.961,276.774,13.000,15.000
296.567,277.049,13.000,15.000
295.961,276.443,13.000,15.000
296.567,277.380,13.000,15.000
295.851,277.765,13.000,15.000
296.457,278.371,13.000,15.000
295.961,278.096,13.000,15.000
296.677,278.041,13.000,15.000
296.072,278.426,13.000,15.000
295.466,279.142,13.000,15.000
296.072,279.087,13.000,15.000
295.466,279.473,13.000,15.000
296.072,279.969,13.000,15.000
295.686,280.795,13.000,15.000
296.402,280.850,13.000,15.000
296.347,281.566,13.000,15.000
295.851,281.401,13.000,15.000
296.567,281.786,13.000,15.000
296.402,282.392,13.000,15.000
296.347,282.007,13.000,15.000
295.961,282.282,13.000,15.000
296.677,282.778,13.000,15.000
296.402,283.604,13.000,15.000
296.016,283.769,13.000,15.000
295.631,284.265,13.000,15.000
296.457,283.769,13.000,15.000
296.182,284.596,13.000,15.000
296.237,284.541,13.000,15.000
296.402,285.036,13.000,15.000
296.677,284.871,13.000,15.000
296.622,285.918,13.000,15.000
296.898,286.303,13.000,15.000
297.393,285.697,13.000,15.000
296.677,286.523,13.000,15.000
297.283,286.909,13.000,15.000
296.567,287.405,13.000,15.000
297.063,286.909,13.000,15.000
296.237,287.625,13.000,15.000
296.953,287.680,13.000,15.000
297.669,287.956,13.000,15.000
297.063,288.451,13.000,15.000
296.567,288.066,13.000,15.000
297.283,287.901,13.000,15.000
296.677,288.837,13.000,15.000
297.283,289.002,13.000,15.000
296.677,288.176,13.000,15.000
297.283,288.672,13.000,15.000
296.567,289.168,13.000,15.000
297.063,288.672,13.000,15.000
296.347,289.388,13.000,15.000
296.622,289.002,13.000,15.000
296.898,288.727,13.000,15.000
297.063,289.553,13.000,15.000
296.237,289.498,13.000,15.000
296.512,289.663,13.000,15.000
296.788,289.828,13.000,15.000
297.063,289.884,13.000,15.000
296.347,290.049,13.000,15.000
296.622,289.333,13.000,15.000
297.008,289.718,13.000,15.000
296.292,290.104,13.000,15.000
296.677,289.388,13.000,15.000
297.063,289.884,13.000,15.000
296.237,290.269,13.000,15.000
296.512,289.553,13.000,15.000
296.898,290.049,13.000,15.000
297.283,289.443,13.000,15.000
296.567,289.939,13.000,15.000
296.843,290.434,13.000,15.000
297.118,289.718,13.000,15.000
296.292,290.104,13.000,15.000
296.567,289.388,13.000,15.000
296.843,289.884,13.000,15.000
297.118,290.379,13.000,15.000
296.292,289.663,13.000,15.000
296.567,290.159,13.000,15.000
296.733,289.443,13.000,15.000
296.898,289.829,13.000,15.000
297.063,289.994,13.000,15.000
296.237,290.159,13.000,15.000
296.512,289.333,13.000,15.000
296.788,289.278,13.000,15.000
297.173,289.333,13.000,15.000
296.457,289.388,13.000,15.000
296.953,289.223,13.000,15.000
297.449,289.058,13.000,15.000
296.733,288.672,13.000,15.000
297.229,289.388,13.000,15.000
296.512,288.892,13.000,15.000
297.008,289.498,13.000,15.000
296.292,288.892,13.000,15.000
296.898,289.498,13.000,15.000
297.504,288.672,13.000,15.000
296.898,288.947,13.000,15.000
297.504,288.892,13.000,15.000
296.898,288.837,13.000,15.000
297.394,288.672,13.000,15.000
296.678,288.397,13.000,15.000
297.174,288.121,13.000,15.000
296.237,287.736,13.000,15.000
296.402,288.231,13.000,15.000
296.347,287.625,13.000,15.000
296.182,288.011,13.000,15.000
296.017,287.185,13.000,15.000
295.852,287.460,13.000,15.000
296.678,287.405,13.000,15.000
296.623,287.350,13.000,15.000
296.347,287.185,13.000,15.000
295.962,286.909,13.000,15.000
296.788,287.515,13.000,15.000
296.953,286.909,13.000,15.000
296.788,287.295,13.000,15.000
296.623,286.579,13.000,15.000
296.347,286.634,13.000,15.000
296.072,286.358,13.000,15.000
295.796,285.973,13.000,15.000
296.512,286.579,13.000,15.000
296.568,285.863,13.000,15.000
296.733,286.138,13.000,15.000
297.008,285.202,13.000,15.000
296.182,285.036,13.000,15.000
296.017,284.541,13.000,15.000
295.962,284.926,13.000,15.000
297.118,285.202,13.000,15.000
296.402,284.376,13.000,15.000
297.118,284.100,13.000,15.000
296.512,283.715,13.000,15.000
297.118,284.210,13.000,15.000
296.733,283.494,13.000,15.000
297.449,283.659,13.000,15.000
297.724,283.825,13.000,15.000
298.000,283.770,13.000,15.000
298.495,283.384,13.000,15.000
297.669,282.778,13.000,15.000
298.275,283.054,13.000,15.000
297.669,282.117,13.000,15.000
298.385,281.842,13.000,15.000
298.220,282.668,13.000,15.000
298.275,282.282,13.000,15.000
298.330,281.676,13.000,15.000
298.495,281.842,13.000,15.000
298.881,281.566,13.000,15.000
299.377,281.181,13.000,15.000
298.771,280.575,13.000,15.000
299.487,281.070,13.000,15.000
299.101,280.354,13.000,15.000
299.046,280.520,13.000,15.000
299.322,280.134,13.000,15.000
299.817,279.638,13.000,15.000
300.423,280.134,13.000,15.000
299.928,279.418,13.000,15.000
300.644,279.914,13.000,15.000
300.478,280.079,13.000,15.000
300.313,279.143,13.000,15.000
300.258,278.977,13.000,15.000
300.754,279.693,13.000,15.000
301.360,279.198,13.000,15.000
300.974,278.482,13.000,15.000
301.690,278.757,13.000,15.000
301.305,278.922,13.000,15.000
301.029,278.867,13.000,15.000
300.864,278.812,13.000,15.000
301.911,278.867,13.000,15.000
302.076,278.702,13.000,15.000
301.360,278.427,13.000,15.000
301.635,277.821,13.000,15.000
301.911,278.316,13.000,15.000
302.296,277.600,13.000,15.000
301.690,277.545,13.000,15.000
302.296,277.380,13.000,15.000
301.800,277.215,13.000,15.000
302.406,276.609,13.000,15.000
301.911,276.994,13.000,15.000
302.627,276.939,13.000,15.000
302.792,276.664,13.000,15.000
303.178,276.168,13.000,15.000
302.351,275.562,13.000,15.000
302.737,276.058,13.000,15.000
303.233,275.232,13.000,15.000
302.406,275.177,13.000,15.000
302.792,275.122,13.000,15.000
303.178,274.736,13.000,15.000
302.462,275.342,13.000,15.000
303.178,274.736,13.000,15.000
302.682,275.122,13.000,15.000
303.508,274.185,13.000,15.000
303.122,274.020,13.000,15.000
303.288,273.744,13.000,15.000
303.122,274.461,13.000,15.000
303.178,273.965,13.000,15.000
303.122,274.461,13.000,15.000
302.957,273.744,13.000,15.000
303.894,274.130,13.000,15.000
304.169,273.304,13.000,15.000
303.233,273.469,13.000,15.000
303.178,273.634,13.000,15.000
303.233,273.800,13.000,15.000
303.728,273.745,13.000,15.000
304.334,273.469,13.000,15.000
303.728,273.414,13.000,15.000
304.444,273.249,13.000,15.000
303.949,273.304,13.000,15.000
304.665,273.359,13.000,15.000
304.059,273.524,13.000,15.000
303.453,273.579,13.000,15.000
304.169,273.524,13.000,15.000
303.453,273.579,13.000,15.000
304.169,273.524,13.000,15.000
303.783,273.689,13.000,15.000
304.610,273.855,13.000,15.000
304.334,273.910,13.000,15.000
304.169,274.185,13.000,15.000
304.444,273.359,13.000,15.000
304.720,273.524,13.000,15.000
304.995,273.579,13.000,15.000
305.381,273.524,13.000,15.000
304.555,273.579,13.000,15.000
305.050,273.745,13.000,15.000
304.334,274.020,13.000,15.000
304.940,273.304,13.000,15.000
305.436,273.689,13.000,15.000
304.830,274.075,13.000,15.000
305.436,273.359,13.000,15.000
304.940,273.855,13.000,15.000
305.546,274.461,13.000,15.000
305.050,274.075,13.000,15.000
304.555,273.690,13.000,15.000
305.271,274.516,13.000,15.000
304.885,274.240,13.000,15.000
305.711,274.075,13.000,15.000
305.436,274.240,13.000,15.000
305.050,274.516,13.000,15.000
304.665,274.901,13.000,15.000
305.381,275.397,13.000,15.000
304.885,274.901,13.000,15.000
305.601,275.617,13.000,15.000
305.215,275.562,13.000,15.000
304.830,275.728,13.000,15.000
305.436,276.113,13.000,15.000
304.830,275.507,13.000,15.000
305.326,276.113,13.000,15.000
304.610,275.617,13.000,15.000
304.995,276.444,13.000,15.000
305.271,276.278,13.000,15.000
304.555,276.664,13.000,15.000
304.830,277.270,13.000,15.000
304.775,276.994,13.000,15.000
304.610,277.931,13.000,15.000
304.224,277.876,13.000,15.000
303.728,277.931,13.000,15.000
304.334,278.096,13.000,15.000
303.728,277.380,13.000,15.000
304.224,277.986,13.000,15.000
303.398,278.592,13.000,15.000
303.453,278.206,13.000,15.000
303.398,277.931,13.000,15.000
303.122,278.867,13.000,15.000
302.627,279.253,13.000,15.000
303.343,278.537,13.000,15.000
302.737,278.922,13.000,15.000
303.122,279.528,13.000,15.000
302.296,279.033,13.000,15.000
302.131,278.647,13.000,15.000
301.966,279.363,13.000,15.000
302.572,279.088,13.000,15.000
301.966,279.253,13.000,15.000
302.461,279.638,13.000,15.000
301.525,280.355,13.000,15.000
301.139,279.969,13.000,15.000
300.423,280.795,13.000,15.000
300.919,280.630,13.000,15.000
301.305,280.905,13.000,15.000
300.258,281.401,13.000,15.000
299.652,281.016,13.000,15.000
300.258,280.850,13.000,15.000
299.542,281.897,13.000,15.000
300.148,282.393,13.000,15.000
299.212,281.897,13.000,15.000
298.606,282.613,13.000,15.000
299.212,282.778,13.000,15.000
298.606,283.054,13.000,15.000
299.322,282.338,13.000,15.000
298.606,282.833,13.000,15.000
298.440,283.329,13.000,15.000
298.055,282.723,13.000,15.000
297.559,283.329,13.000,15.000
298.275,283.274,13.000,15.000
297.669,283.329,13.000,15.000
298.165,283.715,13.000,15.000
297.229,284.210,13.000,15.000
297.504,283.604,13.000,15.000
297.559,284.210,13.000,15.000
297.504,283.715,13.000,15.000
297.229,284.321,13.000,15.000
296.733,283.825,13.000,15.000
297.229,284.431,13.000,15.000
296.402,284.045,13.000,15.000
296.568,283.660,13.000,15.000
296.623,284.376,13.000,15.000
296.457,283.990,13.000,15.000
296.402,284.596,13.000,15.000
296.237,283.880,13.000,15.000
295.962,284.045,13.000,15.000
296.898,283.219,13.000,15.000
296.512,283.164,13.000,15.000
296.127,282.999,13.000,15.000
295.631,283.715,13.000,15.000
296.347,283.219,13.000,15.000
295.851,282.613,13.000,15.000
296.567,282.999,13.000,15.000
296.072,283.164,13.000,15.000
295.576,282.227,13.000,15.000
296.182,282.172,13.000,15.000
295.576,282.117,13.000,15.000
295.962,281.842,13.000,15.000
296.017,282.558,13.000,15.000
295.080,282.172,13.000,15.000
294.805,281.566,13.000,15.000
295.741,282.062,13.000,15.000
295.466,281.346,13.000,15.000
295.190,281.621,13.000,15.000
294.805,281.787,13.000,15.000
295.631,281.842,13.000,15.000
295.135,281.787,13.000,15.000
294.639,281.291,13.000,15.000
295.245,280.905,13.000,15.000
294.639,281.621,13.000,15.000
294.915,281.126,13.000,15.000
294.970,280.520,13.000,15.000
294.584,281.016,13.000,15.000
294.199,280.410,13.000,15.000
293.813,280.905,13.000,15.000
294.419,281.401,13.000,15.000
293.703,280.795,13.000,15.000
293.868,281.181,13.000,15.000
293.593,280.465,13.000,15.000
293.317,280.850,13.000,15.000
293.042,281.236,13.000,15.000
292.656,280.520,13.000,15.000
293.373,280.905,13.000,15.000
292.877,281.401,13.000,15.000
293.373,280.795,13.000,15.000
292.656,281.291,13.000,15.000
292.822,280.685,13.000,15.000
292.656,281.071,13.000,15.000
292.381,280.355,13.000,15.000
292.106,280.740,13.000,15.000
291.720,281.236,13.000,15.000
292.546,280.630,13.000,15.000
292.161,281.016,13.000,15.000
291.775,280.410,13.000,15.000
292.601,280.905,13.000,15.000
292.216,281.401,13.000,15.000
291.940,280.795,13.000,15.000
292.767,281.511,13.000,15.000
292.491,281.126,13.000,15.000
292.326,280.740,13.000,15.000
292.271,281.677,13.000,15.000
292.326,281.621,13.000,15.000
292.381,281.566,13.000,15.000
292.546,281.842,13.000,15.000
292.711,282.227,13.000,15.000
292.877,281.732,13.000,15.000
293.042,282.338,13.000,15.000
292.216,281.732,13.000,15.000
292.381,282.338,13.000,15.000
292.656,281.842,13.000,15.000
292.932,282.448,13.000,15.000
293.207,281.952,13.000,15.000
292.491,282.558,13.000,15.000
292.767,282.062,13.000,15.000
293.042,281.566,13.000,15.000
292.216,282.172,13.000,15.000
292.491,281.677,13.000,15.000
292.767,282.282,13.000,15.000
292.932,281.897,13.000,15.000
293.207,282.613,13.000,15.000
292.381,282.338,13.000,15.000
292.326,282.062,13.000,15.000
292.271,281.787,13.000,15.000
291.885,282.613,13.000,15.000
292.822,282.448,13.000,15.000
292.436,282.282,13.000,15.000
292.051,282.227,13.000,15.000
291.555,282.503,13.000,15.000
292.271,282.778,13.000,15.000
291.665,283.054,13.000,15.000
292.381,282.338,13.000,15.000
291.885,282.833,13.000,15.000
292.491,283.439,13.000,15.000
291.775,283.054,13.000,15.000
292.161,282.778,13.000,15.000
291.334,283.604,13.000,15.000
291.390,283.329,13.000,15.000
291.224,283.274,13.000,15.000
291.059,283.329,13.000,15.000
290.894,283.384,13.000,15.000
291.830,283.660,13.000,15.000
291.555,283.935,13.000,15.000
291.169,284.210,13.000,15.000
290.784,283.384,13.000,15.000
291.389,283.880,13.000,15.000
290.784,284.376,13.000,15.000
291.279,283.660,13.000,15.000
290.563,284.266,13.000,15.000
290.839,283.660,13.000,15.000
291.004,284.155,13.000,15.000
290.068,283.549,13.000,15.000
289.902,283.935,13.000,15.000
290.729,284.321,13.000,15.000
290.563,283.605,13.000,15.000
290.288,284.100,13.000,15.000
289.792,283.384,13.000,15.000
290.398,283.660,13.000,15.000
289.902,283.825,13.000,15.000
290.398,283.880,13.000,15.000
289.682,284.045,13.000,15.000
290.068,283.109,13.000,15.000
289.131,283.054,13.000,15.000
288.966,282.668,13.000,15.000
289.792,283.274,13.000,15.000
290.068,282.778,13.000,15.000
289.021,283.274,13.000,15.000
288.746,282.668,13.000,15.000
289.462,283.054,13.000,15.000
288.856,282.338,13.000,15.000
289.462,282.833,13.000,15.000
288.746,283.219,13.000,15.000
289.241,282.393,13.000,15.000
288.525,282.668,13.000,15.000
289.021,282.944,13.000,15.000
288.195,283.219,13.000,15.000
288.470,282.283,13.000,15.000
288.525,282.228,13.000,15.000
288.250,282.172,13.000,15.000
287.754,282.117,13.000,15.000
288.470,281.732,13.000,15.000
287.754,282.558,13.000,15.000
288.360,282.062,13.000,15.000
287.534,281.677,13.000,15.000
287.919,282.283,13.000,15.000
288.305,281.677,13.000,15.000
287.369,282.172,13.000,15.000
286.873,281.567,13.000,15.000
287.699,282.062,13.000,15.000
287.093,281.346,13.000,15.000
286.377,281.732,13.000,15.000
286.983,282.117,13.000,15.000
287.699,281.291,13.000,15.000
287.093,281.567,13.000,15.000
