54.000,85.000,6.000,5.000
53.719,84.719,6.000,5.000
53.438,85.433,6.000,5.000
54.108,85.238,6.000,5.000
53.827,85.260,6.000,5.000
53.546,85.151,6.000,5.000
53.221,84.957,6.000,5.000
53.978,85.887,6.000,5.000
54.204,85.405,6.133,5.111
53.607,85.914,6.133,5.111
53.894,85.626,6.133,5.111
54.182,85.383,6.133,5.111
53.673,86.245,6.133,5.111
53.961,86.046,6.133,5.111
53.408,85.892,6.133,5.111
53.739,85.914,6.133,5.111
54.071,86.113,6.133,5.111
53.518,86.356,6.133,5.111
53.850,86.555,6.133,5.111
54.137,85.958,6.133,5.111
53.408,86.334,6.133,5.111
53.607,86.710,6.133,5.111
53.762,86.245,6.133,5.111
53.872,86.621,6.133,5.111
53.983,86.201,6.133,5.111
53.032,86.621,6.133,5.111
53.142,86.245,6.133,5.111
53.209,86.710,6.133,5.111
53.364,86.334,6.133,5.111
53.430,86.842,6.133,5.111
53.540,86.555,6.133,5.111
53.651,86.312,6.133,5.111
53.806,87.174,6.133,5.111
53.828,87.152,6.133,5.111
53.673,87.218,6.133,5.111
53.474,87.284,6.133,5.111
53.231,87.351,6.133,5.111
52.944,87.506,6.133,5.111
52.568,86.688,6.133,5.111
53.032,86.887,6.133,5.111
52.656,87.130,6.133,5.111
53.120,87.417,6.133,5.111
52.700,87.749,6.133,5.111
53.120,87.240,6.133,5.111
52.612,87.616,6.133,5.111
52.944,87.152,6.133,5.111
52.391,87.572,6.133,5.111
52.678,87.196,6.133,5.111
52.966,87.660,6.133,5.111
52.369,87.329,6.133,5.111
52.568,87.837,6.133,5.111
52.767,87.461,6.133,5.111
52.921,87.086,6.133,5.111
52.988,87.550,6.133,5.111
52.081,87.218,6.133,5.111
52.015,87.682,6.133,5.111
52.081,87.351,6.133,5.111
52.015,87.859,6.133,5.111
52.037,87.528,6.133,5.111
52.059,87.196,6.133,5.111
51.949,87.660,6.133,5.111
51.926,87.329,6.133,5.111
52.833,87.881,6.133,5.111
52.855,87.550,6.133,5.111
52.877,87.218,6.133,5.111
52.811,87.727,6.133,5.111
52.789,87.395,6.133,5.111
52.722,87.904,6.133,5.111
52.745,87.572,6.133,5.111
52.767,87.240,6.133,5.111
52.656,87.705,6.133,5.111
52.634,87.373,6.133,5.111
52.568,87.926,6.133,5.111
52.590,87.594,6.133,5.111
52.568,87.262,6.133,5.111
52.457,87.771,6.133,5.111
52.435,87.439,6.133,5.111
52.324,87.992,6.133,5.111
52.258,87.660,6.133,5.111
52.148,87.329,6.133,5.111
51.993,87.881,6.133,5.111
51.882,87.550,6.133,5.111
52.745,87.218,6.133,5.111
52.546,87.771,6.133,5.111
52.435,87.439,6.133,5.111
52.236,87.992,6.133,5.111
52.081,87.660,6.133,5.111
51.926,87.373,6.133,5.111
52.656,87.837,6.133,5.111
52.546,87.550,6.133,5.111
52.435,87.262,6.133,5.111
52.324,88.080,6.133,5.111
52.125,87.881,6.133,5.111
51.926,87.682,6.133,5.111
52.745,87.528,6.133,5.111
52.590,87.373,6.133,5.111
52.435,88.279,6.133,5.111
52.280,88.125,6.133,5.111
52.125,87.926,6.133,5.111
51.971,87.771,6.133,5.111
51.772,87.572,6.133,5.111
52.546,87.417,6.133,5.111
52.347,88.279,6.133,5.111
52.103,88.080,6.133,5.111
51.860,87.837,6.133,5.111
52.634,87.594,6.133,5.111
52.391,87.351,6.133,5.111
52.148,88.169,6.133,5.111
51.860,87.881,6.133,5.111
52.590,87.594,6.133,5.111
52.302,87.306,6.133,5.111
52.015,88.036,6.133,5.111
51.727,87.749,6.133,5.111
52.369,87.461,6.133,5.111
51.993,87.218,6.133,5.111
51.573,87.992,6.133,5.111
52.037,87.660,6.133,5.111
51.617,87.373,6.133,5.111
51.993,87.926,6.133,5.111
51.528,87.594,6.133,5.111
51.860,87.218,6.133,5.111
52.148,87.727,6.133,5.111
51.683,87.395,6.133,5.111
52.015,87.903,6.133,5.111
51.506,87.572,6.133,5.111
51.838,87.240,6.133,5.111
52.125,87.749,6.133,5.111
51.617,87.461,6.133,5.111
51.904,87.085,6.133,5.111
52.192,87.638,6.133,5.111
51.551,87.306,6.133,5.111
51.750,87.815,6.133,5.111
51.993,87.483,6.133,5.111
51.352,87.152,6.133,5.111
51.551,87.660,6.133,5.111
51.794,87.329,6.133,5.111
51.993,87.881,6.133,5.111
51.352,87.550,6.133,5.111
51.595,87.218,6.133,5.111
51.794,87.726,6.133,5.111
52.037,87.395,6.133,5.111
51.352,87.992,6.133,5.111
51.595,87.660,6.133,5.111
51.838,87.328,6.133,5.111
52.037,87.881,6.133,5.111
51.352,87.594,6.133,5.111
51.551,87.262,6.133,5.111
51.661,87.815,6.133,5.111
51.816,87.483,6.133,5.111
51.926,87.152,6.133,5.111
52.037,87.749,6.133,5.111
51.175,87.461,6.133,5.111
51.329,87.174,6.133,5.111
51.440,87.771,6.133,5.111
51.639,87.483,6.133,5.111
51.838,87.152,6.133,5.111
52.037,87.704,6.133,5.111
51.352,87.373,6.133,5.111
51.551,87.881,6.133,5.111
51.794,87.550,6.133,5.111
52.037,87.218,6.133,5.111
51.263,87.682,6.133,5.111
51.551,87.351,6.133,5.111
51.794,87.815,6.133,5.111
52.081,87.439,6.133,5.111
51.484,87.948,6.133,5.111
51.772,87.572,6.133,5.111
52.059,87.196,6.133,5.111
51.506,87.704,6.133,5.111
51.882,87.328,6.133,5.111
52.258,87.793,6.133,5.111
51.838,87.417,6.133,5.111
52.214,87.881,6.133,5.111
51.794,87.505,6.133,5.111
52.214,87.129,6.133,5.111
51.750,87.594,6.133,5.111
52.214,87.174,6.133,5.111
51.838,87.638,6.133,5.111
52.479,87.262,6.133,5.111
52.148,87.771,6.133,5.111
51.904,87.439,6.133,5.111
52.590,87.948,6.133,5.111
52.347,87.616,6.133,5.111
52.148,87.284,6.133,5.111
51.904,87.793,6.133,5.111
52.722,87.417,6.133,5.111
52.523,87.925,6.133,5.111
52.369,87.594,6.133,5.111
52.214,87.262,6.133,5.111
52.015,87.771,6.133,5.111
51.860,87.439,6.133,5.111
52.678,87.992,6.133,5.111
52.568,87.660,6.133,5.111
52.457,87.328,6.133,5.111
52.347,87.970,6.133,5.111
52.280,87.682,6.133,5.111
52.258,87.395,6.133,5.111
52.369,88.169,6.133,5.111
52.479,87.925,6.133,5.111
52.590,87.682,6.133,5.111
52.656,87.439,6.133,5.111
52.767,88.257,6.133,5.111
52.568,88.058,6.133,5.111
52.678,87.903,6.133,5.111
52.921,87.704,6.133,5.111
53.165,87.505,6.133,5.111
52.523,87.351,6.133,5.111
52.811,88.124,6.133,5.111
53.142,87.837,6.133,5.111
52.678,87.594,6.133,5.111
53.054,87.306,6.133,5.111
52.634,88.080,6.133,5.111
53.054,87.748,6.133,5.111
52.634,87.417,6.133,5.111
53.010,87.881,6.133,5.111
52.634,87.461,6.133,5.111
53.275,86.997,6.133,5.111
52.943,87.373,6.133,5.111
52.612,87.748,6.133,5.111
53.297,87.284,6.133,5.111
52.966,87.616,6.133,5.111
52.634,87.107,6.133,5.111
53.142,87.395,6.133,5.111
52.767,87.726,6.133,5.111
53.275,87.218,6.133,5.111
52.811,87.505,6.133,5.111
53.187,86.908,6.133,5.111
52.722,87.196,6.133,5.111
53.054,87.439,6.133,5.111
52.546,87.726,6.133,5.111
52.877,87.085,6.133,5.111
53.165,87.328,6.133,5.111
52.612,87.572,6.133,5.111
52.855,86.754,6.133,5.111
53.098,86.908,6.133,5.111
52.324,87.063,6.133,5.111
52.523,87.218,6.133,5.111
52.678,87.284,6.133,5.111
52.700,87.174,6.133,5.111
52.722,86.975,6.133,5.111
52.612,86.643,6.133,5.111
52.501,86.311,6.133,5.111
52.302,86.731,6.133,5.111
52.103,86.311,6.133,5.111
51.816,86.599,6.133,5.111
52.546,86.002,6.133,5.111
52.258,86.245,6.133,5.111
51.926,86.356,6.133,5.111
52.435,86.422,6.133,5.111
52.059,86.444,6.133,5.111
51.683,86.289,6.133,5.111
52.192,86.046,6.133,5.111
51.860,85.803,6.133,5.111
52.280,85.427,6.133,5.111
51.860,85.847,6.133,5.111
52.280,85.162,6.133,5.111
51.860,85.449,6.133,5.111
52.236,84.675,6.133,5.111
51.772,84.874,6.133,5.111
52.148,84.852,6.133,5.111
51.683,84.742,6.133,5.111
52.103,84.498,6.133,5.111
51.683,84.211,6.133,5.111
52.059,84.631,6.133,5.111
51.639,84.211,6.133,5.111
52.015,84.543,6.133,5.111
51.551,84.078,6.133,5.111
51.926,84.366,6.133,5.111
52.302,84.520,6.133,5.111
51.750,83.614,6.133,5.111
51.993,83.548,6.133,5.111
51.440,83.614,6.133,5.111
51.639,83.371,6.133,5.111
51.882,84.189,6.133,5.111
52.081,83.901,6.133,5.111
51.396,83.614,6.133,5.111
51.595,83.282,6.133,5.111
51.794,83.791,6.133,5.111
51.993,83.371,6.133,5.111
51.175,83.747,6.133,5.111
51.418,83.282,6.133,5.111
51.661,83.614,6.133,5.111
51.949,83.150,6.133,5.111
51.352,83.393,6.133,5.111
51.639,83.592,6.133,5.111
51.838,82.641,6.133,5.111
52.037,82.663,6.133,5.111
51.263,82.641,6.133,5.111
51.462,82.619,6.133,5.111
51.661,82.553,6.133,5.111
51.816,82.442,6.133,5.111
51.971,83.349,6.133,5.111
51.108,83.194,6.133,5.111
51.219,82.995,6.133,5.111
51.285,82.752,6.133,5.111
51.219,82.464,6.133,5.111
51.241,82.221,6.133,5.111
51.307,82.995,6.133,5.111
51.329,82.752,6.133,5.111
51.352,82.508,6.133,5.111
51.197,82.265,6.133,5.111
51.086,83.039,6.133,5.111
50.976,82.796,6.133,5.111
50.821,82.508,6.133,5.111
51.683,82.221,6.133,5.111
51.440,82.862,6.133,5.111
51.197,82.575,6.133,5.111
50.954,82.287,6.133,5.111
50.710,82.929,6.133,5.111
51.484,82.641,6.133,5.111
51.241,82.309,6.133,5.111
50.998,82.906,6.133,5.111
50.843,82.619,6.133,5.111
51.661,82.332,6.133,5.111
51.418,82.884,6.133,5.111
51.175,82.508,6.133,5.111
50.887,82.088,6.133,5.111
51.484,82.508,6.133,5.111
51.197,82.088,6.133,5.111
50.865,82.464,6.133,5.111
51.506,81.956,6.133,5.111
51.175,82.287,6.133,5.111
50.887,82.575,6.133,5.111
51.484,81.889,6.133,5.111
51.153,82.133,6.133,5.111
50.821,82.376,6.133,5.111
51.374,82.575,6.133,5.111
51.042,81.713,6.133,5.111
50.710,81.867,6.133,5.111
51.307,81.978,6.133,5.111
52.170,82.044,6.133,5.111
58.073,81.757,6.133,5.111
63.976,81.646,6.133,5.111
63.821,83.437,6.133,5.111
65.037,86.333,6.133,5.111
63.112,86.529,6.268,5.224
63.549,86.781,6.135,5.112
57.354,84.223,6.270,5.225
56.427,84.472,6.270,5.225
53.520,85.939,6.409,5.341
59.850,79.479,6.551,5.459
60.096,78.365,6.696,5.580
60.410,78.099,6.696,5.580
60.724,78.751,6.696,5.580
60.424,78.113,6.844,5.703
60.794,79.075,6.844,5.703
61.051,77.860,6.996,5.830
61.393,77.850,6.846,5.705
62.442,77.934,6.700,5.584
62.862,78.203,6.557,5.465
62.636,75.231,6.418,5.348
63.262,74.998,6.281,5.234
63.404,74.353,6.420,5.350
62.973,73.934,6.562,5.468
63.121,74.339,6.707,5.589
64.102,74.562,6.564,5.470
63.966,74.324,6.424,5.353
63.054,72.991,6.566,5.472
62.662,74.674,6.711,5.593
62.714,75.039,6.860,5.717
62.442,75.163,6.860,5.717
62.186,73.791,7.012,5.843
60.385,74.950,6.862,5.718
57.096,70.838,6.716,5.596
57.657,70.034,6.573,5.477
57.887,70.664,6.432,5.360
57.129,70.475,6.295,5.246
57.743,70.728,6.161,5.134
57.488,71.061,6.030,5.025
57.248,72.213,6.030,5.025
57.585,70.653,5.901,4.917
57.997,69.086,5.775,4.813
58.279,69.037,5.652,4.710
57.691,69.106,5.531,4.610
55.001,67.137,5.414,4.511
54.030,68.647,5.533,4.611
52.458,69.403,5.656,4.713
50.767,68.779,5.781,4.817
50.292,68.834,5.909,4.924
50.028,68.448,6.039,5.033
49.903,69.069,5.911,4.926
50.214,68.727,6.041,5.035
50.005,68.423,5.913,4.927
50.623,68.990,5.787,4.822
50.148,69.044,5.915,4.929
49.839,68.702,6.045,5.038
50.292,68.307,6.179,5.149
50.551,68.513,6.047,5.039
50.132,68.461,5.918,4.932
49.764,69.357,5.792,4.827
50.047,69.268,5.669,4.724
49.836,68.685,5.794,4.828
50.119,68.596,5.671,4.725
49.923,68.981,5.550,4.625
49.693,69.397,5.431,4.526
50.466,69.774,5.551,4.626
50.716,69.369,5.674,4.729
49.810,70.465,5.553,4.628
44.245,69.520,5.676,4.730
44.288,69.702,5.802,4.835
43.464,70.712,5.930,4.942
47.834,68.312,5.804,4.836
48.400,67.456,5.680,4.733
48.529,66.150,5.806,4.838
53.977,60.816,5.682,4.735
53.468,60.869,5.807,4.840
56.466,55.016,5.936,4.947
58.613,54.099,5.809,4.841
59.179,53.323,5.685,4.738
59.457,53.078,5.564,4.637
59.691,53.417,5.446,4.538
59.389,53.484,5.329,4.441
59.094,53.550,5.216,4.346
59.240,53.252,5.105,4.254
59.547,53.186,5.217,4.348
59.693,53.686,5.106,4.255
59.274,53.658,5.219,4.349
59.040,53.356,5.335,4.446
59.081,52.409,5.453,4.544
58.969,52.779,5.336,4.447
58.191,52.956,5.223,4.352
56.995,53.674,5.111,4.259
57.148,53.952,5.224,4.354
59.689,57.285,5.340,4.450
59.730,56.856,5.458,4.548
59.854,60.174,5.579,4.649
59.506,61.019,5.460,4.550
59.507,60.539,5.581,4.651
58.923,59.716,5.704,4.753
58.925,60.500,5.582,4.652
58.732,60.103,5.463,4.553
59.632,59.787,5.584,4.654
59.758,58.963,5.708,4.757
59.418,59.914,5.834,4.862
59.987,60.188,5.710,4.758
60.201,59.047,5.836,4.863
59.809,60.106,5.965,4.971
59.944,59.672,6.097,5.081
60.036,58.772,6.232,5.193
55.490,63.700,6.099,5.083
55.195,63.817,5.969,4.974
54.883,62.668,6.101,5.084
55.096,62.956,5.971,4.976
55.118,62.805,5.971,4.976
54.717,62.102,6.103,5.086
54.676,61.626,5.973,4.978
56.130,62.613,5.846,4.871
55.300,62.232,5.975,4.979
54.944,62.422,6.107,5.089
55.401,62.754,6.242,5.202
54.235,62.720,6.380,5.317
54.503,61.070,6.244,5.204
52.161,59.975,6.111,5.093
51.110,60.262,6.246,5.205
50.036,59.620,6.385,5.320
43.590,53.185,6.526,5.438
43.591,53.247,6.670,5.559
43.268,52.912,6.528,5.440
43.318,52.974,6.672,5.560
43.618,52.588,6.820,5.683
43.335,52.530,6.675,5.562
43.662,52.937,6.532,5.444
44.200,52.755,6.677,5.564
43.784,52.327,6.534,5.445
43.949,52.633,6.534,5.445
43.315,52.442,6.395,5.329
43.672,52.298,6.259,5.216
43.965,53.088,6.259,5.216
43.706,52.557,6.125,5.104
43.537,52.803,5.995,4.995
43.852,52.456,6.127,5.106
44.128,52.101,6.263,5.219
43.941,52.114,6.401,5.334
43.721,53.216,6.265,5.221
43.374,52.902,6.131,5.109
43.673,53.404,6.000,5.000
43.719,53.506,6.133,5.111
43.307,52.876,6.269,5.224
43.215,53.404,6.408,5.340
43.082,53.216,6.271,5.226
43.365,52.759,6.410,5.341
43.099,53.061,6.273,5.228
47.887,50.915,6.412,5.343
48.280,50.615,6.412,5.343
48.377,51.491,6.554,5.461
48.133,50.965,6.699,5.582
48.284,50.778,6.847,5.706
48.111,51.197,6.847,5.706
48.383,50.827,6.847,5.706
52.061,50.556,6.847,5.706
52.574,50.825,6.998,5.832
52.187,50.717,6.849,5.708
51.950,50.136,6.703,5.586
47.107,52.315,6.560,5.467
46.744,52.168,6.420,5.350
47.191,53.050,6.283,5.236
46.451,52.604,6.149,5.124
43.461,53.065,6.018,5.015
43.597,52.356,6.151,5.126
43.299,52.261,6.020,5.017
44.053,53.256,5.892,4.910
45.421,52.916,6.022,5.018
46.998,53.018,6.155,5.130
48.411,52.709,6.024,5.020
48.790,53.034,5.896,4.913
48.305,53.487,6.026,5.022
48.642,53.939,5.898,4.915
49.012,53.766,5.772,4.810
49.359,53.950,5.900,4.916
53.081,50.143,5.900,4.916
52.847,49.186,5.900,4.916
53.176,49.628,5.774,4.811
52.831,49.337,5.901,4.918
53.097,49.349,6.032,5.027
52.692,49.541,6.166,5.138
52.981,48.585,6.166,5.138
52.768,48.919,6.034,5.028
53.176,48.479,6.168,5.140
52.208,49.368,6.304,5.253
57.412,49.664,6.304,5.253
57.036,49.346,6.443,5.370
57.230,48.395,6.586,5.488
57.428,48.556,6.732,5.610
56.925,48.872,6.881,5.734
57.441,48.680,7.033,5.861
57.547,48.378,7.189,5.990
56.849,48.070,7.348,6.123
55.971,44.017,7.510,6.258
56.253,42.909,7.676,6.397
55.680,42.407,7.846,6.538
56.048,42.888,7.846,6.538
56.049,42.904,8.020,6.683
55.511,42.080,8.197,6.831
56.196,42.409,8.022,6.685
56.137,42.665,8.200,6.833
56.200,42.007,8.381,6.984
56.610,43.159,8.203,6.835
56.734,42.439,8.384,6.987
55.983,42.079,8.570,7.141
55.984,42.161,8.759,7.299
55.527,42.113,8.953,7.461
55.840,41.601,8.762,7.302
55.317,41.029,8.956,7.463
55.801,41.449,8.956,7.463
55.381,41.223,8.956,7.463
55.584,41.642,9.154,7.628
54.900,40.976,9.357,7.797
55.618,44.798,9.157,7.631
56.320,45.420,8.962,7.468
56.676,45.970,8.962,7.468
56.553,46.454,8.771,7.309
56.648,45.853,8.771,7.309
56.869,45.126,8.771,7.309
56.585,44.778,8.771,7.309
56.783,44.861,8.965,7.471
56.598,44.598,8.773,7.311
54.922,37.924,8.773,7.311
54.497,37.484,8.586,7.155
54.095,37.020,8.586,7.155
54.559,36.555,8.586,7.155
54.095,37.206,8.586,7.155
54.745,37.360,8.586,7.155
54.747,37.705,8.403,7.003
55.080,37.311,8.403,7.003
54.383,37.826,8.403,7.003
48.538,41.175,8.589,7.158
49.696,41.513,8.779,7.316
49.304,41.137,8.973,7.478
49.789,41.622,8.973,7.478
49.479,41.359,8.782,7.318
49.786,40.064,8.595,7.162
49.191,39.573,8.412,7.010
49.822,40.974,8.598,7.165
49.309,41.313,8.788,7.323
49.404,41.281,8.788,7.323
51.843,42.770,8.788,7.323
52.192,43.499,8.788,7.323
52.743,43.119,8.600,7.167
53.967,42.750,8.791,7.326
55.087,43.162,8.985,7.488
54.483,42.710,9.184,7.653
55.859,43.552,9.387,7.823
56.141,44.063,9.595,7.996
56.743,43.381,9.390,7.825
56.680,43.301,9.190,7.658
57.193,43.862,8.994,7.495
56.388,43.880,9.193,7.661
56.527,44.036,9.396,7.830
56.018,48.880,9.396,7.830
56.301,49.251,9.604,8.004
63.416,46.180,9.817,8.181
63.784,45.833,10.034,8.362
63.861,46.153,10.256,8.547
64.120,46.412,10.256,8.547
64.305,45.709,10.256,8.547
68.261,55.582,10.256,8.547
68.121,55.210,10.037,8.364
67.914,55.683,9.823,8.186
68.283,55.408,10.041,8.367
67.740,55.155,10.041,8.367
68.042,55.701,10.263,8.552
68.120,55.952,10.490,8.742
68.514,55.816,10.722,8.935
68.757,55.276,10.959,9.133
68.638,56.026,10.959,9.133
67.902,54.163,11.202,9.335
66.815,52.258,11.449,9.541
66.046,51.510,11.703,9.752
66.678,51.130,11.703,9.752
65.717,49.403,11.962,9.968
65.304,50.049,11.707,9.756
71.165,45.638,11.457,9.547
71.645,45.222,11.213,9.344
71.201,45.990,11.213,9.344
71.969,46.597,11.213,9.344
71.686,46.152,11.213,9.344
71.403,46.758,11.213,9.344
72.185,47.287,10.974,9.145
72.645,47.651,10.740,8.950
71.987,47.070,10.740,8.950
72.180,47.419,10.740,8.950
67.481,50.835,10.511,8.759
77.344,54.837,10.286,8.572
77.061,55.393,10.067,8.389
76.385,54.585,10.290,8.575
75.925,54.990,10.517,8.765
75.927,54.901,10.293,8.578
76.502,55.457,10.074,8.395
76.901,55.566,10.074,8.395
76.752,55.511,10.297,8.580
72.517,54.992,10.524,8.770
70.787,54.620,10.757,8.964
70.145,53.998,10.995,9.163
69.653,53.362,11.238,9.365
70.159,53.720,11.487,9.573
70.419,53.314,11.741,9.784
70.333,53.513,12.001,10.001
69.078,52.998,12.267,10.222
68.346,52.748,12.538,10.448
67.668,52.974,12.538,10.448
67.670,52.811,12.815,10.679
67.193,52.262,13.099,10.916
67.293,51.896,13.389,11.157
67.996,52.123,13.685,11.404
67.384,51.638,13.988,11.656
65.293,51.353,14.297,11.914
64.119,50.953,14.614,12.178
63.856,51.428,14.614,12.178
66.093,53.639,14.302,11.918
71.873,52.598,14.618,12.182
74.112,53.592,14.307,11.922
74.910,54.862,14.001,11.668
73.941,54.646,13.703,11.419
74.611,54.911,13.411,11.176
75.173,55.635,13.125,10.937
76.271,55.068,12.845,10.704
75.576,54.651,12.845,10.704
75.993,54.234,12.845,10.704
74.938,54.452,13.129,10.941
75.762,55.253,12.849,10.707
75.188,54.318,13.133,10.944
74.404,53.263,13.424,11.187
74.314,52.683,13.138,10.948
75.138,53.028,12.857,10.715
74.963,53.723,12.583,10.486
75.643,53.224,12.583,10.486
75.175,53.814,12.862,10.718
75.982,54.241,12.587,10.489
75.723,53.784,12.319,10.266
76.655,54.095,12.319,10.266
76.744,54.076,12.056,10.047
75.155,54.309,11.799,9.833
63.797,42.951,11.799,9.833
64.858,42.534,12.060,10.050
65.311,38.769,12.327,10.273
65.657,38.064,12.064,10.053
65.027,37.998,12.331,10.276
64.475,36.916,12.604,10.503
64.289,37.130,12.883,10.736
63.231,36.674,13.168,10.973
62.776,36.287,12.887,10.739
62.079,36.799,12.887,10.739
61.407,35.764,13.172,10.977
61.507,36.283,13.464,11.220
62.332,38.370,13.464,11.220
63.643,39.486,13.464,11.220
63.746,39.614,13.761,11.468
64.514,40.549,13.468,11.223
65.266,41.090,13.181,10.984
64.973,40.229,13.472,11.227
56.570,27.261,13.472,11.227
57.322,27.147,13.185,10.988
57.783,27.768,12.904,10.753
57.086,28.000,12.904,10.753
56.798,28.123,13.189,10.991
57.688,27.754,13.481,11.234
55.209,28.483,13.481,11.234
55.111,29.116,13.779,11.483
56.453,29.762,14.084,11.737
57.925,29.642,13.784,11.487
58.869,31.878,13.784,11.487
58.974,32.628,14.089,11.741
59.503,34.237,14.401,12.001
59.607,34.615,14.094,11.745
59.512,35.279,13.793,11.494
59.661,34.533,13.793,11.494
60.336,34.799,13.499,11.249
60.433,35.529,13.211,11.009
60.252,35.142,12.929,10.774
60.435,34.942,12.654,10.545
60.342,35.630,12.934,10.778
60.635,34.979,13.220,11.016
60.454,35.693,12.938,10.781
60.746,34.848,13.224,11.020
60.127,34.514,13.224,11.020
60.460,34.181,13.224,11.020
59.869,33.811,13.517,11.264
59.062,34.142,13.816,11.513
59.710,34.092,13.816,11.513
59.092,33.706,14.121,11.768
59.390,33.488,13.820,11.517
59.009,34.235,13.525,11.271
55.628,40.418,13.237,11.031
55.263,41.870,12.955,10.796
54.906,42.390,12.678,10.565
55.614,42.811,12.408,10.340
55.987,42.001,12.683,10.569
55.550,41.540,12.412,10.343
56.131,40.780,12.412,10.343
56.319,41.176,12.687,10.572
56.763,41.245,12.416,10.347
56.579,41.548,12.691,10.576
56.533,42.051,12.691,10.576
56.820,40.843,12.972,10.810
56.046,39.898,13.259,11.049
56.878,40.431,12.976,10.813
58.595,41.132,12.699,10.583
58.122,41.253,12.980,10.817
58.666,41.593,12.703,10.586
59.375,42.192,12.433,10.360
58.882,41.699,12.433,10.360
59.404,41.507,12.167,10.140
59.224,40.712,12.437,10.364
59.659,41.384,12.171,10.143
59.154,42.042,11.912,9.927
57.832,42.686,11.658,9.715
57.430,42.668,11.409,9.508
55.688,43.127,11.166,9.305
58.697,41.562,11.413,9.511
60.236,41.414,11.665,9.721
55.861,43.017,11.417,9.514
54.838,42.272,11.669,9.724
55.489,42.091,11.420,9.517
55.662,42.627,11.673,9.728
55.838,42.650,11.931,9.943
56.090,42.217,11.677,9.731
56.354,41.979,11.935,9.946
55.909,42.270,12.199,10.166
55.404,41.997,11.939,9.949
56.153,42.228,11.685,9.737
56.364,41.764,11.685,9.737
55.149,41.422,11.435,9.530
54.860,41.875,11.435,9.530
54.862,41.128,11.688,9.740
55.039,41.239,11.947,9.956
55.290,41.802,11.692,9.744
54.418,40.776,11.951,9.959
54.919,40.176,11.696,9.747
54.221,39.412,11.955,9.962
54.805,41.138,11.700,9.750
54.483,41.689,11.450,9.542
65.791,46.680,11.704,9.753
64.480,45.916,11.963,9.969
64.034,45.403,12.227,10.189
64.343,45.623,12.227,10.189
63.796,45.922,12.498,10.415
63.331,45.854,12.774,10.645
63.777,45.213,12.502,10.418
63.694,45.802,12.235,10.196
63.421,46.009,12.506,10.422
63.049,46.221,12.783,10.652
63.674,45.669,12.510,10.425
62.740,45.600,12.787,10.656
63.365,45.669,12.514,10.429
64.238,44.606,12.247,10.206
64.881,45.364,12.518,10.432
64.655,45.860,12.518,10.432
63.788,45.406,12.251,10.210
63.961,44.876,11.990,9.992
61.990,44.452,12.255,10.213
60.342,43.743,12.527,10.439
59.969,43.674,12.804,10.670
59.492,42.934,13.087,10.906
60.081,44.428,13.377,11.147
62.085,44.855,13.673,11.394
61.371,45.292,13.975,11.646
62.314,45.843,14.284,11.904
62.851,46.940,14.600,12.167
64.928,50.573,14.923,12.436
65.139,49.617,14.605,12.171
63.503,48.444,14.928,12.440
62.388,47.469,15.259,12.715
66.272,50.125,15.596,12.997
68.491,50.040,15.941,13.284
68.851,50.549,16.294,13.578
69.615,50.607,16.294,13.578
69.252,50.030,16.654,13.879
68.631,49.441,17.023,14.186
69.464,50.125,16.660,13.883
69.092,50.532,17.028,14.190
70.398,50.269,16.665,13.888
72.139,51.286,16.310,13.592
72.823,52.167,15.962,13.302
73.271,52.808,15.622,13.018
72.949,52.676,15.289,12.740
72.740,53.396,14.963,12.469
71.735,52.642,15.294,12.745
71.966,52.215,15.632,13.027
70.916,51.428,15.978,13.315
70.974,51.831,15.978,13.315
70.379,52.102,16.331,13.609
68.915,52.624,16.693,13.911
66.448,53.406,16.693,13.911
67.148,53.960,16.337,13.614
68.060,54.276,15.988,13.324
68.541,53.471,16.342,13.618
68.788,52.648,16.704,13.920
67.916,51.931,17.073,14.228
67.485,52.855,17.073,14.228
66.594,52.506,17.451,14.542
67.902,51.366,17.837,14.864
68.305,51.001,18.232,15.193
68.690,51.733,17.843,14.869
67.596,51.926,17.843,14.869
66.932,52.229,18.238,15.198
66.866,52.426,18.238,15.198
67.005,50.962,18.641,15.534
66.032,51.278,19.054,15.878
65.826,51.622,19.054,15.878
66.719,50.729,19.054,15.878
65.867,51.052,19.475,16.229
66.684,50.481,19.060,15.883
65.546,50.804,19.482,16.235
65.112,50.260,19.913,16.594
64.609,50.906,19.913,16.594
65.686,50.404,19.913,16.594
66.798,51.342,19.488,16.240
66.447,51.693,19.488,16.240
67.641,50.639,19.488,16.240
66.969,51.557,19.072,15.894
66.829,50.882,19.494,16.245
65.957,51.213,19.926,16.605
66.258,50.209,20.366,16.972
65.957,51.164,20.817,17.348
65.131,51.839,20.817,17.348
64.992,50.939,20.373,16.978
66.129,52.182,19.939,16.616
65.580,51.459,19.514,16.261
66.533,52.107,19.097,15.914
65.394,51.002,19.520,16.267
66.308,51.917,19.520,16.267
65.770,51.209,19.104,15.920
66.390,52.104,19.104,15.920
66.395,51.411,18.696,15.580
66.269,51.122,18.298,15.248
66.731,51.584,18.298,15.248
66.665,50.594,18.298,15.248
65.847,51.042,18.702,15.585
65.375,51.379,18.702,15.585
65.982,50.502,18.702,15.585
65.856,51.123,18.304,15.253
64.602,50.397,18.304,15.253
65.701,50.845,18.709,15.590
64.584,50.602,19.122,15.935
65.756,50.809,19.122,15.935
64.901,51.134,19.546,16.288
65.050,50.734,19.978,16.648
64.638,50.009,19.552,16.293
65.837,50.362,19.552,16.293
65.625,49.586,19.552,16.293
65.902,50.643,19.135,15.946
66.039,50.082,18.727,15.606
66.694,50.704,18.328,15.273
65.967,50.241,18.328,15.273
65.505,51.100,18.328,15.273
64.822,50.177,18.733,15.611
66.649,51.190,18.334,15.278
67.418,51.162,17.943,14.952
68.000,50.321,17.943,14.952
67.506,50.792,17.560,14.633
68.486,51.375,17.185,14.321
67.557,50.941,17.185,14.321
67.322,50.437,16.819,14.016
67.209,51.463,16.460,13.717
68.014,52.239,16.109,13.424
67.010,51.990,15.766,13.138
68.000,51.199,15.430,12.858
68.580,53.192,15.771,13.142
69.132,52.510,15.435,12.862
68.170,53.130,15.105,12.588
66.389,52.792,14.783,12.319
66.084,52.358,14.468,12.057
66.691,52.838,14.160,11.800
66.202,52.521,13.858,11.548
66.880,53.367,13.562,11.302
67.260,54.006,13.273,11.061
68.093,54.262,12.990,10.825
67.374,53.881,12.713,10.594
67.907,53.596,12.442,10.368
67.997,53.923,12.176,10.147
67.661,54.581,11.917,9.931
68.078,54.314,11.663,9.719
68.972,54.864,11.414,9.512
68.355,55.399,11.414,9.512
68.992,56.571,11.170,9.309
69.245,56.510,11.418,9.515
68.734,56.191,11.670,9.725
68.736,55.080,11.928,9.940
68.779,55.467,11.928,9.940
68.699,56.194,11.674,9.728
63.017,44.957,11.674,9.728
70.809,44.777,11.425,9.521
70.725,45.227,11.678,9.732
70.989,45.163,11.936,9.947
71.616,44.830,12.200,10.167
71.983,45.311,12.470,10.392
72.118,44.636,12.470,10.392
72.026,44.941,12.746,10.622
71.266,45.157,13.028,10.857
71.088,44.956,12.750,10.625
71.280,45.077,13.032,10.860
70.921,45.057,12.755,10.629
70.924,45.747,12.483,10.402
71.534,46.248,12.216,10.180
72.047,46.569,11.956,9.963
71.634,46.384,11.701,9.751
71.393,47.017,11.451,9.543
71.157,46.999,11.207,9.339
71.601,46.555,11.207,9.339
72.383,47.160,10.968,9.140
71.728,46.116,11.211,9.342
71.341,45.865,10.972,9.143
70.985,46.379,10.972,9.143
71.579,45.944,10.972,9.143
71.144,45.350,10.972,9.143
71.528,46.172,10.738,8.948
71.851,45.632,10.975,9.146
71.360,43.273,11.218,9.348
70.858,41.700,11.466,9.555
60.342,31.164,11.222,9.352
67.059,19.853,11.470,9.558
66.982,19.118,11.226,9.355
66.439,18.711,10.986,9.155
66.716,19.384,10.986,9.155
66.914,18.949,10.986,9.155
67.033,18.434,10.986,9.155
65.884,18.045,11.229,9.358
66.901,17.872,10.990,9.158
66.657,17.976,11.233,9.361
68.843,13.545,11.481,9.568
69.017,13.052,11.735,9.780
69.721,12.812,11.995,9.996
69.095,12.298,12.261,10.217
68.874,12.696,12.261,10.217
68.476,13.270,12.261,10.217
68.753,13.387,12.532,10.443
63.411,0.756,12.809,10.674
64.127,0.469,12.536,10.447
63.901,0.695,12.536,10.447
63.132,1.012,12.536,10.447
62.364,1.418,12.536,10.447
61.616,1.256,12.813,10.678
61.905,1.857,13.097,10.914
62.614,2.187,13.097,10.914
62.028,1.528,13.386,11.155
62.431,1.654,13.683,11.402
62.480,2.000,13.683,11.402
62.036,1.260,13.683,11.402
61.493,1.506,13.683,11.402
61.740,1.654,13.683,11.402
61.099,1.802,13.683,11.402
61.049,0.865,13.683,11.402
60.901,0.816,13.683,11.402
60.359,0.767,13.683,11.402
59.951,1.613,13.985,11.654
57.757,1.432,14.295,11.912
56.984,1.277,14.295,11.912
56.108,1.019,14.295,11.912
55.789,1.903,14.611,12.176
55.901,1.277,14.934,12.445
55.178,1.254,14.616,12.180
55.399,1.720,14.939,12.449
55.610,1.905,14.621,12.184
55.503,1.497,14.944,12.453
55.952,1.639,15.275,12.729
55.498,1.555,15.613,13.011
55.851,1.586,15.958,13.298
56.483,0.953,15.958,13.298
57.576,1.586,15.958,13.298
58.057,1.499,16.311,13.593
59.534,2.040,15.963,13.303
60.052,1.868,15.963,13.303
60.340,1.465,15.963,13.303
59.506,1.497,16.317,13.597
58.655,1.896,16.678,13.898
59.196,2.196,16.678,13.898
58.775,1.174,16.678,13.898
58.234,1.114,16.678,13.898
60.440,0.857,16.322,13.602
61.124,1.399,15.974,13.312
62.103,0.996,15.974,13.312
62.622,1.629,15.974,13.312
63.485,1.341,15.974,13.312
64.004,1.975,15.974,13.312
64.484,1.648,16.327,13.606
64.853,1.681,16.689,13.907
65.395,1.260,16.689,13.907
65.335,0.838,16.689,13.907
65.756,1.500,16.689,13.907
65.335,1.079,16.689,13.907
65.395,0.778,16.689,13.907
62.901,1.561,17.058,14.215
62.347,1.991,17.058,14.215
61.329,2.025,17.435,14.529
60.288,2.060,17.821,14.851
60.096,2.639,17.821,14.851
60.674,1.932,17.821,14.851
59.967,2.382,17.821,14.851
60.288,1.932,17.821,14.851
61.252,2.125,17.821,14.851
62.344,1.161,17.821,14.851
63.179,0.840,17.821,14.851
63.431,0.812,17.441,14.534
46.643,8.295,17.441,14.534
49.516,2.067,17.827,14.856
50.480,1.874,17.827,14.856
50.802,1.938,17.827,14.856
50.223,2.003,17.827,14.856
50.545,2.195,17.827,14.856
50.866,1.231,17.827,14.856
51.187,1.167,17.827,14.856
51.251,1.231,17.827,14.856
51.444,1.296,17.827,14.856
51.637,1.103,17.827,14.856
51.958,1.424,17.827,14.856
50.737,1.231,17.827,14.856
50.030,0.910,17.827,14.856
50.778,0.759,17.447,14.539
49.933,1.096,17.075,14.229
48.641,0.665,17.075,14.229
49.238,1.469,16.710,13.925
50.403,0.979,16.354,13.628
50.407,0.840,16.005,13.338
50.811,1.244,16.005,13.338
51.446,1.763,16.005,13.338
51.157,1.129,16.005,13.338
51.100,1.648,16.005,13.338
50.696,1.129,16.005,13.338
50.638,1.763,16.005,13.338
50.927,1.244,16.005,13.338
51.331,1.879,16.005,13.338
50.696,1.475,16.005,13.338
50.638,1.071,16.005,13.338
50.350,1.706,16.005,13.338
50.292,1.071,16.005,13.338
49.888,1.706,16.005,13.338
50.523,1.302,16.005,13.338
50.350,1.936,16.005,13.338
50.523,1.532,16.005,13.338
50.465,1.129,16.005,13.338
50.176,1.763,16.005,13.338
49.888,1.013,16.005,13.338
50.753,1.302,16.005,13.338
51.273,1.590,16.005,13.338
50.407,0.955,16.005,13.338
50.119,1.359,16.005,13.338
49.715,0.609,16.005,13.338
49.358,1.120,16.359,13.633
49.362,1.095,16.011,13.342
48.766,1.726,16.365,13.637
48.891,0.779,16.727,13.939
48.143,1.063,17.097,14.247
47.958,0.878,17.097,14.247
47.896,0.693,17.097,14.247
47.958,1.495,17.097,14.247
48.794,1.231,16.732,13.944
49.728,0.740,16.376,13.646
50.756,0.601,16.026,13.355
50.399,1.112,16.381,13.651
50.858,0.973,16.032,13.360
49.781,1.605,16.386,13.655
48.926,1.270,16.749,13.957
48.745,1.572,16.749,13.957
48.443,0.908,16.749,13.957
47.779,1.330,16.749,13.957
49.412,0.956,16.392,13.660
50.327,1.044,16.042,13.368
50.930,1.436,16.397,13.664
50.820,1.639,16.047,13.373
50.993,1.118,16.047,13.373
49.796,1.631,16.402,13.669
49.685,1.491,16.053,13.377
49.743,0.855,16.053,13.377
50.193,1.165,15.710,13.092
49.797,0.882,15.710,13.092
49.692,1.731,15.375,12.813
49.234,1.072,15.715,13.096
49.404,1.015,15.715,13.096
49.461,0.845,15.715,13.096
49.901,1.694,15.380,12.817
49.673,1.035,15.721,13.101
49.503,1.092,15.721,13.101
50.013,1.148,15.721,13.101
49.617,1.318,15.721,13.101
49.787,1.488,15.721,13.101
49.390,1.545,15.721,13.101
49.447,1.602,15.721,13.101
50.184,1.545,15.721,13.101
51.374,1.602,15.721,13.101
53.244,1.658,15.721,13.101
53.641,1.828,15.721,13.101
52.904,1.998,15.721,13.101
51.827,1.148,15.721,13.101
51.090,0.978,15.721,13.101
50.694,0.808,15.721,13.101
50.931,1.781,16.068,13.390
51.294,1.572,16.424,13.687
55.229,1.605,16.787,13.989
57.347,1.061,16.787,13.989
58.255,1.484,16.787,13.989
59.042,1.908,16.787,13.989
59.828,1.363,16.787,13.989
61.099,1.787,16.787,13.989
61.523,1.242,16.787,13.989
60.857,1.666,16.787,13.989
61.402,1.000,16.787,13.989
61.462,1.303,16.787,13.989
61.886,1.605,16.787,13.989
62.310,0.939,16.787,13.989
62.128,1.121,16.787,13.989
61.947,1.303,16.787,13.989
62.975,1.484,16.787,13.989
63.520,1.424,16.787,13.989
62.491,1.484,16.787,13.989
62.794,1.545,16.787,13.989
62.612,0.637,16.787,13.989
63.278,0.818,16.787,13.989
62.491,0.516,16.787,13.989
63.278,0.092,16.787,13.989
63.339,0.879,16.787,13.989
63.467,1.415,17.159,14.299
63.281,1.600,17.159,14.299
63.714,1.786,17.159,14.299
64.024,1.724,17.159,14.299
64.333,1.539,17.159,14.299
64.642,1.353,17.159,14.299
64.085,1.167,17.159,14.299
64.271,1.106,17.159,14.299
63.962,1.291,17.159,14.299
63.900,1.477,17.159,14.299
63.714,1.662,17.159,14.299
63.776,1.848,17.159,14.299
63.714,2.033,17.159,14.299
63.203,1.298,17.538,14.615
63.646,1.108,17.538,14.615
63.255,1.537,17.926,14.939
63.708,1.860,17.926,14.939
62.997,2.183,17.926,14.939
63.320,1.472,17.926,14.939
63.902,1.537,17.926,14.939
63.320,1.731,17.926,14.939
63.126,1.795,17.926,14.939
63.320,1.472,17.926,14.939
63.514,1.149,17.926,14.939
63.708,0.826,17.926,14.939
62.868,1.666,17.926,14.939
62.157,1.731,17.926,14.939
61.704,1.666,17.926,14.939
61.252,1.601,17.926,14.939
61.187,1.407,17.926,14.939
61.123,1.084,17.926,14.939
60.799,0.890,17.926,14.939
61.123,1.601,17.926,14.939
60.929,1.278,17.926,14.939
60.606,0.955,17.926,14.939
60.153,1.666,17.926,14.939
60.089,1.472,17.926,14.939
59.895,1.537,17.926,14.939
59.442,1.601,17.926,14.939
59.507,1.795,17.926,14.939
60.218,2.118,17.926,14.939
60.670,1.407,17.926,14.939
60.476,1.731,17.926,14.939
60.799,2.054,17.926,14.939
60.089,1.343,17.926,14.939
58.990,1.666,17.926,14.939
58.150,1.989,17.926,14.939
58.085,2.183,17.926,14.939
57.116,1.214,17.926,14.939
56.405,0.890,17.926,14.939
57.762,1.472,17.926,14.939
58.731,0.761,17.926,14.939
59.830,1.343,17.926,14.939
58.990,0.632,17.926,14.939
58.667,0.955,17.926,14.939
60.799,1.407,17.926,14.939
63.061,0.826,17.926,14.939
64.936,1.278,17.926,14.939
65.388,0.438,17.926,14.939
64.289,0.890,17.926,14.939
63.837,1.472,17.926,14.939
64.160,0.890,17.926,14.939
65.517,1.731,17.926,14.939
66.357,1.407,17.926,14.939
65.647,1.214,17.926,14.939
64.419,1.407,17.926,14.939
63.708,1.601,17.926,14.939
62.997,1.407,17.926,14.939
62.803,1.084,17.926,14.939
61.963,0.890,17.926,14.939
61.769,1.601,17.926,14.939
62.092,1.020,17.926,14.939
59.184,1.731,17.926,14.939
58.085,1.149,17.926,14.939
57.891,0.438,17.926,14.939
57.568,1.020,17.926,14.939
56.728,1.601,17.926,14.939
57.051,1.020,17.926,14.939
57.503,1.601,17.926,14.939
57.827,1.020,17.926,14.939
57.633,1.601,17.926,14.939
57.310,1.020,17.926,14.939
57.891,1.601,17.926,14.939
58.602,1.020,17.926,14.939
58.150,1.601,17.926,14.939
58.731,1.020,17.926,14.939
58.279,1.601,17.926,14.939
58.861,1.020,17.926,14.939
58.150,1.601,17.926,14.939
58.861,0.890,17.926,14.939
59.442,1.472,17.926,14.939
58.861,0.761,17.926,14.939
58.279,1.214,17.926,14.939
58.731,0.373,17.926,14.939
58.362,0.720,17.544,14.620
58.610,0.571,17.170,14.308
58.256,1.022,16.804,14.003
58.195,0.597,16.804,14.003
58.619,0.295,16.804,14.003
59.407,1.324,16.804,14.003
58.741,1.264,16.804,14.003
58.317,0.961,16.804,14.003
57.892,0.779,16.804,14.003
57.832,0.476,16.804,14.003
56.923,1.264,16.804,14.003
54.561,0.719,16.804,14.003
52.440,0.052,16.804,14.003
50.199,0.597,16.804,14.003
50.138,-0.069,16.804,14.003
50.078,0.476,16.804,14.003
50.017,1.143,16.804,14.003
49.108,0.719,16.804,14.003
46.746,0.173,16.804,14.003
45.716,0.840,16.804,14.003
45.655,0.173,16.804,14.003
45.231,0.840,16.804,14.003
45.413,0.295,16.804,14.003
44.989,0.961,16.804,14.003
45.049,0.416,16.804,14.003
44.262,1.324,16.804,14.003
44.686,1.022,16.804,14.003
44.262,0.719,16.804,14.003
44.928,0.295,16.804,14.003
45.837,1.203,16.804,14.003
46.261,1.143,16.804,14.003
45.473,1.082,16.804,14.003
44.565,1.022,16.804,14.003
43.898,0.961,16.804,14.003
44.080,0.900,16.804,14.003
43.414,1.082,16.804,14.003
42.747,1.264,16.804,14.003
42.929,1.446,16.804,14.003
43.057,1.856,17.176,14.313
42.032,1.248,17.556,14.630
42.524,0.489,17.181,14.318
43.041,1.166,17.561,14.634
43.701,1.464,17.950,14.958
44.283,1.011,17.950,14.958
44.995,1.723,17.950,14.958
46.354,1.141,17.950,14.958
47.584,0.558,17.950,14.958
47.463,1.030,17.567,14.639
47.400,0.713,17.567,14.639
47.463,0.396,17.567,14.639
47.072,1.089,17.956,14.963
47.266,0.376,17.956,14.963
46.463,1.218,18.353,15.294
45.917,0.294,18.759,15.633
45.779,0.893,19.174,15.979
46.317,0.597,18.765,15.638
45.056,1.196,19.181,15.984
45.540,0.297,19.181,15.984
45.678,0.934,18.771,15.643
45.552,0.514,18.371,15.309
46.195,0.102,17.979,14.983
45.929,0.811,18.377,15.314
45.678,0.400,17.985,14.988
45.182,0.497,17.602,14.668
45.580,1.190,17.991,14.993
45.385,0.477,17.991,14.993
46.099,1.061,17.991,14.993
45.645,0.347,17.991,14.993
45.191,0.931,17.991,14.993
45.195,1.278,17.608,14.673
45.322,0.517,17.232,14.360
45.011,1.200,17.232,14.360
44.203,0.766,17.232,14.360
43.893,1.449,17.232,14.360
43.458,0.890,17.232,14.360
42.899,0.331,17.232,14.360
43.706,1.014,17.232,14.360
43.893,0.579,17.232,14.360
42.606,0.872,17.613,14.678
42.214,0.248,18.003,15.002
41.678,0.957,18.401,15.334
41.877,0.228,18.401,15.334
43.138,0.825,18.401,15.334
43.204,1.422,18.401,15.334
44.066,0.825,18.401,15.334
44.582,0.541,18.009,15.007
44.587,0.888,17.625,14.687
45.326,1.106,17.249,14.374
44.393,0.422,17.249,14.374
44.757,0.995,16.881,14.068
43.722,0.569,16.881,14.068
43.374,0.191,16.521,13.768
43.263,0.395,16.169,13.474
43.438,0.570,16.169,13.474
43.963,0.862,16.169,13.474
43.180,0.949,15.824,13.187
43.807,0.436,15.824,13.187
43.811,1.071,15.487,12.905
44.537,1.015,15.487,12.905
44.258,1.071,15.487,12.905
43.420,1.127,15.487,12.905
44.035,1.406,15.487,12.905
44.760,1.685,15.487,12.905
43.373,0.790,15.829,13.191
43.046,1.535,15.492,12.910
43.437,1.703,15.492,12.910
43.787,0.807,15.834,13.195
44.231,1.553,15.497,12.914
44.814,0.656,15.840,13.200
44.707,1.292,15.502,12.918
45.210,1.236,15.502,12.918
44.372,1.292,15.502,12.918
42.528,1.236,15.502,12.918
41.913,0.845,15.502,12.918
42.240,0.498,15.171,12.643
42.294,0.881,15.171,12.643
41.771,1.069,14.848,12.373
41.155,0.633,14.531,12.109
41.967,0.409,14.221,11.851
42.018,1.178,14.221,11.851
41.864,1.126,14.221,11.851
41.608,1.178,14.221,11.851
41.315,0.958,13.918,11.598
41.465,1.410,13.918,11.598
41.415,0.757,13.918,11.598
42.067,1.109,13.918,11.598
41.490,1.281,13.621,11.351
42.325,0.937,13.621,11.351
42.865,0.888,13.621,11.351
42.816,0.937,13.621,11.351
42.963,0.986,13.621,11.351
42.325,0.741,13.621,11.351
42.531,1.481,13.922,11.602
42.012,0.884,14.231,11.859
41.346,0.935,14.231,11.859
41.192,0.884,14.231,11.859
41.551,0.935,14.231,11.859
41.089,1.089,14.231,11.859
42.166,1.038,14.231,11.859
42.012,1.192,14.231,11.859
41.756,1.141,14.231,11.859
41.602,1.192,14.231,11.859
41.448,1.141,14.231,11.859
41.499,1.295,14.231,11.859
42.166,1.551,14.231,11.859
42.731,1.705,14.231,11.859
43.031,0.892,13.927,11.606
43.583,1.444,13.927,11.606
43.377,1.055,14.235,11.863
43.941,1.209,14.235,11.863
44.301,1.363,14.235,11.863
44.865,1.415,14.235,11.863
44.609,1.569,14.235,11.863
44.763,1.620,14.235,11.863
45.510,0.796,14.550,12.125
46.087,1.164,14.550,12.125
39.950,4.258,14.550,12.125
45.395,1.784,14.872,12.393
46.742,1.555,14.555,12.129
47.180,0.930,14.877,12.397
47.071,0.960,15.206,12.672
47.497,1.360,14.882,12.402
47.914,1.026,14.564,12.137
48.134,1.273,14.887,12.406
47.469,0.969,15.216,12.680
47.194,1.353,15.216,12.680
45.603,0.814,15.553,12.961
44.538,0.646,15.553,12.961
43.472,0.478,15.553,12.961
43.192,1.319,15.553,12.961
43.472,1.039,15.553,12.961
43.865,0.983,15.553,12.961
44.257,0.814,15.553,12.961
44.376,0.729,15.897,13.247
44.854,0.999,16.249,13.540
45.762,0.748,15.902,13.252
46.240,1.137,16.254,13.545
48.277,0.773,15.907,13.256
45.305,1.162,16.259,13.549
43.953,0.911,15.912,13.260
43.241,1.300,16.265,13.554
43.471,1.049,15.918,13.265
42.840,1.336,15.918,13.265
42.961,1.486,16.270,13.558
43.644,0.896,15.923,13.269
44.422,0.208,15.583,12.986
44.703,0.938,15.583,12.986
43.773,0.736,15.928,13.273
43.894,0.887,16.281,13.567
43.166,0.311,16.641,13.867
43.586,0.731,16.641,13.867
44.006,1.271,16.641,13.867
43.706,0.851,16.641,13.867
43.166,1.391,16.641,13.867
43.706,0.851,16.641,13.867
43.479,1.288,16.286,13.572
45.860,0.923,15.939,13.282
44.866,0.345,15.599,12.999
45.148,1.076,15.599,12.999
45.204,0.682,15.599,12.999
44.557,0.333,15.266,12.722
45.053,0.718,15.266,12.722
45.878,1.103,15.266,12.722
47.694,1.379,15.266,12.722
51.465,0.610,15.604,13.003
52.422,0.553,15.604,13.003
53.378,0.272,15.604,13.003
54.109,1.116,15.604,13.003
54.953,0.835,15.604,13.003
54.559,0.553,15.604,13.003
55.178,0.160,15.604,13.003
55.797,0.891,15.604,13.003
56.528,0.610,15.604,13.003
58.982,1.341,15.949,13.291
59.581,1.731,16.302,13.585
59.218,0.666,16.663,13.885
59.719,0.949,17.031,14.193
61.131,1.010,17.031,14.193
61.807,1.195,17.031,14.193
61.991,1.502,17.031,14.193
62.175,1.686,17.031,14.193
62.605,1.993,17.031,14.193
62.175,1.195,17.031,14.193
62.728,1.502,17.031,14.193
62.912,1.809,17.031,14.193
63.219,2.238,17.031,14.193
63.035,1.440,17.031,14.193
63.096,1.502,17.031,14.193
62.789,1.317,17.031,14.193
62.482,1.010,17.031,14.193
62.666,0.703,17.031,14.193
62.114,1.502,17.031,14.193
62.052,1.563,17.031,14.193
61.377,1.747,17.031,14.193
60.579,1.809,17.031,14.193
60.763,2.116,17.031,14.193
61.438,1.317,17.031,14.193
62.359,1.747,17.031,14.193
62.789,2.177,17.031,14.193
61.773,1.319,17.408,14.507
61.515,1.224,17.793,14.828
63.250,0.825,17.414,14.511
63.815,1.014,17.414,14.511
63.878,1.077,17.414,14.511
62.560,1.139,17.414,14.511
60.237,1.328,17.414,14.511
59.719,0.581,17.799,14.833
59.189,1.016,18.193,15.161
59.067,0.356,17.805,14.837
59.602,0.791,18.199,15.166
60.718,0.332,18.199,15.166
62.227,0.922,18.199,15.166
62.686,0.594,18.199,15.166
63.014,0.135,18.199,15.166
62.161,0.857,18.199,15.166
63.014,0.397,18.199,15.166
