633.000,365.000,8.000,8.000
633.346,364.717,8.000,8.000
633.756,364.307,8.000,8.000
624.943,362.160,8.177,8.177
633.538,368.566,8.177,8.177
634.416,368.442,8.358,8.358
634.383,368.410,8.358,8.358
634.350,368.377,8.358,8.358
634.318,368.344,8.358,8.358
635.272,368.179,8.358,8.358
635.239,368.081,8.358,8.358
635.206,367.916,8.358,8.358
635.173,367.751,8.358,8.358
635.140,367.587,8.358,8.358
635.107,367.422,8.358,8.358
635.074,367.324,8.358,8.358
635.042,367.225,8.358,8.358
635.009,367.192,8.358,8.358
634.976,367.159,8.358,8.358
634.943,367.126,8.358,8.358
634.910,367.093,8.358,8.358
634.877,366.995,8.358,8.358
634.844,366.896,8.358,8.358
634.811,366.797,8.358,8.358
634.778,366.764,8.358,8.358
634.745,366.731,8.358,8.358
634.713,366.567,8.358,8.358
634.680,366.731,8.358,8.358
634.647,366.896,8.358,8.358
634.614,367.060,8.358,8.358
634.647,367.028,8.358,8.358
634.614,366.863,8.358,8.358
634.581,366.699,8.358,8.358
634.548,366.534,8.358,8.358
634.515,366.370,8.358,8.358
634.548,366.337,8.358,8.358
634.515,366.172,8.358,8.358
634.482,365.876,8.358,8.358
634.449,365.580,8.358,8.358
634.482,365.942,8.358,8.358
634.515,366.040,8.358,8.358
634.548,366.139,8.358,8.358
634.581,366.238,8.358,8.358
634.614,366.337,8.358,8.358
634.581,366.238,8.358,8.358
634.614,366.337,8.358,8.358
634.581,366.238,8.358,8.358
634.614,366.337,8.358,8.358
634.581,366.238,8.358,8.358
634.614,366.337,8.358,8.358
634.647,366.238,8.358,8.358
634.680,366.468,8.358,8.358
634.713,366.501,8.358,8.358
634.745,366.402,8.358,8.358
634.713,366.501,8.358,8.358
634.680,366.600,8.358,8.358
634.713,367.028,8.358,8.358
634.745,368.245,8.358,8.358
634.778,369.397,8.358,8.358
634.811,369.759,8.358,8.358
634.844,370.121,8.358,8.358
634.877,370.483,8.358,8.358
634.910,370.845,8.358,8.358
634.943,370.943,8.358,8.358
634.910,370.976,8.358,8.358
634.877,371.009,8.358,8.358
634.844,371.042,8.358,8.358
634.811,371.075,8.358,8.358
634.778,371.108,8.358,8.358
634.745,371.141,8.358,8.358
634.844,371.371,8.358,8.358
634.877,371.404,8.358,8.358
634.546,371.141,8.543,8.543
634.486,370.942,8.732,8.732
634.354,371.095,8.925,8.925
634.319,371.481,8.925,8.925
634.213,371.727,8.925,8.925
634.108,372.184,8.925,8.925
634.002,371.938,8.925,8.925
634.881,371.692,8.925,8.925
634.775,371.306,8.925,8.925
634.670,370.779,8.925,8.925
634.565,370.533,8.925,8.925
634.459,370.357,8.925,8.925
634.354,370.533,8.925,8.925
634.248,370.357,8.925,8.925
634.143,370.181,8.925,8.925
634.038,369.935,8.925,8.925
633.932,369.830,8.925,8.925
634.881,369.654,8.925,8.925
634.776,369.549,8.925,8.925
634.670,369.443,8.925,8.925
634.565,369.619,8.925,8.925
634.459,369.514,8.925,8.925
634.354,369.408,8.925,8.925
634.319,369.724,8.925,8.925
634.284,370.041,8.925,8.925
634.178,370.216,8.925,8.925
634.073,370.392,8.925,8.925
634.038,370.498,8.925,8.925
634.002,370.603,8.925,8.925
634.951,370.638,8.925,8.925
634.846,370.743,8.925,8.925
634.740,370.849,8.925,8.925
634.635,370.954,8.925,8.925
634.530,371.060,8.925,8.925
634.494,371.376,8.925,8.925
634.459,371.692,8.925,8.925
634.424,372.008,8.925,8.925
634.389,372.044,8.925,8.925
634.354,372.219,8.925,8.925
634.319,372.114,8.925,8.925
634.283,372.008,8.925,8.925
634.248,372.114,8.925,8.925
634.213,372.008,8.925,8.925
634.178,372.114,8.925,8.925
634.143,372.008,8.925,8.925
634.108,372.114,8.925,8.925
634.073,372.008,8.925,8.925
634.037,372.114,8.925,8.925
634.986,372.430,8.925,8.925
634.881,372.746,8.925,8.925
634.775,373.063,8.925,8.925
634.670,373.309,8.925,8.925
634.635,373.555,8.925,8.925
634.600,373.801,8.925,8.925
634.564,374.046,8.925,8.925
634.529,374.011,8.925,8.925
634.494,374.257,8.925,8.925
634.459,374.222,8.925,8.925
634.424,374.187,8.925,8.925
634.389,374.152,8.925,8.925
634.353,374.117,8.925,8.925
634.248,374.433,8.925,8.925
634.143,374.749,8.925,8.925
634.037,374.995,8.925,8.925
634.986,375.171,8.925,8.925
634.881,375.487,8.925,8.925
634.775,375.733,8.925,8.925
634.670,375.979,8.925,8.925
634.564,376.295,8.925,8.925
634.459,376.682,8.925,8.925
634.354,377.068,8.925,8.925
634.248,377.314,8.925,8.925
634.143,377.560,8.925,8.925
634.037,377.596,8.925,8.925
634.986,377.771,8.925,8.925
634.881,378.017,8.925,8.925
634.775,378.263,8.925,8.925
634.670,378.509,8.925,8.925
634.564,378.755,8.925,8.925
634.459,379.001,8.925,8.925
634.354,379.247,8.925,8.925
634.248,379.423,8.925,8.925
634.143,379.598,8.925,8.925
634.037,379.774,8.925,8.925
634.916,379.950,8.925,8.925
634.810,380.125,8.925,8.925
634.705,380.231,8.925,8.925
634.600,380.758,8.925,8.925
634.494,381.285,8.925,8.925
634.318,381.672,8.925,8.925
634.213,381.847,8.925,8.925
634.108,382.023,8.925,8.925
634.002,382.409,8.925,8.925
634.881,382.796,8.925,8.925
634.775,382.831,8.925,8.925
634.670,382.866,8.925,8.925
634.565,383.323,8.925,8.925
634.459,384.623,8.925,8.925
634.354,385.361,8.925,8.925
634.248,385.466,8.925,8.925
634.143,385.712,8.925,8.925
634.037,385.958,8.925,8.925
633.932,386.204,8.925,8.925
634.811,386.591,8.925,8.925
634.635,386.977,8.925,8.925
634.459,387.364,8.925,8.925
634.283,387.680,8.925,8.925
634.108,387.996,8.925,8.925
633.932,388.172,8.925,8.925
634.810,388.207,8.925,8.925
634.635,388.313,8.925,8.925
634.459,388.418,8.925,8.925
634.283,388.523,8.925,8.925
634.108,388.629,8.925,8.925
633.932,388.453,8.925,8.925
634.810,388.488,8.925,8.925
634.635,388.594,8.925,8.925
634.459,388.980,8.925,8.925
634.283,389.367,8.925,8.925
634.107,389.542,8.925,8.925
633.932,389.718,8.925,8.925
634.810,389.823,8.925,8.925
634.634,389.999,8.925,8.925
634.459,390.175,8.925,8.925
634.353,390.421,8.925,8.925
634.248,390.737,8.925,8.925
634.143,391.053,8.925,8.925
634.037,391.440,8.925,8.925
634.916,391.756,8.925,8.925
634.810,392.143,8.925,8.925
634.705,392.670,8.925,8.925
634.599,393.126,8.925,8.925
634.424,392.880,8.925,8.925
634.248,392.564,8.925,8.925
634.072,392.248,8.925,8.925
633.896,391.932,8.925,8.925
634.705,391.545,8.925,8.925
634.529,391.299,8.925,8.925
634.353,391.053,8.925,8.925
634.177,390.807,8.925,8.925
634.002,390.632,8.925,8.925
634.810,390.386,8.925,8.925
634.634,390.491,8.925,8.925
634.459,390.737,8.925,8.925
634.283,390.983,8.925,8.925
634.107,391.018,8.925,8.925
633.931,391.264,8.925,8.925
634.740,391.580,8.925,8.925
634.564,391.897,8.925,8.925
634.388,392.213,8.925,8.925
634.212,392.529,8.925,8.925
634.037,392.845,8.925,8.925
634.845,393.162,8.925,8.925
634.669,393.408,8.925,8.925
634.493,393.653,8.925,8.925
634.318,393.899,8.925,8.925
634.142,394.145,8.925,8.925
633.966,394.321,8.925,8.925
634.774,394.427,8.925,8.925
634.599,394.602,8.925,8.925
634.423,394.708,8.925,8.925
634.247,394.813,8.925,8.925
634.071,394.918,8.925,8.925
633.896,395.024,8.925,8.925
634.704,395.059,8.925,8.925
634.528,395.024,8.925,8.925
634.352,395.129,8.925,8.925
634.177,395.094,8.925,8.925
634.001,395.129,8.925,8.925
634.809,395.024,8.925,8.925
634.633,395.200,8.925,8.925
634.458,395.235,8.925,8.925
634.282,395.481,8.925,8.925
634.106,395.727,8.925,8.925
633.931,395.973,8.925,8.925
634.739,396.219,8.925,8.925
634.563,396.465,8.925,8.925
634.387,396.710,8.925,8.925
634.212,396.956,8.925,8.925
634.036,397.202,8.925,8.925
634.844,397.308,8.925,8.925
634.668,397.484,8.925,8.925
634.493,397.659,8.925,8.925
634.317,397.835,8.925,8.925
634.141,398.011,8.925,8.925
633.965,398.186,8.925,8.925
634.774,398.151,8.925,8.925
634.598,398.186,8.925,8.925
634.422,398.221,8.925,8.925
634.246,398.257,8.925,8.925
634.071,398.292,8.925,8.925
633.895,398.327,8.925,8.925
634.703,398.292,8.925,8.925
634.527,398.327,8.925,8.925
634.352,398.362,8.925,8.925
634.176,398.397,8.925,8.925
634.000,398.432,8.925,8.925
634.808,398.397,8.925,8.925
634.633,398.432,8.925,8.925
634.457,398.467,8.925,8.925
634.281,398.502,8.925,8.925
634.106,398.397,8.925,8.925
633.930,398.292,8.925,8.925
634.738,398.186,8.925,8.925
634.562,398.081,8.925,8.925
634.387,397.975,8.925,8.925
634.211,397.870,8.925,8.925
634.035,397.765,8.925,8.925
634.843,397.659,8.925,8.925
634.668,397.554,8.925,8.925
634.492,397.448,8.925,8.925
634.316,397.343,8.925,8.925
634.140,397.238,8.925,8.925
633.965,397.132,8.925,8.925
634.773,397.027,8.925,8.925
634.597,396.921,8.925,8.925
634.421,396.816,8.925,8.925
634.246,396.710,8.925,8.925
634.070,396.605,8.925,8.925
633.894,396.500,8.925,8.925
634.702,396.394,8.925,8.925
634.527,396.289,8.925,8.925
634.351,396.183,8.925,8.925
634.175,396.078,8.925,8.925
634.000,395.973,8.925,8.925
634.808,395.867,8.925,8.925
634.632,395.902,8.925,8.925
634.456,395.937,8.925,8.925
634.281,395.692,8.925,8.925
634.105,395.446,8.925,8.925
633.929,395.692,8.925,8.925
634.737,395.937,8.925,8.925
634.562,396.183,8.925,8.925
634.386,396.429,8.925,8.925
634.210,396.675,8.925,8.925
634.034,396.921,8.925,8.925
634.843,397.097,8.925,8.925
634.667,397.273,8.925,8.925
634.491,397.448,8.925,8.925
634.315,397.202,8.925,8.925
634.140,396.956,8.925,8.925
633.964,396.711,8.925,8.925
634.772,396.886,8.925,8.925
634.596,397.132,8.925,8.925
634.421,397.308,8.925,8.925
634.245,397.484,8.925,8.925
634.069,397.659,8.925,8.925
633.894,397.835,8.925,8.925
634.702,397.940,8.925,8.925
634.526,398.116,8.925,8.925
634.350,397.870,8.925,8.925
634.615,397.796,8.735,8.735
634.787,397.486,8.735,8.735
634.065,397.314,8.735,8.735
635.053,397.308,8.548,8.548
634.853,397.388,8.738,8.738
634.578,397.613,8.931,8.931
634.402,397.437,8.931,8.931
634.227,397.613,8.931,8.931
633.980,397.718,8.931,8.931
634.789,397.683,8.931,8.931
634.613,397.718,8.931,8.931
634.508,397.964,8.931,8.931
634.402,398.210,8.931,8.931
634.297,398.738,8.931,8.931
634.192,399.265,8.931,8.931
634.086,399.300,8.931,8.931
633.981,399.195,8.931,8.931
634.789,399.160,8.931,8.931
634.684,398.984,8.931,8.931
634.649,398.878,8.931,8.931
634.543,398.773,8.931,8.931
634.438,398.878,8.931,8.931
634.332,398.984,8.931,8.931
634.227,399.089,8.931,8.931
634.121,398.914,8.931,8.931
634.016,398.949,8.931,8.931
634.965,398.914,8.931,8.931
634.860,398.949,8.931,8.931
634.754,398.984,8.931,8.931
634.649,399.019,8.931,8.931
634.543,399.054,8.931,8.931
634.438,399.089,8.931,8.931
634.332,398.984,8.931,8.931
634.227,399.019,8.931,8.931
634.121,398.914,8.931,8.931
634.016,398.949,8.931,8.931
634.965,398.984,8.931,8.931
634.860,399.019,8.931,8.931
634.754,399.054,8.931,8.931
634.579,398.949,8.931,8.931
634.403,398.984,8.931,8.931
634.227,399.019,8.931,8.931
634.051,399.054,8.931,8.931
633.875,398.949,8.931,8.931
634.755,398.843,8.931,8.931
634.579,398.667,8.931,8.931
634.403,398.492,8.931,8.931
634.227,398.316,8.931,8.931
634.051,398.281,8.931,8.931
633.876,398.316,8.931,8.931
634.684,398.210,8.931,8.931
634.509,398.246,8.931,8.931
634.333,398.281,8.931,8.931
634.157,398.316,8.931,8.931
633.981,398.351,8.931,8.931
634.790,398.316,8.931,8.931
634.614,398.351,8.931,8.931
634.438,398.386,8.931,8.931
634.263,398.421,8.931,8.931
634.087,398.456,8.931,8.931
633.911,398.492,8.931,8.931
634.720,398.456,8.931,8.931
634.544,398.492,8.931,8.931
634.368,398.527,8.931,8.931
634.192,398.562,8.931,8.931
634.017,398.597,8.931,8.931
634.825,398.562,8.931,8.931
634.650,398.597,8.931,8.931
634.474,398.632,8.931,8.931
634.298,398.667,8.931,8.931
634.122,398.703,8.931,8.931
633.946,398.738,8.931,8.931
634.755,398.703,8.931,8.931
634.579,398.738,8.931,8.931
634.404,398.773,8.931,8.931
634.228,398.808,8.931,8.931
634.052,398.843,8.931,8.931
633.876,398.878,8.931,8.931
634.685,398.843,8.931,8.931
634.509,398.878,8.931,8.931
634.333,398.914,8.931,8.931
634.158,398.949,8.931,8.931
633.982,398.984,8.931,8.931
634.791,398.949,8.931,8.931
634.615,398.984,8.931,8.931
634.439,399.019,8.931,8.931
634.263,399.054,8.931,8.931
634.087,399.089,8.931,8.931
633.912,399.124,8.931,8.931
634.720,399.089,8.931,8.931
634.545,399.124,8.931,8.931
634.369,399.160,8.931,8.931
634.193,399.195,8.931,8.931
634.017,399.230,8.931,8.931
634.826,399.195,8.931,8.931
634.650,399.230,8.931,8.931
634.474,399.265,8.931,8.931
634.299,399.300,8.931,8.931
634.123,399.335,8.931,8.931
633.947,399.371,8.931,8.931
634.756,399.335,8.931,8.931
634.580,399.371,8.931,8.931
634.404,399.406,8.931,8.931
634.228,399.441,8.931,8.931
634.053,399.476,8.931,8.931
633.877,399.511,8.931,8.931
634.686,399.476,8.931,8.931
634.510,399.511,8.931,8.931
634.334,399.546,8.931,8.931
634.158,399.581,8.931,8.931
633.982,399.617,8.931,8.931
634.791,399.581,8.931,8.931
634.615,399.617,8.931,8.931
634.440,399.652,8.931,8.931
634.264,399.687,8.931,8.931
634.088,399.722,8.931,8.931
633.912,399.757,8.931,8.931
634.721,399.722,8.931,8.931
634.545,399.757,8.931,8.931
634.369,399.792,8.931,8.931
634.194,399.828,8.931,8.931
634.018,399.863,8.931,8.931
634.827,399.828,8.931,8.931
634.651,399.863,8.931,8.931
634.475,399.898,8.931,8.931
634.299,399.933,8.931,8.931
634.123,399.968,8.931,8.931
633.948,400.003,8.931,8.931
634.756,399.968,8.931,8.931
634.581,400.003,8.931,8.931
634.405,400.039,8.931,8.931
634.229,400.074,8.931,8.931
634.053,400.109,8.931,8.931
633.877,400.144,8.931,8.931
634.686,400.109,8.931,8.931
634.510,400.144,8.931,8.931
634.335,400.179,8.931,8.931
634.159,400.214,8.931,8.931
633.983,400.249,8.931,8.931
634.792,400.214,8.931,8.931
634.616,400.249,8.931,8.931
634.440,400.285,8.931,8.931
634.264,400.320,8.931,8.931
634.089,400.355,8.931,8.931
633.913,400.390,8.931,8.931
634.722,400.355,8.931,8.931
634.546,400.390,8.931,8.931
634.370,400.425,8.931,8.931
634.194,400.460,8.931,8.931
634.018,400.496,8.931,8.931
634.827,400.460,8.931,8.931
634.651,400.496,8.931,8.931
634.476,400.531,8.931,8.931
634.300,400.566,8.931,8.931
634.124,400.601,8.931,8.931
633.948,400.636,8.931,8.931
634.757,400.601,8.931,8.931
634.581,400.636,8.931,8.931
634.405,400.671,8.931,8.931
634.230,400.706,8.931,8.931
634.054,400.742,8.931,8.931
633.878,400.777,8.931,8.931
634.687,400.742,8.931,8.931
634.511,400.777,8.931,8.931
634.335,400.812,8.931,8.931
634.159,400.847,8.931,8.931
633.984,400.882,8.931,8.931
634.792,400.847,8.931,8.931
634.617,400.882,8.931,8.931
634.441,400.917,8.931,8.931
634.265,400.953,8.931,8.931
634.089,400.988,8.931,8.931
633.913,401.023,8.931,8.931
634.722,400.988,8.931,8.931
634.546,401.023,8.931,8.931
634.371,401.058,8.931,8.931
634.195,401.093,8.931,8.931
634.019,401.128,8.931,8.931
634.828,401.093,8.931,8.931
634.652,401.128,8.931,8.931
634.476,401.164,8.931,8.931
634.300,401.199,8.931,8.931
634.125,401.234,8.931,8.931
633.949,401.269,8.931,8.931
634.758,401.234,8.931,8.931
634.582,401.269,8.931,8.931
634.406,401.304,8.931,8.931
634.230,401.339,8.931,8.931
634.054,401.374,8.931,8.931
633.879,401.410,8.931,8.931
634.687,401.374,8.931,8.931
634.512,401.410,8.931,8.931
634.336,401.445,8.931,8.931
634.160,401.480,8.931,8.931
633.984,401.515,8.931,8.931
634.793,401.480,8.931,8.931
634.617,401.515,8.931,8.931
634.441,401.550,8.931,8.931
634.266,401.585,8.931,8.931
634.090,401.621,8.931,8.931
633.914,401.656,8.931,8.931
634.723,401.621,8.931,8.931
634.547,401.656,8.931,8.931
634.371,401.691,8.931,8.931
634.195,401.726,8.931,8.931
634.020,401.761,8.931,8.931
634.828,401.726,8.931,8.931
634.653,401.761,8.931,8.931
634.477,401.796,8.931,8.931
634.301,401.831,8.931,8.931
634.125,401.867,8.931,8.931
633.949,401.902,8.931,8.931
634.758,401.937,8.931,8.931
634.582,402.042,8.931,8.931
634.407,402.218,8.931,8.931
634.231,402.253,8.931,8.931
634.055,402.289,8.931,8.931
633.879,402.324,8.931,8.931
634.688,402.289,8.931,8.931
634.512,402.324,8.931,8.931
634.336,402.359,8.931,8.931
634.161,402.394,8.931,8.931
633.985,402.429,8.931,8.931
634.794,402.394,8.931,8.931
634.618,402.429,8.931,8.931
634.442,402.464,8.931,8.931
634.266,402.499,8.931,8.931
634.090,402.535,8.931,8.931
633.915,402.570,8.931,8.931
634.723,402.535,8.931,8.931
634.548,402.570,8.931,8.931
634.372,402.605,8.931,8.931
634.196,402.710,8.931,8.931
634.020,402.746,8.931,8.931
634.899,402.921,8.931,8.931
634.724,402.957,8.931,8.931
634.548,402.992,8.931,8.931
633.537,402.856,9.128,9.128
633.808,403.127,8.934,8.934
634.004,403.460,8.743,8.743
634.177,403.838,8.743,8.743
634.418,403.804,8.743,8.743
634.142,403.743,8.937,8.937
633.896,403.496,8.937,8.937
634.229,403.829,8.746,8.746
634.470,405.103,8.746,8.746
634.642,405.344,8.746,8.746
633.781,405.792,8.746,8.746
633.884,405.826,8.746,8.746
633.988,405.861,8.746,8.746
634.160,405.826,8.746,8.746
634.401,405.792,8.746,8.746
634.573,405.757,8.746,8.746
634.745,405.723,8.746,8.746
633.884,405.826,8.746,8.746
633.919,405.792,8.746,8.746
633.953,405.757,8.746,8.746
634.056,405.654,8.746,8.746
634.160,405.551,8.746,8.746
634.263,405.516,8.746,8.746
634.366,405.275,8.746,8.746
634.469,405.034,8.746,8.746
634.573,404.793,8.746,8.746
634.676,404.483,8.746,8.746
633.815,404.380,8.746,8.746
633.918,404.621,8.746,8.746
634.091,404.587,8.746,8.746
634.263,404.552,8.746,8.746
634.435,404.518,8.746,8.746
634.607,404.483,8.746,8.746
634.779,404.449,8.746,8.746
633.987,404.483,8.746,8.746
634.160,404.449,8.746,8.746
634.332,404.415,8.746,8.746
634.504,404.380,8.746,8.746
634.676,404.346,8.746,8.746
633.884,404.380,8.746,8.746
634.056,404.346,8.746,8.746
634.228,404.725,8.746,8.746
634.401,404.966,8.746,8.746
634.573,405.207,8.746,8.746
634.745,405.448,8.746,8.746
634.022,405.482,8.746,8.746
634.263,405.448,8.746,8.746
634.504,405.413,8.746,8.746
634.745,405.930,8.746,8.746
634.022,406.171,8.746,8.746
634.332,405.999,8.746,8.746
634.573,405.964,8.746,8.746
634.745,406.136,8.746,8.746
634.022,406.309,8.746,8.746
634.263,406.550,8.746,8.746
634.504,406.791,8.746,8.746
634.745,406.756,8.746,8.746
634.022,406.722,8.746,8.746
634.263,406.687,8.746,8.746
634.504,406.653,8.746,8.746
634.745,406.618,8.746,8.746
634.022,406.859,8.746,8.746
634.263,406.825,8.746,8.746
634.504,406.791,8.746,8.746
634.745,406.756,8.746,8.746
634.022,406.722,8.746,8.746
634.263,406.687,8.746,8.746
634.504,406.584,8.746,8.746
634.745,406.481,8.746,8.746
634.022,406.377,8.746,8.746
634.263,406.274,8.746,8.746
634.504,406.171,8.746,8.746
634.745,406.205,8.746,8.746
634.022,406.171,8.746,8.746
634.263,406.205,8.746,8.746
634.435,406.377,8.746,8.746
634.607,406.550,8.746,8.746
634.779,406.722,8.746,8.746
634.056,406.619,8.746,8.746
634.229,406.791,8.746,8.746
634.401,406.825,8.746,8.746
634.573,406.860,8.746,8.746
634.745,406.894,8.746,8.746
634.022,406.928,8.746,8.746
634.194,406.963,8.746,8.746
634.366,406.997,8.746,8.746
634.539,407.032,8.746,8.746
634.711,407.066,8.746,8.746
633.988,407.101,8.746,8.746
634.160,407.135,8.746,8.746
634.332,407.169,8.746,8.746
634.504,406.859,8.746,8.746
634.676,406.550,8.746,8.746
633.884,406.240,8.746,8.746
634.057,405.930,8.746,8.746
634.229,405.620,8.746,8.746
634.401,405.241,8.746,8.746
634.642,405.207,8.746,8.746
633.919,405.172,8.746,8.746
634.091,405.413,8.746,8.746
634.263,405.654,8.746,8.746
634.435,405.826,8.746,8.746
634.608,405.999,8.746,8.746
634.780,406.171,8.746,8.746
634.057,406.067,8.746,8.746
634.229,405.964,8.746,8.746
634.401,405.861,8.746,8.746
634.573,405.758,8.746,8.746
634.745,405.654,8.746,8.746
634.022,405.551,8.746,8.746
634.194,405.448,8.746,8.746
634.367,405.344,8.746,8.746
634.539,405.241,8.746,8.746
634.711,405.138,8.746,8.746
633.988,405.034,8.746,8.746
634.160,404.931,8.746,8.746
634.332,404.828,8.746,8.746
634.504,404.725,8.746,8.746
634.677,404.621,8.746,8.746
633.954,404.587,8.746,8.746
634.126,404.552,8.746,8.746
634.298,404.518,8.746,8.746
634.470,404.484,8.746,8.746
634.642,404.449,8.746,8.746
633.919,404.415,8.746,8.746
634.091,404.380,8.746,8.746
634.264,404.346,8.746,8.746
634.436,404.311,8.746,8.746
634.608,404.277,8.746,8.746
634.780,404.243,8.746,8.746
634.057,404.208,8.746,8.746
634.229,404.174,8.746,8.746
634.401,404.139,8.746,8.746
634.574,404.105,8.746,8.746
634.746,404.070,8.746,8.746
634.023,403.967,8.746,8.746
634.195,403.933,8.746,8.746
634.367,403.898,8.746,8.746
634.539,403.864,8.746,8.746
634.711,404.243,8.746,8.746
633.919,404.553,8.746,8.746
634.092,404.931,8.746,8.746
634.264,404.897,8.746,8.746
634.436,404.863,8.746,8.746
634.608,404.828,8.746,8.746
634.780,404.794,8.746,8.746
634.057,404.759,8.746,8.746
634.229,404.725,8.746,8.746
634.402,404.690,8.746,8.746
634.574,404.656,8.746,8.746
634.746,404.622,8.746,8.746
634.023,404.587,8.746,8.746
634.195,404.553,8.746,8.746
634.367,404.518,8.746,8.746
634.539,404.277,8.746,8.746
634.712,403.967,8.746,8.746
633.988,403.657,8.746,8.746
634.230,403.485,8.746,8.746
634.471,403.589,8.746,8.746
634.712,403.692,8.746,8.746
633.988,403.726,8.746,8.746
634.230,403.761,8.746,8.746
634.471,404.071,8.746,8.746
634.643,404.312,8.746,8.746
633.920,404.553,8.746,8.746
634.092,404.518,8.746,8.746
634.264,405.104,8.746,8.746
634.436,405.551,8.746,8.746
634.608,405.517,8.746,8.746
634.781,405.482,8.746,8.746
633.989,405.517,8.746,8.746
634.161,405.482,8.746,8.746
634.333,405.448,8.746,8.746
634.505,405.414,8.746,8.746
634.677,405.379,8.746,8.746
633.885,405.414,8.746,8.746
634.057,405.379,8.746,8.746
634.230,405.345,8.746,8.746
634.402,405.310,8.746,8.746
634.574,405.276,8.746,8.746
634.815,405.792,8.746,8.746
634.540,405.874,8.940,8.940
634.364,405.839,8.940,8.940
634.188,405.804,8.940,8.940
634.012,405.769,8.940,8.940
634.821,405.945,8.940,8.940
634.645,406.121,8.940,8.940
634.399,406.085,8.940,8.940
634.152,406.050,8.940,8.940
633.906,406.085,8.940,8.940
634.716,406.191,8.940,8.940
634.469,406.297,8.940,8.940
634.223,406.402,8.940,8.940
633.976,406.508,8.940,8.940
634.716,406.613,8.940,8.940
633.704,407.062,9.137,9.137
633.836,407.472,8.943,8.943
633.965,408.144,8.752,8.752
634.137,408.041,8.752,8.752
634.310,408.489,8.752,8.752
634.551,408.936,8.752,8.752
634.204,408.732,8.946,8.946
633.957,408.627,8.946,8.946
634.767,408.592,8.946,8.946
634.591,408.627,8.946,8.946
634.415,408.662,8.946,8.946
634.239,408.556,8.946,8.946
634.063,408.451,8.946,8.946
633.957,408.275,8.946,8.946
634.767,408.662,8.946,8.946
634.662,408.697,8.946,8.946
634.556,408.732,8.946,8.946
634.451,408.697,8.946,8.946
634.345,408.662,8.946,8.946
634.310,408.697,8.946,8.946
634.274,408.662,8.946,8.946
634.310,408.697,8.946,8.946
634.345,408.662,8.946,8.946
634.380,408.697,8.946,8.946
634.415,408.732,8.946,8.946
634.451,408.768,8.946,8.946
634.486,408.803,8.946,8.946
634.521,408.838,8.946,8.946
634.556,408.873,8.946,8.946
634.521,408.838,8.946,8.946
634.486,408.803,8.946,8.946
634.451,408.768,8.946,8.946
634.415,408.662,8.946,8.946
634.380,408.627,8.946,8.946
634.345,408.662,8.946,8.946
634.310,409.190,8.946,8.946
634.274,409.507,8.946,8.946
634.239,409.542,8.946,8.946
634.204,409.578,8.946,8.946
634.169,409.613,8.946,8.946
634.063,409.648,8.946,8.946
633.957,409.683,8.946,8.946
634.908,409.648,8.946,8.946
634.803,409.683,8.946,8.946
634.697,409.719,8.946,8.946
634.591,409.754,8.946,8.946
634.486,409.789,8.946,8.946
634.380,409.824,8.946,8.946
634.274,409.789,8.946,8.946
634.169,409.754,8.946,8.946
634.063,409.719,8.946,8.946
633.958,409.683,8.946,8.946
634.908,409.648,8.946,8.946
634.803,409.683,8.946,8.946
634.697,409.719,8.946,8.946
634.591,409.754,8.946,8.946
634.486,409.789,8.946,8.946
634.380,409.824,8.946,8.946
634.275,409.859,8.946,8.946
634.169,409.895,8.946,8.946
634.063,409.859,8.946,8.946
633.958,409.824,8.946,8.946
634.909,409.789,8.946,8.946
634.803,409.754,8.946,8.946
634.697,409.719,8.946,8.946
634.592,409.683,8.946,8.946
634.486,409.648,8.946,8.946
634.380,409.613,8.946,8.946
634.275,409.578,8.946,8.946
634.169,409.542,8.946,8.946
634.063,409.437,8.946,8.946
633.887,409.402,8.946,8.946
634.768,409.437,8.946,8.946
634.592,409.402,8.946,8.946
634.416,409.366,8.946,8.946
634.239,409.331,8.946,8.946
634.063,409.225,8.946,8.946
633.887,408.979,8.946,8.946
634.768,408.732,8.946,8.946
634.592,408.486,8.946,8.946
634.416,408.310,8.946,8.946
634.240,408.134,8.946,8.946
634.063,407.958,8.946,8.946
633.887,407.852,8.946,8.946
634.768,407.676,8.946,8.946
634.592,407.570,8.946,8.946
634.416,407.465,8.946,8.946
634.240,407.359,8.946,8.946
634.063,407.324,8.946,8.946
633.887,407.289,8.946,8.946
634.697,407.183,8.946,8.946
634.521,407.148,8.946,8.946
634.345,407.112,8.946,8.946
634.169,407.077,8.946,8.946
633.993,407.042,8.946,8.946
634.803,407.007,8.946,8.946
634.627,406.972,8.946,8.946
634.451,406.936,8.946,8.946
634.275,406.901,8.946,8.946
634.099,406.866,8.946,8.946
633.923,406.831,8.946,8.946
634.733,406.796,8.946,8.946
634.557,406.760,8.946,8.946
634.381,406.725,8.946,8.946
634.205,406.690,8.946,8.946
634.028,406.655,8.946,8.946
633.852,406.619,8.946,8.946
634.662,406.584,8.946,8.946
634.486,406.549,8.946,8.946
634.310,406.514,8.946,8.946
634.134,406.479,8.946,8.946
633.958,406.443,8.946,8.946
634.768,406.408,8.946,8.946
634.592,406.373,8.946,8.946
634.416,406.338,8.946,8.946
634.240,406.302,8.946,8.946
634.064,406.267,8.946,8.946
633.888,406.232,8.946,8.946
634.698,406.197,8.946,8.946
634.522,406.162,8.946,8.946
634.346,406.126,8.946,8.946
634.169,406.091,8.946,8.946
633.993,406.056,8.946,8.946
634.803,406.021,8.946,8.946
634.627,405.986,8.946,8.946
634.451,405.950,8.946,8.946
634.275,405.915,8.946,8.946
634.099,405.880,8.946,8.946
633.923,405.845,8.946,8.946
634.733,405.880,8.946,8.946
634.557,405.845,8.946,8.946
634.381,405.809,8.946,8.946
634.205,405.774,8.946,8.946
634.029,405.739,8.946,8.946
633.853,405.704,8.946,8.946
634.663,405.739,8.946,8.946
634.487,405.704,8.946,8.946
634.311,405.880,8.946,8.946
634.134,405.845,8.946,8.946
633.958,405.809,8.946,8.946
634.768,405.845,8.946,8.946
634.592,405.809,8.946,8.946
634.416,405.774,8.946,8.946
634.240,405.739,8.946,8.946
634.064,405.704,8.946,8.946
633.888,405.669,8.946,8.946
634.698,405.633,8.946,8.946
634.522,405.598,8.946,8.946
634.346,405.563,8.946,8.946
634.170,405.528,8.946,8.946
633.994,405.492,8.946,8.946
634.804,405.528,8.946,8.946
634.628,405.492,8.946,8.946
634.452,405.457,8.946,8.946
634.276,405.422,8.946,8.946
634.099,405.387,8.946,8.946
633.923,405.352,8.946,8.946
634.733,405.387,8.946,8.946
634.557,405.352,8.946,8.946
634.381,405.316,8.946,8.946
634.205,405.281,8.946,8.946
634.029,405.246,8.946,8.946
633.853,405.211,8.946,8.946
634.663,405.246,8.946,8.946
634.487,405.211,8.946,8.946
634.311,405.176,8.946,8.946
634.135,405.140,8.946,8.946
633.959,405.105,8.946,8.946
634.769,405.140,8.946,8.946
634.593,405.105,8.946,8.946
634.417,405.070,8.946,8.946
634.240,405.035,8.946,8.946
634.064,404.999,8.946,8.946
633.888,404.964,8.946,8.946
634.698,404.929,8.946,8.946
634.522,404.894,8.946,8.946
634.346,404.859,8.946,8.946
634.170,404.823,8.946,8.946
633.994,404.788,8.946,8.946
634.804,404.753,8.946,8.946
634.628,404.718,8.946,8.946
634.452,404.682,8.946,8.946
634.276,404.647,8.946,8.946
634.100,404.612,8.946,8.946
633.924,404.577,8.946,8.946
634.804,404.823,8.946,8.946
634.628,405.070,8.946,8.946
634.452,405.246,8.946,8.946
634.276,405.422,8.946,8.946
634.100,405.598,8.946,8.946
633.924,405.774,8.946,8.946
634.804,405.950,8.946,8.946
634.628,406.126,8.946,8.946
634.452,406.162,8.946,8.946
634.276,406.197,8.946,8.946
634.100,406.232,8.946,8.946
633.924,406.267,8.946,8.946
634.804,406.302,8.946,8.946
634.628,406.338,8.946,8.946
634.452,406.373,8.946,8.946
634.276,406.408,8.946,8.946
634.100,406.443,8.946,8.946
633.924,406.479,8.946,8.946
634.804,406.514,8.946,8.946
634.628,406.549,8.946,8.946
634.452,406.584,8.946,8.946
634.276,406.619,8.946,8.946
634.100,406.655,8.946,8.946
633.924,406.690,8.946,8.946
634.804,406.725,8.946,8.946
634.628,406.760,8.946,8.946
634.452,406.796,8.946,8.946
634.276,406.831,8.946,8.946
634.100,406.866,8.946,8.946
633.924,406.901,8.946,8.946
634.804,406.936,8.946,8.946
634.628,406.972,8.946,8.946
634.452,407.007,8.946,8.946
634.276,407.042,8.946,8.946
634.100,407.007,8.946,8.946
633.924,407.042,8.946,8.946
634.734,406.936,8.946,8.946
634.558,406.972,8.946,8.946
634.382,407.007,8.946,8.946
634.206,407.042,8.946,8.946
634.030,407.007,8.946,8.946
633.854,407.042,8.946,8.946
634.664,406.936,8.946,8.946
634.488,406.972,8.946,8.946
634.312,407.007,8.946,8.946
634.135,407.042,8.946,8.946
633.959,407.007,8.946,8.946
634.840,407.042,8.946,8.946
634.664,407.007,8.946,8.946
634.488,407.042,8.946,8.946
634.312,407.007,8.946,8.946
634.136,407.042,8.946,8.946
633.959,407.007,8.946,8.946
634.769,406.972,8.946,8.946
634.593,406.936,8.946,8.946
634.417,406.901,8.946,8.946
634.241,406.655,8.946,8.946
634.065,406.408,8.946,8.946
633.889,406.162,8.946,8.946
634.699,405.986,8.946,8.946
634.523,406.162,8.946,8.946
634.347,406.197,8.946,8.946
634.171,406.232,8.946,8.946
633.995,406.267,8.946,8.946
634.875,406.302,8.946,8.946
634.699,406.267,8.946,8.946
634.523,406.232,8.946,8.946
634.347,406.197,8.946,8.946
634.171,406.162,8.946,8.946
633.995,406.126,8.946,8.946
634.805,406.091,8.946,8.946
634.629,406.056,8.946,8.946
634.453,406.091,8.946,8.946
634.277,406.126,8.946,8.946
634.101,406.162,8.946,8.946
633.924,406.197,8.946,8.946
634.805,406.232,8.946,8.946
634.629,406.267,8.946,8.946
634.453,406.302,8.946,8.946
634.277,406.338,8.946,8.946
634.101,406.373,8.946,8.946
633.925,406.408,8.946,8.946
634.805,406.443,8.946,8.946
634.629,406.479,8.946,8.946
634.453,406.514,8.946,8.946
634.277,406.549,8.946,8.946
634.101,406.584,8.946,8.946
633.925,406.619,8.946,8.946
634.805,406.655,8.946,8.946
634.629,406.690,8.946,8.946
634.453,406.725,8.946,8.946
634.277,406.760,8.946,8.946
634.101,406.796,8.946,8.946
633.925,406.831,8.946,8.946
634.805,406.866,8.946,8.946
634.629,406.831,8.946,8.946
634.453,406.796,8.946,8.946
634.277,406.760,8.946,8.946
634.101,406.725,8.946,8.946
633.925,406.690,8.946,8.946
634.735,406.655,8.946,8.946
634.559,406.619,8.946,8.946
634.383,406.584,8.946,8.946
634.206,406.549,8.946,8.946
634.030,406.514,8.946,8.946
633.854,406.479,8.946,8.946
634.664,406.443,8.946,8.946
634.488,406.408,8.946,8.946
634.312,406.373,8.946,8.946
634.136,406.338,8.946,8.946
633.960,406.302,8.946,8.946
634.770,406.267,8.946,8.946
634.594,406.232,8.946,8.946
634.418,406.197,8.946,8.946
634.242,406.162,8.946,8.946
634.066,406.126,8.946,8.946
633.890,406.091,8.946,8.946
634.700,406.056,8.946,8.946
634.524,406.021,8.946,8.946
634.348,405.986,8.946,8.946
634.171,405.950,8.946,8.946
633.995,405.915,8.946,8.946
634.805,405.950,8.946,8.946
634.629,405.915,8.946,8.946
634.453,405.880,8.946,8.946
634.277,405.845,8.946,8.946
634.101,405.809,8.946,8.946
633.925,405.774,8.946,8.946
634.735,405.809,8.946,8.946
634.559,405.774,8.946,8.946
634.383,405.739,8.946,8.946
634.207,405.704,8.946,8.946
634.031,405.669,8.946,8.946
633.855,405.633,8.946,8.946
634.665,405.598,8.946,8.946
634.489,405.563,8.946,8.946
634.313,405.528,8.946,8.946
634.136,405.492,8.946,8.946
633.960,405.457,8.946,8.946
634.770,405.422,8.946,8.946
634.594,405.387,8.946,8.946
634.418,405.352,8.946,8.946
634.242,405.316,8.946,8.946
634.066,405.281,8.946,8.946
633.890,405.246,8.946,8.946
634.700,405.281,8.946,8.946
634.524,405.246,8.946,8.946
634.348,405.211,8.946,8.946
634.172,405.176,8.946,8.946
633.996,405.140,8.946,8.946
634.806,405.176,8.946,8.946
634.630,405.140,8.946,8.946
634.454,405.105,8.946,8.946
634.277,405.070,8.946,8.946
634.101,405.035,8.946,8.946
633.925,404.999,8.946,8.946
634.735,404.964,8.946,8.946
634.559,404.929,8.946,8.946
634.383,404.894,8.946,8.946
634.207,404.859,8.946,8.946
634.031,404.823,8.946,8.946
633.855,404.788,8.946,8.946
634.665,404.753,8.946,8.946
634.489,404.718,8.946,8.946
634.313,404.682,8.946,8.946
634.137,404.647,8.946,8.946
633.961,404.612,8.946,8.946
634.771,404.577,8.946,8.946
634.595,404.823,8.946,8.946
634.419,405.070,8.946,8.946
634.242,405.246,8.946,8.946
634.066,405.422,8.946,8.946
633.890,405.598,8.946,8.946
634.700,405.633,8.946,8.946
634.524,405.598,8.946,8.946
634.348,405.563,8.946,8.946
634.172,405.528,8.946,8.946
633.996,405.492,8.946,8.946
634.806,405.528,8.946,8.946
634.630,405.492,8.946,8.946
634.454,405.457,8.946,8.946
634.278,405.422,8.946,8.946
634.102,405.387,8.946,8.946
633.926,405.352,8.946,8.946
634.736,405.387,8.946,8.946
634.560,405.352,8.946,8.946
634.383,405.316,8.946,8.946
634.207,405.281,8.946,8.946
634.031,405.246,8.946,8.946
633.855,405.211,8.946,8.946
634.665,405.246,8.946,8.946
634.489,405.211,8.946,8.946
634.313,405.176,8.946,8.946
634.137,405.140,8.946,8.946
633.961,405.105,8.946,8.946
634.771,405.140,8.946,8.946
634.595,405.105,8.946,8.946
634.419,405.070,8.946,8.946
634.243,405.035,8.946,8.946
634.067,404.999,8.946,8.946
633.891,404.964,8.946,8.946
634.701,404.929,8.946,8.946
634.525,404.894,8.946,8.946
634.348,404.859,8.946,8.946
634.172,404.823,8.946,8.946
633.996,404.788,8.946,8.946
634.806,404.753,8.946,8.946
634.630,404.718,8.946,8.946
634.454,404.682,8.946,8.946
634.278,404.647,8.946,8.946
634.102,404.612,8.946,8.946
633.926,404.577,8.946,8.946
634.736,404.542,8.946,8.946
634.560,404.506,8.946,8.946
634.384,404.471,8.946,8.946
634.208,404.436,8.946,8.946
634.032,404.401,8.946,8.946
633.856,404.366,8.946,8.946
634.666,404.330,8.946,8.946
634.490,404.295,8.946,8.946
634.313,404.260,8.946,8.946
634.137,404.225,8.946,8.946
633.961,404.189,8.946,8.946
634.771,404.154,8.946,8.946
634.595,404.119,8.946,8.946
634.419,404.084,8.946,8.946
634.243,404.049,8.946,8.946
634.067,404.013,8.946,8.946
633.891,403.978,8.946,8.946
634.701,403.943,8.946,8.946
634.525,403.908,8.946,8.946
634.349,403.872,8.946,8.946
634.173,403.837,8.946,8.946
633.997,403.802,8.946,8.946
634.807,403.767,8.946,8.946
634.631,403.732,8.946,8.946
634.454,403.696,8.946,8.946
634.278,403.661,8.946,8.946
634.102,403.626,8.946,8.946
633.926,403.591,8.946,8.946
634.736,403.556,8.946,8.946
634.560,403.520,8.946,8.946
634.384,403.485,8.946,8.946
634.208,403.450,8.946,8.946
634.032,403.415,8.946,8.946
633.856,403.379,8.946,8.946
634.666,403.344,8.946,8.946
634.490,403.309,8.946,8.946
634.314,403.274,8.946,8.946
634.138,403.239,8.946,8.946
633.962,403.203,8.946,8.946
634.772,403.168,8.946,8.946
634.596,403.133,8.946,8.946
634.419,403.098,8.946,8.946
634.243,403.062,8.946,8.946
634.067,403.027,8.946,8.946
633.891,402.992,8.946,8.946
634.701,402.957,8.946,8.946
634.525,402.922,8.946,8.946
634.349,402.886,8.946,8.946
634.173,402.851,8.946,8.946
633.997,402.816,8.946,8.946
634.807,402.781,8.946,8.946
634.631,402.746,8.946,8.946
634.455,402.710,8.946,8.946
634.279,402.675,8.946,8.946
634.103,402.640,8.946,8.946
633.927,402.605,8.946,8.946
634.737,402.569,8.946,8.946
634.560,402.534,8.946,8.946
634.384,402.499,8.946,8.946
634.208,402.464,8.946,8.946
634.032,402.429,8.946,8.946
633.856,402.393,8.946,8.946
634.666,402.358,8.946,8.946
634.490,402.323,8.946,8.946
634.314,402.288,8.946,8.946
634.138,402.252,8.946,8.946
633.962,402.217,8.946,8.946
634.772,402.182,8.946,8.946
634.596,402.147,8.946,8.946
634.420,402.112,8.946,8.946
634.244,402.076,8.946,8.946
634.068,402.041,8.946,8.946
633.891,402.006,8.946,8.946
634.702,401.900,8.946,8.946
634.525,401.795,8.946,8.946
634.349,401.689,8.946,8.946
634.173,401.583,8.946,8.946
633.997,401.478,8.946,8.946
634.807,401.372,8.946,8.946
634.631,401.337,8.946,8.946
634.455,401.302,8.946,8.946
634.279,401.266,8.946,8.946
634.544,404.790,8.755,8.755
634.197,403.513,8.948,8.948
634.091,403.549,8.948,8.948
633.986,403.513,8.948,8.948
634.937,403.478,8.948,8.948
634.831,403.866,8.948,8.948
634.725,404.253,8.948,8.948
634.620,404.288,8.948,8.948
634.514,404.324,8.948,8.948
634.408,404.570,8.948,8.948
634.302,404.817,8.948,8.948
634.197,405.064,8.948,8.948
634.021,405.240,8.948,8.948
634.831,405.204,8.948,8.948
634.655,405.240,8.948,8.948
634.479,405.275,8.948,8.948
634.302,405.169,8.948,8.948
634.126,405.275,8.948,8.948
633.950,405.381,8.948,8.948
634.831,405.698,8.948,8.948
634.655,406.015,8.948,8.948
634.479,406.050,8.948,8.948
634.302,406.437,8.948,8.948
632.999,406.543,8.948,8.948
634.866,406.649,8.948,8.948
634.760,406.402,8.948,8.948
634.655,406.508,8.948,8.948
634.549,406.543,8.948,8.948
634.443,406.578,8.948,8.948
634.338,406.895,8.948,8.948
634.302,407.142,8.948,8.948
634.197,407.530,8.948,8.948
634.091,407.917,8.948,8.948
633.985,407.882,8.948,8.948
634.936,407.917,8.948,8.948
634.831,408.164,8.948,8.948
633.964,408.394,9.146,9.146
634.144,408.646,9.146,9.146
634.324,408.898,9.146,9.146
634.734,409.308,8.951,8.951
633.867,409.392,9.149,9.149
634.047,409.644,9.149,9.149
634.527,409.568,8.954,8.954
634.351,409.391,8.954,8.954
634.174,409.215,8.954,8.954
633.928,409.250,8.954,8.954
633.751,416.407,8.954,8.954
634.421,416.442,8.954,8.954
633.258,416.195,8.954,8.954
633.434,416.090,8.954,8.954
633.469,415.984,8.954,8.954
633.505,416.090,8.954,8.954
633.469,417.323,8.954,8.954
634.414,417.657,8.763,8.763
634.311,417.484,8.763,8.763
634.276,417.381,8.763,8.763
634.242,417.346,8.763,8.763
634.207,417.243,8.763,8.763
634.173,417.346,8.763,8.763
634.207,417.312,8.763,8.763
634.242,417.208,8.763,8.763
633.969,417.202,8.577,8.577
634.190,417.072,8.766,8.766
633.986,416.581,8.960,8.960
633.850,416.152,9.158,9.158
633.982,415.868,8.963,8.963
634.112,416.065,8.772,8.772
634.146,416.169,8.772,8.772
634.112,416.480,8.772,8.772
634.146,416.514,8.772,8.772
634.112,416.549,8.772,8.772
634.077,416.445,8.772,8.772
634.112,416.342,8.772,8.772
634.077,416.307,8.772,8.772
634.112,416.273,8.772,8.772
634.146,416.100,8.772,8.772
634.181,415.789,8.772,8.772
634.215,415.686,8.772,8.772
634.250,415.444,8.772,8.772
634.284,415.616,8.772,8.772
634.250,415.789,8.772,8.772
634.284,415.755,8.772,8.772
634.319,415.996,8.772,8.772
634.492,414.857,8.772,8.772
634.664,416.204,8.772,8.772
633.801,414.926,8.772,8.772
633.905,416.273,8.772,8.772
634.077,415.133,8.772,8.772
634.319,413.924,8.772,8.772
634.630,413.337,8.772,8.772
633.780,413.061,8.966,8.966
633.978,412.714,8.775,8.775
634.220,412.334,8.775,8.775
634.531,412.231,8.775,8.775
634.842,412.887,8.775,8.775
633.992,413.041,8.969,8.969
634.804,413.147,8.969,8.969
634.627,412.829,8.969,8.969
634.521,413.147,8.969,8.969
634.415,413.535,8.969,8.969
634.309,413.712,8.969,8.969
634.204,413.535,8.969,8.969
634.027,413.076,8.969,8.969
633.780,413.323,8.969,8.969
634.114,413.725,8.778,8.778
634.286,413.967,8.778,8.778
634.459,414.071,8.778,8.778
634.632,414.244,8.778,8.778
633.567,413.896,8.972,8.972
633.628,413.549,8.781,8.781
633.594,412.961,8.781,8.781
634.527,412.996,8.781,8.781
634.424,413.238,8.781,8.781
634.389,413.410,8.781,8.781
634.354,413.583,8.781,8.781
634.320,413.618,8.781,8.781
634.216,413.514,8.781,8.781
634.112,413.963,8.781,8.781
633.940,413.722,8.781,8.781
634.133,412.516,8.593,8.593
634.073,411.262,8.784,8.784
634.267,418.122,8.596,8.596
633.154,419.748,8.786,8.786
633.214,420.275,8.599,8.599
632.943,420.355,8.789,8.789
633.937,421.216,8.602,8.602
633.526,421.437,8.792,8.792
633.520,421.030,8.605,8.605
633.178,420.830,8.795,8.795
633.172,421.157,8.607,8.607
633.675,422.222,8.798,8.798
633.602,422.416,8.610,8.610
633.049,422.356,8.801,8.801
633.978,421.949,8.613,8.613
633.566,422.311,8.804,8.804
633.960,423.641,8.616,8.616
633.830,427.171,8.807,8.807
634.559,427.231,8.619,8.619
634.287,427.452,8.809,8.809
634.669,427.418,8.809,8.809
634.079,428.562,8.809,8.809
635.076,428.823,8.622,8.622
634.499,428.993,8.622,8.622
634.804,428.823,8.622,8.622
634.091,428.925,8.622,8.622
634.193,428.620,8.622,8.622
634.295,428.857,8.622,8.622
634.397,430.045,8.622,8.622
634.431,430.147,8.622,8.622
634.397,430.045,8.622,8.622
634.363,430.283,8.622,8.622
634.329,430.521,8.622,8.622
634.227,430.690,8.622,8.622
632.970,430.982,8.812,8.812
633.143,432.405,8.812,8.812
633.386,433.758,8.812,8.812
633.629,433.307,8.812,8.812
632.900,433.480,8.812,8.812
633.213,433.654,8.812,8.812
633.455,434.452,8.812,8.812
633.698,434.417,8.812,8.812
632.900,434.452,8.812,8.812
633.143,434.486,8.812,8.812
633.455,434.105,8.812,8.812
633.516,434.165,8.624,8.624
634.230,434.290,8.441,8.441
634.263,434.390,8.441,8.441
634.363,434.489,8.441,8.441
634.228,434.611,8.261,8.261
634.066,434.579,8.261,8.261
633.903,434.546,8.261,8.261
633.741,434.514,8.261,8.261
634.554,434.481,8.261,8.261
634.391,434.514,8.261,8.261
634.228,434.481,8.261,8.261
634.066,434.449,8.261,8.261
633.903,434.416,8.261,8.261
633.741,434.384,8.261,8.261
634.554,434.286,8.261,8.261
634.391,434.254,8.261,8.261
634.228,434.221,8.261,8.261
634.066,434.189,8.261,8.261
633.903,434.221,8.261,8.261
633.741,434.254,8.261,8.261
634.554,434.286,8.261,8.261
634.391,434.319,8.261,8.261
634.229,434.351,8.261,8.261
634.066,434.384,8.261,8.261
633.903,434.416,8.261,8.261
633.741,434.449,8.261,8.261
634.554,434.481,8.261,8.261
634.391,434.514,8.261,8.261
634.229,434.546,8.261,8.261
634.066,434.579,8.261,8.261
633.903,434.611,8.261,8.261
633.741,434.579,8.261,8.261
634.554,434.611,8.261,8.261
634.391,434.579,8.261,8.261
634.229,434.611,8.261,8.261
634.066,434.644,8.261,8.261
633.903,434.677,8.261,8.261
633.741,434.709,8.261,8.261
634.554,434.742,8.261,8.261
634.391,434.774,8.261,8.261
634.229,434.807,8.261,8.261
634.066,434.839,8.261,8.261
633.904,434.807,8.261,8.261
633.741,434.774,8.261,8.261
634.554,434.742,8.261,8.261
634.391,434.774,8.261,8.261
634.229,434.742,8.261,8.261
634.066,434.709,8.261,8.261
633.904,434.677,8.261,8.261
633.741,434.384,8.261,8.261
634.554,434.091,8.261,8.261
634.391,433.798,8.261,8.261
634.229,433.506,8.261,8.261
634.066,433.213,8.261,8.261
633.904,432.920,8.261,8.261
633.741,432.628,8.261,8.261
634.554,432.660,8.261,8.261
634.392,432.693,8.261,8.261
634.229,432.790,8.261,8.261
634.066,432.888,8.261,8.261
633.904,433.116,8.261,8.261
633.741,433.343,8.261,8.261
634.554,433.506,8.261,8.261
634.392,433.733,8.261,8.261
634.294,433.766,8.261,8.261
634.196,433.799,8.261,8.261
634.034,433.831,8.261,8.261
633.871,433.864,8.261,8.261
633.709,433.896,8.261,8.261
