260.000,203.000,30.000,27.000
267.515,203.785,30.000,27.000
274.357,203.000,30.000,27.000
282.994,203.785,30.000,27.000
290.733,203.449,30.000,27.000
297.351,203.336,30.000,27.000
305.988,203.224,30.000,27.000
312.382,202.663,30.000,27.000
320.794,203.673,30.000,27.000
320.682,203.112,30.000,27.000
301.501,202.327,30.000,27.000
279.180,202.888,30.000,27.000
260.897,203.224,30.000,27.000
241.268,202.663,30.000,27.000
221.639,203.449,30.000,27.000
201.337,202.663,30.000,27.000
181.708,203.449,30.000,27.000
161.631,202.663,30.000,27.000
142.002,203.224,30.000,27.000
123.943,202.215,30.000,27.000
124.952,203.000,30.000,27.000
134.711,203.561,30.000,27.000
142.226,203.000,30.000,27.000
150.190,203.561,30.000,27.000
157.480,203.000,30.000,27.000
165.444,203.785,30.000,27.000
172.062,203.224,30.000,27.000
179.353,202.439,30.000,27.000
186.868,203.000,30.000,27.000
193.037,203.112,30.000,27.000
201.225,201.878,30.000,27.000
208.965,203.336,30.000,27.000
215.807,202.327,30.000,27.000
223.546,202.663,30.000,27.000
229.940,202.551,30.000,27.000
237.903,202.439,30.000,27.000
244.745,202.103,30.000,27.000
252.485,201.766,30.000,27.000
260.897,202.551,30.000,27.000
267.066,201.766,30.000,27.000
275.255,201.654,30.000,27.000
282.545,201.317,30.000,27.000
288.715,200.308,30.000,27.000
296.903,200.645,30.000,27.000
304.642,200.308,30.000,27.000
311.036,199.523,30.000,27.000
319.448,199.859,30.000,27.000
326.963,199.747,30.000,27.000
333.805,198.738,30.000,27.000
330.328,199.299,30.000,27.000
309.802,198.065,30.000,27.000
287.481,197.504,30.000,27.000
268.749,197.616,30.000,27.000
248.447,197.280,30.000,27.000
240.483,196.270,30.000,27.000
249.344,196.158,30.000,27.000
257.757,195.373,30.000,27.000
264.375,195.709,30.000,27.000
272.563,195.821,30.000,27.000
278.732,195.261,30.000,27.000
286.920,194.475,30.000,27.000
294.211,194.812,30.000,27.000
301.501,195.148,30.000,27.000
308.119,193.690,30.000,27.000
316.532,194.700,30.000,27.000
322.701,194.588,30.000,27.000
330.665,194.475,30.000,27.000
337.507,193.690,30.000,27.000
345.022,194.475,30.000,27.000
352.986,193.466,30.000,27.000
359.379,194.251,30.000,27.000
366.894,193.466,30.000,27.000
373.063,193.802,30.000,27.000
379.905,193.690,30.000,27.000
385.850,193.129,30.000,27.000
392.244,192.120,30.000,27.000
398.637,191.783,30.000,27.000
404.133,191.671,30.000,27.000
410.078,190.437,30.000,27.000
415.350,188.979,30.000,27.000
420.622,188.867,30.000,27.000
424.772,190.101,30.000,27.000
429.146,200.532,30.000,27.000
433.521,212.983,30.000,27.000
435.876,225.433,30.000,27.000
439.802,236.986,30.000,27.000
442.606,247.866,30.000,27.000
445.410,245.287,30.000,27.000
449.336,240.688,30.000,27.000
451.243,238.781,30.000,27.000
453.150,236.201,30.000,27.000
454.563,233.924,30.664,27.597
456.742,231.516,30.664,27.597
458.232,229.109,30.664,27.597
459.952,227.160,30.664,27.597
461.442,225.211,30.664,27.597
463.391,221.886,30.664,27.597
464.882,220.625,30.664,27.597
465.455,218.447,30.664,27.597
467.175,216.268,30.664,27.597
467.977,213.631,30.664,27.597
468.551,211.912,30.664,27.597
469.812,209.733,30.664,27.597
469.697,208.243,30.664,27.597
470.729,217.300,30.664,27.597
471.302,229.338,30.664,27.597
472.792,240.688,30.664,27.597
472.219,252.726,30.664,27.597
473.939,264.306,30.664,27.597
473.595,263.045,30.664,27.597
475.085,260.408,30.664,27.597
474.512,256.624,30.664,27.597
476.003,254.446,30.664,27.597
475.200,252.038,30.664,27.597
476.232,250.089,30.664,27.597
476.805,247.911,30.664,27.597
476.003,245.274,30.664,27.597
476.805,242.867,30.664,27.597
476.920,240.918,30.664,27.597
476.805,238.739,30.664,27.597
477.149,236.332,30.664,27.597
477.722,233.924,30.664,27.597
476.920,231.975,30.664,27.597
477.952,229.797,30.664,27.597
477.608,228.077,30.664,27.597
478.640,237.364,30.664,27.597
477.837,247.567,30.664,27.597
477.493,260.064,30.664,27.597
478.754,272.560,30.664,27.597
477.722,270.611,30.664,27.597
477.378,267.287,30.664,27.597
478.410,263.274,30.664,27.597
477.837,261.096,30.664,27.597
477.264,259.376,30.664,27.597
478.525,256.739,30.664,27.597
478.410,254.561,30.664,27.597
478.525,252.382,30.664,27.597
478.640,250.204,30.664,27.597
478.066,248.255,30.664,27.597
477.493,246.306,30.664,27.597
478.296,244.586,30.664,27.597
477.722,243.325,30.664,27.597
477.378,241.835,30.664,27.597
478.410,241.491,30.664,27.597
477.837,240.000,30.664,27.597
477.264,239.656,30.664,27.597
478.525,243.669,30.664,27.597
478.869,256.166,30.664,27.597
477.837,269.350,30.664,27.597
478.410,281.847,30.664,27.597
479.442,295.261,30.664,27.597
480.245,299.502,30.664,27.597
479.213,297.553,30.664,27.597
480.474,296.292,30.664,27.597
481.047,295.261,30.664,27.597
481.391,294.687,30.664,27.597
482.423,294.573,30.664,27.597
483.684,293.999,30.664,27.597
484.486,294.343,30.664,27.597
485.977,293.082,30.664,27.597
485.862,292.968,30.664,27.597
487.123,292.165,30.664,27.597
488.614,291.821,30.664,27.597
490.104,290.560,30.664,27.597
491.136,289.987,30.664,27.597
492.626,289.414,30.664,27.597
494.346,288.152,30.664,27.597
495.837,287.579,30.664,27.597
496.639,286.547,30.664,27.597
498.588,285.516,30.664,27.597
500.537,284.484,30.664,27.597
502.028,283.223,30.664,27.597
503.518,281.961,30.664,27.597
505.696,284.140,30.664,27.597
506.957,296.407,30.664,27.597
508.677,307.757,30.664,27.597
510.168,319.566,30.664,27.597
511.887,317.388,30.664,27.597
513.836,314.751,30.664,27.597
515.785,313.031,30.664,27.597
517.734,311.311,30.664,27.597
519.913,309.591,30.664,27.597
521.862,308.101,30.664,27.597
524.269,307.299,30.664,27.597
526.677,305.579,30.664,27.597
528.626,304.547,30.664,27.597
530.804,302.827,30.664,27.597
532.524,301.795,30.664,27.597
534.931,300.305,30.664,27.597
536.651,299.044,30.664,27.597
539.288,298.241,30.664,27.597
541.237,296.751,30.664,27.597
543.186,295.261,30.664,27.597
545.135,293.999,30.664,27.597
543.645,293.197,30.664,27.597
523.582,292.394,30.664,27.597
496.639,290.445,30.664,27.597
470.614,289.414,30.664,27.597
446.194,288.152,30.664,27.597
427.278,287.579,30.664,27.597
430.144,286.318,30.664,27.597
435.303,285.057,30.664,27.597
437.711,284.254,30.664,27.597
439.889,282.535,30.664,27.597
442.067,282.191,30.664,27.597
444.704,281.618,30.664,27.597
447.112,280.586,30.664,27.597
450.436,279.325,30.664,27.597
453.990,278.293,30.664,27.597
456.169,277.032,30.664,27.597
459.494,276.917,30.664,27.597
462.818,275.885,30.664,27.597
465.226,274.853,30.664,27.597
468.321,273.363,30.664,27.597
472.105,272.102,30.664,27.597
474.512,271.299,30.664,27.597
478.296,269.809,30.664,27.597
480.933,269.006,30.664,27.597
483.799,268.204,30.664,27.597
487.811,266.255,30.664,27.597
490.678,264.994,30.664,27.597
493.773,263.962,30.664,27.597
497.556,262.930,30.664,27.597
495.149,261.669,30.664,27.597
471.417,260.637,30.664,27.597
445.621,259.605,30.664,27.597
424.411,258.573,30.664,27.597
419.940,257.542,30.664,27.597
426.016,256.739,30.664,27.597
430.029,255.937,30.664,27.597
432.666,255.134,30.664,27.597
437.596,254.332,30.664,27.597
440.691,253.070,30.664,27.597
443.787,253.185,30.664,27.597
447.341,252.153,30.664,27.597
451.354,251.351,30.664,27.597
455.366,249.860,30.664,27.597
459.379,250.204,30.664,27.597
463.162,248.714,30.664,27.597
466.716,247.682,30.664,27.597
469.812,246.421,30.664,27.597
473.595,245.160,30.664,27.597
478.754,245.274,30.664,27.597
477.723,243.325,30.664,27.597
458.347,242.752,30.664,27.597
432.551,241.720,30.664,27.597
409.278,240.459,30.664,27.597
385.775,238.740,30.664,27.597
361.585,237.708,30.664,27.597
346.107,236.217,30.664,27.597
349.432,234.727,30.664,27.597
355.738,233.466,30.664,27.597
359.750,231.975,30.664,27.597
362.846,230.714,30.664,27.597
367.546,229.453,30.664,27.597
372.017,227.963,30.664,27.597
375.113,227.160,30.664,27.597
379.814,225.899,30.664,27.597
382.680,224.638,30.664,27.597
386.692,223.147,30.664,27.597
391.393,222.574,30.664,27.597
396.094,220.855,30.664,27.597
399.189,219.823,30.664,27.597
402.055,218.562,30.664,27.597
386.578,217.759,30.664,27.597
361.470,216.727,30.664,27.597
337.509,215.925,30.664,27.597
314.464,214.893,30.664,27.597
291.420,213.632,30.664,27.597
276.401,212.371,30.664,27.597
281.102,211.109,30.664,27.597
286.949,210.536,30.664,27.597
291.420,209.275,30.664,27.597
296.121,207.785,30.664,27.597
300.363,207.441,30.664,27.597
305.063,205.950,30.664,27.597
309.535,205.148,30.664,27.597
314.235,204.116,30.664,27.597
318.936,203.084,30.664,27.597
323.178,202.052,30.664,27.597
327.878,200.791,30.664,27.597
332.350,199.301,30.664,27.597
337.509,197.581,30.664,27.597
342.439,196.779,30.664,27.597
331.088,195.747,30.664,27.597
305.981,195.173,30.664,27.597
282.019,194.371,30.664,27.597
260.351,192.651,30.664,27.597
238.912,191.619,30.664,27.597
232.835,190.817,30.664,27.597
240.517,190.014,30.664,27.597
246.593,188.982,30.664,27.597
251.982,188.409,30.664,27.597
256.911,187.148,30.664,27.597
262.071,187.721,30.664,27.597
267.230,186.231,30.664,27.597
272.847,185.199,30.664,27.597
278.007,186.231,30.664,27.597
283.395,184.740,30.664,27.597
289.013,184.397,30.664,27.597
294.401,183.365,30.664,27.597
299.790,182.791,30.664,27.597
304.949,183.365,30.664,27.597
310.567,182.104,30.664,27.597
315.496,182.448,30.664,27.597
300.478,181.186,30.664,27.597
276.287,181.989,30.664,27.597
253.243,180.957,30.664,27.597
232.721,180.613,30.664,27.597
209.447,179.811,30.664,27.597
196.951,179.467,30.664,27.597
202.569,178.435,30.664,27.597
211.626,177.862,30.664,27.597
217.243,178.664,30.664,27.597
222.861,177.632,30.664,27.597
228.708,177.059,30.664,27.597
234.784,177.174,30.664,27.597
240.861,176.371,30.664,27.597
247.166,175.110,30.664,27.597
253.701,175.913,30.664,27.597
259.778,174.881,30.664,27.597
265.854,175.454,30.664,27.597
272.389,186.346,30.664,27.597
280.300,199.301,30.664,27.597
286.376,212.256,30.664,27.597
292.681,221.313,30.664,27.597
298.299,219.593,30.664,27.597
305.751,218.332,30.664,27.597
311.369,216.842,30.664,27.597
316.987,217.186,30.664,27.597
304.032,217.530,30.664,27.597
280.070,216.269,30.664,27.597
259.090,215.466,30.664,27.597
240.173,215.122,30.664,27.597
241.434,215.695,30.664,27.597
250.721,214.434,30.664,27.597
257.255,213.402,30.664,27.597
264.708,212.829,30.664,27.597
270.784,212.714,30.664,27.597
277.319,211.683,30.664,27.597
274.223,211.568,30.664,27.597
252.326,210.536,30.664,27.597
230.887,210.192,30.664,27.597
210.594,210.536,30.664,27.597
202.913,209.275,30.664,27.597
211.511,208.243,30.664,27.597
220.339,207.670,30.664,27.597
226.645,207.097,30.664,27.597
234.555,207.441,30.664,27.597
241.549,206.180,30.664,27.597
242.122,206.523,30.664,27.597
222.288,205.033,30.664,27.597
199.473,205.377,30.664,27.597
180.098,204.116,30.664,27.597
160.034,204.689,30.664,27.597
139.742,203.428,30.664,27.597
120.596,202.855,30.664,27.597
122.315,203.199,30.664,27.597
131.831,203.543,30.664,27.597
138.825,202.282,30.664,27.597
146.277,201.250,30.664,27.597
154.417,200.906,30.664,27.597
161.181,201.708,30.664,27.597
168.404,200.676,30.664,27.597
176.314,199.874,30.664,27.597
183.308,199.759,30.664,27.597
191.448,198.727,30.664,27.597
199.129,198.613,30.664,27.597
205.893,197.810,30.664,27.597
213.116,197.696,30.664,27.597
221.256,196.893,30.664,27.597
228.479,196.549,30.664,27.597
236.619,195.517,30.664,27.597
244.071,195.173,30.664,27.597
250.835,195.976,30.664,27.597
258.287,195.173,30.664,27.597
265.739,195.288,30.664,27.597
257.370,194.256,30.664,27.597
236.619,194.371,30.664,27.597
215.868,194.485,30.664,27.597
195.346,193.683,30.664,27.597
187.206,194.027,30.664,27.597
196.034,193.683,30.664,27.597
204.861,193.339,30.664,27.597
211.167,192.536,30.664,27.597
219.536,193.339,30.664,27.597
227.447,192.536,30.664,27.597
234.211,193.110,30.664,27.597
241.663,193.683,30.664,27.597
249.345,192.651,30.664,27.597
255.650,192.766,30.664,27.597
263.102,192.651,30.664,27.597
269.408,192.536,30.664,27.597
277.089,192.422,30.664,27.597
283.395,192.078,30.664,27.597
291.306,193.110,30.664,27.597
298.070,192.536,30.664,27.597
305.063,191.963,30.664,27.597
312.515,192.766,30.664,27.597
319.280,191.734,30.664,27.597
325.815,192.307,30.664,27.597
332.120,191.275,30.664,27.597
339.114,191.390,30.664,27.597
345.649,191.505,30.664,27.597
353.330,191.849,30.664,27.597
359.406,192.193,30.664,27.597
366.171,192.536,30.664,27.597
372.247,191.275,30.664,27.597
379.240,191.619,30.664,27.597
385.546,191.505,30.664,27.597
391.852,191.849,30.664,27.597
397.469,192.422,30.664,27.597
403.546,191.849,30.664,27.597
409.393,192.880,30.664,27.597
415.010,192.307,30.664,27.597
419.940,191.734,30.664,27.597
424.870,192.766,30.664,27.597
429.800,192.193,30.664,27.597
434.042,193.224,30.664,27.597
438.513,191.734,30.664,27.597
442.526,192.995,30.664,27.597
446.309,192.880,30.664,27.597
449.405,192.307,30.664,27.597
452.959,191.275,30.664,27.597
455.366,191.619,30.664,27.597
458.462,191.963,30.664,27.597
461.328,192.307,30.664,27.597
463.736,191.046,30.664,27.597
465.685,192.307,30.664,27.597
467.863,191.046,30.664,27.597
470.041,191.849,30.664,27.597
472.219,191.275,30.664,27.597
474.168,190.702,30.664,27.597
475.888,191.734,30.664,27.597
477.149,191.390,30.664,27.597
478.869,190.817,30.664,27.597
480.130,191.849,30.664,27.597
481.162,191.505,30.664,27.597
481.965,190.931,30.664,27.597
482.538,191.734,30.664,27.597
483.799,190.931,30.664,27.597
483.455,191.505,30.664,27.597
485.175,190.702,30.664,27.597
485.977,191.505,30.664,27.597
486.550,190.702,30.664,27.597
487.582,191.275,30.664,27.597
488.614,190.473,30.664,27.597
488.958,191.275,30.664,27.597
488.614,190.473,30.664,27.597
490.104,191.275,30.664,27.597
489.531,190.931,30.664,27.597
490.563,191.963,30.664,27.597
490.907,191.849,30.664,27.597
490.334,191.505,30.664,27.597
491.595,191.161,30.664,27.597
491.939,192.192,30.664,27.597
491.136,191.619,30.664,27.597
491.939,191.505,30.664,27.597
491.366,191.161,30.664,27.597
492.627,192.192,30.664,27.597
492.741,192.078,30.664,27.597
491.939,191.963,30.664,27.597
492.512,192.078,30.664,27.597
493.544,192.422,30.664,27.597
492.971,191.161,30.664,27.597
492.627,192.422,30.664,27.597
493.659,191.390,30.664,27.597
494.002,191.734,30.664,27.597
493.200,192.078,30.664,27.597
493.544,192.651,30.664,27.597
494.117,191.619,30.664,27.597
493.315,191.963,30.664,27.597
494.117,192.766,30.664,27.597
493.544,191.963,30.664,27.597
494.346,192.766,30.664,27.597
493.773,191.963,30.664,27.597
493.200,192.766,30.664,27.597
494.002,192.192,30.664,27.597
493.429,192.995,30.664,27.597
494.232,192.422,30.664,27.597
493.200,191.619,30.664,27.597
493.773,192.422,30.664,27.597
492.971,192.078,30.664,27.597
493.773,193.339,30.664,27.597
493.200,192.307,30.664,27.597
494.232,192.880,30.664,27.597
493.888,193.454,30.664,27.597
493.085,192.880,30.664,27.597
493.659,193.912,30.664,27.597
494.461,193.798,30.664,27.597
493.888,194.141,30.664,27.597
493.544,194.715,30.664,27.597
494.805,193.683,30.664,27.597
493.544,194.027,30.664,27.597
494.576,194.600,30.664,27.597
494.002,193.798,30.664,27.597
493.429,194.371,30.664,27.597
494.461,193.798,30.664,27.597
494.117,194.600,30.664,27.597
493.773,194.027,30.664,27.597
493.888,194.829,30.664,27.597
494.461,194.485,30.664,27.597
495.034,194.141,30.664,27.597
494.002,195.403,30.664,27.597
494.576,194.371,30.664,27.597
495.149,194.485,30.664,27.597
494.576,194.829,30.664,27.597
495.608,194.944,30.664,27.597
495.493,195.059,30.664,27.597
495.837,195.173,30.664,27.597
494.805,195.517,30.664,27.597
495.378,194.715,30.664,27.597
496.181,195.517,30.664,27.597
495.608,194.944,30.664,27.597
496.869,195.747,30.664,27.597
495.837,195.173,30.664,27.597
495.951,196.205,30.664,27.597
496.295,195.173,30.664,27.597
497.098,196.434,30.664,27.597
496.525,195.173,30.664,27.597
497.786,196.434,30.664,27.597
496.754,195.403,30.664,27.597
497.786,195.517,30.664,27.597
496.983,195.403,30.664,27.597
498.474,195.747,30.664,27.597
499.505,196.091,30.664,27.597
498.703,196.664,30.664,27.597
498.130,195.861,30.664,27.597
499.849,196.205,30.664,27.597
499.047,195.173,30.664,27.597
499.620,196.893,30.664,27.597
500.881,196.778,30.664,27.597
500.079,197.122,30.664,27.597
500.881,197.696,30.664,27.597
500.537,196.893,30.664,27.597
501.798,197.925,30.664,27.597
500.767,197.810,30.664,27.597
501.798,197.466,30.664,27.597
501.225,197.352,30.664,27.597
502.486,197.696,30.664,27.597
503.059,198.269,30.664,27.597
502.486,197.466,30.664,27.597
503.289,198.269,30.664,27.597
502.716,197.696,30.664,27.597
502.601,189.326,30.664,27.597
504.091,176.371,30.664,27.597
503.060,164.792,30.664,27.597
504.321,166.511,30.664,27.597
505.352,168.231,30.664,27.597
505.009,168.804,30.664,27.597
504.894,170.066,30.664,27.597
505.696,170.180,30.664,27.597
504.894,171.212,30.664,27.597
505.696,169.951,30.664,27.597
505.811,171.441,30.664,27.597
505.926,170.639,30.664,27.597
506.499,171.441,30.664,27.597
506.614,170.639,30.664,27.597
507.416,171.671,30.664,27.597
506.614,171.556,30.664,27.597
507.875,172.129,30.664,27.597
507.072,172.932,30.664,27.597
508.104,172.129,30.664,27.597
507.531,173.161,30.664,27.597
508.562,173.505,30.664,27.597
508.219,172.473,30.664,27.597
508.104,173.276,30.664,27.597
508.906,172.932,30.664,27.597
508.792,173.964,30.664,27.597
509.365,173.849,30.664,27.597
510.397,173.734,30.664,27.597
509.594,174.078,30.664,27.597
510.397,174.422,30.664,27.597
509.594,174.078,30.664,27.597
509.938,175.110,30.664,27.597
508.677,174.995,30.664,27.597
507.645,175.569,30.664,27.597
509.365,174.995,30.664,27.597
508.104,176.027,30.664,27.597
508.448,175.683,30.664,27.597
508.792,174.881,30.664,27.597
507.531,175.913,30.664,27.597
508.792,175.110,30.664,27.597
507.531,175.913,30.664,27.597
508.792,174.881,30.664,27.597
507.531,175.683,30.664,27.597
508.333,175.110,30.664,27.597
507.301,176.371,30.664,27.597
507.645,185.887,30.664,27.597
507.989,199.530,30.664,27.597
506.499,212.944,30.664,27.597
507.301,228.192,30.664,27.597
506.499,241.147,30.664,27.597
507.072,242.867,30.664,27.597
505.582,240.918,30.664,27.597
506.614,239.886,30.664,27.597
505.582,239.313,30.664,27.597
505.696,238.739,30.664,27.597
504.206,239.771,30.664,27.597
505.009,239.198,30.664,27.597
503.977,239.771,30.664,27.597
504.321,238.739,30.664,27.597
504.206,239.313,30.664,27.597
503.633,238.510,30.664,27.597
504.206,239.083,30.664,27.597
503.174,239.886,30.664,27.597
503.060,239.083,30.664,27.597
501.798,239.657,30.664,27.597
501.225,238.854,30.664,27.597
501.569,239.427,30.664,27.597
501.455,238.625,30.664,27.597
500.423,239.427,30.664,27.597
499.850,238.625,30.664,27.597
498.818,239.198,30.664,27.597
497.786,240.230,30.664,27.597
497.213,238.510,30.664,27.597
497.327,238.854,30.664,27.597
496.066,239.198,30.664,27.597
494.805,239.771,30.664,27.597
493.544,238.510,30.664,27.597
492.971,238.854,30.664,27.597
491.480,239.198,30.664,27.597
490.678,239.542,30.664,27.597
488.729,238.510,30.664,27.597
487.238,239.083,30.664,27.597
485.748,239.427,30.664,27.597
490.907,238.396,30.664,27.597
514.868,238.969,30.664,27.597
541.123,239.083,30.664,27.597
565.543,239.427,30.664,27.597
589.963,238.396,30.664,27.597
612.943,239.463,30.010,27.009
628.539,237.556,30.010,27.009
630.419,235.744,30.674,27.606
631.299,235.485,30.020,27.018
630.645,236.747,29.379,26.442
628.735,238.405,28.753,25.878
627.280,238.578,28.140,25.326
624.639,239.558,27.540,24.786
622.683,241.102,27.540,24.786
620.315,240.793,27.540,24.786
618.770,240.278,27.540,24.786
618.255,239.970,27.540,24.786
616.505,239.043,27.540,24.786
615.166,239.352,27.540,24.786
613.416,238.837,27.540,24.786
608.782,238.322,27.540,24.786
605.590,239.043,27.540,24.786
601.986,237.910,27.540,24.786
599.824,237.395,27.540,24.786
595.808,238.528,27.540,24.786
591.999,237.807,27.540,24.786
588.395,236.881,27.540,24.786
584.173,236.983,27.540,24.786
581.805,236.469,27.540,24.786
576.965,237.395,27.540,24.786
572.744,236.675,27.540,24.786
568.522,235.542,27.540,24.786
564.300,236.675,27.540,24.786
559.873,235.336,27.540,24.786
556.269,236.057,27.540,24.786
551.429,235.130,27.540,24.786
547.002,235.439,27.540,24.786
542.986,235.130,27.540,24.786
538.558,234.615,27.540,24.786
533.513,233.689,27.540,24.786
528.468,233.791,27.540,24.786
523.628,233.483,27.540,24.786
518.789,234.615,27.540,24.786
514.155,233.277,27.540,24.786
509.316,233.997,27.540,24.786
503.858,233.277,27.540,24.786
499.019,233.586,27.540,24.786
504.270,233.689,27.540,24.786
527.438,232.350,27.540,24.786
551.017,233.483,27.540,24.786
572.331,232.556,27.540,24.786
576.759,233.277,27.540,24.786
568.831,232.144,27.540,24.786
563.167,231.423,27.540,24.786
558.122,232.144,27.540,24.786
552.459,231.011,27.540,24.786
545.560,231.114,27.540,24.786
540.309,231.217,27.540,24.786
533.204,231.114,27.540,24.786
528.570,230.805,27.540,24.786
525.996,230.702,27.540,24.786
543.398,230.805,27.540,24.786
565.536,230.497,27.540,24.786
584.584,231.835,27.540,24.786
584.070,230.497,27.540,24.786
575.935,231.629,27.540,24.786
568.625,230.497,27.540,24.786
562.138,231.835,27.540,24.786
556.474,230.702,27.540,24.786
548.546,230.599,27.540,24.786
541.235,231.732,27.540,24.786
534.131,230.394,27.540,24.786
527.644,231.526,27.540,24.786
522.186,231.629,27.540,24.786
534.028,230.497,27.540,24.786
556.577,231.835,27.540,24.786
575.832,230.702,27.540,24.786
595.705,231.423,27.540,24.786
614.136,232.556,27.540,24.786
621.476,233.912,26.952,24.257
617.949,232.199,26.952,24.257
609.988,231.493,26.952,24.257
602.833,232.400,26.952,24.257
595.074,231.695,26.952,24.257
587.516,232.602,26.952,24.257
579.958,231.896,26.952,24.257
571.997,231.393,26.952,24.257
564.036,232.501,26.952,24.257
555.874,232.602,26.952,24.257
547.712,233.307,26.952,24.257
539.549,232.602,26.952,24.257
531.387,233.509,26.952,24.257
523.426,232.803,26.952,24.257
515.062,233.710,26.952,24.257
506.496,233.206,26.952,24.257
498.132,233.710,26.952,24.257
488.559,234.214,26.952,24.257
479.993,233.106,26.952,24.257
471.629,233.610,26.952,24.257
461.854,234.315,26.952,24.257
453.490,233.408,26.952,24.257
444.723,234.113,26.952,24.257
445.832,234.214,26.952,24.257
464.676,234.516,26.952,24.257
484.729,235.020,26.952,24.257
502.163,233.912,26.952,24.257
508.915,234.416,26.952,24.257
497.931,234.718,26.952,24.257
487.148,235.222,26.952,24.257
478.381,234.315,26.952,24.257
468.808,235.020,26.952,24.257
458.428,234.113,26.952,24.257
449.661,234.416,26.952,24.257
438.677,234.516,26.952,24.257
428.499,234.819,26.952,24.257
419.732,234.864,27.549,24.794
408.711,233.937,27.549,24.794
399.132,234.452,27.549,24.794
388.935,234.967,27.549,24.794
379.150,233.834,27.549,24.794
368.953,234.349,27.549,24.794
358.756,234.658,27.549,24.794
356.181,233.319,27.549,24.794
371.528,234.452,27.549,24.794
389.965,234.761,27.549,24.794
407.578,233.628,27.549,24.794
423.337,234.143,27.549,24.794
440.745,234.452,27.549,24.794
458.358,234.349,27.549,24.794
473.911,234.452,27.549,24.794
488.022,234.761,27.549,24.794
479.885,233.628,27.549,24.794
466.186,234.143,27.549,24.794
456.813,234.864,27.549,24.794
445.586,234.143,27.549,24.794
434.977,235.070,27.549,24.794
424.367,234.761,27.549,24.794
412.934,235.070,27.549,24.794
402.531,235.791,27.549,24.794
391.716,234.864,27.549,24.794
380.901,235.379,27.549,24.794
370.086,236.100,27.549,24.794
359.271,235.585,27.549,24.794
347.838,236.512,27.549,24.794
336.817,236.203,27.549,24.794
326.002,236.100,27.549,24.794
330.292,236.360,28.158,25.342
348.505,235.623,28.158,25.342
365.455,236.360,28.158,25.342
380.721,235.834,28.158,25.342
397.671,236.781,28.158,25.342
411.884,236.044,28.158,25.342
406.936,236.992,28.158,25.342
391.881,236.676,28.158,25.342
380.826,235.939,28.158,25.342
369.351,236.887,28.158,25.342
357.665,237.623,28.158,25.342
346.189,236.887,28.158,25.342
334.503,237.413,28.158,25.342
323.028,236.255,28.158,25.342
311.131,237.623,28.158,25.342
309.762,236.676,28.158,25.342
327.555,237.623,28.158,25.342
344.926,237.939,28.158,25.342
359.139,238.887,28.158,25.342
374.194,238.360,28.158,25.342
389.249,238.255,28.158,25.342
404.514,239.413,28.158,25.342
420.622,238.255,28.158,25.342
436.309,239.624,28.158,25.342
451.364,238.676,28.158,25.342
459.260,239.834,28.158,25.342
447.363,240.571,28.158,25.342
432.729,240.045,28.158,25.342
421.464,240.992,28.158,25.342
409.568,241.098,28.158,25.342
397.460,240.992,28.158,25.342
385.353,241.308,28.158,25.342
372.699,241.356,28.781,25.903
360.754,240.602,28.781,25.903
347.820,239.758,29.418,26.476
334.600,240.492,30.069,27.062
322.570,239.705,30.069,27.062
310.316,240.492,30.069,27.062
302.109,239.930,30.069,27.062
313.689,240.941,30.069,27.062
331.339,241.279,30.069,27.062
346.292,241.391,30.069,27.062
361.019,241.504,30.069,27.062
375.972,240.267,30.069,27.062
390.025,241.504,30.069,27.062
405.202,240.492,30.069,27.062
417.906,241.279,30.069,27.062
412.622,242.290,30.069,27.062
396.770,241.728,30.069,27.062
384.066,241.391,30.069,27.062
370.553,242.141,30.734,27.661
358.028,242.716,30.734,27.661
345.043,241.912,30.734,27.661
332.288,242.946,30.734,27.661
319.763,243.061,30.734,27.661
306.778,243.635,30.734,27.661
293.793,242.831,30.734,27.661
280.808,243.405,30.734,27.661
268.053,242.831,30.734,27.661
270.006,243.865,30.734,27.661
286.209,244.440,30.734,27.661
302.181,243.405,30.734,27.661
315.626,243.980,30.734,27.661
330.909,244.095,30.734,27.661
343.894,244.210,30.734,27.661
358.947,243.176,30.734,27.661
372.622,243.980,30.734,27.661
388.135,245.014,30.734,27.661
399.970,245.129,30.734,27.661
393.312,243.989,31.414,28.273
376.751,244.811,31.414,28.273
363.948,243.989,31.414,28.273
350.206,244.811,31.414,28.273
336.934,244.224,31.414,28.273
323.897,245.046,31.414,28.273
310.625,244.458,31.414,28.273
297.822,244.106,31.414,28.273
284.080,245.163,31.414,28.273
271.043,245.281,31.414,28.273
257.536,245.633,31.414,28.273
244.733,244.576,31.414,28.273
242.737,244.693,31.414,28.273
256.479,245.046,31.414,28.273
272.335,245.163,31.414,28.273
285.607,245.046,31.414,28.273
299.819,244.458,31.414,28.273
313.326,243.636,31.414,28.273
328.478,243.989,31.414,28.273
342.455,244.576,31.414,28.273
356.666,243.519,31.414,28.273
363.596,243.871,31.414,28.273
350.559,244.224,31.414,28.273
335.172,244.341,31.414,28.273
322.135,244.458,31.414,28.273
308.863,243.166,31.414,28.273
295.356,244.458,31.414,28.273
282.318,243.166,31.414,28.273
269.046,244.458,31.414,28.273
255.539,243.401,31.414,28.273
242.502,243.989,31.414,28.273
229.464,244.576,31.414,28.273
216.192,243.519,31.414,28.273
202.450,243.871,31.414,28.273
189.178,244.458,31.414,28.273
175.671,243.636,31.414,28.273
162.633,244.458,31.414,28.273
149.126,243.871,31.414,28.273
135.384,244.693,31.414,28.273
125.871,244.341,31.414,28.273
134.680,245.398,31.414,28.273
151.475,244.341,31.414,28.273
164.983,245.398,31.414,28.273
178.255,243.871,31.414,28.273
184.950,244.693,31.414,28.273
171.912,243.871,31.414,28.273
155.586,244.693,31.414,28.273
143.254,244.341,31.414,28.273
129.747,245.633,31.414,28.273
116.474,244.576,31.414,28.273
102.732,244.693,31.414,28.273
89.460,244.106,31.414,28.273
75.953,245.398,31.414,28.273
61.506,244.341,31.414,28.273
48.704,245.868,31.414,28.273
50.466,244.811,31.414,28.273
66.087,245.163,31.414,28.273
79.594,245.516,31.414,28.273
93.571,244.224,31.414,28.273
107.078,245.281,31.414,28.273
120.585,245.163,31.414,28.273
134.562,245.046,31.414,28.273
148.069,244.928,31.414,28.273
161.576,245.281,31.414,28.273
175.788,245.633,31.414,28.273
189.295,244.576,31.414,28.273
202.333,245.163,31.414,28.273
208.558,245.046,31.414,28.273
195.285,244.928,31.414,28.273
178.725,245.516,31.414,28.273
165.687,244.458,31.414,28.273
151.945,245.046,31.414,28.273
137.498,245.163,31.414,28.273
125.494,244.672,30.744,27.670
131.586,245.477,30.744,27.670
147.794,244.672,30.744,27.670
160.783,245.247,30.744,27.670
173.772,244.212,30.744,27.670
186.991,244.327,30.744,27.670
200.440,244.442,30.744,27.670
215.728,244.787,30.744,27.670
228.028,243.983,30.744,27.670
242.167,244.557,30.744,27.670
255.616,243.753,30.744,27.670
269.294,244.327,30.744,27.670
282.743,243.063,30.744,27.670
295.503,244.327,30.744,27.670
310.331,243.063,30.744,27.670
312.285,244.098,30.744,27.670
296.537,243.293,30.744,27.670
281.709,242.258,30.744,27.670
266.880,242.833,30.744,27.670
253.661,243.868,30.744,27.670
238.603,243.063,30.744,27.670
236.649,242.948,30.744,27.670
249.408,243.293,30.744,27.670
265.386,242.028,30.744,27.670
277.916,243.063,30.744,27.670
290.675,243.408,30.744,27.670
303.434,242.373,30.744,27.670
318.492,242.028,30.744,27.670
331.482,243.063,30.744,27.670
344.141,242.161,31.424,28.282
357.417,242.983,31.424,28.282
371.164,242.161,31.424,28.282
384.205,242.983,31.424,28.282
397.482,241.926,31.424,28.282
403.709,242.748,31.424,28.282
390.668,242.161,31.424,28.282
374.336,242.983,31.424,28.282
361.060,242.396,31.424,28.282
346.843,241.808,31.424,28.282
332.862,242.631,31.424,28.282
319.350,242.043,31.424,28.282
306.073,243.101,31.424,28.282
298.906,242.278,31.424,28.282
310.538,243.571,31.424,28.282
326.869,242.513,31.424,28.282
339.676,242.866,31.424,28.282
353.658,242.748,31.424,28.282
366.934,243.336,31.424,28.282
380.211,243.453,31.424,28.282
393.957,242.396,31.424,28.282
407.234,242.513,31.424,28.282
420.510,242.396,31.424,28.282
434.022,241.808,31.424,28.282
435.549,243.101,31.424,28.282
420.863,242.278,31.424,28.282
404.532,243.101,31.424,28.282
391.960,242.278,31.424,28.282
378.213,242.631,31.424,28.282
364.937,241.338,31.424,28.282
350.955,242.396,31.424,28.282
337.209,241.338,31.424,28.282
323.462,242.396,31.424,28.282
309.951,241.103,31.424,28.282
295.969,242.161,31.424,28.282
283.397,242.043,31.424,28.282
289.390,241.456,31.424,28.282
305.721,241.103,31.424,28.282
319.702,241.926,31.424,28.282
333.449,240.868,31.424,28.282
346.726,241.221,31.424,28.282
361.177,241.338,31.424,28.282
374.454,240.516,31.424,28.282
388.670,240.398,31.424,28.282
402.652,239.576,31.424,28.282
416.163,239.928,31.424,28.282
429.205,239.106,31.424,28.282
431.672,240.163,31.424,28.282
417.456,239.341,31.424,28.282
401.829,240.163,31.424,28.282
388.553,239.341,31.424,28.282
375.276,239.223,31.424,28.282
361.530,238.871,31.424,28.282
348.018,238.283,31.424,28.282
338.266,238.871,31.424,28.282
347.548,237.578,31.424,28.282
364.114,237.696,31.424,28.282
