377.000,292.000,45.000,31.000
380.426,294.533,45.000,31.000
374.021,296.767,45.000,31.000
370.892,299.300,45.000,31.000
370.743,301.832,45.000,31.000
369.998,304.960,45.000,31.000
370.147,307.791,45.000,31.000
369.105,310.323,45.000,31.000
368.658,312.856,45.000,31.000
369.403,315.984,45.000,31.000
368.956,318.815,45.000,31.000
369.998,321.645,45.000,31.000
369.552,324.178,45.000,31.000
369.105,326.710,45.000,31.000
368.360,329.839,45.000,31.000
369.403,332.967,45.000,31.000
368.658,335.797,45.000,31.000
369.403,338.628,45.000,31.000
368.658,341.458,45.000,31.000
369.403,343.991,45.000,31.000
368.360,347.119,45.000,31.000
368.807,349.652,45.000,31.000
368.658,352.482,45.000,31.000
368.509,355.313,45.000,31.000
368.360,358.143,45.000,31.000
367.913,360.676,45.000,31.000
368.956,363.804,45.000,31.000
368.509,366.932,45.000,31.000
367.764,369.763,45.000,31.000
368.807,372.295,45.000,31.000
368.062,374.828,45.000,31.000
367.317,378.254,45.000,31.000
368.360,380.787,45.000,31.000
367.913,383.617,45.000,31.000
368.956,386.447,45.000,31.000
368.509,389.278,45.000,31.000
368.062,391.810,45.000,31.000
367.317,395.237,45.000,31.000
368.062,397.769,45.000,31.000
367.019,400.898,45.000,31.000
367.764,404.026,45.000,31.000
368.509,406.261,45.000,31.000
367.466,409.091,45.000,31.000
367.913,411.921,45.000,31.000
368.360,415.646,45.000,31.000
367.317,418.178,45.000,31.000
367.466,420.711,45.000,31.000
367.317,424.137,45.000,31.000
366.870,426.670,45.000,31.000
367.913,429.798,45.000,31.000
367.168,432.926,45.000,31.000
366.423,436.055,45.000,31.000
366.870,438.289,45.000,31.000
367.615,441.120,45.000,31.000
366.572,443.950,45.000,31.000
367.019,447.376,45.000,31.000
365.976,449.909,45.000,31.000
367.615,453.335,45.000,31.000
366.572,455.570,45.000,31.000
367.019,458.698,45.000,31.000
365.976,461.827,45.000,31.000
367.317,464.657,45.000,31.000
365.976,467.488,45.000,31.000
367.019,470.020,45.000,31.000
365.380,472.553,45.000,31.000
366.423,475.681,45.000,31.000
365.678,478.809,45.000,31.000
366.125,481.640,45.000,31.000
365.082,483.874,45.000,31.000
364.934,486.109,45.000,31.000
366.274,487.748,45.000,31.000
364.934,490.280,45.000,31.000
365.976,492.217,45.000,31.000
364.087,493.574,45.996,31.686
360.893,492.749,47.013,32.387
357.044,495.045,46.011,31.696
359.633,493.979,46.011,31.696
357.335,491.527,45.030,31.020
356.589,489.291,45.030,31.020
356.864,486.937,46.026,31.707
359.150,488.613,46.026,31.707
359.747,486.524,47.044,32.408
359.498,488.521,46.041,31.717
360.096,486.430,47.060,32.419
362.250,488.127,46.056,31.727
365.239,488.613,45.074,31.051
366.753,487.805,46.071,31.738
368.861,488.584,45.089,31.061
369.756,487.156,46.086,31.748
371.277,488.818,45.103,31.071
371.552,487.081,46.101,31.759
372.485,488.449,45.118,31.081
372.761,486.710,46.116,31.769
373.400,488.079,45.133,31.092
374.313,489.419,44.170,30.429
374.079,488.193,43.229,29.780
372.791,489.767,43.229,29.780
374.079,488.193,43.229,29.780
374.222,489.767,43.229,29.780
375.224,487.907,43.229,29.780
374.301,489.210,44.185,30.439
373.964,486.901,45.163,31.112
373.619,487.642,46.162,31.800
365.022,444.959,47.183,32.504
365.491,432.931,47.183,32.504
364.085,434.962,47.183,32.504
365.491,437.930,47.183,32.504
364.398,439.960,47.183,32.504
365.803,442.616,47.183,32.504
364.710,445.271,47.183,32.504
365.179,447.926,47.183,32.504
365.791,422.124,48.227,33.223
364.098,377.531,49.294,33.958
363.609,370.840,49.294,33.958
364.751,373.288,49.294,33.958
364.588,375.736,49.294,33.958
364.425,378.183,49.294,33.958
364.914,380.305,49.294,33.958
363.445,379.163,49.294,33.958
364.424,333.582,50.385,34.709
363.590,329.079,50.385,34.709
364.090,331.914,50.385,34.709
365.258,333.416,50.385,34.709
364.424,335.918,50.385,34.709
363.923,338.419,50.385,34.709
365.425,339.921,50.385,34.709
363.590,343.090,50.385,34.709
365.091,344.925,50.385,34.709
364.924,347.426,50.385,34.709
365.758,348.594,50.385,34.709
364.591,351.763,50.385,34.709
365.425,353.598,50.385,34.709
364.257,355.433,50.385,34.709
366.425,321.907,50.385,34.709
372.963,327.579,51.499,35.477
379.645,333.378,52.639,36.262
382.137,340.389,53.804,37.065
382.465,342.381,54.994,37.885
383.557,340.262,56.211,38.723
381.584,341.572,57.454,39.580
381.145,340.147,58.726,40.455
380.697,339.094,60.025,41.350
379.003,338.019,61.353,42.265
377.692,336.919,62.710,43.200
375.060,339.241,64.098,44.156
372.369,340.293,65.516,45.133
370.519,340.919,66.965,46.132
355.749,278.999,68.447,47.152
357.335,261.552,68.447,47.152
356.536,263.583,66.987,46.147
356.757,262.474,66.987,46.147
352.565,264.955,68.470,47.168
348.280,264.668,69.984,48.211
346.785,266.298,71.533,49.278
345.257,267.964,73.115,50.368
343.192,268.160,74.733,51.483
299.500,287.355,76.387,52.622
293.670,289.134,78.077,53.786
290.393,289.880,79.804,54.976
290.881,287.901,81.570,56.193
288.017,287.560,83.375,57.436
286.236,287.211,85.219,58.707
285.001,286.854,87.105,60.005
283.140,286.489,89.032,61.333
344.841,204.165,91.002,62.690
346.102,190.025,89.061,61.353
345.062,191.532,87.162,60.045
347.938,194.675,85.303,58.764
347.487,198.296,83.484,57.511
350.242,201.306,81.704,56.285
349.810,203.731,79.961,55.084
350.917,207.636,78.256,53.910
351.003,209.459,76.587,52.760
353.041,212.221,74.954,51.635
352.645,215.402,73.356,50.534
354.597,218.048,71.791,49.456
355.133,220.178,70.260,48.402
355.210,222.712,68.762,47.369
356.163,226.947,67.296,46.359
356.831,226.724,67.296,46.359
355.717,188.629,67.296,46.359
293.260,193.432,68.785,47.385
261.551,196.924,70.306,48.433
256.668,198.562,71.862,49.505
257.858,196.897,71.862,49.505
256.816,198.077,73.452,50.600
258.778,195.751,75.077,51.720
254.080,197.500,76.738,52.864
255.076,195.070,78.436,54.034
251.245,196.358,80.171,55.229
252.836,193.269,81.945,56.451
249.959,194.051,83.758,57.700
251.900,195.438,83.758,57.700
251.837,192.786,85.611,58.977
250.008,193.604,87.505,60.281
329.285,112.691,89.441,61.615
343.652,101.076,87.534,60.301
347.099,104.233,85.667,59.015
348.286,108.416,83.841,57.757
347.307,110.369,82.053,56.525
349.491,113.852,80.303,55.320
350.091,116.748,78.590,54.140
351.682,119.582,76.914,52.985
351.275,122.356,75.274,51.856
353.278,125.551,73.669,50.750
352.888,128.677,72.098,49.667
354.082,129.871,72.098,49.667
353.700,133.391,70.560,48.608
355.128,135.936,69.056,47.572
355.644,139.307,67.583,46.557
356.315,140.873,67.583,46.557
355.644,144.229,67.583,46.557
356.315,145.795,67.583,46.557
356.389,148.664,66.142,45.564
356.883,151.893,64.731,44.593
357.367,154.228,63.351,43.642
359.053,156.917,62.000,42.711
358.027,159.174,62.000,42.711
360.073,162.202,60.678,41.800
359.068,163.608,60.678,41.800
361.071,166.570,59.384,40.909
360.481,169.126,59.384,40.909
360.284,171.288,59.384,40.909
362.623,174.188,58.117,40.036
360.891,176.689,58.117,40.036
363.180,179.527,56.878,39.183
361.485,181.221,56.878,39.183
364.088,183.998,55.665,38.347
362.798,186.394,55.665,38.347
364.635,188.757,54.478,37.529
363.373,190.380,54.478,37.529
365.170,193.387,53.316,36.729
363.935,195.329,53.316,36.729
364.464,197.270,53.316,36.729
364.994,199.918,53.316,36.729
363.758,202.565,53.316,36.729
365.347,200.271,53.316,36.729
365.306,198.216,54.496,37.542
362.270,147.826,55.702,38.372
363.930,133.628,55.702,38.372
362.639,133.812,55.702,38.372
364.299,136.578,55.702,38.372
363.008,138.975,55.702,38.372
365.201,139.918,54.514,37.554
364.299,142.625,54.514,37.554
363.397,144.971,54.514,37.554
365.543,147.632,53.351,36.753
364.660,148.516,53.351,36.753
365.543,151.165,53.351,36.753
364.660,152.754,53.351,36.753
365.543,154.697,53.351,36.753
364.660,157.346,53.351,36.753
365.897,158.583,53.351,36.753
364.307,160.879,53.351,36.753
365.543,162.821,53.351,36.753
365.367,165.471,53.351,36.753
365.190,167.060,53.351,36.753
365.014,169.003,53.351,36.753
364.837,170.239,53.351,36.753
412.805,150.593,54.532,37.566
418.085,163.695,53.369,36.765
428.020,154.381,52.231,35.981
453.408,182.596,51.117,35.214
460.315,184.439,50.027,34.463
462.604,187.201,48.960,33.728
463.576,188.678,50.043,34.474
463.881,188.812,51.150,35.237
465.248,185.084,52.282,36.016
440.282,225.339,51.167,35.248
438.486,226.882,52.299,36.028
442.548,221.092,51.184,35.260
444.890,218.691,50.092,34.508
448.461,216.981,49.024,33.772
450.391,215.934,47.979,33.052
451.362,217.664,46.956,32.347
451.713,217.260,45.954,31.657
452.643,218.917,44.974,30.982
453.685,222.639,44.974,30.982
454.269,224.304,45.969,31.668
455.199,222.148,44.989,30.992
456.401,222.578,45.984,31.678
450.289,225.410,45.004,31.003
468.431,187.688,44.044,30.341
469.003,189.621,45.018,31.013
467.422,190.670,46.014,31.699
467.704,189.529,47.033,32.400
463.791,190.947,48.073,33.117
461.113,186.453,49.137,33.850
464.929,186.030,48.089,33.128
467.744,186.537,47.063,32.421
468.354,185.693,48.105,33.139
468.714,185.279,47.079,32.432
469.667,186.075,46.075,31.740
465.306,187.149,45.092,31.064
463.917,189.351,44.131,30.401
465.816,191.834,44.131,30.401
467.298,191.346,45.107,31.074
434.730,149.638,46.105,31.761
434.378,148.495,47.125,32.464
435.632,148.390,46.120,31.772
436.396,148.542,46.120,31.772
435.727,148.033,47.141,32.475
434.011,146.940,47.141,32.475
433.761,146.233,46.135,31.782
433.223,147.014,45.151,31.104
436.729,144.608,44.189,30.441
437.753,145.632,44.189,30.441
437.720,146.358,45.166,31.115
437.996,145.548,46.166,31.803
437.752,144.856,45.181,31.125
437.407,144.667,46.181,31.813
434.502,145.432,46.181,31.813
432.490,146.508,45.196,31.135
431.524,146.629,46.196,31.824
430.759,146.476,46.196,31.824
432.311,144.379,47.218,32.528
434.870,143.532,48.263,33.248
436.771,144.965,47.233,32.539
435.112,146.714,48.278,33.258
433.933,147.839,47.249,32.549
432.175,149.241,46.241,31.855
432.458,148.412,47.264,32.560
432.422,147.240,48.310,33.280
432.053,146.706,49.379,34.017
432.016,145.821,50.471,34.769
431.284,144.916,51.588,35.539
383.405,171.278,52.730,36.325
366.473,169.358,52.730,36.325
365.949,170.929,52.730,36.325
367.520,173.198,52.730,36.325
365.949,175.118,52.730,36.325
367.171,150.156,52.730,36.325
343.001,184.025,51.605,35.550
345.443,182.037,52.747,36.337
347.215,179.642,53.914,37.141
297.177,195.712,55.107,37.962
270.638,199.266,56.326,38.802
266.339,201.352,57.572,39.661
263.132,201.506,58.846,40.538
261.066,201.664,60.148,41.435
262.673,198.520,61.479,42.352
259.670,199.952,62.839,43.289
260.486,197.531,64.229,44.247
257.790,199.909,65.650,45.226
258.642,196.478,67.103,46.226
256.747,198.962,68.587,47.249
257.883,196.919,68.587,47.249
255.946,198.516,70.105,48.295
256.374,196.297,71.656,49.363
253.859,197.965,73.241,50.455
254.810,195.143,74.862,51.572
252.696,196.887,76.518,52.713
252.638,194.464,78.211,53.879
249.355,196.286,79.942,55.071
250.393,194.304,81.710,56.289
248.085,195.645,83.518,57.535
249.169,193.001,85.366,58.808
246.173,194.403,87.255,60.109
246.706,192.839,89.185,61.439
246.638,191.240,91.158,62.798
247.195,192.111,93.175,64.187
247.765,189.801,95.237,65.608
334.047,101.739,97.344,67.059
345.956,88.477,95.268,65.629
346.060,91.305,93.236,64.230
349.136,93.477,91.248,62.860
349.236,96.186,89.302,61.519
351.043,97.696,87.398,60.207
350.580,99.733,85.534,58.923
353.403,102.271,83.710,57.667
353.494,104.756,81.925,56.437
355.152,107.188,80.178,55.234
355.239,110.079,78.468,54.056
356.827,110.906,76.795,52.903
358.381,114.165,75.157,51.775
358.942,116.396,73.554,50.671
359.961,119.049,71.986,49.590
360.499,121.185,70.451,48.533
361.925,123.726,68.948,47.498
363.320,127.092,67.478,46.485
362.963,129.095,66.039,45.493
365.142,131.476,64.631,44.523
364.500,133.402,64.631,44.523
363.858,134.900,64.631,44.523
365.991,137.643,63.252,43.574
364.525,139.946,63.252,43.574
366.613,142.227,61.903,42.645
367.075,144.065,60.583,41.735
367.528,147.409,59.291,40.845
368.509,149.176,59.291,40.845
367.817,151.314,58.027,39.974
370.102,153.777,56.789,39.122
369.914,156.221,56.789,39.122
370.102,157.913,56.789,39.122
370.290,159.981,56.789,39.122
368.974,161.673,56.789,39.122
370.666,164.117,56.789,39.122
370.003,166.527,55.578,38.287
372.192,169.241,54.393,37.471
372.012,171.222,54.393,37.471
371.724,173.877,53.233,36.672
373.310,175.816,53.233,36.672
372.076,178.107,53.233,36.672
373.833,180.366,52.098,35.890
372.626,182.953,52.098,35.890
373.488,185.195,52.098,35.890
372.626,187.437,52.098,35.890
373.488,190.369,52.098,35.890
372.626,192.611,52.098,35.890
373.488,194.509,52.098,35.890
372.626,197.096,52.098,35.890
373.143,199.683,52.098,35.890
374.006,201.580,52.098,35.890
373.143,203.477,52.098,35.890
374.006,206.754,52.098,35.890
372.798,160.705,52.098,35.890
404.107,146.293,50.987,35.124
404.163,149.433,49.900,34.375
407.720,152.506,48.836,33.642
409.020,152.086,47.794,32.925
409.682,154.419,46.775,32.223
409.136,156.703,45.777,31.536
409.416,151.166,46.790,32.233
435.743,154.048,45.792,31.546
432.871,156.868,44.816,30.873
435.915,151.447,45.807,31.556
437.719,154.268,44.831,30.883
437.196,153.882,43.875,30.225
434.724,153.225,42.939,29.580
435.871,153.045,43.889,30.235
434.330,151.957,44.860,30.904
433.807,153.002,43.903,30.245
433.014,152.064,42.967,29.600
431.964,150.871,42.051,28.968
431.741,152.388,41.154,28.351
432.049,153.084,40.276,27.746
432.093,154.536,39.418,27.154
433.142,155.203,38.577,26.575
433.430,155.610,37.754,26.009
433.953,155.766,36.949,25.454
434.701,156.392,36.161,24.911
434.740,156.311,35.390,24.380
434.779,156.458,34.635,23.860
434.817,156.602,33.897,23.351
435.070,157.392,33.174,22.853
435.106,156.471,32.466,22.366
435.556,156.399,31.774,21.889
435.591,157.342,31.097,21.422
435.625,156.876,30.433,20.965
435.075,156.419,29.784,20.518
435.108,157.303,29.149,20.081
434.767,156.867,28.528,19.652
434.252,157.713,27.919,19.233
434.104,157.295,27.324,18.823
434.134,158.280,26.741,18.422
433.993,157.367,26.171,18.029
427.675,156.641,25.613,17.644
427.479,157.062,26.179,18.035
426.021,156.592,26.759,18.434
401.186,131.850,27.351,18.842
391.396,133.614,27.956,19.258
386.958,135.801,28.574,19.685
385.562,136.271,29.207,20.120
385.339,137.753,29.853,20.565
384.497,136.808,30.513,21.020
385.102,138.357,31.188,21.485
384.650,139.084,31.878,21.961
383.750,140.045,32.584,22.447
384.173,141.252,33.305,22.943
384.376,141.570,34.042,23.451
383.181,142.363,34.795,23.970
382.438,143.173,35.565,24.500
382.655,144.001,36.351,25.042
382.877,144.848,37.156,25.596
382.594,145.458,37.978,26.162
381.462,146.841,37.978,26.162
381.955,148.247,38.818,26.741
381.570,149.918,38.818,26.741
382.726,150.303,38.818,26.741
381.570,152.231,38.818,26.741
382.983,153.644,38.818,26.741
382.341,154.544,38.818,26.741
382.983,156.215,38.818,26.741
382.341,157.371,38.818,26.741
383.240,159.042,38.818,26.741
383.112,159.941,38.818,26.741
382.983,161.098,38.818,26.741
383.112,162.254,38.818,26.741
383.240,163.925,38.818,26.741
383.369,164.824,38.818,26.741
384.011,165.981,38.818,26.741
383.112,167.394,38.818,26.741
384.011,168.551,38.818,26.741
383.369,170.222,38.818,26.741
384.268,170.864,38.818,26.741
383.883,172.021,38.818,26.741
383.754,173.177,38.818,26.741
383.883,174.591,38.818,26.741
383.497,176.004,38.818,26.741
384.911,176.647,38.818,26.741
384.011,177.803,38.818,26.741
384.397,178.703,38.818,26.741
384.782,180.116,38.818,26.741
384.140,181.787,38.818,26.741
384.782,183.201,38.818,26.741
384.140,184.871,38.818,26.741
384.782,186.542,38.818,26.741
384.140,188.983,38.818,26.741
385.040,190.397,38.818,26.741
384.911,192.581,38.818,26.741
385.040,194.509,38.818,26.741
385.168,196.694,38.818,26.741
385.554,198.107,38.818,26.741
386.196,200.292,38.818,26.741
385.297,202.733,38.818,26.741
385.939,204.147,38.818,26.741
385.297,206.588,38.818,26.741
386.196,209.030,38.818,26.741
385.811,210.958,38.818,26.741
385.425,212.885,38.818,26.741
386.325,214.813,38.818,26.741
386.196,216.997,38.818,26.741
386.325,218.925,38.818,26.741
386.196,221.109,38.818,26.741
386.325,223.037,38.818,26.741
376.696,235.940,39.677,27.333
390.566,237.409,40.555,27.938
394.992,221.918,41.452,28.556
395.815,221.175,42.369,29.188
393.698,219.729,41.466,28.565
391.673,216.707,42.383,29.197
392.514,215.074,43.321,29.843
378.738,221.612,42.397,29.207
377.432,223.682,41.493,28.584
375.888,225.443,40.608,27.974
376.969,226.389,39.742,27.378
378.031,224.858,40.621,27.984
377.298,224.249,39.755,27.387
379.370,229.235,38.907,26.803
380.677,230.408,39.768,27.396
363.971,221.183,38.920,26.812
361.803,216.208,39.781,27.405
361.338,214.342,38.933,26.820
371.070,211.771,38.102,26.248
374.030,213.875,37.290,25.689
376.450,218.789,36.495,25.141
355.064,187.966,35.716,24.605
355.558,190.393,34.955,24.080
356.043,191.877,34.209,23.566
356.735,190.273,33.480,23.064
357.199,191.694,32.766,22.572
358.071,191.412,32.067,22.091
357.697,192.773,31.383,21.620
359.133,191.301,30.714,21.159
360.342,192.604,30.059,20.707
358.461,193.305,30.724,21.166
359.475,192.060,30.069,20.714
358.579,192.956,30.069,20.714
359.763,192.697,29.428,20.272
361.110,192.443,28.800,19.840
360.222,193.666,28.186,19.417
361.872,193.243,27.585,19.003
362.254,192.830,26.997,18.598
362.800,193.803,26.421,18.201
363.503,193.407,25.857,17.813
364.357,194.340,25.306,17.433
364.707,193.960,24.766,17.061
363.944,194.854,24.238,16.697
364.589,194.181,23.721,16.341
365.372,194.885,23.215,15.993
378.286,191.722,22.720,15.652
379.761,191.962,22.236,15.318
381.204,191.486,21.762,14.991
381.089,192.688,21.298,14.672
382.879,191.689,20.843,14.359
395.892,176.425,21.305,14.677
410.915,195.256,21.305,14.677
411.630,195.606,21.776,15.001
411.237,195.001,21.312,14.681
410.343,195.790,21.783,15.006
412.452,195.603,21.319,14.686
410.678,196.832,21.790,15.011
409.172,196.227,21.326,14.691
409.060,197.812,20.871,14.378
411.624,196.865,21.333,14.696
410.695,197.634,20.878,14.382
396.624,178.330,21.340,14.701
395.286,160.442,20.884,14.387
396.131,160.642,21.347,14.705
395.882,159.505,20.891,14.392
395.638,158.658,20.446,14.085
396.965,145.434,20.010,13.785
397.912,144.389,20.453,14.090
398.717,143.821,20.016,13.789
397.739,143.875,20.459,14.094
398.676,139.651,20.023,13.794
397.698,136.679,20.466,14.099
378.703,126.190,20.919,14.411
379.794,125.876,20.473,14.103
379.947,123.479,20.036,13.803
365.205,118.165,20.479,14.108
365.330,118.502,20.932,14.420
364.739,117.695,21.396,14.739
364.870,116.724,21.869,15.065
365.004,115.581,22.353,15.399
364.315,115.531,21.876,15.070
363.096,97.707,22.360,15.404
358.126,96.516,21.883,15.075
365.926,92.516,22.368,15.409
365.909,93.651,22.862,15.750
356.013,113.297,22.375,15.414
354.895,113.247,21.898,15.085
355.618,114.176,21.431,14.763
355.896,114.823,21.905,15.090
350.463,113.527,22.390,15.424
347.370,114.049,22.885,15.765
347.824,112.853,23.391,16.114
350.698,112.594,23.909,16.470
351.501,108.552,24.438,16.835
350.811,104.925,24.978,17.207
349.934,106.364,25.531,17.588
349.915,106.959,26.096,17.977
348.282,105.774,26.673,18.375
347.162,105.296,27.263,18.781
347.516,104.433,27.867,19.197
347.878,104.125,28.483,19.622
347.074,104.201,29.113,20.056
345.252,102.879,29.758,20.500
338.279,91.921,30.416,20.953
339.301,93.047,31.089,21.417
343.898,90.002,30.426,20.960
347.219,89.875,31.099,21.424
342.093,103.896,30.436,20.967
343.486,106.548,29.787,20.520
344.281,108.060,30.446,20.974
345.092,107.992,29.797,20.527
346.075,110.017,29.161,20.089
345.051,110.697,29.806,20.533
344.619,108.934,30.466,20.988
347.180,102.061,29.816,20.540
365.385,86.985,30.476,20.994
361.175,86.648,31.150,21.459
346.300,85.784,30.486,21.001
344.183,86.494,31.160,21.466
345.609,86.027,30.496,21.008
344.329,86.947,31.171,21.473
345.756,86.479,30.506,21.015
344.266,87.399,31.181,21.480
315.327,81.057,31.871,21.955
314.141,80.580,31.191,21.487
313.578,81.505,30.526,21.029
312.926,82.426,31.201,21.494
308.978,81.560,30.536,21.036
310.842,82.901,31.211,21.501
315.107,80.197,31.902,21.977
317.584,79.108,31.222,21.508
316.274,80.264,31.912,21.984
317.531,79.990,31.232,21.515
316.220,80.502,31.923,21.991
314.880,83.000,32.629,22.478
309.027,86.450,33.351,22.975
306.711,87.456,34.089,23.484
307.836,86.074,33.362,22.983
308.040,85.018,34.100,23.491
306.771,86.465,33.373,22.990
307.205,87.243,34.111,23.499
309.522,83.820,34.866,24.019
309.495,80.081,35.637,24.550
309.079,78.637,34.877,24.027
309.563,78.559,34.134,23.514
310.036,79.137,33.406,23.013
310.240,78.997,34.145,23.522
309.979,77.916,34.900,24.042
282.143,109.655,35.673,24.574
281.381,111.221,36.462,25.118
279.792,111.140,35.684,24.582
274.372,109.765,36.474,25.126
272.841,109.111,37.281,25.682
272.813,108.955,38.106,26.251
273.046,107.486,38.949,26.831
271.411,107.858,39.810,27.425
270.287,106.051,40.691,28.032
269.977,105.042,41.591,28.652
269.088,104.868,42.512,29.286
269.056,102.354,43.452,29.934
269.620,103.366,44.414,30.596
268.366,103.790,45.396,31.273
265.525,105.783,46.401,31.965
266.446,107.182,47.427,32.672
273.577,104.703,48.477,33.395
291.573,93.149,47.443,32.683
293.818,94.580,48.493,33.406
291.705,98.804,47.458,32.694
298.116,92.642,46.446,31.996
298.081,90.214,47.474,32.704
297.719,88.385,48.524,33.428
297.682,90.181,49.598,34.167
297.985,90.996,50.695,34.923
298.643,86.953,51.817,35.696
294.333,84.245,52.963,36.486
295.742,85.141,51.834,35.708
303.536,81.719,52.981,36.498
299.875,81.263,51.851,35.720
299.270,80.486,50.745,34.958
299.649,81.668,49.663,34.212
300.635,78.731,50.762,34.969
299.070,77.970,49.679,34.224
299.374,79.127,50.778,34.981
299.105,78.042,49.696,34.235
299.067,78.858,50.795,34.992
298.799,78.097,49.712,34.246
299.621,79.578,49.712,34.246
300.267,79.711,50.812,35.004
300.322,78.625,49.728,34.257
299.260,79.783,50.828,35.015
298.418,79.615,50.828,35.015
299.078,78.006,51.953,35.790
299.798,79.216,50.845,35.027
299.529,79.427,49.761,34.280
300.516,78.194,50.862,35.038
301.875,79.378,51.987,35.813
303.264,81.303,53.137,36.606
321.109,89.476,54.313,37.416
323.307,91.860,55.515,38.243
322.502,92.009,56.743,39.090
320.900,90.212,57.998,39.954
322.449,89.970,59.282,40.838
323.271,90.973,58.017,39.968
324.445,91.584,56.780,39.115
325.182,89.786,58.036,39.981
323.543,90.739,59.320,40.865
320.645,88.046,60.633,41.769
311.853,84.460,61.974,42.694
299.886,83.349,63.346,43.638
314.197,86.130,64.747,44.604
315.482,84.525,66.180,45.590
313.614,86.066,67.644,46.599
311.239,83.924,69.140,47.630
311.662,82.210,70.670,48.684
310.152,80.943,72.234,49.761
308.112,83.122,73.832,50.862
303.492,84.334,75.465,51.987
304.990,82.981,77.135,53.138
304.401,82.659,78.842,54.313
301.092,82.870,80.586,55.515
298.816,81.979,82.369,56.743
295.925,82.766,84.192,57.999
293.548,82.413,86.054,59.282
293.482,80.280,87.958,60.594
292.812,79.307,89.904,61.934
292.126,78.931,91.893,63.304
291.822,78.627,91.893,63.304
291.752,78.242,93.927,64.705
291.681,76.559,96.005,66.137
291.608,74.178,98.129,67.600
289.511,72.419,100.300,69.096
290.507,73.415,100.300,69.096
290.175,72.419,100.300,69.096
289.410,71.999,102.519,70.624
288.868,73.080,100.333,69.118
286.543,72.748,100.333,69.118
287.292,74.445,98.193,67.644
288.653,75.479,96.099,66.202
287.698,73.889,96.099,66.202
286.305,74.147,98.225,67.666
287.666,74.555,96.131,66.223
288.621,77.419,96.131,66.223
288.939,77.101,96.131,66.223
289.257,75.509,96.131,66.223
288.302,75.828,96.131,66.223
289.257,74.873,96.131,66.223
290.589,78.340,94.081,64.811
287.932,77.946,96.162,66.245
283.896,78.864,98.290,67.711
284.630,79.900,96.194,66.267
284.312,78.308,96.194,66.267
281.596,78.566,98.322,67.733
280.846,76.128,100.497,69.232
282.509,76.461,100.497,69.232
284.173,74.797,100.497,69.232
288.130,77.780,98.354,67.755
288.056,75.342,100.530,69.254
290.732,77.042,98.387,67.777
289.305,74.603,100.563,69.277
288.972,75.602,100.563,69.277
289.971,73.937,100.563,69.277
291.364,76.280,98.419,67.800
287.909,74.516,100.596,69.300
288.661,76.218,98.451,67.822
285.205,74.453,100.629,69.322
285.315,75.514,98.483,67.844
286.293,74.535,98.483,67.844
287.028,76.830,96.383,66.397
286.955,74.440,98.516,67.866
287.063,75.478,96.415,66.419
288.659,75.797,96.415,66.419
287.701,76.117,96.415,66.419
289.935,76.436,96.415,66.419
291.531,74.840,96.415,66.419
291.458,73.774,98.548,67.889
291.132,73.448,98.548,67.889
292.763,73.774,98.548,67.889
291.334,74.715,100.728,69.391
290.334,75.716,100.728,69.391
290.667,74.715,100.728,69.391
291.420,76.419,98.580,67.911
291.746,76.093,98.580,67.911
289.640,75.003,100.761,69.413
290.641,74.670,100.761,69.413
290.751,77.017,98.613,67.933
291.077,76.038,98.613,67.933
291.404,75.059,98.613,67.933
291.077,75.385,98.613,67.933
292.709,75.059,98.613,67.933
294.995,76.038,98.613,67.933
294.920,73.593,100.794,69.436
294.151,72.479,103.024,70.972
293.810,73.502,103.024,70.972
293.469,73.843,103.024,70.972
292.683,71.996,105.304,72.543
292.126,73.778,103.058,70.996
292.238,76.179,100.860,69.482
291.236,77.848,100.860,69.482
289.081,75.348,103.092,71.019
289.194,77.092,100.894,69.504
290.864,78.094,100.894,69.504
287.322,74.899,103.126,71.042
288.093,76.644,100.927,69.527
288.427,75.642,100.927,69.527
288.761,74.639,100.927,69.527
289.515,76.347,98.774,68.045
288.534,77.328,98.774,68.045
287.780,75.557,100.960,69.550
286.778,74.554,100.960,69.550
288.176,73.685,98.807,68.067
285.887,74.012,98.807,68.067
285.995,76.315,96.700,66.615
289.516,76.635,96.700,66.615
289.836,78.235,96.700,66.615
288.434,74.509,98.839,68.089
284.835,76.145,98.839,68.089
284.508,77.127,98.839,68.089
282.396,76.713,101.026,69.596
282.730,75.710,101.026,69.596
283.485,77.419,98.872,68.112
281.373,74.288,101.059,69.619
282.773,74.063,98.904,68.134
285.405,76.999,96.795,66.681
284.444,76.038,96.795,66.681
286.046,77.640,96.795,66.681
285.726,75.397,96.795,66.681
286.046,74.435,96.795,66.681
286.366,74.115,96.795,66.681
286.687,73.154,96.795,66.681
285.726,73.474,96.795,66.681
286.046,74.435,96.795,66.681
285.726,73.474,96.795,66.681
284.764,75.076,96.795,66.681
285.488,75.478,94.731,65.259
285.801,75.792,94.731,65.259
286.742,76.106,94.731,65.259
287.971,78.963,96.827,66.703
287.233,79.888,98.969,68.179
285.595,80.215,98.969,68.179
286.334,80.626,96.858,66.725
286.014,80.947,96.858,66.725
285.693,79.985,96.858,66.725
284.731,80.306,96.858,66.725
287.309,81.326,94.793,65.302
287.237,78.976,96.890,66.747
288.199,78.655,96.890,66.747
287.460,77.584,99.034,68.223
287.132,77.256,99.034,68.223
286.805,77.584,99.034,68.223
286.912,75.468,96.922,66.768
287.233,74.505,96.922,66.768
289.479,74.184,96.922,66.768
290.442,74.505,96.922,66.768
288.838,75.468,96.922,66.768
287.875,75.788,96.922,66.768
286.912,74.184,96.922,66.768
287.233,74.505,96.922,66.768
286.912,74.184,96.922,66.768
285.950,73.863,96.922,66.768
286.271,73.542,96.922,66.768
287.875,76.430,96.922,66.768
288.467,74.027,99.066,68.246
290.107,73.699,99.066,68.246
288.671,72.604,101.258,69.756
288.781,74.317,99.099,68.268
289.109,73.989,99.099,68.268
288.781,73.661,99.099,68.268
288.706,73.927,101.291,69.778
289.463,75.640,99.131,68.290
286.509,73.343,99.131,68.290
287.883,73.755,97.017,66.834
290.773,71.507,97.017,66.834
287.368,70.434,99.164,68.313
286.210,71.479,97.049,66.856
284.604,72.443,97.049,66.856
287.806,72.846,94.979,65.430
288.120,73.160,94.979,65.430
288.435,73.475,94.979,65.430
288.749,73.160,94.979,65.430
286.720,73.415,97.081,66.878
285.756,74.379,97.081,66.878
286.481,76.641,95.011,65.452
286.409,76.896,97.113,66.900
285.445,77.218,97.113,66.900
287.410,77.621,95.042,65.473
286.032,75.918,97.145,66.922
285.710,76.882,97.145,66.922
284.746,76.561,97.145,66.922
286.091,76.964,95.073,65.495
284.713,76.566,97.176,66.944
286.059,77.590,95.104,65.516
285.334,75.886,97.208,66.966
286.299,78.138,97.208,66.966
285.977,77.816,97.208,66.966
286.299,78.782,97.208,66.966
284.222,75.036,99.359,68.447
284.551,74.707,99.359,68.447
283.391,73.852,97.240,66.988
285.359,75.497,95.166,65.559
285.674,73.922,95.166,65.559
285.989,74.237,95.166,65.559
