253.000,246.000,19.000,13.000
259.334,248.195,19.000,13.000
261.027,249.387,19.000,13.000
262.094,248.948,19.000,13.000
262.909,248.634,19.000,13.000
260.714,247.944,19.000,13.000
260.275,248.132,19.000,13.000
263.097,247.066,19.000,13.000
260.150,247.129,19.000,13.000
260.589,247.442,19.000,13.000
264.916,248.007,19.000,13.000
263.473,248.446,19.000,13.000
264.163,250.265,19.000,13.000
264.728,250.453,19.000,13.000
261.529,250.641,19.000,13.000
262.344,250.829,19.000,13.000
261.655,250.515,19.000,13.000
256.324,249.575,19.000,13.000
255.258,249.010,19.000,13.000
259.961,247.819,19.000,13.000
259.146,247.380,19.000,13.000
261.341,246.439,19.000,13.000
264.038,245.875,19.000,13.000
260.588,245.561,19.000,13.000
257.139,244.620,19.000,13.000
252.561,244.056,19.000,13.000
247.607,242.990,19.000,13.000
249.551,245.937,19.000,13.000
250.868,247.756,19.000,13.000
251.181,247.317,19.000,13.000
250.115,246.502,19.000,13.000
251.056,246.063,19.000,13.000
248.485,245.247,19.000,13.000
252.185,245.310,19.000,13.000
255.007,245.624,19.000,13.000
252.310,246.063,19.000,13.000
255.509,246.878,19.000,13.000
257.327,248.571,19.000,13.000
253.000,249.010,19.000,13.000
252.185,248.948,19.000,13.000
258.393,251.644,19.000,13.000
257.829,251.205,19.000,13.000
260.526,250.265,19.000,13.000
265.480,250.202,19.000,13.000
263.787,249.763,19.000,13.000
262.595,249.700,19.000,13.000
267.424,248.759,19.000,13.000
266.609,247.819,19.000,13.000
262.156,247.003,19.000,13.000
257.202,245.686,19.000,13.000
252.498,245.749,19.000,13.000
249.425,245.310,19.000,13.000
254.129,244.871,19.000,13.000
255.320,245.310,19.000,13.000
258.017,245.122,19.000,13.000
263.724,247.944,19.000,13.000
263.285,248.885,19.000,13.000
258.080,248.195,19.000,13.000
252.122,247.003,19.000,13.000
247.168,246.314,19.000,13.000
249.739,246.878,19.000,13.000
251.683,247.693,19.000,13.000
249.739,247.756,19.000,13.000
252.561,249.073,19.000,13.000
252.875,249.512,19.000,13.000
248.422,250.327,19.000,13.000
250.241,250.265,19.000,13.000
255.697,250.327,19.000,13.000
254.882,250.515,19.000,13.000
256.575,250.829,19.000,13.000
260.150,250.515,19.000,13.000
258.080,249.826,19.000,13.000
258.143,249.136,19.000,13.000
258.707,247.317,19.000,13.000
255.760,246.753,19.000,13.000
256.449,247.066,19.000,13.000
256.136,246.627,19.000,13.000
252.561,248.070,19.000,13.000
254.004,247.129,19.000,13.000
258.456,246.690,19.000,13.000
257.265,246.502,19.000,13.000
257.704,245.937,19.000,13.000
261.028,246.502,19.000,13.000
258.582,245.937,19.000,13.000
261.404,246.251,19.000,13.000
262.219,245.185,19.000,13.000
259.146,244.620,19.000,13.000
263.724,246.815,19.000,13.000
265.418,248.509,19.000,13.000
260.338,247.944,19.000,13.000
259.021,249.136,19.000,13.000
260.087,248.320,19.000,13.000
257.892,249.010,19.000,13.000
258.456,248.948,19.000,13.000
257.516,250.014,19.000,13.000
252.561,249.449,19.000,13.000
248.234,250.139,19.000,13.000
244.659,249.826,19.000,13.000
239.705,250.766,19.000,13.000
237.760,250.704,19.000,13.000
244.596,250.892,19.000,13.000
247.920,250.704,19.000,13.000
253.125,249.763,19.000,13.000
260.338,249.324,19.000,13.000
260.902,248.132,19.000,13.000
259.836,247.192,19.000,13.000
264.665,246.502,19.000,13.000
265.480,245.937,19.000,13.000
265.167,245.373,19.000,13.000
265.731,244.432,19.000,13.000
262.909,243.491,19.000,13.000
263.599,243.052,19.000,13.000
262.533,242.864,19.000,13.000
257.704,245.059,19.000,13.000
254.631,244.997,19.000,13.000
257.829,248.320,19.000,13.000
258.770,250.139,19.000,13.000
256.324,249.951,19.000,13.000
261.529,251.268,19.000,13.000
262.344,251.707,19.000,13.000
260.400,252.146,19.000,13.000
263.975,251.456,19.000,13.000
264.289,251.770,19.000,13.000
259.460,252.209,19.000,13.000
258.143,251.393,19.000,13.000
259.334,250.578,19.000,13.000
258.519,249.888,19.000,13.000
257.829,249.951,19.000,13.000
256.261,249.512,19.000,13.000
256.073,249.073,19.000,13.000
258.017,248.258,19.000,13.000
254.693,247.568,19.000,13.000
250.617,247.756,19.000,13.000
247.042,247.192,19.000,13.000
242.589,246.000,19.000,13.000
246.039,244.934,19.000,13.000
249.112,245.498,19.000,13.000
247.544,244.558,19.000,13.000
246.603,244.119,19.000,13.000
247.920,243.429,19.000,13.000
245.600,242.864,19.000,13.000
248.798,243.680,19.000,13.000
253.000,243.742,19.000,13.000
250.178,244.808,19.000,13.000
255.258,246.878,19.000,13.000
259.209,248.195,19.000,13.000
256.136,247.380,19.000,13.000
257.829,249.700,19.000,13.000
257.014,251.268,19.000,13.000
249.300,250.453,19.000,13.000
248.234,249.637,19.000,13.000
249.049,249.198,19.000,13.000
244.596,248.634,19.000,13.000
249.676,248.697,19.000,13.000
254.756,248.007,19.000,13.000
253.564,246.941,19.000,13.000
258.143,247.631,19.000,13.000
259.836,247.066,19.000,13.000
256.888,246.251,19.000,13.000
259.083,246.439,19.000,13.000
258.519,246.627,19.000,13.000
253.564,246.815,19.000,13.000
253.000,247.003,19.000,13.000
256.449,245.310,19.000,13.000
253.000,244.997,19.000,13.000
253.941,244.558,19.000,13.000
254.756,243.366,19.000,13.000
250.052,242.927,19.000,13.000
250.366,243.742,19.000,13.000
251.307,243.429,19.000,13.000
246.478,242.739,19.000,13.000
246.540,244.307,19.000,13.000
251.746,247.129,19.000,13.000
250.679,246.941,19.000,13.000
253.125,248.007,19.000,13.000
258.707,249.575,19.000,13.000
257.641,250.892,19.000,13.000
255.697,251.080,19.000,13.000
260.902,250.515,19.000,13.000
260.839,250.578,19.000,13.000
259.648,250.515,19.000,13.000
263.348,250.704,19.000,13.000
262.407,250.892,19.000,13.000
262.846,250.954,19.000,13.000
262.533,250.515,19.000,13.000
256.951,249.575,19.000,13.000
255.885,249.261,19.000,13.000
256.825,248.571,19.000,13.000
251.871,248.885,19.000,13.000
248.673,248.446,19.000,13.000
245.600,247.881,19.000,13.000
240.394,247.819,19.000,13.000
242.966,247.129,19.000,13.000
244.283,245.561,19.000,13.000
239.077,244.871,19.000,13.000
241.899,243.930,19.000,13.000
243.593,243.366,19.000,13.000
238.889,242.425,19.000,13.000
240.206,242.990,19.000,13.000
245.161,245.812,19.000,13.000
243.342,245.122,19.000,13.000
247.167,245.561,19.000,13.000
250.742,247.631,19.000,13.000
248.422,247.944,19.000,13.000
249.613,247.756,19.000,13.000
250.679,247.568,19.000,13.000
247.481,247.505,19.000,13.000
248.673,247.442,19.000,13.000
247.732,247.631,19.000,13.000
242.527,248.195,19.000,13.000
243.342,247.631,19.000,13.000
248.673,248.320,19.000,13.000
247.732,248.007,19.000,13.000
250.930,247.693,19.000,13.000
252.247,248.885,19.000,13.000
247.669,248.195,19.000,13.000
252.373,247.003,19.000,13.000
253.690,246.188,19.000,13.000
251.118,245.247,19.000,13.000
254.819,244.558,19.000,13.000
255.383,244.119,19.000,13.000
248.923,243.429,19.000,13.000
248.861,242.613,19.000,13.000
249.425,241.798,19.000,13.000
244.722,241.485,19.000,13.000
247.167,242.927,19.000,13.000
248.234,245.875,19.000,13.000
244.032,245.059,19.000,13.000
239.328,243.993,19.000,13.000
234.499,246.314,19.000,13.000
231.050,246.502,19.000,13.000
238.638,246.439,19.000,13.000
244.345,246.376,19.000,13.000
244.533,246.188,19.000,13.000
247.356,246.753,19.000,13.000
252.561,248.446,19.000,13.000
251.495,249.261,19.000,13.000
256.324,249.449,19.000,13.000
259.773,250.265,19.000,13.000
257.327,249.826,19.000,13.000
259.898,250.641,19.000,13.000
260.965,250.202,19.000,13.000
257.766,249.637,19.000,13.000
257.076,250.076,19.000,13.000
253.878,248.634,19.000,13.000
248.171,248.446,19.000,13.000
245.725,247.881,19.000,13.000
250.930,247.568,19.000,13.000
248.610,247.003,19.000,13.000
252.561,245.436,19.000,13.000
257.014,244.620,19.000,13.000
252.937,243.680,19.000,13.000
252.373,243.115,19.000,13.000
256.951,241.798,19.000,13.000
256.512,241.986,19.000,13.000
254.191,242.425,19.000,13.000
256.512,243.617,19.000,13.000
253.564,246.439,19.000,13.000
251.244,248.007,19.000,13.000
252.686,248.571,19.000,13.000
250.240,249.637,19.000,13.000
250.429,249.575,19.000,13.000
250.115,249.888,19.000,13.000
245.161,250.704,19.000,13.000
239.830,250.265,19.000,13.000
234.875,249.826,19.000,13.000
228.165,250.265,19.000,13.000
232.743,249.951,19.000,13.000
239.704,250.265,19.000,13.000
239.893,249.575,19.000,13.000
244.972,249.512,19.000,13.000
252.561,249.073,19.000,13.000
250.868,248.509,19.000,13.000
249.801,248.697,19.000,13.000
255.383,248.509,19.000,13.000
254.819,247.693,19.000,13.000
257.515,247.129,19.000,13.000
257.954,246.188,19.000,13.000
254.505,245.624,19.000,13.000
253.690,246.063,19.000,13.000
253.000,246.627,19.000,13.000
248.171,247.317,19.000,13.000
242.840,246.878,19.000,13.000
246.415,249.951,19.000,13.000
247.105,251.268,19.000,13.000
246.791,250.578,19.000,13.000
253.627,251.644,19.000,13.000
252.310,252.460,19.000,13.000
251.244,252.146,19.000,13.000
257.202,251.707,19.000,13.000
256.136,252.522,19.000,13.000
252.686,252.209,19.000,13.000
255.132,252.397,19.000,13.000
254.442,252.334,19.000,13.000
251.369,252.146,19.000,13.000
254.066,251.707,19.000,13.000
253.125,250.766,19.000,13.000
252.059,251.582,19.000,13.000
253.125,252.648,19.000,13.000
251.557,252.710,19.000,13.000
247.356,253.024,19.000,13.000
244.408,251.205,19.000,13.000
238.325,250.515,19.000,13.000
233.370,251.205,19.000,13.000
231.928,254.529,19.000,13.000
227.350,258.355,19.000,13.000
220.388,257.790,19.000,13.000
228.980,253.588,19.000,13.000
232.053,246.627,19.000,13.000
224.590,241.798,19.000,13.000
227.828,232.870,19.420,13.288
226.882,233.455,19.850,13.582
227.283,234.042,19.427,13.292
224.208,240.614,19.857,13.586
205.832,231.148,20.296,13.887
190.089,228.401,20.296,13.887
205.832,213.328,20.296,13.887
209.083,214.315,19.863,13.591
214.132,213.594,19.863,13.591
215.291,215.066,19.439,13.301
215.355,215.772,19.439,13.301
218.469,220.057,19.025,13.017
218.064,218.936,19.446,13.305
211.899,214.314,19.031,13.021
211.072,218.873,18.625,12.744
218.584,201.702,19.037,13.026
212.363,197.240,19.037,13.026
212.929,197.932,19.037,13.026
209.472,199.000,19.037,13.026
213.808,198.057,19.037,13.026
208.718,197.743,19.037,13.026
209.661,198.560,19.037,13.026
214.374,197.995,19.037,13.026
213.934,196.801,19.037,13.026
216.008,197.492,19.037,13.026
216.699,196.926,19.037,13.026
218.270,196.361,19.037,13.026
219.087,195.544,19.037,13.026
218.270,194.978,19.037,13.026
219.087,194.538,19.037,13.026
218.521,194.224,19.037,13.026
220.846,193.282,19.037,13.026
221.412,192.590,19.037,13.026
220.469,192.905,19.037,13.026
220.248,193.952,18.631,12.748
220.506,194.147,18.234,12.476
221.168,193.606,18.234,12.476
220.988,193.305,18.234,12.476
221.289,193.846,18.234,12.476
221.589,193.064,18.234,12.476
222.074,194.067,17.845,12.210
221.426,194.951,17.845,12.210
221.956,195.127,17.845,12.210
221.635,195.882,17.465,11.950
222.211,196.510,17.092,11.695
222.991,197.341,16.728,11.445
222.371,198.261,16.371,11.201
221.885,197.991,16.371,11.201
221.591,199.309,16.022,10.962
221.961,198.833,16.022,10.962
222.014,199.414,16.022,10.962
222.278,198.727,16.022,10.962
222.542,199.520,16.022,10.962
221.749,199.044,16.022,10.962
222.014,198.463,16.022,10.962
222.172,198.198,16.022,10.962
222.542,197.616,16.022,10.962
221.542,196.892,16.376,11.205
221.921,196.513,16.376,11.205
221.110,195.594,16.376,11.205
221.380,195.000,16.376,11.205
221.867,194.621,16.376,11.205
221.272,193.919,16.376,11.205
221.758,194.405,16.376,11.205
222.137,193.919,16.376,11.205
221.218,194.837,16.376,11.205
221.488,194.459,16.376,11.205
222.236,195.464,16.027,10.966
222.712,195.517,16.027,10.966
221.918,196.099,16.027,10.966
221.548,196.575,16.027,10.966
220.860,197.051,16.027,10.966
221.548,196.787,16.027,10.966
221.813,197.792,16.027,10.966
222.395,197.951,16.027,10.966
223.294,200.331,16.027,10.966
214.170,194.996,16.382,11.209
220.280,194.617,16.382,11.209
235.078,206.218,16.744,11.457
219.697,205.805,17.115,11.710
220.035,210.423,17.493,11.969
219.862,205.977,17.493,11.969
228.119,206.265,17.493,11.969
225.983,205.053,17.493,11.969
226.502,204.071,17.493,11.969
230.949,203.551,17.493,11.969
231.584,203.840,17.493,11.969
231.180,203.667,17.493,11.969
233.778,202.801,17.493,11.969
234.182,202.512,17.493,11.969
236.434,201.877,17.493,11.969
236.261,201.935,17.493,11.969
235.741,202.339,17.493,11.969
236.492,201.588,17.493,11.969
236.203,201.530,17.493,11.969
237.647,202.512,17.493,11.969
237.011,202.916,17.493,11.969
237.878,203.667,17.493,11.969
237.473,204.071,17.493,11.969
239.137,199.326,17.880,12.234
239.490,193.129,18.276,12.505
225.832,185.292,18.680,12.781
242.295,181.901,18.680,12.781
255.182,182.209,18.680,12.781
271.645,182.394,18.680,12.781
271.830,182.702,18.680,12.781
288.170,181.654,18.680,12.781
292.671,181.222,18.680,12.781
295.692,181.531,18.680,12.781
296.617,181.716,18.680,12.781
297.419,181.531,18.680,12.781
298.555,186.315,19.094,13.064
306.256,177.605,19.516,13.353
323.456,172.258,19.516,13.353
324.551,179.280,19.516,13.353
324.873,186.044,19.516,13.353
323.778,183.403,19.516,13.353
322.940,183.854,19.516,13.353
321.974,183.145,19.516,13.353
322.683,183.854,19.516,13.353
324.293,183.403,19.516,13.353
323.842,184.369,19.516,13.353
323.134,185.077,19.516,13.353
322.554,184.498,19.516,13.353
323.262,185.593,19.516,13.353
323.971,186.430,19.516,13.353
324.422,187.010,19.516,13.353
324.873,187.461,19.516,13.353
324.035,188.170,19.516,13.353
323.198,188.105,19.516,13.353
324.422,188.685,19.516,13.353
327.214,187.535,19.948,13.649
328.728,194.712,19.948,13.649
328.267,207.551,19.948,13.649
330.164,216.622,20.389,13.951
345.980,219.516,20.389,13.951
358.027,218.103,20.389,13.951
357.421,217.093,20.389,13.951
375.390,227.121,20.389,13.951
379.899,226.381,20.389,13.951
380.774,226.987,20.389,13.951
381.918,226.381,20.389,13.951
383.197,225.371,20.389,13.951
384.341,224.766,20.389,13.951
385.620,225.237,20.389,13.951
386.360,224.496,20.389,13.951
386.293,223.756,20.389,13.951
386.764,224.362,20.389,13.951
387.100,223.622,20.389,13.951
387.571,224.093,20.389,13.951
387.100,223.218,20.389,13.951
387.033,223.958,20.389,13.951
386.562,224.564,20.389,13.951
387.302,225.035,20.389,13.951
387.504,224.429,20.389,13.951
388.110,225.439,20.389,13.951
387.639,226.314,20.389,13.951
388.244,226.785,20.389,13.951
387.235,227.390,20.389,13.951
386.764,226.785,20.389,13.951
388.042,227.929,20.389,13.951
387.437,228.804,20.389,13.951
388.177,228.467,20.389,13.951
387.033,227.727,20.389,13.951
386.158,228.333,20.389,13.951
386.898,227.458,20.389,13.951
386.427,227.929,20.389,13.951
387.302,228.131,20.389,13.951
387.369,226.987,20.389,13.951
386.629,226.650,20.389,13.951
386.831,225.775,20.389,13.951
386.225,225.169,20.389,13.951
386.427,224.294,20.389,13.951
387.302,223.689,20.389,13.951
390.498,204.891,20.840,14.259
389.482,207.517,21.301,14.575
380.131,213.353,21.301,14.575
384.842,214.548,21.301,14.575
383.787,206.322,21.301,14.575
374.155,216.095,21.301,14.575
383.506,217.009,21.301,14.575
384.279,216.798,21.301,14.575
384.209,217.572,21.301,14.575
388.920,218.204,21.301,14.575
390.396,219.540,21.301,14.575
391.451,219.048,21.301,14.575
393.912,219.962,21.301,14.575
394.685,220.032,21.301,14.575
394.475,220.665,21.301,14.575
395.529,220.032,21.301,14.575
396.162,221.087,21.301,14.575
393.373,223.917,21.773,14.897
410.654,203.844,22.254,15.227
413.813,211.116,22.254,15.227
405.766,226.076,21.780,14.902
401.871,224.942,22.262,15.232
421.980,221.190,22.754,15.569
442.534,220.628,23.258,15.913
453.511,219.016,23.258,15.913
452.513,218.018,23.258,15.913
451.362,217.327,23.258,15.913
455.124,218.172,23.258,15.913
456.122,217.174,23.258,15.913
457.273,217.250,23.258,15.913
458.732,216.867,23.258,15.913
459.883,216.022,23.258,15.913
461.389,216.858,22.762,15.574
462.139,216.082,22.276,15.242
462.800,217.038,22.276,15.242
463.462,216.965,22.276,15.242
462.359,217.479,22.276,15.242
462.874,216.965,22.276,15.242
462.065,218.068,22.276,15.242
463.021,219.024,22.276,15.242
463.095,219.685,22.276,15.242
463.462,219.171,22.276,15.242
463.095,220.274,22.276,15.242
462.139,221.082,22.276,15.242
463.095,221.450,22.276,15.242
463.609,220.641,22.276,15.242
463.492,221.442,21.801,14.917
463.133,221.657,21.801,14.917
462.197,220.578,21.801,14.917
462.557,220.218,21.801,14.917
463.205,220.722,21.801,14.917
462.845,219.786,21.801,14.917
463.492,219.139,21.801,14.917
463.708,218.779,21.801,14.917
468.469,223.616,22.284,15.247
453.832,235.017,22.284,15.247
459.529,232.840,21.808,14.922
456.433,234.352,21.808,14.922
460.204,223.063,21.343,14.603
467.789,203.386,21.816,14.926
483.415,190.352,21.816,14.926
488.240,189.848,21.816,14.926
491.480,189.632,21.816,14.926
492.560,190.424,21.816,14.926
494.072,191.360,21.816,14.926
495.152,191.000,21.816,14.926
495.944,191.648,21.816,14.926
497.123,192.155,22.298,15.257
496.460,192.818,22.298,15.257
497.664,193.336,22.792,15.594
496.837,192.659,22.792,15.594
498.116,193.487,22.792,15.594
498.642,193.412,22.792,15.594
497.664,193.788,22.792,15.594
498.341,194.465,22.792,15.594
498.868,194.089,22.792,15.594
498.492,194.615,22.792,15.594
499.018,193.788,22.792,15.594
498.040,193.261,22.792,15.594
497.815,192.584,22.792,15.594
498.492,192.509,22.792,15.594
498.417,191.832,22.792,15.594
498.341,191.456,22.792,15.594
497.514,190.478,22.792,15.594
497.589,189.951,22.792,15.594
498.718,190.628,22.792,15.594
497.740,189.951,22.792,15.594
498.502,189.232,23.296,15.939
497.810,190.078,23.296,15.939
498.348,189.540,23.296,15.939
497.964,189.001,23.296,15.939
497.733,189.847,23.296,15.939
499.040,190.232,23.296,15.939
498.195,190.770,23.296,15.939
497.964,190.539,23.296,15.939
497.272,191.385,23.296,15.939
498.271,192.385,23.296,15.939
497.887,192.923,23.296,15.939
498.579,193.000,23.296,15.939
498.348,193.538,23.296,15.939
499.926,194.239,23.811,16.292
499.952,178.883,23.304,15.945
500.093,178.308,23.819,16.297
478.051,163.527,24.346,16.658
483.274,165.214,24.346,16.658
460.744,187.291,24.885,17.026
460.930,170.609,24.354,16.663
438.392,189.190,24.893,17.032
448.334,188.780,24.893,17.032
451.213,188.407,24.362,16.669
447.595,188.005,24.362,16.669
451.052,188.568,24.362,16.669
453.706,187.683,24.362,16.669
454.269,187.120,24.362,16.669
456.279,187.040,24.362,16.669
457.646,186.638,24.362,16.669
458.370,185.914,24.362,16.669
457.807,186.799,24.362,16.669
458.692,186.236,24.362,16.669
459.737,185.673,24.362,16.669
459.174,187.040,24.362,16.669
460.287,186.830,23.843,16.313
460.995,187.224,23.843,16.313
460.287,188.404,23.843,16.313
453.899,186.835,24.370,16.674
462.226,177.888,24.909,17.043
479.903,155.935,24.909,17.043
483.978,132.971,25.460,17.420
471.960,122.634,25.460,17.420
470.531,121.205,25.460,17.420
474.313,122.802,25.460,17.420
475.574,122.382,25.460,17.420
481.204,123.475,25.460,17.420
483.978,123.054,25.460,17.420
485.238,122.466,25.460,17.420
486.499,123.390,25.460,17.420
487.423,122.634,25.460,17.420
488.348,122.214,25.460,17.420
488.264,121.289,25.460,17.420
489.188,120.701,25.460,17.420
488.600,120.953,25.460,17.420
488.852,120.029,25.460,17.420
488.264,119.441,25.460,17.420
487.721,118.812,26.024,17.806
488.837,118.554,26.024,17.806
488.579,119.499,26.024,17.806
488.150,119.757,26.024,17.806
488.064,119.499,26.024,17.806
487.291,121.131,26.024,17.806
485.831,122.420,26.024,17.806
484.370,124.224,26.024,17.806
482.567,125.856,26.024,17.806
479.388,127.144,26.024,17.806
478.443,128.604,26.024,17.806
476.640,129.893,26.024,17.806
473.233,131.211,26.599,18.200
471.564,132.879,26.599,18.200
470.072,134.020,26.599,18.200
468.047,133.181,27.188,18.602
466.342,134.887,27.188,18.602
441.181,122.298,27.790,19.014
424.946,105.512,27.790,19.014
426.138,115.510,27.790,19.014
426.878,122.627,28.404,19.435
404.845,133.784,28.404,19.435
403.814,130.315,28.404,19.435
402.782,135.097,28.404,19.435
395.563,130.878,28.404,19.435
402.282,132.079,27.799,19.020
404.082,131.309,27.206,18.615
400.996,132.460,26.626,18.218
403.567,132.230,26.058,17.829
407.244,131.840,25.502,17.449
408.170,130.914,25.502,17.449
410.308,132.155,24.958,17.077
411.709,131.414,24.958,17.077
412.054,133.104,24.426,16.713
412.703,132.894,23.905,16.356
413.643,134.361,23.395,16.007
414.860,134.309,22.896,15.666
415.322,134.986,22.408,15.332
414.920,135.933,21.930,15.005
415.084,135.186,21.463,14.685
415.381,136.094,21.005,14.372
416.340,137.383,20.557,14.065
416.272,136.637,20.557,14.065
416.204,137.248,20.557,14.065
416.272,136.230,20.557,14.065
416.747,135.348,20.557,14.065
416.247,136.479,20.119,13.765
416.844,135.350,20.119,13.765
416.995,136.073,19.690,13.472
416.516,135.277,19.270,13.185
416.047,135.111,18.859,12.903
416.668,133.868,18.457,12.628
427.525,140.744,18.865,12.908
410.067,151.520,19.282,13.193
407.330,149.292,19.282,13.193
420.505,150.374,19.282,13.193
437.371,149.929,19.282,13.193
443.800,149.738,19.282,13.193
446.664,149.292,19.282,13.193
448.891,148.974,19.282,13.193
452.010,149.165,19.282,13.193
453.728,149.356,19.282,13.193
454.683,150.310,19.282,13.193
455.383,149.992,19.282,13.193
456.974,150.947,19.282,13.193
458.820,150.883,19.282,13.193
458.502,152.092,19.282,13.193
457.038,153.302,19.282,13.193
455.192,154.511,19.282,13.193
454.238,155.975,19.282,13.193
453.665,157.184,19.282,13.193
452.583,158.394,19.282,13.193
452.265,159.985,19.282,13.193
451.692,160.303,19.282,13.193
449.591,160.748,19.282,13.193
448.255,160.048,19.282,13.193
448.573,160.367,19.282,13.193
448.128,160.685,19.282,13.193
448.446,159.730,19.282,13.193
447.491,159.030,19.282,13.193
447.937,159.221,19.282,13.193
452.328,161.703,19.282,13.193
447.559,161.227,19.709,13.485
438.906,160.642,19.709,13.485
438.216,168.254,20.145,13.783
441.097,170.654,20.591,14.088
449.049,182.820,20.591,14.088
443.251,192.889,21.046,14.400
448.461,193.236,21.046,14.400
445.474,182.607,21.046,14.400
444.988,182.260,21.046,14.400
442.834,182.607,21.046,14.400
446.377,183.372,21.046,14.400
447.975,183.163,21.046,14.400
449.017,183.233,21.046,14.400
450.476,183.580,21.046,14.400
451.935,184.483,21.046,14.400
451.448,184.969,21.046,14.400
452.074,184.483,21.046,14.400
447.156,185.549,21.512,14.719
453.049,189.738,21.512,14.719
465.049,191.087,21.512,14.719
461.570,185.194,21.512,14.719
456.387,183.561,21.512,14.719
457.168,190.022,21.512,14.719
449.428,191.230,21.512,14.719
448.789,190.022,21.512,14.719
456.387,190.235,21.512,14.719
462.138,189.170,21.512,14.719
460.647,188.531,21.512,14.719
455.606,189.170,21.512,14.719
451.842,188.531,21.512,14.719
450.647,189.031,21.988,15.044
454.058,187.798,21.988,15.044
457.904,188.451,21.988,15.044
457.251,187.653,21.988,15.044
455.582,188.306,21.988,15.044
452.751,187.798,21.988,15.044
453.550,188.596,21.988,15.044
454.638,188.233,21.988,15.044
455.292,188.161,21.988,15.044
455.945,188.669,21.988,15.044
455.001,189.467,21.988,15.044
453.913,189.394,21.988,15.044
454.566,189.757,21.988,15.044
455.219,190.410,21.988,15.044
455.582,190.483,21.988,15.044
454.638,190.701,21.988,15.044
453.985,190.918,21.988,15.044
454.929,191.427,21.988,15.044
455.437,190.773,21.988,15.044
455.654,191.136,21.988,15.044
454.711,190.338,21.988,15.044
454.203,190.410,21.988,15.044
454.566,190.048,21.988,15.044
453.622,189.394,21.988,15.044
454.057,189.906,22.474,15.377
454.873,188.793,22.474,15.377
454.205,189.312,22.474,15.377
454.873,188.496,22.474,15.377
454.040,188.160,21.995,15.049
454.548,187.797,21.995,15.049
454.330,188.450,21.995,15.049
455.129,187.651,21.995,15.049
454.040,187.869,21.995,15.049
454.548,188.087,21.995,15.049
453.604,187.288,21.995,15.049
454.548,206.528,21.995,15.049
461.590,216.910,21.995,15.049
460.792,213.207,21.995,15.049
460.574,208.923,21.995,15.049
461.373,217.273,21.995,15.049
462.316,216.474,21.995,15.049
462.970,217.127,21.995,15.049
463.555,217.639,22.482,15.382
462.590,218.158,22.482,15.382
463.258,217.936,22.482,15.382
463.184,218.010,22.482,15.382
462.813,217.936,22.482,15.382
463.184,218.010,22.482,15.382
462.961,218.084,22.482,15.382
462.739,218.158,22.482,15.382
463.765,218.966,22.002,15.054
463.090,218.216,21.533,14.733
462.592,217.861,21.533,14.733
463.374,218.074,21.533,14.733
463.019,217.719,21.533,14.733
462.379,217.364,21.533,14.733
463.303,216.724,21.533,14.733
462.806,216.937,21.533,14.733
462.450,216.297,21.533,14.733
462.138,216.356,22.010,15.059
461.883,217.006,21.540,14.738
460.538,220.015,22.017,15.064
456.901,231.083,22.504,15.397
454.153,237.248,22.504,15.397
443.828,229.449,22.504,15.397
453.856,228.929,22.504,15.397
441.005,228.112,22.504,15.397
428.006,228.780,22.504,15.397
424.515,230.192,22.504,15.397
430.411,230.857,22.024,15.069
435.427,231.220,22.024,15.069
435.032,230.891,21.554,14.748
429.553,230.393,21.554,14.748
426.972,230.344,21.095,14.433
428.203,230.028,20.645,14.125
431.773,229.982,20.205,13.824
432.373,230.449,20.205,13.824
430.573,231.049,20.205,13.824
427.838,230.582,20.205,13.824
428.504,231.179,19.774,13.529
429.910,230.506,19.352,13.241
434.268,229.498,19.780,13.534
452.000,226.029,20.218,13.833
448.938,233.561,20.665,14.139
451.598,237.176,20.665,14.139
464.899,246.248,20.665,14.139
467.969,253.274,20.665,14.139
467.218,246.658,20.665,14.139
473.153,245.362,20.665,14.139
472.675,246.112,20.665,14.139
470.288,246.453,20.665,14.139
473.810,245.518,21.122,14.452
475.414,246.146,21.122,14.452
476.599,246.076,21.122,14.452
477.087,246.703,21.122,14.452
477.993,247.610,21.122,14.452
478.760,248.098,21.122,14.452
479.388,247.610,21.122,14.452
480.015,248.516,21.122,14.452
479.527,248.028,21.122,14.452
479.039,247.958,21.122,14.452
479.601,248.739,21.590,14.772
480.862,249.240,21.129,14.457
479.955,248.612,21.129,14.457
479.885,249.100,21.129,14.457
480.373,248.194,21.129,14.457
480.164,248.542,21.129,14.457
480.234,248.333,21.129,14.457
480.304,248.124,21.129,14.457
479.676,247.217,21.129,14.457
479.606,246.590,21.129,14.457
479.258,246.938,21.129,14.457
480.164,245.892,21.129,14.457
479.955,245.404,21.129,14.457
479.746,245.892,21.129,14.457
479.536,244.985,21.129,14.457
479.048,245.055,21.129,14.457
479.815,245.264,21.129,14.457
479.467,245.474,21.129,14.457
478.979,245.543,21.129,14.457
479.746,246.032,21.129,14.457
479.537,245.683,21.129,14.457
479.746,246.450,21.129,14.457
479.537,246.799,21.129,14.457
479.746,246.590,21.129,14.457
479.815,247.636,21.129,14.457
480.304,248.403,21.129,14.457
480.792,248.054,21.129,14.457
480.583,248.542,21.129,14.457
480.094,249.031,21.129,14.457
480.722,248.403,21.129,14.457
480.234,249.031,21.129,14.457
480.722,248.403,21.129,14.457
479.955,249.031,21.129,14.457
480.025,247.984,21.129,14.457
479.676,248.194,21.129,14.457
479.467,247.705,21.129,14.457
479.536,248.473,21.129,14.457
480.025,247.566,21.129,14.457
480.094,247.078,21.129,14.457
479.327,246.590,21.129,14.457
479.676,247.217,21.129,14.457
479.885,246.171,21.129,14.457
479.676,245.822,21.129,14.457
479.746,245.195,21.129,14.457
479.955,245.822,21.129,14.457
480.164,245.195,21.129,14.457
480.373,245.822,21.129,14.457
480.443,245.474,21.129,14.457
479.536,246.520,21.129,14.457
479.188,246.868,21.129,14.457
480.513,246.520,21.129,14.457
479.467,247.426,21.129,14.457
479.955,247.636,21.129,14.457
479.606,248.403,21.129,14.457
479.397,247.775,21.129,14.457
480.025,247.984,21.129,14.457
479.676,248.194,21.129,14.457
479.188,248.263,21.129,14.457
479.815,248.333,21.129,14.457
479.188,248.403,21.129,14.457
479.676,248.473,21.129,14.457
479.048,247.845,21.129,14.457
479.536,247.217,21.129,14.457
478.909,247.705,21.129,14.457
497.995,266.865,21.597,14.777
494.575,246.955,22.075,15.104
506.598,234.204,22.075,15.104
486.170,251.045,22.563,15.438
499.287,247.243,23.062,15.779
515.697,261.048,23.572,16.129
514.063,252.722,23.572,16.129
517.408,252.489,23.572,16.129
516.241,259.414,23.572,16.129
515.068,260.860,23.070,15.785
514.230,260.327,23.070,15.785
517.779,261.156,22.578,15.448
518.666,261.967,22.096,15.119
519.322,261.457,22.096,15.119
520.854,261.822,22.096,15.119
521.802,262.624,22.096,15.119
522.952,262.574,21.625,14.796
522.563,262.113,21.164,14.481
520.297,261.392,20.713,14.172
522.825,262.531,20.271,13.870
523.879,263.002,19.839,13.574
526.174,264.598,19.416,13.284
526.557,264.917,19.845,13.578
527.221,264.698,20.284,13.879
527.958,264.364,20.284,13.879
527.623,265.234,20.284,13.879
527.020,264.765,20.284,13.879
527.282,264.681,20.733,14.186
526.940,263.928,20.733,14.186
527.145,263.449,20.733,14.186
526.393,262.697,20.733,14.186
525.666,262.185,21.192,14.500
526.230,262.532,21.661,14.820
525.158,262.032,21.661,14.820
525.320,261.432,21.199,14.504
525.478,261.249,20.747,14.195
525.369,260.939,20.304,13.892
524.617,260.635,19.871,13.596
524.133,261.222,19.447,13.306
524.155,261.797,19.033,13.022
524.595,262.865,19.033,13.022
524.155,261.923,19.033,13.022
523.841,261.734,19.033,13.022
523.401,261.923,19.033,13.022
524.391,262.970,18.627,12.745
524.649,263.520,18.230,12.473
525.552,264.303,18.230,12.473
526.214,265.566,18.230,12.473
525.950,266.490,18.633,12.749
526.063,267.050,19.045,13.031
526.251,266.359,19.045,13.031
525.560,265.416,19.045,13.031
525.023,265.989,19.467,13.319
525.858,265.283,19.467,13.319
525.043,264.669,19.897,13.614
524.755,264.450,20.338,13.915
525.359,264.383,20.338,13.915
524.889,264.316,20.338,13.915
525.291,263.674,20.787,14.223
524.948,263.605,20.787,14.223
525.643,264.231,21.247,14.538
526.134,263.460,21.247,14.538
525.503,262.688,21.247,14.538
525.932,263.857,20.794,14.228
526.413,263.239,20.794,14.228
525.932,263.445,20.794,14.228
526.550,262.690,20.794,14.228
525.932,262.347,20.794,14.228
526.413,263.377,20.794,14.228
525.658,262.759,20.794,14.228
525.177,262.416,20.794,14.228
524.834,262.347,20.794,14.228
524.818,262.403,21.254,14.542
525.870,262.333,21.254,14.542
525.623,263.503,20.801,14.232
526.378,263.434,20.801,14.232
526.996,264.189,20.801,14.232
527.752,264.944,20.801,14.232
527.820,264.738,20.801,14.232
527.477,264.532,20.801,14.232
526.891,264.161,21.261,14.547
526.119,264.091,21.261,14.547
525.768,263.740,21.261,14.547
526.259,264.091,21.261,14.547
525.627,263.881,21.261,14.547
525.136,263.389,21.261,14.547
525.768,263.179,21.261,14.547
525.417,262.688,21.261,14.547
525.066,262.196,21.261,14.547
524.996,262.968,21.261,14.547
524.645,263.600,21.261,14.547
525.417,262.828,21.261,14.547
525.487,262.337,21.261,14.547
525.417,261.845,21.261,14.547
525.206,261.354,21.261,14.547
525.417,261.986,21.261,14.547
525.066,262.617,21.261,14.547
524.855,262.126,21.261,14.547
524.879,263.025,20.808,14.237
525.223,263.644,20.808,14.237
524.742,263.025,20.808,14.237
525.085,263.644,20.808,14.237
524.499,262.987,21.268,14.552
524.007,262.777,21.268,14.552
523.408,263.708,21.739,14.874
523.767,264.354,21.739,14.874
523.264,264.713,21.739,14.874
523.767,264.497,21.739,14.874
524.412,265.143,21.739,14.874
525.345,264.928,21.739,14.874
525.417,264.426,21.739,14.874
525.345,264.497,21.739,14.874
524.699,263.995,21.739,14.874
524.341,263.349,21.739,14.874
523.838,262.704,21.739,14.874
523.193,261.627,21.739,14.874
522.547,261.412,21.739,14.874
523.336,261.627,21.739,14.874
521.973,260.694,21.739,14.874
520.609,259.905,21.739,14.874
519.401,260.411,22.220,15.203
518.594,259.750,22.220,15.203
519.108,260.264,22.220,15.203
518.301,260.777,22.220,15.203
518.521,260.117,22.220,15.203
518.741,260.924,22.220,15.203
519.255,260.851,22.220,15.203
518.301,261.511,22.220,15.203
518.815,261.437,22.220,15.203
518.797,261.954,22.711,15.539
518.624,262.171,23.214,15.883
519.007,262.094,23.214,15.883
519.390,262.784,23.214,15.883
520.007,262.529,23.728,16.235
520.086,262.137,23.728,16.235
519.381,262.529,23.728,16.235
519.687,262.268,24.253,16.594
520.728,262.028,24.253,16.594
520.138,261.665,23.735,16.240
520.686,262.056,23.735,16.240
521.468,262.154,23.229,15.894
520.459,262.102,22.734,15.555
520.753,262.630,23.237,15.899
521.222,262.282,22.741,15.560
520.669,262.665,22.256,15.228
521.477,261.857,22.256,15.228
522.210,262.515,21.782,14.903
521.707,262.156,21.782,14.903
522.210,261.365,21.782,14.903
521.957,261.039,21.317,14.585
521.574,260.720,20.863,14.274
522.526,261.602,20.418,13.970
523.537,262.613,20.418,13.970
524.548,263.085,20.418,13.970
525.610,264.208,19.982,13.672
525.868,263.578,20.424,13.975
525.397,263.915,20.424,13.975
524.900,263.089,19.989,13.677
525.361,264.343,19.989,13.677
525.619,264.807,20.431,13.979
525.957,265.819,20.431,13.979
525.350,265.347,20.431,13.979
525.147,265.954,20.431,13.979
525.485,266.156,20.431,13.979
525.957,265.145,20.431,13.979
525.485,264.807,20.431,13.979
525.608,265.003,20.883,14.288
524.850,264.658,20.883,14.288
524.262,264.285,21.345,14.605
523.806,263.612,21.817,14.928
520.565,262.676,21.817,14.928
519.652,261.988,22.300,15.258
518.695,261.472,22.300,15.258
518.524,261.380,22.793,15.596
519.653,260.402,22.793,15.596
519.947,260.151,23.298,15.941
520.486,259.613,23.298,15.941
522.100,259.844,23.298,15.941
523.254,260.382,23.298,15.941
524.561,261.228,23.298,15.941
525.329,261.176,22.801,15.601
525.103,261.552,22.801,15.601
524.460,261.301,23.305,15.946
524.075,261.224,23.305,15.946
523.953,261.913,22.808,15.606
525.083,262.440,22.808,15.606
524.254,262.666,22.808,15.606
523.924,262.884,23.313,15.951
524.704,262.468,23.829,16.304
524.311,262.075,23.829,16.304
523.966,261.650,24.356,16.665
523.403,262.373,24.356,16.665
523.162,262.775,24.356,16.665
523.476,262.007,24.895,17.033
523.345,262.743,24.364,16.670
522.943,262.663,24.364,16.670
523.667,262.261,24.364,16.670
523.104,262.180,24.364,16.670
522.751,262.079,24.903,17.039
523.730,262.023,24.372,16.676
523.488,261.782,24.372,16.676
522.764,261.380,24.372,16.676
522.326,261.015,23.852,16.320
523.192,260.778,23.852,16.320
522.916,261.939,23.344,15.972
522.839,261.245,23.344,15.972
523.532,260.552,23.344,15.972
524.301,260.648,22.846,15.631
524.527,261.327,22.846,15.631
525.357,261.553,22.846,15.631
533.475,253.165,23.351,15.977
536.016,252.269,23.868,16.331
536.802,252.519,23.359,15.982
537.274,252.169,22.861,15.642
537.953,262.205,22.861,15.642
532.611,260.701,23.367,15.988
539.179,258.121,22.868,15.647
556.230,245.410,22.381,15.313
554.974,236.767,22.381,15.313
554.457,231.965,22.381,15.313
555.269,228.789,22.381,15.313
554.752,236.841,22.381,15.313
555.417,236.324,22.381,15.313
555.195,235.954,22.381,15.313
554.235,236.471,22.381,15.313
554.604,235.659,22.381,15.313
554.974,236.176,22.381,15.313
554.309,236.250,22.381,15.313
554.826,235.880,22.381,15.313
554.161,235.216,22.381,15.313
554.678,235.289,22.381,15.313
557.266,255.584,22.876,15.652
536.097,234.494,23.382,15.998
525.060,255.101,23.382,15.998
524.789,262.785,22.883,15.657
524.713,260.896,22.883,15.657
526.195,254.875,22.395,15.323
525.678,255.245,22.395,15.323
526.343,256.501,22.395,15.323
525.825,255.688,22.395,15.323
525.604,256.206,22.395,15.323
526.565,257.167,22.395,15.323
526.195,257.684,22.395,15.323
525.973,257.315,22.395,15.323
525.751,257.832,22.395,15.323
526.565,257.906,22.395,15.323
526.195,258.128,22.395,15.323
525.678,258.497,22.395,15.323
526.491,257.980,22.395,15.323
526.269,258.497,22.395,15.323
525.751,257.832,22.395,15.323
526.565,258.349,22.395,15.323
526.195,257.684,22.395,15.323
525.973,258.202,22.395,15.323
525.751,258.423,22.395,15.323
526.565,257.462,22.395,15.323
526.047,256.945,22.395,15.323
525.382,257.315,22.395,15.323
526.195,256.649,22.395,15.323
525.382,255.688,22.395,15.323
526.047,256.206,22.395,15.323
525.382,256.427,22.395,15.323
526.047,255.614,22.395,15.323
525.234,255.245,22.395,15.323
525.899,255.910,22.395,15.323
525.086,255.836,22.395,15.323
525.751,256.354,22.395,15.323
526.269,255.540,22.395,15.323
525.604,256.058,22.395,15.323
525.530,256.871,22.395,15.323
525.899,257.241,22.395,15.323
525.382,258.054,22.395,15.323
526.047,258.128,22.395,15.323
525.530,258.645,22.395,15.323
526.195,258.128,22.395,15.323
525.678,258.645,22.395,15.323
526.491,258.571,22.395,15.323
526.121,258.349,22.395,15.323
525.751,258.276,22.395,15.323
526.564,259.089,22.395,15.323
526.195,258.423,22.395,15.323
525.382,257.462,22.395,15.323
525.751,257.536,22.395,15.323
525.530,257.019,22.395,15.323
525.456,257.684,22.395,15.323
525.908,257.349,21.918,14.996
525.402,256.698,21.918,14.996
525.705,256.230,21.450,14.677
526.484,255.876,21.450,14.677
525.988,256.372,21.450,14.677
525.351,255.876,21.450,14.677
526.130,256.938,21.450,14.677
526.059,257.150,21.450,14.677
525.564,257.080,21.450,14.677
526.342,257.292,21.450,14.677
526.696,256.796,21.450,14.677
527.050,257.150,21.450,14.677
526.272,258.071,21.450,14.677
526.909,258.425,21.450,14.677
526.130,257.504,21.450,14.677
526.700,258.275,20.993,14.364
525.938,258.067,20.993,14.364
527.163,259.089,20.545,14.057
526.689,258.614,20.545,14.057
527.299,259.496,20.545,14.057
526.689,259.021,20.545,14.057
527.028,258.682,20.545,14.057
526.417,259.563,20.545,14.057
527.028,259.224,20.545,14.057
526.689,258.750,20.545,14.057
527.435,259.224,20.545,14.057
526.960,258.614,20.545,14.057
526.757,259.089,20.545,14.057
526.282,258.071,20.545,14.057
527.163,257.190,20.545,14.057
526.689,257.800,20.545,14.057
527.570,257.868,20.545,14.057
527.231,257.800,20.545,14.057
526.485,257.325,20.545,14.057
526.824,257.122,20.545,14.057
525.807,256.512,20.545,14.057
526.146,257.258,20.545,14.057
526.756,257.461,20.545,14.057
526.146,257.393,20.545,14.057
526.756,257.868,20.545,14.057
526.282,258.750,20.545,14.057
526.621,258.004,20.545,14.057
527.367,258.207,20.545,14.057
526.485,257.732,20.545,14.057
526.824,258.750,20.545,14.057
526.214,259.089,20.545,14.057
526.960,258.614,20.545,14.057
526.078,258.817,20.545,14.057
525.875,259.021,20.545,14.057
525.536,258.004,20.545,14.057
526.417,258.207,20.545,14.057
525.943,258.139,20.545,14.057
525.875,258.343,20.545,14.057
525.671,258.410,20.545,14.057
526.553,257.800,20.545,14.057
527.028,258.546,20.545,14.057
526.282,257.665,20.545,14.057
526.485,258.139,20.545,14.057
526.282,257.258,20.545,14.057
525.943,256.919,20.545,14.057
525.604,257.393,20.545,14.057
526.078,256.512,20.545,14.057
525.604,256.037,20.545,14.057
526.214,255.562,20.545,14.057
525.739,256.444,20.545,14.057
525.265,256.240,20.545,14.057
526.011,255.901,20.545,14.057
526.214,257.054,20.545,14.057
526.011,256.173,20.545,14.057
526.214,256.783,20.545,14.057
526.824,257.936,20.545,14.057
526.078,258.410,20.545,14.057
526.146,258.071,20.545,14.057
526.756,258.817,20.545,14.057
526.146,259.563,20.545,14.057
526.485,259.089,20.545,14.057
527.096,259.021,20.545,14.057
526.214,258.682,20.545,14.057
526.689,259.563,20.545,14.057
527.163,259.360,20.545,14.057
526.689,258.614,20.545,14.057
527.570,259.360,20.545,14.057
526.960,258.343,20.545,14.057
525.943,257.597,20.545,14.057
525.739,257.665,20.545,14.057
526.078,257.868,20.545,14.057
526.282,257.529,20.545,14.057
526.485,256.783,20.545,14.057
526.824,257.393,20.545,14.057
525.943,256.512,20.545,14.057
526.417,256.851,20.545,14.057
526.892,257.190,20.545,14.057
526.146,256.173,20.545,14.057
526.485,256.376,20.545,14.057
526.824,256.579,20.545,14.057
526.078,257.054,20.545,14.057
526.417,256.308,20.545,14.057
526.214,257.597,20.545,14.057
535.911,248.577,20.545,14.057
530.825,235.082,20.545,14.057
549.384,230.213,21.000,14.368
552.819,225.379,21.464,14.686
553.243,221.762,21.939,15.011
553.605,229.655,21.939,15.011
552.953,230.742,21.939,15.011
553.750,230.235,21.939,15.011
553.388,230.742,21.939,15.011
554.329,230.814,21.939,15.011
553.935,230.904,21.471,14.691
554.006,230.692,21.471,14.691
553.652,230.479,21.471,14.691
554.431,230.266,21.471,14.691
553.532,229.589,21.947,15.016
553.749,229.227,21.947,15.016
553.677,228.865,21.947,15.016
552.880,228.503,21.947,15.016
553.532,228.140,21.947,15.016
552.735,227.633,21.947,15.016
553.242,228.285,21.947,15.016
553.894,227.778,21.947,15.016
553.532,228.285,21.947,15.016
553.315,227.778,21.947,15.016
551.945,228.138,22.432,15.348
552.388,228.352,22.928,15.688
547.469,236.148,22.928,15.688
547.544,228.352,22.928,15.688
547.369,229.828,23.436,16.035
546.227,235.830,23.954,16.390
546.700,235.239,24.484,16.752
546.010,234.466,25.026,17.123
546.847,235.563,25.580,17.502
545.776,236.157,26.146,17.889
545.862,236.934,26.146,17.889
545.086,235.812,26.146,17.889
544.136,235.381,26.146,17.889
545.086,235.640,26.146,17.889
545.115,236.413,25.588,17.508
546.120,235.867,25.042,17.134
546.615,236.277,25.596,17.513
547.714,236.362,25.596,17.513
546.446,235.939,25.596,17.513
547.376,235.517,25.596,17.513
546.277,235.432,25.596,17.513
546.193,235.855,25.596,17.513
545.939,234.588,25.596,17.513
546.362,235.179,25.596,17.513
546.108,234.588,25.596,17.513
546.024,234.503,25.596,17.513
546.277,234.419,25.596,17.513
546.024,234.334,25.596,17.513
545.939,234.250,25.596,17.513
546.024,233.996,25.596,17.513
522.336,257.207,26.163,17.901
523.286,258.502,26.163,17.901
524.148,257.944,25.605,17.519
523.525,252.184,25.059,17.145
530.225,242.341,25.059,17.145
531.528,242.922,24.524,16.780
531.244,241.775,24.001,16.422
531.729,242.179,23.490,16.072
532.203,243.023,22.989,15.729
531.672,243.554,22.989,15.729
531.405,243.064,22.498,15.394
532.146,244.015,22.019,15.065
532.655,243.216,22.019,15.065
532.399,244.147,21.549,14.744
532.044,243.365,21.549,14.744
532.399,243.862,21.549,14.744
532.972,243.128,21.089,14.430
532.624,242.502,21.089,14.430
531.858,243.128,21.089,14.430
531.928,242.223,21.089,14.430
532.137,242.293,21.089,14.430
532.026,241.709,20.640,14.122
532.503,242.186,20.640,14.122
532.980,241.300,20.640,14.122
532.503,241.777,20.640,14.122
533.314,242.387,20.200,13.821
533.381,242.187,20.200,13.821
533.581,241.854,20.200,13.821
532.580,241.387,20.200,13.821
532.474,242.498,19.769,13.526
532.801,242.172,19.769,13.526
533.257,243.281,19.769,13.526
532.801,242.694,19.769,13.526
532.697,244.033,19.347,13.238
533.144,244.225,19.347,13.238
533.336,244.544,19.347,13.238
532.761,244.097,19.347,13.238
533.336,244.800,19.347,13.238
532.761,244.225,19.347,13.238
533.336,244.800,19.347,13.238
533.272,244.353,19.347,13.238
534.102,245.183,19.347,13.238
533.527,244.736,19.347,13.238
532.952,244.289,19.347,13.238
533.399,244.225,19.347,13.238
532.952,244.289,19.347,13.238
533.527,243.714,19.347,13.238
532.952,243.012,19.347,13.238
533.272,243.203,19.347,13.238
533.463,242.756,19.347,13.238
532.505,242.181,19.347,13.238
532.442,242.884,19.347,13.238
532.633,242.437,19.347,13.238
532.952,241.990,19.347,13.238
533.399,242.820,19.347,13.238
533.463,242.884,19.347,13.238
533.527,242.820,19.347,13.238
532.952,242.884,19.347,13.238
533.527,243.331,19.347,13.238
533.336,244.033,19.347,13.238
533.144,243.842,19.347,13.238
533.591,243.650,19.347,13.238
533.272,244.225,19.347,13.238
534.102,244.544,19.347,13.238
533.783,243.970,19.347,13.238
533.591,244.672,19.347,13.238
533.016,244.097,19.347,13.238
533.591,244.927,19.347,13.238
533.016,244.480,19.347,13.238
533.463,244.033,19.347,13.238
532.889,244.736,19.347,13.238
533.336,243.906,19.347,13.238
532.633,244.225,19.347,13.238
532.825,244.033,19.347,13.238
533.016,243.459,19.347,13.238
533.336,242.756,19.347,13.238
532.761,243.331,19.347,13.238
533.336,243.522,19.347,13.238
532.889,242.692,19.347,13.238
533.208,242.756,19.347,13.238
533.655,242.565,19.347,13.238
532.952,242.118,19.347,13.238
533.272,242.820,19.347,13.238
533.591,242.501,19.347,13.238
532.888,242.309,19.347,13.238
533.208,243.139,19.347,13.238
533.527,243.459,19.347,13.238
532.825,242.756,19.347,13.238
533.016,243.331,19.347,13.238
533.719,244.161,19.347,13.238
533.144,243.969,19.347,13.238
533.591,244.161,19.347,13.238
533.016,244.608,19.347,13.238
533.591,244.033,19.347,13.238
533.272,244.864,19.347,13.238
533.846,244.544,19.347,13.238
533.399,244.353,19.347,13.238
533.336,245.183,19.347,13.238
533.144,244.991,19.347,13.238
533.719,244.416,19.347,13.238
533.144,243.714,19.347,13.238
533.463,244.161,19.347,13.238
532.761,244.097,19.347,13.238
533.336,243.650,19.347,13.238
532.761,242.948,19.347,13.238
533.208,243.267,19.347,13.238
533.655,242.948,19.347,13.238
532.825,242.245,19.347,13.238
532.505,242.565,19.347,13.238
532.186,241.862,19.347,13.238
533.144,242.181,19.347,13.238
533.463,242.756,19.347,13.238
532.888,242.181,19.347,13.238
527.971,259.232,19.347,13.238
523.053,253.852,19.775,13.530
520.246,254.308,19.775,13.530
526.811,259.423,19.354,13.242
527.818,266.399,18.941,12.960
540.856,269.128,18.537,12.683
549.238,268.700,18.537,12.683
546.664,268.422,18.142,12.413
547.954,268.728,17.755,12.148
550.474,268.435,17.755,12.148
551.353,268.259,17.755,12.148
552.842,269.236,17.376,11.889
553.856,268.754,17.006,11.635
555.282,268.933,16.643,11.387
555.724,268.366,16.288,11.144
557.193,269.469,15.941,10.907
557.312,268.723,15.601,10.674
557.055,267.951,15.601,10.674
558.164,268.114,15.268,10.447
557.890,268.663,14.942,10.224
558.433,267.923,14.942,10.224
557.974,267.699,14.624,10.006
557.897,268.132,14.312,9.792
557.755,261.471,14.312,9.792
557.043,265.263,14.007,9.584
550.463,257.300,13.708,9.379
550.961,257.345,13.708,9.379
550.199,254.378,14.011,9.587
537.943,256.736,14.011,9.587
538.730,257.060,14.011,9.587
539.331,257.846,14.011,9.587
539.192,258.263,14.011,9.587
538.868,257.754,14.011,9.587
539.241,258.272,14.321,9.799
539.194,258.981,14.321,9.799
538.674,258.555,14.321,9.799
538.052,259.434,14.016,9.590
