336.000,349.000,13.000,10.000
336.678,349.678,13.000,10.000
336.361,349.181,13.000,10.000
336.045,349.587,13.000,10.000
335.548,348.819,13.000,10.000
336.045,348.684,13.000,10.000
335.367,348.458,13.000,10.000
335.774,349.226,13.000,10.000
336.181,348.819,13.000,10.000
335.322,348.322,13.000,10.000
335.458,348.910,13.000,10.000
335.322,348.322,13.000,10.000
334.916,348.819,13.000,10.000
335.413,348.232,13.000,10.000
334.645,348.729,13.000,10.000
334.961,348.142,13.000,10.000
335.187,348.729,13.000,10.000
334.148,348.142,13.000,10.000
333.560,348.639,13.000,10.000
333.967,348.051,13.000,10.000
334.374,348.639,13.000,10.000
333.606,348.051,13.000,10.000
334.012,348.639,13.000,10.000
333.334,348.142,13.000,10.000
333.800,348.640,13.288,10.221
334.123,349.056,13.288,10.221
334.262,348.363,13.288,10.221
334.354,348.777,13.582,10.447
333.552,348.541,13.582,10.447
333.977,348.305,13.582,10.447
333.080,348.636,13.582,10.447
333.127,349.155,13.582,10.447
332.797,349.768,13.582,10.447
332.372,349.155,13.582,10.447
332.986,349.863,13.582,10.447
332.372,349.344,13.582,10.447
332.797,348.919,13.582,10.447
332.089,349.816,13.582,10.447
332.325,349.674,13.582,10.447
332.655,350.099,13.582,10.447
332.986,350.618,13.582,10.447
332.089,350.004,13.582,10.447
332.325,350.712,13.582,10.447
332.466,350.288,13.582,10.447
332.419,349.957,13.582,10.447
331.994,350.854,13.582,10.447
331.286,350.618,13.582,10.447
331.806,350.948,13.582,10.447
331.097,351.279,13.582,10.447
331.522,350.665,13.582,10.447
331.758,351.279,13.582,10.447
330.861,350.760,13.582,10.447
331.003,351.468,13.582,10.447
331.239,351.043,13.582,10.447
331.381,351.845,13.582,10.447
331.428,351.515,13.582,10.447
331.003,351.090,13.582,10.447
330.484,351.892,13.582,10.447
331.003,351.468,13.582,10.447
330.295,351.043,13.582,10.447
330.720,351.940,13.582,10.447
329.823,351.704,13.582,10.447
330.153,351.562,13.582,10.447
330.389,351.420,13.582,10.447
330.531,351.373,13.582,10.447
330.201,351.609,13.582,10.447
329.870,352.223,13.582,10.447
329.445,352.836,13.582,10.447
330.059,352.412,13.582,10.447
329.445,351.987,13.582,10.447
329.870,352.884,13.582,10.447
329.068,352.553,13.582,10.447
329.493,352.317,13.582,10.447
329.917,352.081,13.582,10.447
329.021,353.072,13.582,10.447
329.351,353.497,13.582,10.447
329.681,352.884,13.582,10.447
330.012,353.592,13.582,10.447
329.115,353.072,13.582,10.447
329.445,353.875,13.582,10.447
329.681,353.639,13.582,10.447
329.917,353.592,13.582,10.447
329.021,353.922,13.582,10.447
328.879,354.536,13.582,10.447
328.360,354.111,13.582,10.447
328.879,354.913,13.582,10.447
328.454,354.583,13.582,10.447
329.068,354.441,13.582,10.447
329.209,354.960,13.582,10.447
329.351,355.668,13.582,10.447
329.021,355.055,13.582,10.447
328.501,355.763,13.582,10.447
329.021,355.432,13.582,10.447
328.313,355.196,13.582,10.447
328.926,356.282,13.582,10.447
328.313,355.668,13.582,10.447
329.021,356.282,13.582,10.447
328.501,355.763,13.582,10.447
329.021,356.660,13.582,10.447
328.501,357.084,13.582,10.447
329.115,357.698,13.582,10.447
328.596,357.273,13.582,10.447
329.209,358.076,13.582,10.447
328.596,357.840,13.582,10.447
329.115,357.698,13.582,10.447
328.785,358.217,13.582,10.447
328.643,358.925,13.582,10.447
329.540,358.595,13.582,10.447
329.587,358.548,13.582,10.447
329.540,358.878,13.582,10.447
329.681,359.397,13.582,10.447
329.634,358.972,13.582,10.447
329.493,359.775,13.582,10.447
329.729,359.917,13.582,10.447
328.926,360.247,13.582,10.447
329.445,360.672,13.582,10.447
330.059,360.058,13.582,10.447
329.540,360.672,13.582,10.447
330.059,360.341,13.582,10.447
329.540,360.200,13.582,10.447
330.153,361.191,13.582,10.447
330.201,361.710,13.582,10.447
330.531,361.191,13.582,10.447
330.956,361.805,13.582,10.447
330.248,361.285,13.582,10.447
330.767,361.049,13.582,10.447
330.248,362.135,13.582,10.447
330.862,362.654,13.582,10.447
330.626,362.229,13.582,10.447
331.522,363.032,13.582,10.447
331.853,363.079,13.582,10.447
331.145,363.221,13.582,10.447
331.664,363.457,13.582,10.447
332.183,362.843,13.582,10.447
331.570,363.551,13.582,10.447
332.278,363.221,13.582,10.447
332.514,364.117,13.582,10.447
332.938,364.259,13.582,10.447
332.230,364.212,13.582,10.447
332.750,364.542,13.582,10.447
332.230,363.834,13.582,10.447
333.033,364.353,13.582,10.447
333.269,363.834,13.582,10.447
333.694,364.542,13.582,10.447
334.118,364.212,13.582,10.447
333.505,365.109,13.582,10.447
334.118,364.967,13.582,10.447
334.260,364.637,13.582,10.447
334.590,364.117,13.582,10.447
335.204,364.637,13.582,10.447
334.685,363.834,13.582,10.447
335.393,363.409,13.582,10.447
335.723,362.701,13.582,10.447
335.015,362.371,13.582,10.447
335.629,361.474,13.582,10.447
336.242,360.955,13.582,10.447
336.195,360.530,13.582,10.447
336.620,359.633,13.582,10.447
337.045,358.925,13.582,10.447
336.714,358.312,13.582,10.447
336.478,357.037,13.582,10.447
337.564,356.424,13.582,10.447
338.083,355.149,13.582,10.447
337.470,354.724,13.582,10.447
338.083,353.733,13.582,10.447
338.130,352.648,13.582,10.447
338.650,351.656,13.582,10.447
339.074,350.665,13.582,10.447
338.555,349.674,13.582,10.447
339.452,348.683,13.582,10.447
339.688,347.786,13.582,10.447
340.018,347.078,13.582,10.447
339.405,346.276,13.582,10.447
340.018,345.379,13.582,10.447
339.877,343.443,13.582,10.447
339.924,342.547,13.582,10.447
340.349,341.555,13.582,10.447
340.962,340.564,13.582,10.447
340.726,339.762,13.582,10.447
340.585,338.959,13.582,10.447
341.670,337.968,13.582,10.447
342.190,337.166,13.582,10.447
341.954,336.269,13.582,10.447
341.718,335.183,13.582,10.447
341.954,334.098,13.582,10.447
342.378,333.012,13.582,10.447
342.992,331.549,13.582,10.447
342.756,329.991,13.582,10.447
342.520,329.378,13.582,10.447
343.417,327.915,13.582,10.447
343.842,327.395,13.582,10.447
343.323,326.215,13.582,10.447
343.936,325.979,13.582,10.447
343.606,325.177,13.582,10.447
344.503,324.375,13.582,10.447
344.644,322.439,13.582,10.447
345.069,321.731,13.582,10.447
344.455,321.212,13.582,10.447
345.069,320.693,13.582,10.447
344.739,319.796,13.582,10.447
344.597,318.899,13.582,10.447
345.494,318.191,13.582,10.447
345.635,317.672,13.582,10.447
345.966,316.775,13.582,10.447
345.258,316.256,13.582,10.447
345.777,316.209,13.582,10.447
345.069,315.595,13.582,10.447
345.588,314.604,13.582,10.447
346.202,313.896,13.582,10.447
345.777,313.566,13.582,10.447
345.635,312.858,13.582,10.447
346.532,312.622,13.582,10.447
346.485,312.008,13.582,10.447
346.721,311.678,13.582,10.447
345.919,311.064,13.582,10.447
346.249,311.017,13.582,10.447
346.768,310.498,13.582,10.447
346.060,309.790,13.582,10.447
346.485,309.648,13.582,10.447
346.910,309.223,13.582,10.447
346.202,309.648,13.582,10.447
346.721,308.751,13.582,10.447
346.107,308.421,13.582,10.447
346.627,307.901,13.582,10.447
347.240,308.421,13.582,10.447
346.910,307.618,13.582,10.447
346.674,307.288,13.582,10.447
347.382,306.769,13.582,10.447
347.146,307.288,13.582,10.447
347.287,306.485,13.582,10.447
347.523,306.344,13.582,10.447
347.854,306.013,13.582,10.447
347.146,306.721,13.582,10.447
347.476,306.108,13.582,10.447
347.712,306.438,13.582,10.447
346.815,305.636,13.582,10.447
347.146,305.589,13.582,10.447
347.665,305.447,13.582,10.447
348.279,305.117,13.582,10.447
348.137,305.825,13.582,10.447
347.995,305.400,13.582,10.447
348.043,304.975,13.582,10.447
347.995,305.305,13.582,10.447
347.854,304.597,13.582,10.447
347.618,304.645,13.582,10.447
348.609,304.597,13.582,10.447
348.751,304.550,13.582,10.447
347.948,304.220,13.582,10.447
348.184,304.928,13.582,10.447
348.515,304.597,13.582,10.447
349.034,304.078,13.582,10.447
348.420,304.597,13.582,10.447
349.223,304.173,13.582,10.447
348.987,304.692,13.582,10.447
348.939,304.173,13.582,10.447
348.987,304.692,13.582,10.447
349.128,304.173,13.582,10.447
349.459,304.503,13.582,10.447
349.883,303.889,13.582,10.447
349.270,304.220,13.582,10.447
349.883,304.550,13.582,10.447
349.553,303.748,13.582,10.447
350.355,303.984,13.582,10.447
350.403,304.220,13.582,10.447
350.639,304.456,13.582,10.447
350.969,303.748,13.582,10.447
350.261,303.984,13.582,10.447
350.686,304.220,13.582,10.447
351.205,304.456,13.582,10.447
350.686,303.748,13.582,10.447
351.299,303.984,13.582,10.447
350.780,303.937,13.582,10.447
350.261,303.701,13.582,10.447
350.875,303.370,13.582,10.447
350.355,303.040,13.582,10.447
351.063,303.842,13.582,10.447
350.544,303.512,13.582,10.447
351.158,303.181,13.582,10.447
350.450,303.889,13.582,10.447
350.780,303.370,13.582,10.447
350.072,302.756,13.582,10.447
349.742,303.181,13.582,10.447
349.034,303.795,13.582,10.447
349.081,303.087,13.582,10.447
348.467,303.701,13.582,10.447
348.231,303.087,13.582,10.447
347.523,303.701,13.582,10.447
347.004,302.898,13.582,10.447
346.296,302.473,13.582,10.447
345.588,301.954,13.582,10.447
344.786,302.662,13.582,10.447
343.134,302.332,13.582,10.447
342.426,301.907,13.582,10.447
341.623,302.804,13.582,10.447
340.915,302.473,13.582,10.447
339.169,302.049,13.582,10.447
338.178,302.851,13.582,10.447
337.187,302.521,13.582,10.447
336.290,301.907,13.582,10.447
335.299,302.521,13.582,10.447
334.119,301.907,13.582,10.447
332.561,302.426,13.582,10.447
331.664,301.812,13.582,10.447
330.578,302.426,13.582,10.447
328.738,301.812,13.582,10.447
326.519,302.048,13.582,10.447
325.717,302.473,13.582,10.447
323.687,301.765,13.582,10.447
322.885,302.379,13.582,10.447
320.761,301.765,13.582,10.447
318.949,302.468,13.292,10.225
318.349,302.237,13.292,10.225
317.102,302.376,13.292,10.225
315.208,302.330,13.292,10.225
313.960,302.376,13.292,10.225
311.882,302.514,13.292,10.225
310.450,302.838,13.292,10.225
308.186,303.253,13.292,10.225
307.493,302.653,13.292,10.225
305.230,303.253,13.292,10.225
304.352,302.745,13.292,10.225
302.735,303.438,13.292,10.225
300.472,303.022,13.292,10.225
298.578,302.791,13.292,10.225
297.331,303.669,13.292,10.225
296.361,303.438,13.292,10.225
293.820,303.300,13.292,10.225
292.573,303.438,13.292,10.225
290.494,303.484,13.292,10.225
288.692,303.438,13.292,10.225
287.538,303.669,13.292,10.225
285.366,304.085,13.292,10.225
283.472,303.669,13.292,10.225
282.225,304.177,13.292,10.225
281.255,303.854,13.292,10.225
279.638,304.639,13.292,10.225
277.283,304.316,13.292,10.225
276.405,304.454,13.292,10.225
273.957,304.501,13.292,10.225
272.802,304.639,13.292,10.225
270.815,304.870,13.292,10.225
269.476,305.194,13.292,10.225
267.305,304.685,13.292,10.225
266.612,305.286,13.292,10.225
264.348,304.870,13.292,10.225
263.655,305.748,13.292,10.225
261.392,305.609,13.292,10.225
259.406,305.286,13.292,10.225
257.696,305.332,13.292,10.225
256.634,305.655,13.292,10.225
254.740,306.164,13.292,10.225
253.677,305.563,13.292,10.225
252.338,306.164,13.292,10.225
251.553,305.748,13.292,10.225
249.197,306.533,13.292,10.225
248.319,306.302,13.292,10.225
246.887,306.071,13.292,10.225
245.085,305.840,13.292,10.225
244.023,306.718,13.292,10.225
242.683,306.764,13.292,10.225
240.789,306.626,13.292,10.225
239.912,306.672,13.292,10.225
238.942,306.995,13.292,10.225
237.694,306.210,13.292,10.225
236.632,306.995,13.292,10.225
234.923,306.487,13.292,10.225
234.137,307.180,13.292,10.225
233.352,306.764,13.292,10.225
232.659,307.642,13.292,10.225
231.689,307.965,13.292,10.225
230.811,307.272,13.292,10.225
230.119,307.781,13.292,10.225
229.426,308.381,13.292,10.225
228.271,307.873,13.292,10.225
228.409,308.658,13.292,10.225
226.515,308.150,13.292,10.225
225.823,307.642,13.292,10.225
226.238,308.520,13.292,10.225
225.545,308.289,13.292,10.225
224.760,308.704,13.292,10.225
224.160,309.028,13.292,10.225
223.836,308.520,13.292,10.225
223.236,309.028,13.292,10.225
223.097,308.520,13.292,10.225
222.497,309.120,13.292,10.225
221.619,308.797,13.292,10.225
221.018,309.582,13.292,10.225
221.434,309.628,13.292,10.225
220.464,309.952,13.292,10.225
219.771,309.166,13.292,10.225
220.002,309.397,13.292,10.225
219.402,309.813,13.292,10.225
218.709,310.229,13.292,10.225
219.032,309.536,13.292,10.225
218.801,309.859,13.292,10.225
218.016,310.090,13.292,10.225
218.339,309.490,13.292,10.225
218.755,310.090,13.292,10.225
217.877,309.582,13.292,10.225
218.016,310.275,13.292,10.225
217.970,310.044,13.292,10.225
217.831,309.813,13.292,10.225
217.785,310.691,13.292,10.225
218.016,310.922,13.292,10.225
218.339,310.136,13.292,10.225
218.847,310.645,13.292,10.225
218.247,311.153,13.292,10.225
218.755,310.552,13.292,10.225
218.616,310.875,13.292,10.225
219.032,311.291,13.292,10.225
219.448,310.598,13.292,10.225
219.217,310.829,13.292,10.225
220.187,311.337,13.292,10.225
220.695,310.552,13.292,10.225
221.018,310.968,13.292,10.225
221.527,310.275,13.292,10.225
221.850,310.875,13.292,10.225
222.543,311.291,13.292,10.225
222.774,310.598,13.292,10.225
223.559,311.014,13.292,10.225
224.160,310.229,13.292,10.225
225.592,310.552,13.292,10.225
226.007,311.153,13.292,10.225
226.885,310.645,13.292,10.225
227.578,311.060,13.292,10.225
228.086,310.367,13.292,10.225
229.333,310.783,13.292,10.225
230.396,311.199,13.292,10.225
230.719,310.691,13.292,10.225
231.597,311.199,13.292,10.225
232.382,310.598,13.292,10.225
233.260,310.922,13.292,10.225
235.246,310.321,13.292,10.225
236.031,310.552,13.292,10.225
236.817,310.875,13.292,10.225
237.694,310.922,13.292,10.225
238.572,310.136,13.292,10.225
239.542,310.090,13.292,10.225
241.159,310.414,13.292,10.225
242.776,311.014,13.292,10.225
243.469,310.506,13.292,10.225
244.254,310.552,13.292,10.225
246.240,310.506,13.292,10.225
247.765,310.644,13.292,10.225
248.365,310.691,13.292,10.225
249.150,310.460,13.292,10.225
251.322,310.229,13.292,10.225
252.661,309.905,13.292,10.225
253.539,309.767,13.292,10.225
254.971,310.552,13.292,10.225
256.311,310.229,13.292,10.225
258.389,309.813,13.292,10.225
258.805,310.506,13.292,10.225
260.699,309.905,13.292,10.225
261.854,309.212,13.292,10.225
263.840,309.628,13.292,10.225
264.995,310.044,13.292,10.225
266.981,309.351,13.292,10.225
268.136,309.397,13.292,10.225
270.123,309.628,13.292,10.225
271.370,309.582,13.292,10.225
272.063,309.351,13.292,10.225
274.326,309.028,13.292,10.225
276.312,308.520,13.292,10.225
278.299,309.212,13.292,10.225
279.731,308.612,13.292,10.225
280.886,309.120,13.292,10.225
282.964,308.427,13.292,10.225
284.766,308.658,13.292,10.225
286.383,308.982,13.292,10.225
287.630,307.919,13.292,10.225
289.616,307.873,13.292,10.225
291.603,308.751,13.292,10.225
293.312,308.427,13.292,10.225
295.760,308.104,13.292,10.225
296.915,307.503,13.292,10.225
298.994,307.734,13.292,10.225
301.072,308.058,13.292,10.225
303.151,307.365,13.292,10.225
305.230,307.688,13.292,10.225
307.216,307.919,13.292,10.225
309.018,307.041,13.292,10.225
310.912,306.995,13.292,10.225
312.713,306.764,13.292,10.225
314.422,307.272,13.292,10.225
316.132,306.764,13.292,10.225
318.487,306.995,13.292,10.225
319.919,306.395,13.292,10.225
322.275,306.626,13.292,10.225
324.724,306.579,13.292,10.225
326.618,306.441,13.292,10.225
328.512,306.025,13.292,10.225
330.498,305.517,13.292,10.225
332.669,305.840,13.292,10.225
334.840,306.071,13.292,10.225
337.011,305.101,13.292,10.225
339.182,305.055,13.292,10.225
341.353,304.639,13.292,10.225
343.617,305.240,13.292,10.225
345.326,304.732,13.292,10.225
348.144,305.240,13.292,10.225
350.130,304.454,13.292,10.225
352.301,304.501,13.292,10.225
354.473,304.177,13.292,10.225
355.720,303.854,13.292,10.225
358.168,304.454,13.292,10.225
361.171,304.039,13.292,10.225
363.249,303.346,13.292,10.225
365.328,303.392,13.292,10.225
367.499,303.069,13.292,10.225
368.746,302.653,13.292,10.225
371.287,303.161,13.292,10.225
374.474,302.653,13.292,10.225
375.629,303.069,13.292,10.225
377.708,302.191,13.292,10.225
379.972,301.960,13.292,10.225
382.235,301.452,13.292,10.225
384.499,301.868,13.292,10.225
386.115,302.006,13.292,10.225
388.379,300.944,13.292,10.225
390.088,300.251,13.292,10.225
392.259,300.389,13.292,10.225
394.430,300.158,13.292,10.225
395.215,299.743,13.292,10.225
397.664,300.343,13.292,10.225
398.726,299.558,13.292,10.225
400.805,299.696,13.292,10.225
401.867,299.743,13.292,10.225
403.946,299.235,13.292,10.225
405.009,298.634,13.292,10.225
406.903,299.142,13.292,10.225
407.965,298.264,13.292,10.225
409.028,298.680,13.292,10.225
410.829,298.449,13.292,10.225
411.614,298.033,13.292,10.225
412.492,297.525,13.292,10.225
413.370,298.126,13.292,10.225
414.247,297.341,13.292,10.225
416.141,297.110,13.292,10.225
416.927,296.971,13.292,10.225
417.620,296.925,13.292,10.225
418.128,296.417,13.292,10.225
419.005,296.925,13.292,10.225
419.976,296.232,13.292,10.225
420.576,296.648,13.292,10.225
420.715,297.248,13.292,10.225
421.315,296.648,13.292,10.225
422.378,296.879,13.292,10.225
421.962,296.740,13.292,10.225
423.209,296.417,13.292,10.225
423.902,296.001,13.292,10.225
424.318,295.493,13.292,10.225
424.826,295.816,13.292,10.225
424.503,296.232,13.292,10.225
424.918,295.539,13.292,10.225
425.519,295.770,13.292,10.225
425.380,296.093,13.292,10.225
425.611,295.308,13.292,10.225
425.935,295.354,13.292,10.225
426.535,295.308,13.292,10.225
426.674,295.077,13.292,10.225
426.997,294.754,13.292,10.225
427.505,295.539,13.292,10.225
427.459,295.123,13.292,10.225
427.875,294.523,13.292,10.225
428.475,294.846,13.292,10.225
428.429,295.262,13.292,10.225
428.752,294.384,13.292,10.225
429.261,294.246,13.292,10.225
429.953,294.107,13.292,10.225
429.907,293.968,13.292,10.225
430.231,293.737,13.292,10.225
430.554,294.523,13.292,10.225
430.046,294.107,13.292,10.225
430.739,293.691,13.292,10.225
431.062,294.292,13.292,10.225
431.478,293.784,13.292,10.225
430.785,294.292,13.292,10.225
431.385,293.784,13.292,10.225
431.062,294.292,13.292,10.225
431.940,293.876,13.292,10.225
432.171,294.569,13.292,10.225
432.494,294.153,13.292,10.225
431.801,293.737,13.292,10.225
432.309,294.430,13.292,10.225
433.002,294.107,13.292,10.225
432.956,293.784,13.292,10.225
433.187,294.569,13.292,10.225
433.418,294.338,13.292,10.225
432.633,294.107,13.292,10.225
433.048,293.876,13.292,10.225
433.557,294.661,13.292,10.225
433.048,294.430,13.292,10.225
433.741,294.199,13.292,10.225
433.695,293.969,13.292,10.225
434.018,293.738,13.292,10.225
434.342,294.523,13.292,10.225
434.758,294.107,13.292,10.225
433.972,293.784,13.292,10.225
434.388,294.477,13.292,10.225
433.695,294.061,13.292,10.225
434.111,293.645,13.292,10.225
434.711,294.338,13.292,10.225
434.296,293.922,13.292,10.225
435.081,293.507,13.292,10.225
435.312,294.292,13.292,10.225
435.543,293.969,13.292,10.225
434.665,293.553,13.292,10.225
434.988,294.246,13.292,10.225
435.312,293.922,13.292,10.225
435.635,293.599,13.292,10.225
434.850,294.384,13.292,10.225
435.266,294.061,13.292,10.225
435.681,293.830,13.292,10.225
434.988,294.708,13.292,10.225
435.497,294.569,13.292,10.225
434.896,294.523,13.292,10.225
435.497,294.569,13.292,10.225
434.896,294.523,13.292,10.225
435.497,294.569,13.292,10.225
435.081,294.708,13.292,10.225
435.774,294.846,13.292,10.225
435.820,295.170,13.292,10.225
435.959,294.477,13.292,10.225
436.190,294.708,13.292,10.225
436.421,294.939,13.292,10.225
435.543,294.153,13.292,10.225
435.589,294.199,13.292,10.225
435.635,294.246,13.292,10.225
435.681,294.384,13.292,10.225
435.635,294.615,13.292,10.225
435.866,294.939,13.292,10.225
436.097,294.246,13.292,10.225
436.236,294.569,13.292,10.225
436.190,294.985,13.292,10.225
436.143,294.292,13.292,10.225
436.005,294.708,13.292,10.225
435.866,295.308,13.292,10.225
435.543,294.800,13.292,10.225
435.312,295.493,13.292,10.225
436.097,294.985,13.292,10.225
435.774,294.477,13.292,10.225
435.450,295.170,13.292,10.225
435.035,294.661,13.292,10.225
435.728,295.170,13.292,10.225
435.219,294.661,13.292,10.225
435.820,295.170,13.292,10.225
435.127,294.661,13.292,10.225
435.543,295.262,13.292,10.225
434.757,294.754,13.292,10.225
435.081,295.447,13.292,10.225
435.312,295.123,13.292,10.225
435.081,294.892,13.292,10.225
434.757,294.661,13.292,10.225
434.434,295.447,13.292,10.225
434.111,295.308,13.292,10.225
434.804,295.262,13.292,10.225
434.757,295.400,13.292,10.225
434.804,295.724,13.292,10.225
434.942,296.140,13.292,10.225
435.081,295.539,13.292,10.225
435.219,296.140,13.292,10.225
435.081,295.724,13.292,10.225
435.035,296.602,13.292,10.225
434.988,296.371,13.292,10.225
434.850,296.232,13.292,10.225
434.619,296.186,13.292,10.225
434.388,296.232,13.292,10.225
434.157,296.278,13.292,10.225
434.850,296.417,13.292,10.225
434.526,296.648,13.292,10.225
434.111,296.971,13.292,10.225
434.711,296.278,13.292,10.225
434.203,296.694,13.292,10.225
434.711,297.110,13.292,10.225
433.926,296.417,13.292,10.225
434.434,296.833,13.292,10.225
433.741,297.248,13.292,10.225
434.249,296.648,13.292,10.225
434.850,297.248,13.292,10.225
434.157,296.740,13.292,10.225
434.758,297.341,13.292,10.225
434.065,296.925,13.292,10.225
434.573,296.602,13.292,10.225
433.880,297.387,13.292,10.225
434.388,297.525,13.292,10.225
433.695,297.849,13.292,10.225
434.018,298.265,13.292,10.225
434.249,297.664,13.292,10.225
434.111,298.172,13.292,10.225
433.787,297.664,13.292,10.225
433.464,298.357,13.292,10.225
432.956,298.034,13.292,10.225
433.556,297.895,13.292,10.225
433.233,297.941,13.292,10.225
434.018,298.265,13.292,10.225
433.695,298.680,13.292,10.225
433.279,299.096,13.292,10.225
433.880,298.588,13.292,10.225
433.372,299.188,13.292,10.225
432.771,298.680,13.292,10.225
433.279,299.188,13.292,10.225
433.695,298.773,13.292,10.225
432.910,299.466,13.292,10.225
433.141,299.142,13.292,10.225
433.279,298.911,13.292,10.225
433.326,298.773,13.292,10.225
433.372,299.743,13.292,10.225
432.402,299.881,13.292,10.225
432.171,300.205,13.292,10.225
432.864,299.604,13.292,10.225
432.633,300.205,13.292,10.225
432.217,299.697,13.292,10.225
432.910,300.297,13.292,10.225
432.494,299.789,13.292,10.225
432.078,300.389,13.292,10.225
432.679,300.066,13.292,10.225
432.078,299.835,13.292,10.225
432.586,300.620,13.292,10.225
431.894,300.389,13.292,10.225
432.217,300.158,13.292,10.225
432.356,300.020,13.292,10.225
431.385,299.974,13.292,10.225
431.247,300.020,13.292,10.225
431.847,300.158,13.292,10.225
431.432,300.574,13.292,10.225
430.923,300.805,13.292,10.225
431.339,301.129,13.292,10.225
431.755,300.436,13.292,10.225
431.062,300.944,13.292,10.225
431.478,300.436,13.292,10.225
430.877,301.129,13.292,10.225
431.293,300.713,13.292,10.225
431.801,301.590,13.292,10.225
431.108,301.637,13.292,10.225
431.524,301.960,13.292,10.225
430.739,301.360,13.292,10.225
431.062,301.868,13.292,10.225
431.201,302.468,13.292,10.225
431.339,302.052,13.292,10.225
431.478,301.637,13.292,10.225
430.600,302.330,13.292,10.225
430.554,301.914,13.292,10.225
430.323,301.498,13.292,10.225
431.016,302.283,13.292,10.225
430.693,302.052,13.292,10.225
430.277,301.914,13.292,10.225
430.877,301.775,13.292,10.225
430.462,302.653,13.292,10.225
430.046,302.607,13.292,10.225
430.646,302.468,13.292,10.225
430.231,302.237,13.292,10.225
430.831,302.006,13.292,10.225
430.323,301.683,13.292,10.225
431.016,302.468,13.292,10.225
430.415,302.145,13.292,10.225
429.815,301.822,13.292,10.225
430.415,302.422,13.292,10.225
429.722,302.006,13.292,10.225
430.323,301.591,13.292,10.225
430.831,302.191,13.292,10.225
430.138,301.775,13.292,10.225
430.646,302.376,13.292,10.225
429.953,301.960,13.292,10.225
430.369,301.544,13.292,10.225
429.676,302.237,13.292,10.225
430.092,301.822,13.292,10.225
430.600,302.514,13.292,10.225
429.907,302.099,13.292,10.225
430.323,301.775,13.292,10.225
430.739,302.468,13.292,10.225
430.046,302.053,13.292,10.225
430.462,301.637,13.292,10.225
429.769,302.237,13.292,10.225
430.092,301.729,13.292,10.225
430.508,302.330,13.292,10.225
429.723,301.914,13.292,10.225
430.046,301.591,13.292,10.225
430.369,302.283,13.292,10.225
429.584,301.960,13.292,10.225
430.000,301.637,13.292,10.225
430.415,302.330,13.292,10.225
429.630,302.006,13.292,10.225
430.046,301.683,13.292,10.225
430.462,302.468,13.292,10.225
429.769,302.145,13.292,10.225
430.277,301.729,13.292,10.225
430.785,302.330,13.292,10.225
430.092,301.822,13.292,10.225
430.600,302.145,13.292,10.225
430.000,301.452,13.292,10.225
430.508,301.591,13.292,10.225
430.000,301.544,13.292,10.225
430.693,301.683,13.292,10.225
430.277,301.729,13.292,10.225
430.970,301.775,13.292,10.225
430.554,301.729,13.292,10.225
430.138,301.591,13.292,10.225
430.831,301.452,13.292,10.225
430.508,301.221,13.292,10.225
430.184,300.990,13.292,10.225
430.877,300.851,13.292,10.225
430.739,301.729,13.292,10.225
430.600,301.591,13.292,10.225
430.646,301.637,13.292,10.225
430.785,301.683,13.292,10.225
431.108,301.822,13.292,10.225
431.524,301.960,13.292,10.225
430.924,301.082,13.292,10.225
431.524,301.036,13.292,10.225
431.016,301.082,13.292,10.225
431.709,301.498,13.292,10.225
431.478,302.006,13.292,10.225
431.339,301.313,13.292,10.225
432.125,301.544,13.292,10.225
432.356,301.868,13.292,10.225
431.663,302.099,13.292,10.225
432.171,301.406,13.292,10.225
432.679,301.914,13.292,10.225
432.171,301.221,13.292,10.225
432.771,301.544,13.292,10.225
432.540,301.868,13.292,10.225
432.679,302.191,13.292,10.225
433.002,301.406,13.292,10.225
433.418,301.544,13.292,10.225
432.818,301.683,13.292,10.225
433.418,302.006,13.292,10.225
433.002,301.313,13.292,10.225
433.695,301.729,13.292,10.225
433.557,302.145,13.292,10.225
433.788,301.544,13.292,10.225
434.203,301.868,13.292,10.225
434.711,302.099,13.292,10.225
434.111,301.406,13.292,10.225
434.711,301.729,13.292,10.225
434.019,302.145,13.292,10.225
434.527,301.452,13.292,10.225
433.926,301.868,13.292,10.225
434.527,302.191,13.292,10.225
434.019,301.591,13.292,10.225
434.619,302.099,13.292,10.225
434.481,301.775,13.292,10.225
434.157,302.468,13.292,10.225
434.850,302.053,13.292,10.225
434.619,301.729,13.292,10.225
434.296,302.515,13.292,10.225
434.989,302.284,13.292,10.225
434.665,302.053,13.292,10.225
434.250,301.729,13.292,10.225
434.850,302.515,13.292,10.225
434.342,302.284,13.292,10.225
434.850,302.053,13.292,10.225
434.250,301.914,13.292,10.225
434.758,301.775,13.292,10.225
434.157,302.653,13.292,10.225
434.758,302.515,13.292,10.225
434.157,302.376,13.292,10.225
434.758,302.237,13.292,10.225
434.250,302.099,13.292,10.225
434.850,301.960,13.292,10.225
434.250,301.822,13.292,10.225
434.850,302.792,13.292,10.225
434.342,302.746,13.292,10.225
435.035,302.699,13.292,10.225
434.711,302.746,13.292,10.225
434.388,302.792,13.292,10.225
434.065,302.838,13.292,10.225
434.758,302.977,13.292,10.225
434.342,302.191,13.292,10.225
435.035,302.422,13.292,10.225
434.619,302.746,13.292,10.225
434.296,303.161,13.292,10.225
435.081,302.653,13.292,10.225
434.942,303.254,13.292,10.225
434.804,302.746,13.292,10.225
434.850,303.346,13.292,10.225
434.989,302.930,13.292,10.225
435.220,302.607,13.292,10.225
435.543,303.392,13.292,10.225
434.758,303.161,13.292,10.225
435.173,302.930,13.292,10.225
435.589,302.699,13.292,10.225
434.804,303.577,13.292,10.225
435.220,303.438,13.292,10.225
435.635,303.300,13.292,10.225
434.850,303.254,13.292,10.225
435.266,303.300,13.292,10.225
435.866,303.438,13.292,10.225
435.358,303.669,13.292,10.225
434.850,303.900,13.292,10.225
435.543,303.207,13.292,10.225
435.312,303.531,13.292,10.225
436.005,303.854,13.292,10.225
436.051,304.270,13.292,10.225
436.190,303.669,13.292,10.225
436.328,304.178,13.292,10.225
436.559,303.577,13.292,10.225
435.774,304.085,13.292,10.225
436.097,303.485,13.292,10.225
436.421,304.085,13.292,10.225
435.728,303.485,13.292,10.225
436.143,304.085,13.292,10.225
436.559,303.577,13.292,10.225
435.959,304.178,13.292,10.225
436.467,303.669,13.292,10.225
435.866,304.270,13.292,10.225
436.467,303.762,13.292,10.225
435.959,304.362,13.292,10.225
436.559,303.947,13.292,10.225
436.143,303.531,13.292,10.225
436.744,304.224,13.292,10.225
436.328,303.716,13.292,10.225
437.021,304.409,13.292,10.225
436.605,303.993,13.292,10.225
436.190,303.577,13.292,10.225
436.882,304.362,13.292,10.225
436.467,304.039,13.292,10.225
436.051,303.716,13.292,10.225
436.744,304.501,13.292,10.225
436.328,304.178,13.292,10.225
436.929,303.947,13.292,10.225
436.513,303.716,13.292,10.225
436.097,304.593,13.292,10.225
436.698,304.455,13.292,10.225
436.190,304.316,13.292,10.225
436.790,304.178,13.292,10.225
436.282,304.039,13.292,10.225
436.882,303.993,13.292,10.225
436.374,303.947,13.292,10.225
435.866,303.993,13.292,10.225
436.467,304.131,13.292,10.225
435.959,304.178,13.292,10.225
436.559,304.316,13.292,10.225
436.051,304.547,13.292,10.225
436.651,304.686,13.292,10.225
436.143,304.824,13.292,10.225
436.744,305.055,13.292,10.225
436.328,304.362,13.292,10.225
436.929,304.686,13.292,10.225
436.420,305.009,13.292,10.225
436.005,304.409,13.292,10.225
436.698,304.824,13.292,10.225
436.374,305.240,13.292,10.225
435.959,304.732,13.292,10.225
436.651,305.240,13.292,10.225
436.236,304.732,13.292,10.225
436.929,305.332,13.292,10.225
436.513,304.824,13.292,10.225
436.097,305.425,13.292,10.225
436.698,304.917,13.292,10.225
436.374,304.408,13.292,10.225
436.051,305.009,13.292,10.225
436.744,304.501,13.292,10.225
436.328,305.194,13.292,10.225
437.021,304.778,13.292,10.225
436.605,305.471,13.292,10.225
436.005,305.055,13.292,10.225
436.513,304.639,13.292,10.225
435.912,305.332,13.292,10.225
436.420,304.917,13.292,10.225
435.912,304.501,13.292,10.225
436.513,305.194,13.292,10.225
436.005,304.778,13.292,10.225
436.698,305.379,13.292,10.225
436.097,304.870,13.292,10.225
436.698,305.563,13.292,10.225
436.097,305.148,13.292,10.225
436.605,304.824,13.292,10.225
436.005,305.702,13.292,10.225
436.513,305.471,13.292,10.225
435.912,305.240,13.292,10.225
436.513,305.101,13.292,10.225
436.097,304.963,13.292,10.225
436.790,304.824,13.292,10.225
436.559,305.887,13.292,10.225
436.513,306.302,13.292,10.225
436.651,305.702,13.292,10.225
436.882,306.302,13.292,10.225
437.113,305.887,13.292,10.225
437.529,306.580,13.292,10.225
436.744,306.349,13.292,10.225
437.067,306.118,13.292,10.225
437.483,306.349,13.292,10.225
436.882,306.764,13.292,10.225
437.483,307.180,13.292,10.225
436.975,306.672,13.292,10.225
437.668,307.457,13.292,10.225
437.344,307.134,13.292,10.225
438.037,306.995,13.292,10.225
437.991,307.319,13.292,10.225
437.945,307.919,13.292,10.225
438.083,307.503,13.292,10.225
438.314,308.289,13.292,10.225
438.730,308.058,13.292,10.225
438.037,308.196,13.292,10.225
438.545,308.612,13.292,10.225
437.852,309.305,13.292,10.225
438.361,308.982,13.292,10.225
437.852,308.935,13.292,10.225
438.361,309.444,13.292,10.225
438.130,310.137,13.292,10.225
438.638,309.906,13.292,10.225
437.852,310.044,13.292,10.225
438.268,310.368,13.292,10.225
438.592,311.060,13.292,10.225
437.714,310.737,13.292,10.225
437.760,311.707,13.292,10.225
437.621,311.846,13.292,10.225
437.206,312.261,13.292,10.225
437.621,311.846,13.292,10.225
436.744,312.723,13.292,10.225
436.420,312.954,13.292,10.225
435.820,312.539,13.292,10.225
436.051,313.509,13.292,10.225
435.635,313.924,13.292,10.225
434.850,313.416,13.292,10.225
434.526,314.386,13.292,10.225
433.649,314.987,13.292,10.225
433.141,314.479,13.292,10.225
433.279,315.264,13.292,10.225
432.956,315.033,13.292,10.225
431.893,315.264,13.292,10.225
430.738,315.957,13.292,10.225
429.861,315.356,13.292,10.225
429.168,316.142,13.292,10.225
428.660,316.650,13.292,10.225
427.228,317.343,13.292,10.225
426.627,317.019,13.292,10.225
425.380,317.343,13.292,10.225
424.410,317.666,13.292,10.225
423.532,317.897,13.292,10.225
422.377,317.389,13.292,10.225
420.483,318.174,13.292,10.225
419.513,318.498,13.292,10.225
418.451,319.190,13.292,10.225
417.388,318.775,13.292,10.225
415.956,319.560,13.292,10.225
415.448,320.068,13.292,10.225
413.185,319.560,13.292,10.225
412.215,320.438,13.292,10.225
411.152,320.114,13.292,10.225
409.351,320.161,13.292,10.225
408.288,320.576,13.292,10.225
406.394,321.177,13.292,10.225
404.038,320.946,13.292,10.225
402.884,321.546,13.292,10.225
402.098,321.962,13.292,10.225
400.851,321.177,13.292,10.225
398.957,321.315,13.292,10.225
397.063,321.916,13.292,10.225
395.077,321.777,13.292,10.225
393.090,323.117,13.292,10.225
392.028,322.609,13.292,10.225
390.226,323.209,13.292,10.225
388.887,322.701,13.292,10.225
386.623,323.394,13.292,10.225
384.360,323.533,13.292,10.225
382.004,324.226,13.292,10.225
380.479,323.995,13.292,10.225
378.124,324.226,13.292,10.225
377.061,324.457,13.292,10.225
375.167,324.872,13.292,10.225
373.181,325.473,13.292,10.225
371.287,325.149,13.292,10.225
369.116,325.011,13.292,10.225
366.668,325.519,13.292,10.225
364.312,326.304,13.292,10.225
363.249,325.981,13.292,10.225
361.078,326.120,13.292,10.225
358.999,326.166,13.292,10.225
356.643,326.397,13.292,10.225
354.380,326.535,13.292,10.225
351.654,327.136,13.292,10.225
349.668,326.812,13.292,10.225
347.405,327.690,13.292,10.225
345.234,327.921,13.292,10.225
344.079,327.413,13.292,10.225
341.908,328.106,13.292,10.225
339.367,327.875,13.292,10.225
336.272,328.845,13.292,10.225
334.655,329.168,13.292,10.225
331.837,328.568,13.292,10.225
329.666,329.261,13.292,10.225
327.218,329.122,13.292,10.225
325.601,329.168,13.292,10.225
322.876,329.584,13.292,10.225
320.705,330.000,13.292,10.225
318.441,329.399,13.292,10.225
315.531,330.000,13.292,10.225
313.175,329.584,13.292,10.225
311.466,330.185,13.292,10.225
308.094,329.954,13.292,10.225
306.200,330.185,13.292,10.225
303.936,330.600,13.292,10.225
301.673,331.108,13.292,10.225
299.224,330.693,13.292,10.225
297.238,331.386,13.292,10.225
294.975,330.970,13.292,10.225
292.249,330.554,13.292,10.225
290.078,331.155,13.292,10.225
287.445,330.739,13.292,10.225
284.350,331.339,13.292,10.225
282.918,330.924,13.292,10.225
279.915,330.693,13.292,10.225
277.467,331.848,13.292,10.225
274.465,332.171,13.292,10.225
272.109,331.570,13.292,10.225
270.122,332.079,13.292,10.225
267.766,331.663,13.292,10.225
264.764,332.356,13.292,10.225
262.593,332.032,13.292,10.225
259.682,331.709,13.292,10.225
257.419,332.402,13.292,10.225
254.786,332.079,13.292,10.225
252.707,331.755,13.292,10.225
250.351,332.356,13.292,10.225
248.365,331.940,13.292,10.225
244.993,331.524,13.292,10.225
242.822,331.940,13.292,10.225
240.558,331.432,13.292,10.225
238.110,331.755,13.292,10.225
236.031,331.986,13.292,10.225
233.768,331.293,13.292,10.225
231.319,331.524,13.292,10.225
229.241,331.570,13.292,10.225
226.977,331.339,13.292,10.225
224.621,331.109,13.292,10.225
222.081,330.878,13.292,10.225
220.002,331.570,13.292,10.225
217.923,331.247,13.292,10.225
215.660,330.739,13.292,10.225
213.211,331.062,13.292,10.225
211.872,330.369,13.292,10.225
209.608,330.693,13.292,10.225
207.437,331.016,13.292,10.225
205.174,330.323,13.292,10.225
204.019,330.462,13.292,10.225
201.755,330.323,13.292,10.225
199.492,329.815,13.292,10.225
197.321,330.138,13.292,10.225
196.351,329.261,13.292,10.225
194.826,329.307,13.292,10.225
192.563,329.446,13.292,10.225
190.669,329.677,13.292,10.225
189.329,330.092,13.292,10.225
188.451,328.845,13.292,10.225
185.818,329.261,13.292,10.225
184.664,328.475,13.292,10.225
182.862,328.706,13.292,10.225
181.522,328.660,13.292,10.225
179.813,328.152,13.292,10.225
178.658,327.182,13.292,10.225
176.764,326.674,13.292,10.225
175.702,327.274,13.292,10.225
174.178,326.766,13.292,10.225
173.300,326.997,13.292,10.225
172.145,325.750,13.292,10.225
170.621,326.166,13.292,10.225
168.634,325.380,13.292,10.225
167.572,324.872,13.292,10.225
166.140,325.380,13.292,10.225
165.447,324.595,13.292,10.225
163.553,324.179,13.292,10.225
162.583,323.486,13.292,10.225
161.520,323.533,13.292,10.225
160.366,323.209,13.292,10.225
159.211,322.424,13.292,10.225
158.425,322.008,13.292,10.225
156.531,321.315,13.292,10.225
155.839,321.269,13.292,10.225
155.053,320.853,13.292,10.225
154.360,321.269,13.292,10.225
152.836,320.299,13.292,10.225
152.697,319.883,13.292,10.225
151.635,320.022,13.292,10.225
150.757,319.052,13.292,10.225
149.880,318.451,13.292,10.225
149.279,318.682,13.292,10.225
148.771,318.359,13.292,10.225
147.893,317.481,13.292,10.225
147.385,317.343,13.292,10.225
146.230,317.019,13.292,10.225
146.554,316.234,13.292,10.225
145.584,315.818,13.292,10.225
144.891,316.511,13.292,10.225
144.475,315.911,13.292,10.225
143.782,315.033,13.292,10.225
144.013,314.802,13.292,10.225
143.597,315.403,13.292,10.225
142.997,314.617,13.292,10.225
143.228,314.201,13.292,10.225
142.904,313.416,13.292,10.225
142.304,312.816,13.292,10.225
142.627,313.231,13.292,10.225
141.657,312.169,13.292,10.225
141.334,311.476,13.292,10.225
141.842,311.337,13.292,10.225
141.241,310.737,13.292,10.225
141.749,311.060,13.292,10.225
141.241,310.183,13.292,10.225
141.657,309.582,13.292,10.225
140.872,309.166,13.292,10.225
141.195,308.566,13.292,10.225
141.611,308.427,13.292,10.225
141.103,307.919,13.292,10.225
141.703,307.226,13.292,10.225
141.565,306.533,13.292,10.225
141.703,306.210,13.292,10.225
142.211,305.702,13.292,10.225
142.720,305.286,13.292,10.225
142.304,304.593,13.292,10.225
143.366,304.085,13.292,10.225
142.858,303.300,13.292,10.225
143.736,302.607,13.292,10.225
144.244,302.283,13.292,10.225
145.214,301.683,13.292,10.225
145.722,301.175,13.292,10.225
146.138,300.482,13.292,10.225
146.831,299.789,13.292,10.225
147.524,300.389,13.292,10.225
147.847,299.604,13.292,10.225
148.817,299.004,13.292,10.225
149.418,298.034,13.292,10.225
150.111,297.341,13.292,10.225
151.635,296.925,13.292,10.225
152.328,296.140,13.292,10.225
154.037,295.631,13.292,10.225
154.822,295.493,13.292,10.225
155.608,294.985,13.292,10.225
156.762,294.015,13.292,10.225
157.917,293.414,13.292,10.225
159.442,292.998,13.292,10.225
160.227,292.213,13.292,10.225
162.306,291.613,13.292,10.225
163.923,291.382,13.292,10.225
164.615,290.596,13.292,10.225
166.047,290.088,13.292,10.225
168.034,289.210,13.292,10.225
169.743,288.518,13.292,10.225
170.805,287.917,13.292,10.225
172.884,287.039,13.292,10.225
174.870,286.346,13.292,10.225
176.395,285.838,13.292,10.225
177.550,285.330,13.292,10.225
179.721,284.730,13.292,10.225
181.707,284.221,13.292,10.225
183.878,283.436,13.292,10.225
186.049,282.836,13.292,10.225
188.036,282.235,13.292,10.225
190.207,281.357,13.292,10.225
192.286,280.480,13.292,10.225
194.364,279.694,13.292,10.225
196.166,279.094,13.292,10.225
198.614,278.216,13.292,10.225
200.508,277.523,13.292,10.225
202.494,277.200,13.292,10.225
204.943,276.507,13.292,10.225
208.222,277.108,13.292,10.225
210.578,275.491,13.292,10.225
212.657,275.352,13.292,10.225
214.921,274.844,13.292,10.225
218.016,274.613,13.292,10.225
220.187,274.105,13.292,10.225
223.282,272.673,13.292,10.225
225.453,272.996,13.292,10.225
227.439,272.119,13.292,10.225
229.610,271.426,13.292,10.225
232.151,271.010,13.292,10.225
235.523,270.409,13.292,10.225
237.417,270.086,13.292,10.225
239.403,269.301,13.292,10.225
241.944,269.439,13.292,10.225
245.131,268.931,13.292,10.225
247.487,268.146,13.292,10.225
249.381,267.915,13.292,10.225
251.460,267.592,13.292,10.225
253.723,267.453,13.292,10.225
256.357,267.130,13.292,10.225
258.435,266.714,13.292,10.225
260.699,266.575,13.292,10.225
263.055,266.160,13.292,10.225
265.595,265.559,13.292,10.225
267.489,265.882,13.292,10.225
269.476,265.651,13.292,10.225
271.370,265.051,13.292,10.225
273.541,264.173,13.292,10.225
275.712,263.850,13.292,10.225
277.791,264.358,13.292,10.225
279.684,263.757,13.292,10.225
281.486,263.619,13.292,10.225
283.195,263.111,13.292,10.225
285.274,262.603,13.292,10.225
287.353,262.741,13.292,10.225
289.247,262.695,13.292,10.225
290.217,262.372,13.292,10.225
291.926,262.048,13.292,10.225
292.896,261.633,13.292,10.225
294.420,262.418,13.292,10.225
295.206,262.002,13.292,10.225
297.469,261.494,13.292,10.225
298.162,261.910,13.292,10.225
300.056,261.217,13.292,10.225
300.841,261.633,13.292,10.225
302.366,261.956,13.292,10.225
302.966,261.263,13.292,10.225
304.768,261.124,13.292,10.225
305.553,261.448,13.292,10.225
306.523,261.863,13.292,10.225
307.401,262.372,13.292,10.225
308.556,261.679,13.292,10.225
309.803,262.094,13.292,10.225
311.327,261.494,13.292,10.225
312.390,262.002,13.292,10.225
312.806,261.402,13.292,10.225
313.960,261.817,13.292,10.225
315.300,262.233,13.292,10.225
316.362,261.633,13.292,10.225
316.963,262.325,13.292,10.225
317.933,261.910,13.292,10.225
318.996,261.494,13.292,10.225
319.966,262.279,13.292,10.225
320.751,262.048,13.292,10.225
321.351,261.910,13.292,10.225
322.876,261.679,13.292,10.225
323.292,262.649,13.292,10.225
324.169,262.603,13.292,10.225
324.955,262.926,13.292,10.225
325.647,262.233,13.292,10.225
326.433,262.834,13.292,10.225
327.310,263.619,13.292,10.225
329.020,263.573,13.292,10.225
329.528,263.619,13.292,10.225
329.944,264.219,13.292,10.225
330.636,263.711,13.292,10.225
331.329,264.497,13.292,10.225
333.223,265.097,13.292,10.225
333.824,264.589,13.292,10.225
334.147,265.282,13.292,10.225
334.840,265.051,13.292,10.225
335.533,265.282,13.292,10.225
336.226,265.882,13.292,10.225
337.843,266.668,13.292,10.225
338.351,267.083,13.292,10.225
339.044,266.575,13.292,10.225
339.459,267.268,13.292,10.225
339.690,267.592,13.292,10.225
340.383,268.192,13.292,10.225
340.799,268.146,13.292,10.225
341.677,268.377,13.292,10.225
342.370,268.977,13.292,10.225
342.878,268.746,13.292,10.225
343.755,269.901,13.292,10.225
344.356,269.393,13.292,10.225
344.679,270.178,13.292,10.225
345.372,270.225,13.292,10.225
345.788,270.733,13.292,10.225
346.389,271.518,13.292,10.225
346.620,271.564,13.292,10.225
347.312,272.165,13.292,10.225
348.282,271.841,13.292,10.225
348.975,272.719,13.292,10.225
349.391,273.227,13.292,10.225
349.253,272.904,13.292,10.225
350.223,272.858,13.292,10.225
350.731,273.920,13.292,10.225
350.500,273.412,13.292,10.225
350.916,274.290,13.292,10.225
351.608,274.521,13.292,10.225
352.024,275.121,13.292,10.225
352.625,274.705,13.292,10.225
352.856,275.583,13.292,10.225
353.456,275.814,13.292,10.225
353.595,276.415,13.292,10.225
354.011,275.906,13.292,10.225
354.519,275.676,13.292,10.225
354.657,277.477,13.292,10.225
354.888,277.154,13.292,10.225
355.396,277.108,13.292,10.225
355.258,277.616,13.292,10.225
356.413,278.401,13.292,10.225
355.904,278.632,13.292,10.225
356.597,279.140,13.292,10.225
357.013,279.002,13.292,10.225
357.614,279.510,13.292,10.225
357.290,280.295,13.292,10.225
357.983,280.064,13.292,10.225
358.307,280.295,13.292,10.225
358.815,280.896,13.292,10.225
358.214,280.572,13.292,10.225
358.815,281.542,13.292,10.225
359.138,282.050,13.292,10.225
359.554,281.727,13.292,10.225
358.861,282.697,13.292,10.225
359.461,283.113,13.292,10.225
359.692,282.605,13.292,10.225
360.016,283.482,13.292,10.225
360.431,284.083,13.292,10.225
359.831,283.667,13.292,10.225
360.431,284.637,13.292,10.225
360.755,285.330,13.292,10.225
360.986,284.914,13.292,10.225
361.309,284.683,13.292,10.225
361.817,285.653,13.292,10.225
361.217,285.792,13.292,10.225
361.910,286.208,13.292,10.225
362.048,285.700,13.292,10.225
362.464,286.393,13.292,10.225
361.679,285.977,13.292,10.225
362.002,285.653,13.292,10.225
362.510,286.439,13.292,10.225
361.910,286.300,13.292,10.225
362.510,286.254,13.292,10.225
362.649,286.485,13.292,10.225
362.972,286.808,13.292,10.225
363.296,287.132,13.292,10.225
363.711,286.439,13.292,10.225
363.111,286.854,13.292,10.225
363.711,287.270,13.292,10.225
363.850,286.670,13.292,10.225
364.266,287.270,13.292,10.225
364.681,286.762,13.292,10.225
364.081,287.455,13.292,10.225
364.681,287.039,13.292,10.225
364.173,286.623,13.292,10.225
364.866,287.409,13.292,10.225
364.635,287.270,13.292,10.225
364.866,287.594,13.292,10.225
365.189,288.102,13.292,10.225
365.513,287.501,13.292,10.225
364.727,288.102,13.292,10.225
365.143,287.501,13.292,10.225
365.744,288.102,13.292,10.225
365.143,287.501,13.292,10.225
365.836,288.194,13.292,10.225
366.067,287.871,13.292,10.225
366.390,288.656,13.292,10.225
365.605,288.333,13.292,10.225
366.021,288.286,13.292,10.225
366.529,288.610,13.292,10.225
365.836,288.748,13.292,10.225
366.344,289.257,13.292,10.225
366.945,288.656,13.292,10.225
366.529,289.349,13.292,10.225
366.298,288.933,13.292,10.225
367.083,288.517,13.292,10.225
367.314,289.303,13.292,10.225
367.638,288.887,13.292,10.225
366.852,289.672,13.292,10.225
367.176,289.441,13.292,10.225
367.592,289.210,13.292,10.225
366.899,289.349,13.292,10.225
367.499,289.672,13.292,10.225
366.899,289.811,13.292,10.225
367.592,290.227,13.292,10.225
367.176,289.626,13.292,10.225
367.869,290.227,13.292,10.225
367.638,289.719,13.292,10.225
367.592,290.596,13.292,10.225
367.361,290.273,13.292,10.225
367.407,290.227,13.292,10.225
367.361,290.180,13.292,10.225
367.499,290.319,13.292,10.225
367.730,290.642,13.292,10.225
368.053,291.058,13.292,10.225
368.377,290.365,13.292,10.225
367.684,290.966,13.292,10.225
368.100,290.458,13.292,10.225
368.515,291.243,13.292,10.225
367.638,290.920,13.292,10.225
368.053,290.781,13.292,10.225
368.469,291.751,13.292,10.225
367.684,292.167,13.292,10.225
368.100,291.474,13.292,10.225
368.608,291.982,13.292,10.225
367.915,291.382,13.292,10.225
368.423,291.982,13.292,10.225
367.730,291.474,13.292,10.225
368.238,292.167,13.292,10.225
368.839,291.751,13.292,10.225
368.515,292.536,13.292,10.225
368.284,292.213,13.292,10.225
368.977,291.890,13.292,10.225
369.116,291.566,13.292,10.225
369.347,292.444,13.292,10.225
369.578,292.767,13.292,10.225
368.700,293.183,13.292,10.225
368.931,292.583,13.292,10.225
369.162,293.183,13.292,10.225
369.301,292.583,13.292,10.225
369.439,293.183,13.292,10.225
368.469,292.675,13.292,10.225
368.793,293.368,13.292,10.225
369.208,292.952,13.292,10.225
369.624,292.629,13.292,10.225
368.839,293.506,13.292,10.225
369.254,293.368,13.292,10.225
369.670,293.229,13.292,10.225
369.070,292.906,13.292,10.225
369.578,292.675,13.292,10.225
369.070,293.553,13.292,10.225
