246.000,177.000,3.000,3.000
247.783,179.091,3.000,3.000
247.677,179.031,3.000,3.000
247.571,179.114,3.000,3.000
247.488,179.339,3.000,3.000
247.453,179.728,3.000,3.000
247.346,180.000,3.000,3.000
247.146,179.469,3.000,3.000
246.898,178.961,3.000,3.000
247.146,179.043,3.000,3.000
246.945,178.795,3.000,3.000
247.429,178.972,3.000,3.000
247.181,179.409,3.000,3.000
247.004,179.043,3.000,3.000
246.827,178.748,3.000,3.000
247.453,179.209,3.000,3.000
247.299,178.961,3.000,3.000
247.098,179.539,3.000,3.000
247.016,179.622,3.000,3.000
246.933,179.705,3.000,3.000
247.795,179.835,3.000,3.000
247.689,179.917,3.000,3.000
247.606,180.047,3.000,3.000
247.453,179.587,3.000,3.000
247.323,179.622,3.000,3.000
247.146,179.657,3.000,3.000
247.063,179.622,3.000,3.000
247.098,179.752,3.000,3.000
247.134,179.882,3.000,3.000
247.169,179.941,3.000,3.000
247.276,179.906,3.000,3.000
247.358,179.965,3.000,3.000
247.441,180.047,3.000,3.000
247.547,179.563,3.000,3.000
247.748,179.598,3.000,3.000
247.878,179.870,3.000,3.000
247.984,180.142,3.000,3.000
248.043,179.563,3.000,3.000
247.772,179.528,3.000,3.000
247.783,179.374,3.000,3.000
247.819,179.220,3.000,3.000
247.618,179.138,3.000,3.000
248.339,179.339,3.000,3.000
248.185,179.492,3.000,3.000
248.031,179.622,3.000,3.000
247.878,179.728,3.000,3.000
248.528,179.929,3.000,3.000
248.256,180.035,3.000,3.000
247.961,179.622,3.000,3.000
247.736,179.870,3.000,3.000
248.457,179.386,3.000,3.000
248.067,179.138,3.000,3.000
247.677,178.913,3.000,3.000
247.547,178.406,3.000,3.000
247.417,177.567,3.000,3.000
247.264,177.106,3.000,3.000
247.110,176.622,3.000,3.000
246.933,176.941,3.000,3.000
247.772,177.024,3.000,3.000
246.839,178.004,3.000,3.000
244.677,179.693,3.000,3.000
243.437,180.343,3.000,3.000
245.858,182.575,3.000,3.000
246.720,182.705,3.000,3.000
245.764,183.189,3.000,3.000
246.650,182.350,3.000,3.000
249.803,183.260,3.000,3.000
250.760,180.532,3.000,3.000
250.181,180.378,3.000,3.000
250.547,179.445,3.000,3.000
250.559,176.291,3.000,3.000
250.996,175.476,3.000,3.000
254.150,172.323,3.000,3.000
254.421,171.886,3.000,3.000
254.291,171.756,3.000,3.000
254.445,171.224,3.000,3.000
253.512,171.118,3.000,3.000
253.193,170.988,3.000,3.000
253.087,171.094,3.000,3.000
252.862,171.012,3.000,3.000
253.559,171.024,3.000,3.000
253.405,170.917,3.000,3.000
253.323,171.165,3.000,3.000
253.193,170.965,3.000,3.000
253.016,170.764,3.000,3.000
253.098,170.657,3.000,3.000
253.110,170.504,3.000,3.000
253.098,170.327,3.000,3.000
253.110,170.150,3.000,3.000
252.980,170.091,3.000,3.000
253.630,169.654,3.000,3.000
253.571,169.760,3.000,3.000
253.512,169.866,3.000,3.000
253.453,169.949,3.000,3.000
253.488,169.984,3.000,3.000
253.476,170.020,3.000,3.000
253.394,169.819,3.000,3.000
253.429,169.831,3.000,3.000
253.464,169.772,3.000,3.000
253.594,169.925,3.000,3.000
254.457,169.772,3.000,3.000
254.350,169.453,3.000,3.000
254.268,168.921,3.000,3.000
254.256,168.839,3.000,3.000
254.244,168.756,3.000,3.000
254.185,168.579,3.000,3.000
254.291,168.142,3.000,3.000
254.232,167.917,3.000,3.000
254.244,168.094,3.000,3.000
254.114,167.634,3.000,3.000
254.008,167.882,3.000,3.000
253.878,168.083,3.000,3.000
254.598,167.905,3.000,3.000
254.492,168.083,3.000,3.000
254.339,167.622,3.000,3.000
254.468,168.035,3.000,3.000
254.598,167.787,3.000,3.000
254.728,168.248,3.000,3.000
254.882,168.094,3.000,3.000
255.059,168.248,3.000,3.000
254.220,168.142,3.000,3.000
254.256,168.106,3.000,3.000
254.291,168.047,3.000,3.000
254.350,168.012,3.000,3.000
254.315,167.906,3.000,3.000
254.256,168.295,3.000,3.000
254.244,168.165,3.000,3.000
254.209,168.012,3.000,3.000
254.173,167.953,3.000,3.000
254.161,168.201,3.000,3.000
254.102,168.118,3.000,3.000
254.020,167.988,3.000,3.000
253.984,168.378,3.000,3.000
254.846,168.484,3.000,3.000
254.811,168.520,3.000,3.000
254.799,168.437,3.000,3.000
254.905,168.354,3.000,3.000
254.870,168.224,3.000,3.000
255.000,167.976,3.000,3.000
255.224,168.154,3.000,3.000
254.433,167.669,3.000,3.000
254.516,167.823,3.000,3.000
254.457,167.976,3.000,3.000
254.327,167.941,3.000,3.000
254.173,167.504,3.000,3.000
254.020,167.610,3.000,3.000
253.842,167.528,3.000,3.000
254.657,167.469,3.000,3.000
254.504,167.386,3.000,3.000
254.350,167.280,3.000,3.000
254.173,165.331,3.000,3.000
254.020,165.154,3.000,3.000
253.866,164.929,3.000,3.000
254.610,165.366,3.000,3.000
254.433,165.283,3.000,3.000
254.303,165.059,3.000,3.000
254.244,164.882,3.000,3.000
254.303,165.295,3.000,3.000
254.362,164.882,3.000,3.000
254.445,165.224,3.000,3.000
254.504,164.835,3.000,3.000
254.610,165.272,3.000,3.000
254.693,164.858,3.000,3.000
254.799,165.272,3.000,3.000
254.905,164.858,3.000,3.000
255.083,165.083,3.000,3.000
254.480,164.457,3.000,3.000
254.752,164.492,3.000,3.000
255.024,164.528,3.000,3.000
254.516,164.563,3.000,3.000
254.905,164.598,3.000,3.000
255.106,164.634,3.000,3.000
254.433,164.740,3.000,3.000
254.563,164.799,3.000,3.000
254.716,164.905,3.000,3.000
254.516,165.012,3.000,3.000
254.220,164.457,3.000,3.000
253.996,164.421,3.000,3.000
254.716,164.575,3.000,3.000
254.799,164.421,3.000,3.000
254.882,164.291,3.000,3.000
254.964,164.138,3.000,3.000
255.047,163.984,3.000,3.000
254.303,163.571,3.000,3.000
254.433,163.110,3.000,3.000
254.398,163.216,3.000,3.000
254.362,163.323,3.000,3.000
254.350,163.547,3.000,3.000
254.338,163.961,3.000,3.000
254.327,164.138,3.000,3.000
254.315,164.102,3.000,3.000
254.303,164.043,3.000,3.000
254.244,164.150,3.000,3.000
254.185,164.232,3.000,3.000
254.126,164.315,3.000,3.000
254.067,164.398,3.000,3.000
254.008,164.480,3.000,3.000
253.854,164.587,3.000,3.000
254.716,164.693,3.000,3.000
254.587,164.752,3.000,3.000
254.220,164.976,3.000,3.000
253.831,165.130,3.000,3.000
254.362,165.189,3.000,3.000
253.878,165.059,3.000,3.000
254.338,164.622,3.000,3.000
253.878,164.752,3.000,3.000
254.362,164.858,3.000,3.000
253.901,164.964,3.000,3.000
254.409,165.118,3.000,3.000
253.996,164.610,3.000,3.000
254.551,164.480,3.000,3.000
254.185,164.374,3.000,3.000
253.842,164.268,3.000,3.000
254.445,164.232,3.000,3.000
254.173,164.150,3.000,3.000
253.901,164.067,3.000,3.000
254.527,163.937,3.000,3.000
254.232,164.138,3.000,3.000
253.961,164.150,3.000,3.000
254.610,164.161,3.000,3.000
254.339,164.197,3.000,3.000
254.114,164.279,3.000,3.000
254.031,164.268,3.000,3.000
253.925,164.374,3.000,3.000
254.787,164.551,3.000,3.000
254.823,164.468,3.000,3.000
254.858,164.409,3.000,3.000
254.823,164.516,3.000,3.000
254.787,164.409,3.000,3.000
254.752,164.303,3.000,3.000
254.716,164.197,3.000,3.000
254.610,164.138,3.000,3.000
254.504,164.079,3.000,3.000
254.445,163.902,3.000,3.000
254.291,164.055,3.000,3.000
254.161,163.642,3.000,3.000
254.055,163.701,3.000,3.000
253.902,163.783,3.000,3.000
254.740,163.842,3.000,3.000
254.870,164.256,3.000,3.000
255.071,164.433,3.000,3.000
254.539,164.563,3.000,3.000
254.811,164.646,3.000,3.000
255.295,164.728,3.000,3.000
255.094,164.811,3.000,3.000
254.894,164.799,3.000,3.000
255.543,164.787,3.000,3.000
255.342,164.870,3.000,3.000
255.118,164.929,3.000,3.000
254.870,164.870,3.000,3.000
255.496,164.622,3.000,3.000
255.059,164.421,3.000,3.000
254.622,164.220,3.000,3.000
255.177,164.067,3.000,3.000
254.740,163.961,3.000,3.000
255.012,164.138,3.000,3.000
254.504,164.008,3.000,3.000
254.941,163.854,3.000,3.000
255.213,163.772,3.000,3.000
254.398,164.185,3.000,3.000
254.457,164.220,3.000,3.000
254.492,164.279,3.000,3.000
254.551,164.386,3.000,3.000
254.728,164.516,3.000,3.000
254.929,164.669,3.000,3.000
255.153,164.823,3.000,3.000
254.551,164.882,3.000,3.000
254.657,165.012,3.000,3.000
254.835,164.551,3.000,3.000
254.917,164.657,3.000,3.000
255.000,164.787,3.000,3.000
255.059,164.941,3.000,3.000
254.173,165.142,3.000,3.000
254.043,164.705,3.000,3.000
254.126,164.882,3.000,3.000
253.878,164.941,3.000,3.000
254.575,164.953,3.000,3.000
254.350,165.012,3.000,3.000
254.055,164.905,3.000,3.000
253.949,165.130,3.000,3.000
254.811,164.905,3.000,3.000
254.775,165.319,3.000,3.000
254.646,165.000,3.000,3.000
254.610,165.390,3.000,3.000
254.480,165.094,3.000,3.000
254.539,164.610,3.000,3.000
254.669,164.764,3.000,3.000
254.799,164.917,3.000,3.000
254.929,165.071,3.000,3.000
254.941,164.516,3.000,3.000
255.024,164.480,3.000,3.000
254.067,164.374,3.000,3.000
254.079,164.268,3.000,3.000
254.090,164.138,3.000,3.000
254.102,164.008,3.000,3.000
254.138,163.854,3.000,3.000
254.244,164.079,3.000,3.000
254.374,164.185,3.000,3.000
254.527,164.268,3.000,3.000
254.681,164.350,3.000,3.000
254.527,164.291,3.000,3.000
254.327,164.209,3.000,3.000
254.244,164.339,3.000,3.000
254.138,164.468,3.000,3.000
254.031,164.598,3.000,3.000
254.090,164.799,3.000,3.000
254.173,165.000,3.000,3.000
254.256,165.177,3.000,3.000
254.338,164.693,3.000,3.000
254.421,164.846,3.000,3.000
254.504,164.906,3.000,3.000
254.563,164.941,3.000,3.000
254.646,165.024,3.000,3.000
254.728,164.539,3.000,3.000
254.882,164.764,3.000,3.000
255.248,164.563,3.000,3.000
254.740,164.315,3.000,3.000
255.177,163.996,3.000,3.000
254.835,164.268,3.000,3.000
254.964,163.807,3.000,3.000
254.905,163.984,3.000,3.000
254.775,163.925,3.000,3.000
254.646,163.890,3.000,3.000
254.492,163.807,3.000,3.000
254.315,163.772,3.000,3.000
253.878,163.524,3.000,3.000
254.362,163.134,3.000,3.000
253.949,162.957,3.000,3.000
254.173,163.181,3.000,3.000
253.712,163.122,3.000,3.000
254.008,163.016,3.000,3.000
253.571,162.957,3.000,3.000
253.795,163.181,3.000,3.000
254.303,163.264,3.000,3.000
253.866,163.346,3.000,3.000
254.421,163.500,3.000,3.000
253.866,163.488,3.000,3.000
254.067,163.571,3.000,3.000
253.512,163.559,3.000,3.000
253.665,163.594,3.000,3.000
253.559,163.819,3.000,3.000
253.453,164.067,3.000,3.000
253.559,163.937,3.000,3.000
253.476,164.232,3.000,3.000
253.016,164.669,3.000,3.000
251.988,166.594,3.000,3.000
251.882,166.512,3.000,3.000
253.311,169.028,3.000,3.000
251.646,171.047,3.000,3.000
253.689,173.776,3.000,3.000
252.543,171.661,3.000,3.000
250.122,174.815,3.000,3.000
248.102,177.969,3.000,3.000
246.649,180.366,3.000,3.000
246.425,177.236,3.000,3.000
245.209,180.390,3.000,3.000
244.701,180.165,3.000,3.000
246.460,183.319,3.000,3.000
244.819,184.677,3.000,3.000
245.988,181.524,3.000,3.000
245.527,181.441,3.000,3.000
244.760,181.925,3.000,3.000
243.756,185.079,3.000,3.000
243.909,185.114,3.000,3.000
243.992,185.598,3.000,3.000
244.075,186.059,3.000,3.000
244.039,185.976,3.000,3.000
243.957,186.862,3.000,3.000
243.898,186.803,3.000,3.000
243.838,186.721,3.000,3.000
243.756,186.874,3.000,3.000
243.649,186.933,3.000,3.000
243.543,186.803,3.000,3.000
243.437,186.721,3.000,3.000
243.331,187.158,3.000,3.000
243.201,187.311,3.000,3.000
242.953,187.441,3.000,3.000
243.413,187.689,3.000,3.000
243.212,187.890,3.000,3.000
243.059,188.138,3.000,3.000
242.858,187.913,3.000,3.000
239.705,191.067,3.000,3.000
241.512,194.221,3.000,3.000
244.665,197.374,3.000,3.000
247.819,195.071,3.000,3.000
248.799,192.697,3.000,3.000
245.646,189.543,3.000,3.000
243.555,192.697,3.000,3.000
246.709,195.850,3.000,3.000
243.957,193.807,3.000,3.000
246.024,191.126,3.000,3.000
242.870,194.280,3.000,3.000
239.716,191.126,3.000,3.000
241.405,190.382,3.000,3.000
240.827,189.213,3.000,3.000
241.760,190.831,3.000,3.000
241.724,190.937,3.000,3.000
242.421,192.957,3.000,3.000
241.181,192.496,3.000,3.000
244.335,189.343,3.000,3.000
244.323,189.520,3.000,3.000
244.311,189.697,3.000,3.000
244.299,189.874,3.000,3.000
244.287,190.051,3.000,3.000
244.299,189.992,3.000,3.000
247.429,189.791,3.000,3.000
247.559,190.394,3.000,3.000
246.224,189.886,3.000,3.000
246.047,189.874,3.000,3.000
245.894,189.862,3.000,3.000
245.882,188.835,3.000,3.000
249.035,190.311,3.000,3.000
248.929,189.992,3.000,3.000
249.413,190.169,3.000,3.000
249.307,189.850,3.000,3.000
249.083,190.075,3.000,3.000
248.976,189.756,3.000,3.000
249.768,190.288,3.000,3.000
249.614,190.039,3.000,3.000
249.461,189.791,3.000,3.000
249.331,190.299,3.000,3.000
249.153,190.028,3.000,3.000
250.346,189.969,3.000,3.000
250.169,190.476,3.000,3.000
250.205,190.323,3.000,3.000
250.713,190.429,3.000,3.000
252.331,189.543,3.000,3.000
252.555,189.697,3.000,3.000
252.779,189.850,3.000,3.000
252.602,189.980,3.000,3.000
255.756,187.488,3.000,3.000
256.571,187.429,3.000,3.000
256.512,187.370,3.000,3.000
256.524,187.547,3.000,3.000
259.276,184.394,3.000,3.000
259.146,184.240,3.000,3.000
259.016,184.087,3.000,3.000
258.815,183.295,3.000,3.000
259.276,183.236,3.000,3.000
259.075,183.201,3.000,3.000
258.898,183.071,3.000,3.000
259.429,183.272,3.000,3.000
259.228,183.520,3.000,3.000
259.028,183.768,3.000,3.000
258.898,183.638,3.000,3.000
259.335,183.508,3.000,3.000
259.205,183.378,3.000,3.000
258.791,183.248,3.000,3.000
257.126,182.433,3.000,3.000
256.547,182.445,3.000,3.000
253.394,181.536,3.000,3.000
251.610,181.665,3.000,3.000
251.622,181.772,3.000,3.000
251.634,181.878,3.000,3.000
251.646,181.961,3.000,3.000
252.154,182.870,3.000,3.000
252.402,183.898,3.000,3.000
252.909,183.980,3.000,3.000
256.063,180.827,3.000,3.000
255.957,181.264,3.000,3.000
256.795,180.803,3.000,3.000
258.697,183.957,3.000,3.000
259.039,184.465,3.000,3.000
258.366,184.335,3.000,3.000
258.118,184.181,3.000,3.000
258.154,183.579,3.000,3.000
258.024,182.717,3.000,3.000
255.272,180.295,3.000,3.000
254.717,179.740,3.000,3.000
257.847,179.965,3.000,3.000
261.000,176.811,3.000,3.000
262.665,178.453,3.000,3.000
263.126,178.937,3.000,3.000
260.965,175.784,3.000,3.000
261.284,174.898,3.000,3.000
260.374,176.114,3.000,3.000
261.213,175.890,3.000,3.000
262.169,176.043,3.000,3.000
259.725,173.504,3.000,3.000
262.878,170.350,3.000,3.000
260.906,172.110,3.000,3.000
261.036,171.910,3.000,3.000
261.638,172.772,3.000,3.000
263.728,170.752,3.000,3.000
262.488,167.622,3.000,3.000
264.579,170.776,3.000,3.000
265.417,170.339,3.000,3.000
265.099,170.232,3.000,3.000
264.213,173.386,3.000,3.000
262.949,175.689,3.000,3.000
261.685,178.843,3.000,3.000
259.217,181.996,3.000,3.000
256.063,185.150,3.000,3.000
254.847,185.705,3.000,3.000
252.850,188.858,3.000,3.000
252.980,190.902,3.000,3.000
253.087,191.032,3.000,3.000
250.311,189.626,3.000,3.000
250.417,189.756,3.000,3.000
249.201,192.886,3.000,3.000
248.197,190.937,3.000,3.000
249.012,190.949,3.000,3.000
248.953,191.480,3.000,3.000
250.618,191.256,3.000,3.000
250.843,191.055,3.000,3.000
250.996,190.500,3.000,3.000
250.819,190.323,3.000,3.000
251.067,190.429,3.000,3.000
250.512,189.638,3.000,3.000
249.957,189.721,3.000,3.000
250.158,189.874,3.000,3.000
248.091,189.957,3.000,3.000
247.961,190.063,3.000,3.000
249.248,189.295,3.000,3.000
249.803,189.803,3.000,3.000
251.043,188.941,3.000,3.000
254.197,185.787,3.000,3.000
254.185,184.878,3.000,3.000
254.339,184.795,3.000,3.000
257.492,184.949,3.000,3.000
257.598,185.457,3.000,3.000
257.516,184.760,3.000,3.000
257.457,184.937,3.000,3.000
257.421,184.854,3.000,3.000
257.457,185.055,3.000,3.000
257.492,184.193,3.000,3.000
257.622,184.394,3.000,3.000
257.776,184.902,3.000,3.000
254.622,183.189,3.000,3.000
253.949,182.917,3.000,3.000
254.150,183.473,3.000,3.000
253.500,183.059,3.000,3.000
256.654,183.780,3.000,3.000
257.610,184.358,3.000,3.000
257.811,184.677,3.000,3.000
257.965,184.902,3.000,3.000
258.142,184.772,3.000,3.000
257.421,184.736,3.000,3.000
257.575,185.244,3.000,3.000
257.705,184.453,3.000,3.000
257.811,184.961,3.000,3.000
257.917,184.949,3.000,3.000
258.354,184.724,3.000,3.000
258.272,184.642,3.000,3.000
258.142,184.606,3.000,3.000
258.295,184.760,3.000,3.000
258.520,184.913,3.000,3.000
257.563,185.752,3.000,3.000
257.551,185.646,3.000,3.000
257.634,184.807,3.000,3.000
257.858,185.315,3.000,3.000
258.059,184.831,3.000,3.000
257.480,185.410,3.000,3.000
257.870,184.949,3.000,3.000
258.402,185.599,3.000,3.000
257.941,185.350,3.000,3.000
258.165,185.055,3.000,3.000
257.634,184.831,3.000,3.000
257.740,185.480,3.000,3.000
257.964,185.398,3.000,3.000
258.071,185.953,3.000,3.000
257.327,186.437,3.000,3.000
257.409,186.024,3.000,3.000
257.492,185.610,3.000,3.000
254.338,183.543,3.000,3.000
254.398,183.650,3.000,3.000
257.551,180.945,3.000,3.000
257.681,180.791,3.000,3.000
257.787,180.638,3.000,3.000
258.295,180.626,3.000,3.000
258.212,180.449,3.000,3.000
258.130,180.272,3.000,3.000
257.338,183.425,3.000,3.000
257.303,184.287,3.000,3.000
257.102,183.473,3.000,3.000
256.571,183.343,3.000,3.000
259.724,183.307,3.000,3.000
259.240,183.508,3.000,3.000
259.299,183.047,3.000,3.000
262.453,179.894,3.000,3.000
262.795,179.693,3.000,3.000
263.067,178.453,3.000,3.000
263.339,176.126,3.000,3.000
260.964,174.650,3.000,3.000
261.024,176.291,3.000,3.000
261.413,176.445,3.000,3.000
261.378,176.575,3.000,3.000
261.531,176.469,3.000,3.000
258.378,179.221,3.000,3.000
258.295,179.067,3.000,3.000
258.520,179.929,3.000,3.000
258.437,180.012,3.000,3.000
258.283,182.008,3.000,3.000
258.886,182.917,3.000,3.000
262.039,183.850,3.000,3.000
261.531,180.721,3.000,3.000
262.866,183.874,3.000,3.000
263.398,183.721,3.000,3.000
262.984,183.567,3.000,3.000
261.720,183.673,3.000,3.000
262.110,183.213,3.000,3.000
263.728,183.390,3.000,3.000
264.189,181.724,3.000,3.000
264.366,180.910,3.000,3.000
264.354,180.780,3.000,3.000
264.673,180.980,3.000,3.000
263.811,181.417,3.000,3.000
263.587,181.878,3.000,3.000
263.362,182.339,3.000,3.000
263.398,182.421,3.000,3.000
261.378,183.780,3.000,3.000
258.248,181.807,3.000,3.000
257.362,181.913,3.000,3.000
257.823,182.043,3.000,3.000
258.354,181.441,3.000,3.000
257.799,181.618,3.000,3.000
258.283,182.480,3.000,3.000
258.461,182.988,3.000,3.000
258.283,183.827,3.000,3.000
258.531,183.886,3.000,3.000
259.205,184.417,3.000,3.000
258.957,184.524,3.000,3.000
258.425,184.299,3.000,3.000
258.862,184.098,3.000,3.000
259.346,183.992,3.000,3.000
258.508,184.500,3.000,3.000
258.189,184.583,3.000,3.000
257.988,184.665,3.000,3.000
255.520,183.071,3.000,3.000
258.177,183.980,3.000,3.000
257.953,184.488,3.000,3.000
258.744,184.287,3.000,3.000
258.874,183.803,3.000,3.000
259.027,183.650,3.000,3.000
258.614,183.425,3.000,3.000
258.626,183.508,3.000,3.000
258.425,183.661,3.000,3.000
258.248,183.815,3.000,3.000
257.764,183.378,3.000,3.000
258.035,183.319,3.000,3.000
257.527,182.858,3.000,3.000
258.319,182.917,3.000,3.000
258.024,184.110,3.000,3.000
257.823,183.720,3.000,3.000
257.953,184.890,3.000,3.000
258.059,184.736,3.000,3.000
257.480,184.323,3.000,3.000
257.752,184.004,3.000,3.000
257.929,183.543,3.000,3.000
258.083,183.791,3.000,3.000
257.787,184.252,3.000,3.000
258.201,183.791,3.000,3.000
257.646,183.969,3.000,3.000
257.823,184.169,3.000,3.000
258.000,183.969,3.000,3.000
258.248,184.146,3.000,3.000
257.716,183.969,3.000,3.000
257.988,184.146,3.000,3.000
258.449,183.732,3.000,3.000
258.083,183.484,3.000,3.000
257.716,182.598,3.000,3.000
258.248,182.327,3.000,3.000
259.110,182.575,3.000,3.000
258.248,182.327,3.000,3.000
258.142,181.913,3.000,3.000
258.177,183.508,3.000,3.000
257.291,184.016,3.000,3.000
257.775,183.484,3.000,3.000
254.622,184.039,3.000,3.000
257.775,184.004,3.000,3.000
257.716,184.228,3.000,3.000
258.319,183.697,3.000,3.000
258.472,184.181,3.000,3.000
257.799,184.028,3.000,3.000
257.669,183.992,3.000,3.000
257.657,184.594,3.000,3.000
257.598,184.346,3.000,3.000
257.516,184.193,3.000,3.000
257.504,184.016,3.000,3.000
257.445,183.791,3.000,3.000
257.480,184.039,3.000,3.000
258.272,182.846,3.000,3.000
257.811,183.378,3.000,3.000
257.823,184.287,3.000,3.000
257.787,184.228,3.000,3.000
257.539,184.004,3.000,3.000
258.000,183.165,3.000,3.000
258.130,183.413,3.000,3.000
257.339,184.276,3.000,3.000
257.445,184.429,3.000,3.000
257.693,184.843,3.000,3.000
257.799,185.138,3.000,3.000
257.882,184.890,3.000,3.000
257.823,185.138,3.000,3.000
254.693,183.331,3.000,3.000
254.539,183.177,3.000,3.000
253.772,183.661,3.000,3.000
254.185,183.720,3.000,3.000
257.338,182.551,3.000,3.000
257.516,182.634,3.000,3.000
256.512,183.236,3.000,3.000
258.177,183.012,3.000,3.000
260.149,181.323,3.000,3.000
258.531,183.319,3.000,3.000
257.409,184.181,3.000,3.000
257.256,184.098,3.000,3.000
257.102,183.921,3.000,3.000
257.492,184.004,3.000,3.000
257.339,182.811,3.000,3.000
257.516,183.650,3.000,3.000
257.669,184.181,3.000,3.000
259.240,183.531,3.000,3.000
257.433,184.228,3.000,3.000
257.657,184.075,3.000,3.000
257.882,183.661,3.000,3.000
258.035,184.216,3.000,3.000
257.291,183.945,3.000,3.000
257.374,184.193,3.000,3.000
257.220,183.968,3.000,3.000
257.279,184.405,3.000,3.000
257.764,183.898,3.000,3.000
258.626,184.004,3.000,3.000
257.622,184.535,3.000,3.000
257.610,184.783,3.000,3.000
257.575,184.961,3.000,3.000
257.539,185.161,3.000,3.000
257.504,184.346,3.000,3.000
257.516,184.524,3.000,3.000
257.457,184.417,3.000,3.000
257.350,184.287,3.000,3.000
257.504,184.252,3.000,3.000
257.398,184.122,3.000,3.000
257.527,183.921,3.000,3.000
257.705,184.453,3.000,3.000
258.142,184.181,3.000,3.000
257.374,183.957,3.000,3.000
257.386,184.110,3.000,3.000
257.492,184.264,3.000,3.000
257.409,184.535,3.000,3.000
257.374,184.972,3.000,3.000
257.480,185.551,3.000,3.000
257.657,185.398,3.000,3.000
257.882,185.244,3.000,3.000
257.894,184.807,3.000,3.000
257.905,185.055,3.000,3.000
257.799,184.453,3.000,3.000
257.693,184.606,3.000,3.000
257.657,184.807,3.000,3.000
257.693,184.984,3.000,3.000
257.728,185.232,3.000,3.000
257.811,184.323,3.000,3.000
258.390,184.216,3.000,3.000
258.071,184.346,3.000,3.000
257.941,184.453,3.000,3.000
258.425,184.630,3.000,3.000
257.563,185.563,3.000,3.000
257.575,185.716,3.000,3.000
257.634,185.870,3.000,3.000
257.740,185.740,3.000,3.000
257.893,185.705,3.000,3.000
258.047,185.646,3.000,3.000
257.232,185.492,3.000,3.000
257.267,185.339,3.000,3.000
257.208,184.429,3.000,3.000
257.173,184.323,3.000,3.000
257.185,184.240,3.000,3.000
257.197,184.134,3.000,3.000
257.256,183.980,3.000,3.000
257.291,184.654,3.000,3.000
257.279,183.744,3.000,3.000
257.244,184.299,3.000,3.000
257.421,183.839,3.000,3.000
257.598,183.732,3.000,3.000
258.437,183.201,3.000,3.000
258.543,183.425,3.000,3.000
259.027,183.319,3.000,3.000
258.850,183.118,3.000,3.000
258.649,182.256,3.000,3.000
258.827,182.031,3.000,3.000
259.122,182.209,3.000,3.000
258.260,182.102,3.000,3.000
257.256,183.673,3.000,3.000
258.165,184.583,3.000,3.000
257.208,184.004,3.000,3.000
257.149,183.827,3.000,3.000
257.067,183.295,3.000,3.000
256.960,183.213,3.000,3.000
257.870,182.728,3.000,3.000
257.953,182.787,3.000,3.000
257.799,184.405,3.000,3.000
259.252,182.646,3.000,3.000
257.138,185.138,3.000,3.000
256.984,184.654,3.000,3.000
257.775,184.405,3.000,3.000
259.110,183.118,3.000,3.000
257.941,180.437,3.000,3.000
258.023,180.213,3.000,3.000
257.020,183.366,3.000,3.000
256.819,184.299,3.000,3.000
256.878,184.783,3.000,3.000
258.543,184.701,3.000,3.000
258.838,184.547,3.000,3.000
257.598,184.748,3.000,3.000
254.894,185.232,3.000,3.000
255.047,185.173,3.000,3.000
256.807,184.500,3.000,3.000
257.646,184.606,3.000,3.000
257.539,184.783,3.000,3.000
257.527,185.031,3.000,3.000
257.516,184.547,3.000,3.000
257.433,184.748,3.000,3.000
257.398,185.398,3.000,3.000
257.268,184.890,3.000,3.000
257.303,185.067,3.000,3.000
257.409,184.134,3.000,3.000
257.468,184.028,3.000,3.000
257.551,183.945,3.000,3.000
257.492,184.831,3.000,3.000
257.504,184.701,3.000,3.000
257.468,184.571,3.000,3.000
257.409,184.488,3.000,3.000
257.327,184.925,3.000,3.000
257.409,185.150,3.000,3.000
258.319,184.594,3.000,3.000
257.504,185.150,3.000,3.000
258.342,184.736,3.000,3.000
257.716,185.268,3.000,3.000
257.705,184.736,3.000,3.000
257.716,184.937,3.000,3.000
257.776,185.067,3.000,3.000
257.858,184.488,3.000,3.000
257.799,184.760,3.000,3.000
257.716,185.244,3.000,3.000
254.941,184.051,3.000,3.000
254.976,183.969,3.000,3.000
258.130,184.524,3.000,3.000
257.197,184.063,3.000,3.000
257.067,183.909,3.000,3.000
256.961,184.465,3.000,3.000
257.846,184.264,3.000,3.000
257.693,184.039,3.000,3.000
257.539,183.886,3.000,3.000
257.409,184.488,3.000,3.000
257.232,184.382,3.000,3.000
257.126,184.228,3.000,3.000
257.020,184.004,3.000,3.000
256.890,183.756,3.000,3.000
257.846,185.728,3.000,3.000
257.764,185.811,3.000,3.000
257.799,185.752,3.000,3.000
257.717,185.835,3.000,3.000
257.823,185.610,3.000,3.000
257.976,185.433,3.000,3.000
257.917,185.161,3.000,3.000
257.953,184.299,3.000,3.000
257.988,184.051,3.000,3.000
258.071,184.630,3.000,3.000
257.894,184.335,3.000,3.000
261.047,184.276,3.000,3.000
260.398,184.240,3.000,3.000
260.457,184.087,3.000,3.000
260.421,183.909,3.000,3.000
260.244,184.559,3.000,3.000
260.067,184.405,3.000,3.000
259.961,184.276,3.000,3.000
260.610,184.146,3.000,3.000
260.504,184.039,3.000,3.000
260.303,183.862,3.000,3.000
260.197,184.417,3.000,3.000
260.091,184.004,3.000,3.000
260.221,183.945,3.000,3.000
257.776,184.831,3.000,3.000
259.016,184.394,3.000,3.000
259.146,184.193,3.000,3.000
258.874,184.370,3.000,3.000
258.744,184.146,3.000,3.000
256.087,181.465,3.000,3.000
255.602,181.642,3.000,3.000
252.449,184.795,3.000,3.000
251.894,183.862,3.000,3.000
252.874,183.283,3.000,3.000
252.744,183.461,3.000,3.000
251.929,185.504,3.000,3.000
250.264,188.091,3.000,3.000
249.094,188.173,3.000,3.000
247.051,188.020,3.000,3.000
247.181,188.244,3.000,3.000
247.311,188.114,3.000,3.000
247.772,187.205,3.000,3.000
250.925,188.870,3.000,3.000
252.189,189.094,3.000,3.000
251.610,190.051,3.000,3.000
251.693,192.024,3.000,3.000
251.965,191.894,3.000,3.000
249.213,190.606,3.000,3.000
249.697,190.075,3.000,3.000
251.953,192.567,3.000,3.000
252.980,190.547,3.000,3.000
253.866,190.677,3.000,3.000
250.713,188.681,3.000,3.000
250.606,187.842,3.000,3.000
251.327,190.216,3.000,3.000
250.795,191.126,3.000,3.000
250.925,191.303,3.000,3.000
251.102,191.504,3.000,3.000
251.043,191.563,3.000,3.000
250.984,191.622,3.000,3.000
251.161,191.894,3.000,3.000
250.559,192.118,3.000,3.000
250.713,191.681,3.000,3.000
251.221,192.213,3.000,3.000
251.114,192.059,3.000,3.000
251.008,191.905,3.000,3.000
250.736,192.130,3.000,3.000
250.913,191.339,3.000,3.000
251.516,191.445,3.000,3.000
251.386,191.527,3.000,3.000
251.256,191.610,3.000,3.000
250.772,191.575,3.000,3.000
251.114,191.563,3.000,3.000
250.984,191.669,3.000,3.000
251.823,192.153,3.000,3.000
251.787,191.268,3.000,3.000
252.602,190.878,3.000,3.000
251.032,190.653,3.000,3.000
250.453,190.476,3.000,3.000
250.583,190.252,3.000,3.000
251.114,189.768,3.000,3.000
250.299,189.850,3.000,3.000
250.193,189.957,3.000,3.000
250.063,190.110,3.000,3.000
250.240,190.122,3.000,3.000
250.063,190.016,3.000,3.000
250.098,190.287,3.000,3.000
248.858,190.842,3.000,3.000
248.965,191.303,3.000,3.000
248.480,191.764,3.000,3.000
248.705,191.563,3.000,3.000
247.748,190.370,3.000,3.000
248.067,187.240,3.000,3.000
247.843,185.268,3.000,3.000
247.193,186.980,3.000,3.000
244.772,186.803,3.000,3.000
244.453,185.563,3.000,3.000
244.016,185.079,3.000,3.000
242.303,183.413,3.000,3.000
241.677,183.189,3.000,3.000
239.681,183.838,3.000,3.000
240.095,182.976,3.000,3.000
239.587,182.728,3.000,3.000
240.402,181.842,3.000,3.000
240.248,181.642,3.000,3.000
240.095,181.866,3.000,3.000
240.744,183.153,3.000,3.000
240.567,183.803,3.000,3.000
243.721,184.878,3.000,3.000
242.835,181.748,3.000,3.000
245.988,178.594,3.000,3.000
242.835,181.086,3.000,3.000
242.705,180.862,3.000,3.000
240.567,178.086,3.000,3.000
241.075,177.295,3.000,3.000
239.787,174.142,3.000,3.000
239.657,172.193,3.000,3.000
239.882,174.921,3.000,3.000
243.035,172.689,3.000,3.000
243.472,172.606,3.000,3.000
243.012,172.453,3.000,3.000
241.535,175.606,3.000,3.000
241.807,176.161,3.000,3.000
242.291,176.031,3.000,3.000
242.185,175.500,3.000,3.000
242.386,175.960,3.000,3.000
242.870,174.366,3.000,3.000
242.787,174.803,3.000,3.000
243.012,174.720,3.000,3.000
246.165,171.567,3.000,3.000
247.146,171.083,3.000,3.000
250.299,167.929,3.000,3.000
249.862,167.775,3.000,3.000
249.992,167.953,3.000,3.000
249.106,167.775,3.000,3.000
249.567,167.669,3.000,3.000
249.106,167.232,3.000,3.000
248.197,167.858,3.000,3.000
248.303,167.705,3.000,3.000
248.409,167.598,3.000,3.000
248.445,167.728,3.000,3.000
248.339,167.669,3.000,3.000
248.256,168.579,3.000,3.000
251.409,166.417,3.000,3.000
253.524,163.287,3.000,3.000
254.362,163.677,3.000,3.000
255.295,162.791,3.000,3.000
255.000,162.307,3.000,3.000
254.469,159.153,3.000,3.000
254.953,159.543,3.000,3.000
254.398,159.390,3.000,3.000
253.843,159.236,3.000,3.000
253.925,159.059,3.000,3.000
253.630,159.307,3.000,3.000
253.406,159.768,3.000,3.000
250.252,160.275,3.000,3.000
248.917,161.941,3.000,3.000
247.984,165.071,3.000,3.000
247.949,164.634,3.000,3.000
248.008,164.716,3.000,3.000
247.925,167.846,3.000,3.000
248.858,167.787,3.000,3.000
248.823,167.894,3.000,3.000
249.024,167.976,3.000,3.000
248.469,168.083,3.000,3.000
248.646,167.598,3.000,3.000
246.815,164.445,3.000,3.000
247.654,164.173,3.000,3.000
248.185,164.020,3.000,3.000
248.126,164.197,3.000,3.000
247.595,163.311,3.000,3.000
247.654,163.134,3.000,3.000
247.784,163.264,3.000,3.000
250.913,161.244,3.000,3.000
251.209,161.516,3.000,3.000
254.362,164.669,3.000,3.000
254.965,167.823,3.000,3.000
254.787,168.638,3.000,3.000
255.272,168.437,3.000,3.000
255.071,168.992,3.000,3.000
255.035,169.075,3.000,3.000
255.118,169.039,3.000,3.000
255.224,169.169,3.000,3.000
255.425,168.661,3.000,3.000
255.815,168.697,3.000,3.000
255.921,168.590,3.000,3.000
257.469,168.602,3.000,3.000
257.457,168.472,3.000,3.000
256.973,168.909,3.000,3.000
257.740,169.086,3.000,3.000
256.949,168.106,3.000,3.000
257.055,167.315,3.000,3.000
256.169,168.224,3.000,3.000
255.850,168.378,3.000,3.000
256.240,168.437,3.000,3.000
255.969,168.614,3.000,3.000
256.453,168.815,3.000,3.000
256.205,168.756,3.000,3.000
256.264,168.957,3.000,3.000
256.323,172.087,3.000,3.000
256.476,171.201,3.000,3.000
259.181,174.354,3.000,3.000
259.004,175.169,3.000,3.000
260.598,175.394,3.000,3.000
261.437,175.287,3.000,3.000
261.921,173.646,3.000,3.000
262.169,173.516,3.000,3.000
261.874,173.338,3.000,3.000
261.791,173.185,3.000,3.000
261.709,173.409,3.000,3.000
261.461,173.492,3.000,3.000
261.543,173.575,3.000,3.000
264.673,172.335,3.000,3.000
264.803,170.905,3.000,3.000
264.295,171.059,3.000,3.000
264.402,171.992,3.000,3.000
264.508,172.925,3.000,3.000
264.638,172.748,3.000,3.000
264.791,172.665,3.000,3.000
264.945,172.512,3.000,3.000
263.232,175.665,3.000,3.000
262.654,175.819,3.000,3.000
262.831,176.350,3.000,3.000
262.654,175.464,3.000,3.000
259.500,172.311,3.000,3.000
258.260,171.779,3.000,3.000
256.217,169.500,3.000,3.000
257.480,171.850,3.000,3.000
257.658,172.335,3.000,3.000
257.787,172.181,3.000,3.000
257.917,171.886,3.000,3.000
261.071,175.039,3.000,3.000
261.154,174.791,3.000,3.000
261.047,174.378,3.000,3.000
260.067,174.201,3.000,3.000
260.268,174.165,3.000,3.000
260.468,174.602,3.000,3.000
260.409,174.709,3.000,3.000
261.768,176.705,3.000,3.000
261.307,176.149,3.000,3.000
262.122,175.972,3.000,3.000
264.142,176.031,3.000,3.000
261.342,176.256,3.000,3.000
259.370,174.992,3.000,3.000
261.413,176.279,3.000,3.000
260.457,175.417,3.000,3.000
263.610,172.264,3.000,3.000
263.787,172.512,3.000,3.000
263.776,171.602,3.000,3.000
264.024,172.819,3.000,3.000
263.067,169.689,3.000,3.000
262.961,170.268,3.000,3.000
263.846,170.043,3.000,3.000
264.378,170.598,3.000,3.000
263.776,172.334,3.000,3.000
264.661,169.181,3.000,3.000
264.437,169.004,3.000,3.000
264.591,168.472,3.000,3.000
264.791,168.649,3.000,3.000
264.992,168.850,3.000,3.000
265.146,168.720,3.000,3.000
264.543,168.142,3.000,3.000
264.319,167.657,3.000,3.000
264.449,166.819,3.000,3.000
263.823,165.602,3.000,3.000
263.764,168.732,3.000,3.000
263.941,171.886,3.000,3.000
264.213,173.079,3.000,3.000
263.988,176.209,3.000,3.000
264.898,178.275,3.000,3.000
264.035,176.657,3.000,3.000
263.102,173.504,3.000,3.000
263.138,172.642,3.000,3.000
262.157,171.779,3.000,3.000
262.075,171.720,3.000,3.000
261.898,172.181,3.000,3.000
261.791,174.153,3.000,3.000
264.945,177.307,3.000,3.000
264.390,176.539,3.000,3.000
264.472,176.102,3.000,3.000
264.720,175.240,3.000,3.000
265.323,175.181,3.000,3.000
265.193,175.216,3.000,3.000
267.094,172.063,3.000,3.000
267.035,172.949,3.000,3.000
268.819,169.795,3.000,3.000
268.665,169.240,3.000,3.000
270.331,169.488,3.000,3.000
271.335,169.689,3.000,3.000
271.488,170.268,3.000,3.000
271.476,169.736,3.000,3.000
271.654,170.291,3.000,3.000
271.547,170.917,3.000,3.000
271.748,170.079,3.000,3.000
271.618,170.185,3.000,3.000
269.882,169.559,3.000,3.000
266.728,166.854,3.000,3.000
265.842,163.724,3.000,3.000
263.894,164.185,3.000,3.000
264.047,164.362,3.000,3.000
264.224,163.854,3.000,3.000
264.449,164.031,3.000,3.000
263.587,162.342,3.000,3.000
264.307,159.189,3.000,3.000
265.571,158.634,3.000,3.000
266.480,160.323,3.000,3.000
266.539,160.405,3.000,3.000
266.409,160.441,3.000,3.000
266.563,160.523,3.000,3.000
267.378,160.984,3.000,3.000
266.776,160.831,3.000,3.000
266.716,160.960,3.000,3.000
266.634,161.209,3.000,3.000
266.764,160.937,3.000,3.000
266.563,160.523,3.000,3.000
266.268,158.858,3.000,3.000
266.350,158.279,3.000,3.000
266.457,157.701,3.000,3.000
266.468,157.760,3.000,3.000
266.527,157.275,3.000,3.000
266.587,157.027,3.000,3.000
267.472,156.331,3.000,3.000
267.650,156.555,3.000,3.000
267.827,156.779,3.000,3.000
267.862,157.642,3.000,3.000
267.992,158.079,3.000,3.000
267.153,157.972,3.000,3.000
266.551,159.118,3.000,3.000
266.657,158.563,3.000,3.000
266.551,158.740,3.000,3.000
266.374,158.728,3.000,3.000
266.386,158.740,3.000,3.000
267.272,158.634,3.000,3.000
267.520,158.740,3.000,3.000
267.768,158.846,3.000,3.000
267.992,158.976,3.000,3.000
268.216,159.106,3.000,3.000
267.401,158.480,3.000,3.000
267.602,158.610,3.000,3.000
267.850,158.764,3.000,3.000
267.862,159.248,3.000,3.000
268.134,158.386,3.000,3.000
268.027,158.468,3.000,3.000
267.567,158.338,3.000,3.000
267.720,158.279,3.000,3.000
267.921,158.362,3.000,3.000
268.122,158.587,3.000,3.000
267.685,158.527,3.000,3.000
267.862,157.642,3.000,3.000
268.346,157.441,3.000,3.000
267.909,157.382,3.000,3.000
268.346,158.268,3.000,3.000
267.484,158.445,3.000,3.000
267.638,158.527,3.000,3.000
267.838,158.587,3.000,3.000
267.945,158.551,3.000,3.000
268.098,158.563,3.000,3.000
267.590,158.504,3.000,3.000
268.145,158.681,3.000,3.000
271.299,157.394,3.000,3.000
270.886,157.453,3.000,3.000
270.992,154.323,3.000,3.000
273.413,151.169,3.000,3.000
276.567,148.016,3.000,3.000
276.437,148.807,3.000,3.000
279.590,145.653,3.000,3.000
282.744,142.500,3.000,3.000
284.149,140.929,3.000,3.000
287.303,137.775,3.000,3.000
287.527,140.929,3.000,3.000
288.413,139.760,3.000,3.000
285.637,136.960,3.000,3.000
287.208,133.807,3.000,3.000
287.834,136.960,3.000,3.000
287.775,137.020,3.000,3.000
287.622,137.031,3.000,3.000
288.389,133.878,3.000,3.000
288.330,133.819,3.000,3.000
290.704,131.421,3.000,3.000
291.260,128.291,3.000,3.000
288.508,127.334,3.000,3.000
289.134,126.472,3.000,3.000
289.334,126.579,3.000,3.000
290.291,126.709,3.000,3.000
289.901,126.909,3.000,3.000
290.693,127.063,3.000,3.000
290.870,127.051,3.000,3.000
291.260,127.016,3.000,3.000
291.082,126.886,3.000,3.000
290.787,127.016,3.000,3.000
290.799,126.815,3.000,3.000
287.669,126.709,3.000,3.000
284.515,123.555,3.000,3.000
285.071,123.425,3.000,3.000
284.752,123.390,3.000,3.000
285.732,123.567,3.000,3.000
283.287,125.209,3.000,3.000
286.441,122.858,3.000,3.000
283.618,125.279,3.000,3.000
286.771,127.299,3.000,3.000
286.594,125.681,3.000,3.000
287.480,125.905,3.000,3.000
287.279,129.035,3.000,3.000
287.244,132.189,3.000,3.000
287.043,133.854,3.000,3.000
287.197,134.338,3.000,3.000
290.350,136.453,3.000,3.000
292.134,139.583,3.000,3.000
295.287,137.964,3.000,3.000
298.441,136.724,3.000,3.000
301.594,136.169,3.000,3.000
301.653,136.252,3.000,3.000
301.594,136.216,3.000,3.000
301.535,136.157,3.000,3.000
301.500,136.264,3.000,3.000
300.472,139.417,3.000,3.000
300.389,139.949,3.000,3.000
300.354,140.504,3.000,3.000
300.271,140.398,3.000,3.000
300.212,140.338,3.000,3.000
300.153,140.539,3.000,3.000
300.047,140.716,3.000,3.000
299.988,140.941,3.000,3.000
300.708,141.071,3.000,3.000
300.508,140.232,3.000,3.000
300.118,140.031,3.000,3.000
299.846,140.043,3.000,3.000
300.401,140.244,3.000,3.000
299.610,140.846,3.000,3.000
299.645,141.094,3.000,3.000
299.893,140.563,3.000,3.000
299.858,141.024,3.000,3.000
299.846,140.823,3.000,3.000
300.023,141.756,3.000,3.000
299.019,142.216,3.000,3.000
298.913,142.181,3.000,3.000
299.728,141.980,3.000,3.000
299.622,142.488,3.000,3.000
299.492,142.335,3.000,3.000
299.315,142.252,3.000,3.000
299.019,142.358,3.000,3.000
298.866,142.228,3.000,3.000
299.468,142.146,3.000,3.000
299.220,141.992,3.000,3.000
299.043,142.807,3.000,3.000
299.102,141.543,3.000,3.000
298.949,141.342,3.000,3.000
299.149,142.275,3.000,3.000
298.901,142.098,3.000,3.000
299.433,141.945,3.000,3.000
298.571,142.760,3.000,3.000
298.677,142.630,3.000,3.000
298.807,142.571,3.000,3.000
299.716,142.724,3.000,3.000
299.964,142.665,3.000,3.000
300.637,142.157,3.000,3.000
300.649,141.342,3.000,3.000
300.543,140.858,3.000,3.000
301.476,141.768,3.000,3.000
303.472,144.921,3.000,3.000
304.027,144.815,3.000,3.000
303.826,144.354,3.000,3.000
304.500,144.531,3.000,3.000
304.346,144.921,3.000,3.000
304.145,144.768,3.000,3.000
303.968,144.827,3.000,3.000
304.594,144.720,3.000,3.000
304.370,144.496,3.000,3.000
304.122,144.272,3.000,3.000
303.874,144.047,3.000,3.000
304.523,143.728,3.000,3.000
304.346,144.212,3.000,3.000
304.169,143.728,3.000,3.000
303.874,144.000,3.000,3.000
304.429,144.272,3.000,3.000
304.252,143.929,3.000,3.000
304.075,144.366,3.000,3.000
303.850,143.835,3.000,3.000
304.500,144.437,3.000,3.000
304.323,144.307,3.000,3.000
304.169,144.224,3.000,3.000
304.016,144.118,3.000,3.000
303.815,144.012,3.000,3.000
304.393,143.882,3.000,3.000
304.193,144.531,3.000,3.000
303.685,144.331,3.000,3.000
304.618,144.153,3.000,3.000
304.464,143.575,3.000,3.000
303.271,146.728,3.000,3.000
306.425,143.575,3.000,3.000
303.271,142.854,3.000,3.000
303.756,139.701,3.000,3.000
303.838,140.303,3.000,3.000
305.126,143.457,3.000,3.000
304.193,146.610,3.000,3.000
307.346,149.764,3.000,3.000
309.342,152.917,3.000,3.000
308.858,152.527,3.000,3.000
308.775,153.059,3.000,3.000
309.567,152.598,3.000,3.000
309.390,153.012,3.000,3.000
310.323,156.142,3.000,3.000
310.901,154.878,3.000,3.000
311.055,154.701,3.000,3.000
311.445,154.027,3.000,3.000
308.764,153.756,3.000,3.000
306.933,151.713,3.000,3.000
305.386,151.795,3.000,3.000
305.705,154.925,3.000,3.000
305.764,155.457,3.000,3.000
305.657,155.492,3.000,3.000
305.716,156.000,3.000,3.000
305.775,156.508,3.000,3.000
306.779,157.819,3.000,3.000
306.933,158.374,3.000,3.000
305.575,160.039,3.000,3.000
305.445,161.303,3.000,3.000
305.527,161.197,3.000,3.000
305.610,161.090,3.000,3.000
305.669,160.890,3.000,3.000
305.728,161.303,3.000,3.000
305.811,161.173,3.000,3.000
305.870,161.445,3.000,3.000
305.622,161.882,3.000,3.000
305.516,161.728,3.000,3.000
305.409,161.173,3.000,3.000
305.445,160.972,3.000,3.000
305.338,161.504,3.000,3.000
305.397,160.972,3.000,3.000
305.480,161.315,3.000,3.000
305.492,160.996,3.000,3.000
305.622,161.480,3.000,3.000
305.705,161.232,3.000,3.000
305.764,160.701,3.000,3.000
305.799,161.161,3.000,3.000
305.882,160.984,3.000,3.000
305.988,161.516,3.000,3.000
306.047,161.315,3.000,3.000
305.468,161.090,3.000,3.000
305.622,160.772,3.000,3.000
305.799,160.996,3.000,3.000
305.905,161.220,3.000,3.000
306.035,160.571,3.000,3.000
305.480,160.748,3.000,3.000
305.586,160.901,3.000,3.000
305.693,161.055,3.000,3.000
305.775,160.500,3.000,3.000
306.614,160.701,3.000,3.000
306.531,160.925,3.000,3.000
306.354,161.173,3.000,3.000
306.460,160.665,3.000,3.000
306.543,160.701,3.000,3.000
306.626,160.736,3.000,3.000
306.756,160.890,3.000,3.000
307.027,161.327,3.000,3.000
305.433,161.055,3.000,3.000
306.697,161.894,3.000,3.000
306.496,161.858,3.000,3.000
306.460,162.366,3.000,3.000
306.449,162.260,3.000,3.000
306.319,162.130,3.000,3.000
306.189,162.024,3.000,3.000
306.130,161.941,3.000,3.000
305.834,161.433,3.000,3.000
306.271,160.642,3.000,3.000
305.787,160.535,3.000,3.000
305.964,161.043,3.000,3.000
306.472,161.126,3.000,3.000
306.437,160.925,3.000,3.000
305.882,161.126,3.000,3.000
305.941,160.594,3.000,3.000
306.023,160.772,3.000,3.000
306.201,161.043,3.000,3.000
306.496,161.055,3.000,3.000
306.602,161.043,3.000,3.000
306.449,160.276,3.000,3.000
306.295,160.405,3.000,3.000
305.811,160.512,3.000,3.000
305.964,160.358,3.000,3.000
306.118,160.134,3.000,3.000
305.988,160.051,3.000,3.000
306.094,159.803,3.000,3.000
306.201,160.972,3.000,3.000
306.331,161.480,3.000,3.000
306.366,161.279,3.000,3.000
306.260,161.055,3.000,3.000
306.177,160.949,3.000,3.000
306.047,161.339,3.000,3.000
306.106,161.209,3.000,3.000
306.307,161.079,3.000,3.000
306.484,160.925,3.000,3.000
306.590,161.409,3.000,3.000
308.586,161.256,3.000,3.000
309.071,160.819,3.000,3.000
309.130,161.374,3.000,3.000
307.960,162.567,3.000,3.000
308.114,162.626,3.000,3.000
308.551,163.488,3.000,3.000
308.657,163.335,3.000,3.000
308.716,162.827,3.000,3.000
309.579,162.697,3.000,3.000
309.708,162.614,3.000,3.000
309.815,162.508,3.000,3.000
310.488,162.024,3.000,3.000
310.453,161.894,3.000,3.000
310.299,162.142,3.000,3.000
310.216,161.964,3.000,3.000
309.827,163.134,3.000,3.000
310.287,162.909,3.000,3.000
310.086,163.110,3.000,3.000
309.909,162.957,3.000,3.000
309.945,163.157,3.000,3.000
310.547,162.342,3.000,3.000
310.464,162.118,3.000,3.000
310.334,161.846,3.000,3.000
310.252,162.685,3.000,3.000
310.358,162.555,3.000,3.000
310.205,162.165,3.000,3.000
310.334,162.272,3.000,3.000
309.850,162.827,3.000,3.000
309.933,163.287,3.000,3.000
306.779,161.858,3.000,3.000
305.917,161.964,3.000,3.000
305.882,162.000,3.000,3.000
306.390,162.059,3.000,3.000
306.354,162.071,3.000,3.000
306.319,162.083,3.000,3.000
306.756,162.472,3.000,3.000
307.193,162.862,3.000,3.000
307.086,163.016,3.000,3.000
306.933,162.555,3.000,3.000
307.464,162.732,3.000,3.000
307.358,162.886,3.000,3.000
307.228,163.039,3.000,3.000
307.075,162.531,3.000,3.000
306.945,162.685,3.000,3.000
307.760,162.083,3.000,3.000
307.772,161.527,3.000,3.000
307.594,162.106,3.000,3.000
307.748,162.024,3.000,3.000
306.791,162.201,3.000,3.000
305.551,161.291,3.000,3.000
304.972,161.327,3.000,3.000
305.149,161.362,3.000,3.000
304.311,161.421,3.000,3.000
304.370,161.386,3.000,3.000
304.500,161.327,3.000,3.000
304.653,161.220,3.000,3.000
304.807,161.114,3.000,3.000
304.890,161.150,3.000,3.000
305.705,161.374,3.000,3.000
305.622,161.598,3.000,3.000
305.397,161.020,3.000,3.000
