0.03602552
0.02799964
0.02399802
0.02799320
0.01999998
0.01999950
0.01599813
0.02400327
0.02398109
0.02796745
0.02400541
0.02000093
0.02000070
0.02400923
0.02399993
0.02404118
0.02000093
0.02799892
0.02802587
0.01999855
0.02400303
0.03200126
0.02800012
0.02800035
0.02800179
0.03199124
0.02800012
0.04800582
0.04399943
0.03999472
0.03999949
0.03999996
0.04000020
0.04400611
0.03599572
0.02399826
0.01600266
0.01999664
0.02001476
0.02398825
0.02727985
0.02800322
0.02400255
0.01999712
0.02000189
0.01599884
0.01579833
0.01599979
0.01598763
0.02000093
0.01999998
0.02400184
0.01925182
0.02003145
0.01997995
0.02399898
0.02400589
0.01999617
0.02400517
0.02400136
0.02398992
0.02399063
0.02400637
0.02399421
0.02400899
0.02399349
0.02264404
0.02800012
0.02526951
0.02800012
0.33935833
0.04363632
0.02400041
0.03199840
0.01600194
0.01600075
0.01498151
0.01496005
0.01695919
0.02393627
0.02194786
0.02893114
0.02294445
0.01794839
0.01594138
0.01495910
0.01496100
0.01595879
0.01595831
0.01595759
0.01496005
0.01498437
0.01496243
0.01595950
0.01496053
0.01496291
0.01595998
0.01496100
0.01695728
0.01895189
0.01893544
0.02792048
0.01795435
0.01496029
0.01695490
0.01495934
0.01995230
0.02593184
0.02492905
0.02292562
0.01396394
0.01695728
0.01495981
0.01496029
0.01596069
0.01595736
0.01795292
0.01496100
0.01798177
0.02442265
0.02493095
0.02293468
0.02294207
0.01994658
0.01995254
0.01995015
0.02393293
0.02294183
0.02393174
0.02393198
0.01745343
0.01595855
0.01695561
0.01695609
0.01795125
0.01895380
0.01994538
0.01794338
0.01895046
0.01994824
0.02094865
0.02094460
0.01994419
0.01795101
0.01990795
0.01695442
0.01894927
0.02240276
0.02692652
0.02693510
0.02891350
0.02293992
0.02194238
0.01795173
0.01895642
0.01795268
0.01795077
0.01695633
0.01795268
0.01994658
0.01695633
0.01795959
0.02092505
0.01795483
0.01795292
0.01795459
0.01795268
0.01895046
0.02194452
0.02592802
0.02194595
0.02591705
0.01695108
0.01795244
0.02538085
0.02589107
0.02692461
0.01695561
0.01695514
0.01795316
0.01790786
0.02792263
0.02592659
0.02583361
0.02593279
0.02692747
0.01894760
0.01895070
0.02692032
0.02852726
0.02992344
0.03191757
0.03092217
0.02891541
0.02194238
0.02394009
0.02094412
0.02094531
0.02988267
0.02692914
0.03092194
0.02493072
0.02792382
0.02194023
0.02194381
0.02293992
0.02194309
0.03091788
0.02693343
0.02293801
0.02294064
0.02094483
0.02293754
0.02196360
0.02096081
0.01994801
0.01894975
0.01894832
0.01795030
0.01795244
0.01795149
0.02094698
0.02493548
0.02593112
0.01802492
0.01835823
0.01796532
0.01994920
0.01994634
0.02393675
0.02493691
0.02493882
0.02094173
0.01695442
0.01695848
0.01698327
0.01595998
0.01695776
0.01695585
0.01496053
0.01695490
0.01598382
0.01592636
0.01495910
0.01795197
0.02094889
0.02593493
0.02393603
0.02293634
0.02090955
0.01996469
0.01994896
0.02194381
0.01995158
0.02194047
0.01695490
0.01695681
0.01595807
0.01795053
0.01795220
0.01496100
0.01795292
0.01895499
0.01695418
0.01695514
0.01595974
0.01847076
0.01695323
0.01796436
0.02297330
0.02393627
0.01792097
0.01596785
0.01695561
0.01595736
0.01695538
0.01592827
0.01695514
0.01595807
0.01595759
0.01795602
0.01496267
0.01496100
0.01551676
0.01595855
0.01895356
0.01994705
0.02493596
0.02194571
0.01995277
0.01997542
0.02294660
0.02693057
0.02194500
0.01795721
0.01895356
0.01695704
0.01586747
0.01695466
0.01695657
0.01994467
0.02193165
0.01794744
0.01795363
0.01695299
0.01695466
0.01496100
0.01595712
0.01595736
0.01695418
0.01795626
0.02195072
0.02295852
0.02399850
0.02592659
0.02493048
0.02593207
0.02294159
0.02194285
0.01795316
0.01695514
0.01695490
0.01695466
0.01695514
0.01795268
0.01695371
0.01795340
0.01594734
0.01795387
0.01695561
0.01695752
0.02095747
0.02592850
0.02389598
0.02095985
0.02294350
0.02094030
0.02393508
0.02493453
0.02892280
0.02293849
0.01753688
0.01795340
0.01693034
0.01795125
0.01995349
0.01595807
0.01595616
0.01495886
0.01595926
0.01692510
0.01595879
0.01894832
0.02250123
0.02094388
0.01695538
0.01712418
0.01795244
0.01695490
0.02094817
0.02593231
0.02593255
0.02789569
0.02094698
0.01695466
0.01795316
0.01695609
0.01795125
0.02392364
0.01996398
0.02094316
0.02293539
0.01850033
0.01595712
0.01595759
0.01595592
0.01496220
0.01696515
0.01595926
0.01696634
0.01596260
0.02094364
0.01795363
0.01895094
0.01894736
0.02094126
0.01895022
0.01795459
0.01995134
0.01793838
0.01497674
0.01496124
0.01496172
0.01595926
0.01695704
0.01595473
0.01595926
0.01595998
0.01795435
0.01795340
0.01892567
0.01895094
0.01596189
0.01795506
0.02194428
0.02194023
0.02192330
0.02493382
0.02401876
0.02394438
0.02492189
0.02293348
0.02294445
0.01794982
0.01895356
0.01795602
0.01595879
0.02492189
0.02390218
0.02693057
0.02194571
0.02999711
0.02493525
0.02592444
0.02393508
0.02592635
0.02192950
0.02094626
0.02194309
0.01994872
0.02191830
0.01793933
0.01895022
0.01895022
0.01496196
0.01596451
0.01595831
0.01695418
0.01595688
0.01595569
0.01695728
0.01795340
0.01895070
0.01795459
0.01695490
0.01895118
0.01694083
0.01894975
0.01695538
0.01695442
0.01693368
0.01795816
0.02394009
0.02393937
0.01795554
0.01895165
0.01895380
0.02490354
0.02094316
0.01695371
0.01595664
0.01595831
0.01595640
0.01695538
0.01595783
0.01498437
0.01596069
0.01792741
0.01695490
0.02412820
0.02393937
0.02393007
0.02892685
0.02090931
0.02094507
0.01994133
0.02293563
0.02194405
0.01595807
0.01496077
0.01546073
0.01695514
0.01694870
0.01795387
0.01697016
0.01595712
0.01695466
0.01596022
0.01597977
0.01595569
0.01795506
0.01595736
0.01695466
0.01695752
0.01595736
0.01695561
0.01596045
0.01695561
0.01895094
0.01594138
0.01795053
0.02400827
0.02493501
0.02293634
0.02492547
0.01795125
0.01894617
0.02194142
0.01994300
0.01695681
0.01592302
0.01695609
0.01895046
0.01795459
0.01894760
0.01995158
0.01895261
0.01994681
0.01795244
0.01994491
0.01795197
0.01894760
0.01895022
0.01795554
0.01894999
0.01796007
0.01895046
0.01795578
0.01894927
0.01695466
0.01695490
0.01695395
0.01695704
0.01666260
0.01795220
0.01695561
0.01595759
0.01693392
0.01695824
0.01695395
0.01595712
0.01695609
0.01396346
0.01494575
0.01396275
0.01595736
0.01496267
0.01496029
0.01496053
0.01396251
0.01495934
0.01396275
0.01495934
0.01396298
0.01496053
0.01396155
0.01396346
0.01396322
0.01496077
0.01396298
0.01596141
0.01795197
0.01749611
0.01895547
0.01795101
0.01797509
0.01794982
0.01792908
0.02194142
0.02194524
0.02369118
0.02194500
0.02392912
0.02294445
0.01396251
0.01496172
0.01396489
0.01396322
0.01394963
0.01396251
0.01496220
0.01396251
0.01393533
0.01595759
0.01598144
0.01595974
0.01595569
0.01895523
0.01994944
0.01695561
0.01495934
0.01595855
0.01596117
0.01595592
0.01695275
0.01693368
0.02094293
0.01797223
0.01795125
0.01794958
0.01595926
0.01695371
0.01695466
0.01695609
0.01797342
0.01940608
0.01892757
0.01795053
0.01695442
0.01496029
0.01595950
0.01598024
0.01695538
0.01597071
0.01695561
0.01795197
0.01595712
0.01496005
0.01496506
0.01595783
0.01695538
0.01496148
0.01496029
0.01396441
0.01595783
0.01396465
0.01595831
0.01396441
0.01695442
0.01396441
0.01595688
0.01396108
0.01496053
0.01498508
0.01595950
0.01496339
0.01496100
0.01496005
0.01496005
0.01497626
0.01594687
0.01494575
0.01595712
0.01496482
0.01597762
0.01496267
0.01492333
0.01995897
0.02294731
0.01795125
0.01496005
0.01695538
0.01595616
0.01496267
0.01496291
0.01595783
0.01595759
0.01595950
0.01595616
0.01795244
0.01595831
0.01695180
0.01595616
0.01695752
0.01496148
0.01595807
0.01495934
0.01495981
0.01396441
0.01496100
0.01496077
0.01396418
0.01496053
0.01496053
0.02192140
0.02293777
0.02194381
0.02394009
0.02393937
0.02294087
0.02257085
0.02391505
0.02493787
0.01894665
0.01794815
0.01895237
0.01695848
0.01795554
0.01794791
0.01396322
0.01396298
0.01396346
0.01495862
0.01593351
0.01695395
0.01496005
0.01496196
0.01396441
0.01595807
0.01496649
0.01695895
0.01795363
0.01695800
0.01795220
0.02092862
0.02295423
0.02402711
0.02293420
0.02294040
0.02293420
0.02194238
0.02723241
0.02094102
0.01795292
0.01894712
0.01793456
0.01695514
0.01797509
0.01695442
0.01795244
0.01595616
0.01694274
0.01692128
0.01894975
0.01794147
0.01994538
0.02293992
0.02196479
0.01695490
0.01695514
0.01797819
0.01695347
0.01695466
0.01894855
0.01595736
0.01695728
0.01696372
0.01796770
0.01695800
0.01695371
0.01695657
0.01695633
0.01695704
0.01698327
0.01595640
0.01595926
0.02311683
0.02393818
0.02015948
0.01894331
0.01795125
0.01895237
0.01894760
0.01595974
0.01695704
0.01597857
0.01695561
0.01596022
0.01595855
0.01595831
0.01595783
0.01519966
0.01695585
0.01595831
0.01595640
0.01596141
0.01695347
0.01595783
0.01595664
0.01495981
0.01595664
0.01396275
0.01496029
0.01595807
0.01695585
0.01895070
0.02293849
0.02291822
0.02391553
0.02493811
0.02596927
0.02193689
0.01894760
0.01792216
0.01994801
0.01851130
0.01795435
0.01798010
0.02394390
0.01496029
0.01597953
0.01495981
0.01595736
0.01496220
0.01595807
0.01496029
0.01695585
0.01595807
0.01595974
0.01595926
0.01695728
0.01695538
0.01595688
0.01595902
0.01595545
0.01395988
0.01496005
0.01396203
0.01595902
0.01396322
0.01695371
0.02393270
0.02194405
0.01396346
0.01396394
0.01463318
0.01394510
0.01595712
0.01396418
0.01496243
0.01396322
0.01396251
0.01396155
0.01393747
0.01396441
0.01496267
0.01496077
0.01595902
0.01595235
0.01595807
0.01695681
0.01994824
0.01994562
0.02294540
0.02094865
0.02198982
0.02393484
0.01595402
0.01496053
0.01498699
0.01595688
0.01594472
0.02094698
0.01994443
0.01396298
0.01496220
0.01396203
0.01396394
0.01396298
0.01496172
0.01419663
0.01396561
0.01795411
0.01994705
0.02392960
0.02194476
0.02393866
0.02294064
0.02592707
0.02393723
0.02592802
0.02293825
0.01598597
0.01697779
0.01595736
0.01795220
0.01695442
0.01793623
0.01595974
0.02793860
0.02393842
0.01993871
0.01595592
0.01498580
0.01595974
0.01595688
0.01593733
0.01795483
0.01695800
0.01605964
0.01598358
0.01595783
0.01598406
0.01795030
0.01895380
0.01795769
0.01895142
0.01795626
0.01895118
0.01496077
0.01595736
0.01496077
0.01595688
0.01595759
0.01595950
0.01595640
0.01695395
0.01595926
0.02294445
0.01792693
0.01595974
0.01595855
0.01595879
0.01595879
0.01691937
0.01496077
0.01595831
0.01795006
0.01895022
0.01795530
0.01795340
0.01895142
0.01797104
0.01795125
0.01695609
0.01895070
0.01597357
0.01496148
0.01595664
0.01595855
0.01595831
0.02152276
0.01894903
0.01595783
0.01495934
0.01495910
0.01496029
0.01496100
0.01496077
0.01597643
0.01496029
0.01595736
0.01496077
0.01496148
0.01495171
0.01495981
0.01695681
0.02094197
0.02294850
0.02394629
0.02390170
0.02294350
0.02293491
0.01496029
0.01595950
0.01496053
0.01695395
0.01595807
0.01797533
0.01595736
0.01595783
0.01595926
0.01595664
0.01496029
0.01495910
0.01495862
0.01596093
0.01795006
0.02089000
0.02393341
0.02393985
0.02392292
0.02393913
0.01795340
0.01795387
0.01795673
0.01795268
0.02294898
0.02394032
0.01495862
0.01595759
0.01496124
0.01595783
0.01695848
0.01792669
0.01795363
0.01695704
0.01795292
0.01598144
0.01693320
0.01595783
0.01496005
0.01396441
0.01496243
0.01595712
0.01894736
0.02293420
0.02294374
0.02193356
