0.03589845
0.02394176
0.02493238
0.02792406
0.02493358
0.02492619
0.02493286
0.02493691
0.02592850
0.01895189
0.01995015
0.02194333
0.02494717
0.02892327
0.02692437
0.02595329
0.02193856
0.02891898
0.02690887
0.03091788
0.02992010
0.03091717
0.03490853
0.03291535
0.02891159
0.02593637
0.02391696
0.02892208
0.03290820
0.03291631
0.03190804
0.03190970
0.04488206
0.05983949
0.04787517
0.02393723
0.02593207
0.02393842
0.02393985
0.02194118
0.02293873
0.02892399
0.02593040
0.02293277
0.02194118
0.02092433
0.02794385
0.02094650
0.01894760
0.01894784
0.02095985
0.02194166
0.01994705
0.02695394
0.02193356
0.01846504
0.02094841
0.01795435
0.01894855
0.01697874
0.01695657
0.02094340
0.02592611
0.02494311
0.02693105
0.02194262
0.02394485
0.02493048
0.03391838
0.02993369
0.02892876
0.03092623
0.02991366
0.03192282
0.02991271
0.03190470
0.02946377
0.03690052
0.03191447
0.03091836
0.03092265
0.03447628
0.03192210
0.03390908
0.03120828
0.05088019
0.04386640
0.03694296
0.01995993
0.02792597
0.02792406
0.02992678
0.02893019
0.02593517
0.02593660
0.02792215
0.02393103
0.02893472
0.02497959
0.02493453
0.02593017
0.02493119
0.02493930
0.01994610
0.02193975
0.02592492
0.02593160
0.02891469
0.02393842
0.02393436
0.02094436
0.03191972
0.02193809
0.02094865
0.02094483
0.02194238
0.02293921
0.02294016
0.02393770
0.03291345
0.03191161
0.03590155
0.02393699
0.02393460
0.02293897
0.02392578
0.02792525
0.03091717
0.03390646
0.02592754
0.02197671
0.02393389
0.02393746
0.01994538
0.02692795
0.02895999
0.02892184
0.02792239
0.03193092
0.02892447
0.02892613
0.02892256
0.02891684
0.02992868
0.02792478
0.02193689
0.01994586
0.02293801
0.02294135
0.02892709
0.03590012
0.05585551
0.04485703
0.01794887
0.01795077
0.01695442
0.01795459
0.01696658
0.01695347
0.02493453
0.02393985
0.02593899
0.02792072
0.02094960
0.02492666
0.02294636
0.02493763
0.02593279
0.02396059
0.02688527
0.02493310
0.02493834
0.01894903
0.01995111
0.02193642
0.02194118
0.02394032
0.02393341
0.02494192
0.02293921
0.01696181
0.01695538
0.02593541
0.02592301
0.02493548
0.02094245
0.02192116
0.02095747
0.02193832
0.02393365
0.02393603
0.02194166
0.02291751
0.02793050
0.03091979
0.02393556
0.02393913
0.02194166
0.02293849
0.02593064
0.02493382
0.02284241
0.02294159
0.02293944
0.02096772
0.02194500
0.01894832
0.02194166
0.01994729
0.01992917
0.02495527
0.02792645
0.02294016
0.01996732
0.02193952
0.01892352
0.02094507
0.01994801
0.02047396
0.01795268
0.01695514
0.01895142
0.02094936
0.02693152
0.02893496
0.02293038
0.02071381
0.02293706
0.01895046
0.01695490
0.01795316
0.01994801
0.01897573
0.01894951
0.01895213
0.01894188
0.01795149
0.01894879
0.01695633
0.01894999
0.01795435
0.01896858
0.01595616
0.01496148
0.01643348
0.01596880
0.01695561
0.02193880
0.02294564
0.02392864
0.02296710
0.02493930
0.02194095
0.01994443
0.02493310
0.02395177
0.02193713
0.01895070
0.02293754
0.02294779
0.02492881
0.02295899
0.02451324
0.02394438
0.02194476
0.02294207
0.02294493
0.02692795
0.02393842
0.02295232
0.02293825
0.02592802
0.02294159
0.02493453
0.03291202
0.02794266
0.02593160
0.02293873
0.02294302
0.02692795
0.02793407
0.03291392
0.02293324
0.02393842
0.02195954
0.02194500
0.02294803
0.02094531
0.01994705
0.01795411
0.01994777
0.01894736
0.01994491
0.01695657
0.01795220
0.01795435
0.01894832
0.01794291
0.01993656
0.02585101
0.02592802
0.02294350
0.02194524
0.02493429
0.02792096
0.01795435
0.01894999
0.01795268
0.01794839
0.01745987
0.01795220
0.01795173
0.01595736
0.01794529
0.01695561
0.01895213
0.02194381
0.02094984
0.02094889
0.02094507
0.01894879
0.01595855
0.01695561
0.01595926
0.01723814
0.01796532
0.01794815
0.01995087
0.01795006
0.02294660
0.02593279
0.02545333
0.02891636
0.02393746
0.02493262
0.01994586
0.01595831
0.02194738
0.02592897
0.02294397
0.02391219
0.02493668
0.02495480
0.02494025
0.02493286
0.02194047
0.02292371
0.02695751
0.02892399
0.02891564
0.02891755
0.02493501
0.02293992
0.02094340
0.02194238
0.02094388
0.02094436
0.02294111
0.02094364
0.02393579
0.02094269
0.01994658
0.01994681
0.02094340
0.02294040
0.02095985
0.02393603
0.02094412
0.02196217
0.02493930
0.02792311
0.02094460
0.01994896
0.01894975
0.01994705
0.01894832
0.01994872
0.01994944
0.01895118
0.02194953
0.02296829
0.02294183
0.02297378
0.02493310
0.02293849
0.02393889
0.02293849
0.02394032
0.02291369
0.02593350
0.02292848
0.01894975
0.01795268
0.01994705
0.01795530
0.01895046
0.01795554
0.01795459
0.01595712
0.01694894
0.01795316
0.01994705
0.01896358
0.01994944
0.02293587
0.02191615
0.02593756
0.02293491
0.01595831
0.01595902
0.01894903
0.02292967
0.02393794
0.02592254
0.02293801
0.02493358
0.02291799
0.01595807
0.01496124
0.01994300
0.02194023
0.02393723
0.02394128
0.02293563
0.01795626
0.01894808
0.01595521
0.01595688
0.01595831
0.01595712
0.01595736
0.01696825
0.01995063
0.01795387
0.01795197
0.01795411
0.01795197
0.01795173
0.01796889
0.01797938
0.01795316
0.01695418
0.01693273
0.01994705
0.01995373
0.01894903
0.02094531
0.02194667
0.02094483
0.01994705
0.02094555
0.02991390
0.03191018
0.02692318
0.01994991
0.01894140
0.01695633
0.01795316
0.01697564
0.01795268
0.01893926
0.01895165
0.01795387
0.02394104
0.03091407
0.03291154
0.03092504
0.03091693
0.03291154
0.02692366
0.01695585
0.01795459
0.01895118
0.02094364
0.01795125
0.01994872
0.03490543
0.03391218
0.03291059
0.03590178
0.03091717
0.02493382
0.02294779
0.03989816
0.03390861
0.03989697
0.02493691
0.02293944
0.02094650
0.02393436
0.03492165
0.03390503
0.02891755
0.03092194
0.02991986
0.03091240
0.02194238
0.02491689
0.02891898
0.03191662
0.03391910
0.02493334
0.02593184
0.02593088
0.02493620
0.02493477
0.02593136
0.04193211
0.02693033
0.02792573
0.02593398
0.02393556
0.02393532
0.02792573
0.02392817
0.02296185
0.01994681
0.02096486
0.02393770
0.02593231
0.02992272
0.02792168
0.02892399
0.02292562
0.02194357
0.02393579
0.01895046
0.02094603
0.03093123
0.03490973
0.03191113
0.02194285
0.02194095
0.02294111
0.02194309
0.02193618
0.02094483
0.01996136
0.02093029
0.02094603
0.02194118
0.02396512
0.03490877
0.03290677
0.03191686
0.03589821
0.02692652
0.02992129
0.02792883
0.01894951
0.01894832
0.02294159
0.02593207
0.02493286
0.02094388
0.02095127
0.01994753
0.01994824
0.02294087
0.01895165
0.02094483
0.02094507
0.02293277
0.02692986
0.02892160
0.02593207
0.02094460
0.01895118
0.01994944
0.01894832
0.01894855
0.02194428
0.03390265
0.02692342
0.02594185
0.02396154
0.02393699
0.02593303
0.02493477
0.02792954
0.02991581
0.02992296
0.03091502
0.02493215
0.02393889
0.02596283
0.01898003
0.02095437
0.01994729
0.01994872
0.01895070
0.01894784
0.02094316
0.02893043
0.02693319
0.02792835
0.02592516
0.01895094
0.01994753
0.02094364
0.02194262
0.02992678
0.03589845
0.02492785
0.02493548
0.02592802
0.02593231
0.02393556
0.03490663
0.03091884
0.02648377
0.02493525
0.02691031
0.02692580
0.02493691
0.02495933
0.02194118
0.02094483
0.01895022
0.01994753
0.01994777
0.01994705
0.01894808
0.01795268
0.01798487
0.01795244
0.01892543
0.03490281
0.03290677
0.03391027
0.03291154
0.03291464
0.02792954
0.01695323
0.01894951
0.01894879
0.01795268
0.01795626
0.01795244
0.01795411
0.01795197
0.01795435
0.01795030
0.01895118
0.01795292
0.01993823
0.01795363
0.01795220
0.01895165
0.01795268
0.01894903
0.01795483
0.01994777
0.01994872
0.02194142
0.02890682
0.03290939
0.03091455
0.02991867
0.02892995
0.02990842
0.02696013
0.02693295
0.02490473
0.02493334
0.02690864
0.02294302
0.02194095
0.02194476
0.02293921
0.02792597
0.02892947
0.02891970
0.02693248
0.02792835
0.03191376
0.03291249
0.03191352
0.03291941
0.02595615
0.02094817
0.02094364
0.02094579
0.01994681
0.02094555
0.03189993
0.03313780
0.03590655
0.03392339
0.02994466
0.03192258
0.02094555
0.02294040
0.01994991
0.02194309
0.02094388
0.02094293
0.02692866
0.03092194
0.02691531
0.02094531
0.02094460
0.01994777
0.02094412
0.01994658
0.02094150
0.02294159
0.02393913
0.02692652
0.03094172
0.02992558
0.03094029
0.02792883
0.02992344
0.02194428
0.02693462
0.02195454
0.02095151
0.02293873
0.01994848
0.01994777
0.02194214
0.01995158
0.01994562
0.01993608
0.02081895
0.02094483
0.02194285
0.02593279
0.02292538
0.02394176
0.02293682
0.02094102
0.01894951
0.01795387
0.01795220
0.01795387
0.01895094
0.02094555
0.01895142
0.01994777
0.01749849
0.01994610
0.01795244
0.01795435
0.01894808
0.01792741
0.01994491
0.02992463
0.03391004
0.02293730
0.01795316
0.01994753
0.01894951
0.01894999
0.01895165
0.01892853
0.01795340
0.02094531
0.01894784
0.01994920
0.02191067
0.02193737
0.01694798
0.01994753
0.01794052
0.01795268
0.01993227
0.01795268
0.01895165
0.01695490
0.01894855
0.01695538
0.01695609
0.01695704
0.01695609
0.01795220
0.01796746
0.01795268
0.01697779
0.01997185
0.01994491
0.01994753
0.01895189
0.01995587
0.01994753
0.01995015
0.03191161
0.02593422
0.01795363
0.01795125
0.01796699
0.01795030
0.01994514
0.01695514
0.01795244
0.01794672
0.01795197
0.01692677
0.01899648
0.01698232
0.01792741
0.01695251
0.01894879
0.01695395
0.01695418
0.01595759
0.01793885
0.01695848
0.01795316
0.01695609
0.01795053
0.01695776
0.01695490
0.01696253
0.01795149
0.01695299
0.01795125
0.01596189
0.02045560
0.01895046
0.01795411
0.01694274
0.01795197
0.01495981
0.01496148
0.01495838
0.01595616
0.01583195
0.01496077
0.01695466
0.01695728
0.01596045
0.01695633
0.01694250
0.01746106
0.01695728
0.01795340
0.01597142
0.01596880
0.01797628
0.01789212
0.01792455
0.01895022
0.01695180
0.01496005
0.01596141
0.01595759
0.01496148
0.01595664
0.01595855
0.01597643
0.01594114
0.01756382
0.01695704
0.01795912
0.01695657
0.01894999
0.01697326
0.01795459
0.01795316
0.01795220
0.01795220
0.01695657
0.01777911
0.02194357
0.02094460
0.02593851
0.02493382
0.01695514
0.01795340
0.01694798
0.01695490
0.01695514
0.01795125
0.01695728
0.01595736
0.01695061
0.01595759
0.01795149
0.01795197
0.01795173
0.01795411
0.01695490
0.01695967
0.01795125
0.01595902
0.01795411
0.01695633
0.01795268
0.01695371
0.01795411
0.02792192
0.02992153
0.02493310
0.02592444
0.01730657
0.01798105
0.01695418
0.01795340
0.01595759
0.01697588
0.01894927
0.01595902
0.01794052
0.01796174
0.01895261
0.02194405
0.01895261
0.01894951
0.01894903
0.01795435
0.01894999
0.01994753
0.01695466
0.01595616
0.01595902
0.01798081
0.01795197
0.01795244
0.01994920
0.01695490
0.01794577
0.01795244
0.01695538
0.01795197
0.01795101
0.01695466
0.01795340
0.02193856
0.01695561
0.01695490
0.01695514
0.01795268
0.01795220
0.01795197
0.01744103
0.01695633
0.01894975
0.01894951
0.01895094
0.01994586
0.01995063
0.02393770
0.03091598
0.03191495
0.03091860
0.03293800
0.02294064
0.02194238
0.03490853
0.02792788
0.02892303
0.02493095
0.03390479
0.03089690
0.03191161
0.03290796
0.02196670
0.01994777
0.02194238
0.01894951
0.02094507
0.01994824
0.01994586
0.01994658
0.01994872
0.01994658
0.01895118
0.02194214
0.01994944
0.02093577
0.01994920
0.02192926
0.02094698
0.01994729
0.01994729
0.01697040
0.01994586
0.01795220
0.02077055
0.01897359
0.01894927
0.01895905
0.01894975
0.02094722
0.01994610
0.01996303
0.02194262
0.02693176
0.02992630
0.02592373
0.01994729
0.02293730
0.02393532
0.02393508
0.02493262
0.01895261
0.01841402
0.01945615
