0.02892303
0.02293849
0.02394128
0.02194548
0.02393913
0.02592397
0.02194381
0.02392936
0.02393723
0.02494264
0.03091288
0.02892518
0.03091073
0.02293468
0.02394128
0.02493262
0.02593374
0.03291774
0.02992415
0.02890205
0.02892303
0.03192210
0.03191853
0.03091598
0.03258038
0.03191495
0.03095913
0.03192258
0.03291893
0.03689814
0.03390336
0.03192163
0.03490853
0.03490973
0.02293897
0.02293873
0.02492332
0.02692819
0.02194142
0.02195048
0.02393699
0.03091359
0.02792740
0.02792549
0.02692437
0.02692747
0.02593255
0.02693057
0.02792645
0.02392459
0.02293491
0.02291751
0.02194238
0.02493668
0.02493501
0.02493358
0.02693367
0.04676390
0.04587841
0.04088974
0.01695752
0.01795673
0.02092457
0.02294469
0.02294064
0.01902080
0.01895046
0.01595902
0.01796627
0.02194858
0.02492929
0.01994658
0.01895142
0.01994681
0.01795721
0.02393007
0.02393842
0.02194118
0.02792716
0.02194023
0.01895118
0.01795626
0.01894832
0.02393961
0.02194428
0.02293944
0.02393627
0.02094054
0.01994228
0.02692318
0.02992201
0.02992606
0.02892375
0.02992463
0.02891541
0.02792931
0.02892160
0.02791929
0.02293658
0.02094293
0.02094579
0.02188087
0.01994658
0.02393746
0.01994562
0.01795411
0.01597309
0.01695466
0.01592755
0.01795173
0.01595616
0.01595759
0.02194881
0.02094412
0.02507401
0.02293873
0.01895428
0.01595759
0.01695490
0.01695514
0.02294087
0.02293873
0.01595736
0.01618862
0.02294254
0.02294183
0.02593851
0.02394247
0.02693462
0.02293849
0.03391004
0.02294421
0.02593827
0.02394390
0.02592707
0.02391481
0.02293062
0.02991700
0.02394056
0.02792621
0.03092337
0.03092360
0.03092384
0.02995324
0.02991629
0.03386307
0.02893376
0.02991986
0.02793145
0.02892232
0.02692485
0.02991247
0.03490853
0.02492952
0.02532935
0.02290726
0.02293754
0.02493405
0.02493167
0.02792764
0.03291178
0.03288698
0.02892756
0.02692962
0.02991295
0.02991676
0.02293944
0.02991509
0.03192067
0.02893090
0.02693415
0.02593374
0.02792788
0.03091812
0.02991962
0.05185771
0.04786897
0.04089093
0.01695251
0.01885653
0.02094340
0.01795149
0.01994991
0.02592659
0.02494407
0.02892613
0.02693105
0.02593207
0.02593684
0.02792859
0.02592731
0.02494502
0.02495265
0.02590847
0.02592731
0.02888441
0.02793145
0.02392888
0.02891970
0.03191733
0.02493715
0.02696371
0.02493167
0.02593994
0.02493334
0.02792168
0.02991605
0.03091502
0.03093505
0.03192019
0.02293897
0.02593446
0.02595043
0.02194214
0.02294302
0.02994370
0.03093266
0.03092337
0.03090715
0.03090906
0.03291917
0.03190875
0.03489852
0.03191400
0.03490663
0.03191495
0.02991986
0.02393723
0.02293992
0.02194071
0.02593231
0.02592945
0.02992225
0.02992463
0.03690362
0.03391266
0.03491640
0.03292155
0.02493429
0.02393794
0.03291392
0.05086231
0.05186129
0.04986691
0.01595926
0.01695967
0.02493691
0.02693629
0.02293801
0.02294469
0.02394390
0.02593017
0.01795053
0.01647353
0.01795030
0.01795578
0.01796508
0.02094626
0.02843571
0.02094245
0.01895070
0.01595902
0.01495624
0.01595664
0.01496172
0.01595807
0.01595664
0.01496172
0.01595664
0.01894927
0.02096128
0.02687955
0.02291679
0.02493286
0.02069354
0.02094412
0.02193737
0.02094412
0.02094626
0.02991724
0.02293038
0.02093959
0.02094340
0.02194142
0.01994681
0.01795292
0.01695466
0.01795435
0.01894975
0.02393818
0.02492976
0.02394080
0.02393866
0.02494121
0.02493978
0.02394533
0.02394772
0.02506185
0.02706170
0.02792406
0.02990746
0.02792501
0.02690125
0.02393413
0.02094412
0.01994920
0.02194118
0.01894879
0.02293944
0.01994753
0.01695633
0.02536321
0.01994991
0.02094531
0.02393389
0.02393532
0.02593303
0.02390504
0.02263474
0.01993895
0.02094626
0.02393532
0.02195048
0.02293897
0.02493143
0.02294636
0.02194071
0.02294612
0.02793312
0.01795602
0.01795006
0.01894784
0.01693988
0.01695490
0.01595974
0.01695371
0.01595855
0.01894999
0.02094650
0.01595807
0.01695323
0.01595974
0.01795554
0.01695323
0.01796651
0.01695490
0.01595736
0.01894999
0.01893353
0.02593422
0.02391338
0.02390289
0.02493668
0.01894903
0.01895428
0.01795030
0.02892184
0.02095008
0.01994157
0.01595974
0.01695752
0.01595807
0.01695442
0.01695848
0.01797581
0.01692128
0.01795268
0.01895094
0.02094078
0.02094817
0.02593637
0.02493787
0.02493405
0.02293992
0.02692175
0.02592397
0.02593637
0.01595759
0.01594067
0.01595902
0.01695371
0.01795268
0.02394366
0.02194262
0.01794958
0.01695514
0.01894903
0.01795292
0.01895118
0.01695776
0.01795411
0.01396298
0.01495886
0.01496100
0.01396275
0.01493144
0.01495838
0.01396298
0.01496005
0.01595664
0.01895142
0.02094603
0.01895118
0.01396275
0.01496029
0.01396275
0.01495934
0.01495981
0.01494074
0.01695919
0.01595759
0.01795340
0.02392936
0.02592850
0.02293801
0.02792525
0.02194166
0.01595664
0.01595616
0.01697206
0.01795125
0.01795506
0.01895809
0.01396203
0.01595855
0.01396823
0.01595855
0.01496077
0.01695585
0.01496005
0.01495671
0.01497006
0.01595688
0.01496005
0.01595354
0.01695275
0.01694131
0.01695609
0.02592278
0.02393246
0.02094507
0.02493811
0.02393842
0.02395391
0.02590370
0.02293873
0.02294350
0.02094555
0.02393818
0.02194667
0.02094674
0.02792621
0.02592587
0.02693582
0.02692556
0.02493978
0.02492929
0.02592850
0.02094507
0.01995111
0.02294350
0.01995683
0.02394390
0.02446961
0.02493834
0.02492762
0.02492952
0.02592993
0.02892470
0.02597499
0.02592587
0.02792048
0.02692342
0.03091717
0.02793336
0.02792621
0.02695489
0.02792645
0.02694607
0.02891922
0.02792001
0.02792501
0.02094412
0.02295542
0.01994777
0.02092648
0.01994658
0.02094412
0.02094412
0.02194238
0.02094698
0.01994967
0.01895070
0.01894903
0.01793504
0.01895237
0.01695466
0.01895118
0.01894951
0.01795244
0.01994944
0.02393603
0.02692318
0.02293277
0.02692962
0.02492738
0.02493310
0.02393651
0.02692556
0.02593756
0.02493954
0.02393460
0.01698875
0.01895022
0.01696062
0.01695776
0.01695585
0.01795197
0.01695585
0.01795220
0.01695371
0.01795530
0.01795292
0.01695418
0.01795197
0.01695704
0.01695466
0.01595807
0.01895332
0.01595664
0.01695538
0.01595759
0.01795220
0.01595759
0.01595950
0.01695609
0.01695657
0.01895618
0.01795316
0.01895118
0.01693702
0.01795483
0.02293873
0.02692151
0.01694918
0.01497984
0.01595616
0.01496100
0.01695967
0.01595688
0.01695371
0.01595807
0.02593970
0.02393389
0.01495886
0.01596022
0.01495981
0.01595855
0.01595855
0.01596069
0.01695299
0.02194309
0.02294350
0.02295065
0.02194309
0.02194357
0.01995111
0.02393913
0.02094650
0.01896667
0.01895142
0.01595664
0.01495957
0.01595855
0.01595664
0.01496005
0.01595736
0.01496077
0.01595616
0.01495886
0.01595640
0.01595616
0.01595688
0.01497483
0.01496077
0.01497579
0.01795077
0.01994538
0.02194595
0.02593374
0.02294421
0.02294135
0.02194381
0.02291989
0.02792645
0.01592088
0.01596093
0.01695681
0.01695538
0.01795197
0.01695561
0.01795030
0.01695418
0.01795173
0.01795506
0.02194381
0.02094173
0.01994205
0.02095008
0.02293897
0.02292538
0.02592683
0.02393842
0.02293968
0.02293515
0.02294564
0.01496077
0.01595831
0.01595759
0.01595950
0.01595783
0.01595759
0.01495886
0.02295041
0.02493143
0.01995182
0.01997685
0.02393723
0.01795149
0.01595902
0.01496053
0.01595902
0.01595712
0.01595926
0.01646352
0.01695752
0.01695585
0.01695657
0.01694822
0.02693009
0.01695561
0.01795459
0.01695609
0.01994777
0.01695466
0.01795435
0.01695418
0.01595902
0.01797915
0.01697659
0.01695371
0.01695824
0.01795292
0.01695633
0.01592445
0.01396322
0.01396322
0.01496053
0.01396465
0.01496053
0.01496005
0.01595759
0.01795602
0.01895308
0.02094793
0.02094030
0.01396132
0.01398635
0.01595569
0.01496291
0.01398945
0.01595807
0.01496196
0.01695943
0.01695442
0.01597214
0.01496148
0.01695776
0.01496053
0.02694488
0.01595402
0.01695251
0.01595473
0.01595950
0.02094388
0.02095079
0.02194285
0.02538419
0.02194214
0.01595616
0.01496005
0.01396346
0.01493359
0.01396155
0.01496100
0.01496267
0.01595950
0.01496291
0.01496029
0.01496100
0.01395321
0.01596951
0.01494718
0.01695681
0.01496124
0.01595759
0.01695633
0.01895142
0.01894879
0.01799703
0.01994538
0.02095366
0.02094960
0.02284956
0.01695466
0.02592564
0.02393246
0.02493906
0.02193642
0.02094507
0.01794791
0.01595902
0.01595926
0.01695395
0.01496196
0.01595974
0.01495981
0.01653934
0.01595688
0.01695466
0.01496005
0.01595902
0.01595712
0.01595998
0.01695371
0.01695609
0.01895308
0.01597214
0.01795244
0.01695371
0.01796794
0.01695585
0.01595736
0.01496053
0.01795387
0.01695967
0.01994681
0.01795602
0.01695848
0.01694584
0.02493429
0.02293563
0.02393460
0.02496290
0.02293897
0.01595688
0.01595855
0.01695609
0.01595879
0.02194381
0.02391124
0.02693939
0.02094436
0.01897144
0.01595902
0.01496172
0.01595807
0.01496100
0.01695609
0.01595950
0.01895213
0.01695514
0.01696277
0.01595855
0.01695490
0.01496172
0.01396298
0.01496100
0.01495957
0.01396346
0.01395178
0.01497579
0.01496267
0.01496315
0.01697993
0.01695418
0.01595736
0.01676464
0.01695466
0.01895022
0.01793003
0.01595926
0.01496840
0.01595855
0.01595783
0.01695776
0.01595926
0.01695538
0.01695824
0.01795220
0.01595998
0.02294683
0.02293754
0.02593207
0.02194142
0.02593899
0.02194309
0.01894903
0.01795220
0.01795435
0.01795387
0.02094841
0.02095008
0.02094078
0.02095962
0.02095604
0.01396275
0.01396465
0.01595640
0.01496339
0.01495910
0.01595759
0.01695418
0.01592183
0.01595998
0.01695538
0.01695609
0.01895285
0.01695633
0.01995468
0.02493358
0.02692485
0.02198172
0.02300572
0.02194166
0.02294183
0.02194881
0.02189827
0.02593541
0.02441549
0.01994538
0.01994586
0.01795340
0.02095366
0.01994848
0.01895142
0.02393723
0.02294087
0.01897311
0.01994729
0.01994395
0.01894951
0.01994824
0.01894832
0.02293921
0.02293086
0.02194095
0.02194452
0.02295208
0.02293634
0.02194309
0.02294135
0.02094460
0.01695561
0.01897001
0.01695490
0.01895237
0.01795506
0.01795363
0.01795268
0.01795197
0.01695633
0.01795149
0.01695776
0.01795292
0.01695466
0.01894855
0.02293968
0.02793193
0.01595855
0.01795173
0.01595640
0.01695395
0.01895094
0.01793766
0.02393651
0.01994896
0.01695633
0.01595831
0.01595736
0.01695442
0.01595950
0.01695609
0.01595807
0.01595616
0.01396418
0.01595783
0.01496029
0.01396132
0.01495886
0.01595855
0.01695299
0.01791835
0.01894951
0.01895785
0.02193999
0.02196646
0.02891946
0.01994276
0.01695514
0.01795173
0.01595092
0.01695633
0.01695490
0.01595068
0.01595950
0.01496029
0.01595664
0.01396346
0.01595998
0.01496053
0.01595736
0.01595998
0.01695561
0.02392840
0.02593565
0.02194619
0.02299094
0.02294803
0.02291918
0.02593017
0.02193785
0.01994753
0.01994872
0.01994181
0.01995015
0.01598477
0.01597381
0.01994371
0.02391481
0.02094722
0.02393794
0.01894379
0.01695538
0.01748347
0.01746154
0.01695514
0.01694489
0.01895142
0.01895118
0.01894927
0.01695490
0.01795459
0.02094865
0.02293777
0.02390981
0.02294421
0.02493453
0.02293825
0.02990794
0.02294517
0.02294660
0.02293468
0.02293873
0.02492619
0.01994467
0.01895070
0.01795220
0.01895213
0.01695800
0.01795220
0.01643062
0.01797628
0.01795173
0.01695466
0.01994705
0.01795197
0.01795030
0.02394128
0.01994443
0.02094388
0.01894712
0.01592255
0.01496649
0.01695323
0.01595736
0.01595783
0.01596069
0.01595974
0.01595759
0.01695561
0.01894903
0.01895070
0.02094674
0.02094674
0.02495098
0.02393317
0.01797271
0.01695609
0.01595974
