0.02800775
0.01969767
0.01404810
0.02001476
0.02122116
0.02400136
0.02399349
0.02401900
0.02399802
0.02800226
0.02114224
0.02401018
0.02799296
0.02400398
0.02800584
0.02402782
0.02399492
0.02745605
0.02399540
0.02332616
0.02003217
0.02400208
0.02399874
0.03200841
0.02800250
0.03084970
0.03200316
0.02400184
0.02399611
0.02368569
0.01999879
0.02001286
0.02399898
0.02000117
0.02451277
0.02799988
0.02800012
0.02799392
0.02799654
0.03200960
0.02831030
0.03199482
0.03150415
0.03200078
0.04399705
0.04399943
0.04800057
0.02400303
0.02000117
0.01937437
0.01998734
0.02400303
0.02799797
0.02800202
0.03199673
0.02800536
0.02401161
0.02207708
0.02399683
0.03199458
0.02799964
0.02400994
0.02399898
0.01600051
0.01599908
0.01922321
0.01999998
0.02000427
0.02800417
0.01999855
0.01599979
0.02000403
0.01999831
0.02800107
0.02614689
0.02799773
0.02399611
0.04399681
0.04400206
0.04796767
0.04247069
0.02399063
0.02399898
0.01601601
0.01999664
0.02000260
0.02000308
0.01999855
0.01999974
0.02844357
0.02401590
0.02801466
0.02800035
0.02799892
0.02401638
0.02399278
0.02399635
0.02400255
0.02510619
0.02400208
0.02399659
0.02401161
0.02800655
0.02400017
0.02399945
0.02001309
0.02400279
0.02060485
0.02000332
0.02000260
0.01999760
0.01999736
0.02401400
0.01999784
0.02399659
0.02800035
0.01999950
0.01984525
0.01599264
0.01978183
0.02399731
0.01999760
0.02000928
0.01999950
0.01999950
0.02399778
0.01998663
0.02000070
0.01999712
0.02425599
0.02127934
0.02375603
0.02400112
0.02399635
0.02400208
0.02927399
0.03051543
0.02799892
0.03200984
0.01999974
0.01710629
0.01966405
0.01977348
0.02000237
0.01755691
0.01999998
0.01999879
0.01599884
0.02000093
0.01599789
0.01599813
0.02000093
0.01601958
0.01999855
0.01602793
0.01599884
0.02400541
0.02401590
0.02400184
0.01999784
0.01999879
0.01976132
0.01600456
0.01999736
0.01599908
0.02001238
0.01999068
0.02000237
0.02800465
0.01599979
0.01599956
0.01599979
0.01602483
0.01599002
0.01974797
0.01999974
0.02000141
0.01599932
0.01599908
0.01599526
0.01999855
0.01999950
0.01978803
0.01600027
0.01964998
0.01603198
0.01838207
0.02000666
0.01599956
0.01599860
0.01697087
0.02000427
0.02399969
0.02925253
0.02399063
0.02215934
0.02400017
0.02400136
0.02400160
0.02564192
0.02452540
0.01999688
0.02400565
0.02931905
0.02962375
0.02399850
0.01999903
0.01999974
0.01599979
0.01600504
0.02001739
0.02399564
0.02399564
0.01600075
0.01600003
0.01599789
0.01600003
0.01600003
0.01600194
0.01600194
0.01599956
0.01599956
0.01600122
0.02000070
0.01600075
0.02000427
0.01595950
0.01999688
0.01979351
0.02209330
0.02000046
0.02402043
0.02800274
0.02399993
0.03041315
0.02799797
0.02400112
0.02000046
0.01999831
0.02305126
0.01807022
0.01999927
0.02002931
0.01999807
0.01999784
0.01599813
0.01600575
0.01599789
0.01600409
0.01600051
0.01599932
0.01600313
0.01566219
0.01599908
0.01600003
0.01600003
0.02000022
0.01999545
0.01999998
0.02400398
0.02798939
0.02403402
0.02399898
0.02833033
0.01999331
0.02000642
0.02400637
0.01999903
0.01598310
0.01999903
0.01999950
0.01600194
0.01599932
0.02011704
0.01599932
0.01599765
0.02000523
0.01999402
0.02002120
0.02399945
0.01597953
0.02000260
0.01999831
0.02797604
0.02400589
0.02400041
0.02799678
0.02401257
0.01999831
0.01999760
0.01999474
0.02250671
0.02400017
0.02000618
0.02399468
0.02004027
0.02867866
0.02502513
0.02400160
0.02705932
0.02400088
0.02583528
0.02313733
0.01977801
0.01978493
0.01981735
0.01970148
0.02399969
0.02399850
0.02799869
0.02800131
0.01999593
0.02161622
0.01999903
0.01999760
0.01999998
0.01999879
0.02399421
0.02399850
0.02399993
0.02399707
0.02399945
0.02399969
0.02472091
0.01999807
0.01999903
0.02399755
0.02401733
0.02400136
0.01997900
0.02800226
0.02802992
0.02869868
0.03200126
0.02527452
0.02799797
0.02800512
0.02801275
0.03600645
0.02293348
0.02000022
0.02379632
0.02001214
0.02000046
0.02400041
0.02400756
0.02400947
0.02799869
0.02519441
0.01922774
0.02000046
0.01983047
0.01599979
0.02800012
0.02399635
0.02400041
0.02798247
0.02799773
0.02400136
0.02399874
0.02399683
0.02400184
0.02400208
0.03200531
0.02398276
0.02823424
0.01589894
0.02000427
0.01999831
0.01999784
0.02000284
0.02800083
0.02399731
0.01999521
0.01599813
0.02001262
0.01599860
0.01999950
0.02097201
0.01588941
0.02000308
0.02196789
0.02398849
0.02399492
0.02000380
0.02399635
0.01714444
0.01600051
0.01570630
0.01600122
0.01600099
0.01569033
0.01599836
0.01602221
0.01599836
0.01599932
0.01599836
0.01999927
0.01599932
0.02400017
0.02000237
0.02397346
0.02000046
0.02120495
0.02400041
0.01999784
0.02400017
0.02399826
0.01997089
0.02361393
0.02000022
0.01998520
0.01999903
0.02399707
0.02398396
0.02800083
0.02399945
0.02800441
0.02329373
0.02400041
0.01999950
0.01999760
0.01999784
0.02402186
0.02800202
0.01999688
0.01599765
0.02000046
0.01600742
0.01968551
0.01999712
0.02000451
0.02399945
0.02400184
0.01999760
0.02000237
0.01999092
0.01998591
0.01998758
0.01999855
0.01997280
0.02000070
0.01601839
0.01599979
0.01999950
0.02400422
0.02400279
0.02399850
0.02399755
0.02399683
0.01999784
0.01604080
0.01999998
0.01999974
0.01603341
0.01599622
0.01404500
0.01599908
0.01599836
0.01600027
0.02001357
0.02000141
0.02000070
0.01608086
0.01978970
0.01599932
0.01996922
0.02399945
0.02400231
0.02631450
0.02399921
0.01600146
0.01600266
0.01804495
0.01999831
0.02001357
0.02000761
0.02399445
0.02000117
0.01599908
0.01599813
0.02000165
0.02109742
0.02396703
0.02399445
0.01602602
0.01599932
0.01999807
0.01999855
0.01717257
0.01999950
0.01998043
0.01600480
0.01600623
0.01599884
0.01358581
0.01599908
0.01576304
0.01195264
0.01600003
0.01599765
0.01599932
0.02398086
0.02799368
0.01999283
0.01599693
0.01958346
0.01600003
0.01600099
0.02000070
0.01599860
0.01599932
0.01598835
0.01599741
0.01602149
0.01599956
0.01999998
0.01599622
0.01571703
0.01596379
0.01894498
0.02000070
0.02400327
0.02000666
0.01586747
0.01599836
0.02000141
0.02400184
0.02002192
0.02778292
0.02399921
0.02399778
0.02000523
0.02400732
0.02400088
0.02292442
0.02000618
0.02400231
0.03065085
0.01999927
0.02000141
0.02002716
0.01997995
0.02000904
0.01999974
0.02399492
0.02399921
0.02398324
0.02399898
0.02544332
0.01997066
0.02000046
0.02001238
0.01599860
0.01598907
0.01597524
0.01600051
0.01600003
0.02400398
0.02767301
0.02799726
0.02477217
0.02400064
0.02399850
0.02400589
0.02397132
0.03197861
0.02401876
0.02400017
0.02399731
0.02213740
0.02400327
0.02397037
0.01999903
0.01999950
0.02002764
0.01599765
0.01999998
0.02001452
0.01999927
0.01599860
0.01413083
0.02000237
0.02000189
0.02000117
0.02000165
0.01599836
0.01599789
0.02000165
0.01600075
0.02000022
0.01599765
0.02521300
0.02035832
0.02000260
0.01999879
0.01999593
0.01997519
0.02399945
0.02399349
0.02402663
0.02677727
0.02311516
0.02401853
0.02000237
0.01999950
0.01600027
0.01999903
0.02016068
0.01599956
0.02000046
0.01515293
0.02000141
0.01599932
0.01600194
0.01856828
0.01575875
0.02000260
0.01599979
0.01599884
0.01623869
0.01599908
0.02000332
0.02000093
0.01999760
0.01998925
0.02392530
0.01602793
0.01571226
0.01599860
0.01600027
0.01594758
0.01600003
0.01999521
0.01999855
0.02000475
0.02399731
0.02430701
0.02786279
0.02400255
0.02401567
0.02400017
0.02000284
0.01599836
0.02000237
0.01999903
0.01599598
0.01600027
0.01999831
0.02012825
0.02000308
0.02396441
0.02388883
0.02400374
0.02800846
0.02799797
0.02800226
0.02798629
0.02401614
0.01965976
0.01977420
0.01967812
0.01999998
0.01999831
0.01999950
0.02000046
0.02799678
0.02399898
0.02615166
0.02400064
0.02400303
0.02400112
0.02400732
0.02398276
0.02585316
0.02396941
0.02653480
0.02714086
0.02802849
0.02799439
0.02525973
0.02635789
0.02800632
0.02398443
0.02000189
0.01999950
0.02000618
0.01599836
0.01602507
0.02800512
0.01999712
0.02400374
0.02400303
0.01999760
0.02000070
0.02000570
0.01999903
0.01599884
0.02000022
0.01802063
0.02014709
0.01885319
0.01630187
0.01999950
0.02000189
0.02000022
0.01999760
0.02000022
0.01999950
0.01999855
0.01600075
0.01999879
0.02089477
0.02000713
0.01999998
0.02400351
0.02800179
0.01999474
0.01999927
0.02000070
0.01999950
0.01998830
0.01999807
0.01998496
0.02006769
0.01599884
0.01599813
0.01600075
0.01599813
0.01596618
0.01599956
0.01966929
0.01976109
0.01977372
0.01198983
0.01200485
0.01599860
0.01599979
0.01599956
0.01706696
0.01999998
0.02399611
0.02400041
0.02400160
0.02600217
0.02401257
0.02400470
0.01999998
0.02257919
0.02399993
0.02399611
0.01999903
0.01999879
0.02000093
0.02398705
0.02400875
0.02001858
0.01600075
0.01595902
0.01599717
0.01600099
0.01599932
0.01599836
0.01599622
0.01601744
0.01599765
0.01599813
0.01601672
0.01599932
0.01600242
0.02398252
0.02400446
0.02400398
0.02800608
0.02400064
0.02800035
0.02399540
0.01999974
0.01599813
0.01600099
0.01999784
0.01999974
0.01999664
0.02430511
0.02400541
0.01999569
0.02002072
0.01999879
0.02397513
0.02399993
0.02399158
0.02502990
0.01999807
0.02400064
0.01998353
0.02399492
0.02403903
0.02400494
0.02399826
0.02798891
0.02215886
0.02000070
0.01999950
0.01999807
0.01999927
0.02118087
0.01879311
0.01549888
0.01599956
0.02000260
0.01599956
0.01599908
0.01599884
0.01600051
0.01578474
0.01599693
0.01599956
0.01599956
0.01599932
0.01600337
0.02000022
0.01598287
0.01599932
0.01599979
0.01999950
0.01599765
0.01599884
0.01599884
0.01199937
0.01502848
0.01673126
0.01421428
0.01571321
0.01199841
0.01200080
0.01199794
0.01600266
0.02400970
0.02400017
0.01997614
0.02000284
0.01713848
0.01574039
0.01564169
0.01599860
0.01585674
0.01600003
0.02002263
0.01599598
0.02003813
0.02399874
0.02399850
0.02000165
0.02000427
0.01999760
0.02000237
0.02400327
0.02399206
0.02401805
0.01600003
0.01999903
0.02000070
0.01998234
0.01999855
0.01596642
0.01956248
0.01599860
0.01199532
0.01581812
0.01600099
0.02402353
0.02001333
0.01998639
0.02000046
0.01999950
0.01719236
0.01999712
0.01999736
0.01999927
0.01560903
0.01599979
0.01564670
0.01570082
0.01577735
0.01573038
0.01574969
0.01599956
0.01600170
0.01989031
0.01999736
0.01999712
0.01999784
0.01997757
0.01999974
0.02000237
0.02399802
0.01999855
0.02125430
0.02402949
0.02799749
0.01999569
0.01718974
0.02057385
0.01599860
0.02000904
0.01999807
0.01999617
0.01999617
0.02399707
0.02800083
0.02800274
0.03199792
0.02399826
0.01802802
0.01997471
0.01999950
0.01999998
0.02000046
0.01999712
0.01972437
0.01999998
0.01999998
0.02000022
0.01997280
0.01999998
0.01999807
0.01600075
0.02064037
0.01607752
0.01999903
0.01977396
0.01977777
0.01599956
0.01599932
0.02799749
0.02799201
0.02000046
0.01599979
0.01599956
0.01999927
0.01999998
0.01599669
0.01507068
0.01973581
0.01602125
0.02000046
0.02000022
0.02000213
0.02000046
0.02399707
0.02399588
0.02799344
0.01599622
0.01985765
0.01504159
0.01974416
0.01999807
0.02000022
0.02000070
0.02000117
0.01599884
0.01599884
0.01999736
0.01999927
0.01999736
0.02399778
0.02399731
0.02109218
0.02396679
0.02401733
0.02399921
0.02400041
0.02400255
0.03325820
0.02800369
0.03507757
0.02799177
0.02309871
0.02400255
0.02402043
0.02402139
0.01999974
0.02400136
0.02399850
0.02800179
0.02799726
0.02396226
0.02799487
0.02604127
0.01999998
0.02000427
0.01999807
0.02004385
0.01999927
0.01999950
0.01999950
0.01602197
0.01980138
0.02000046
0.01999903
