0.00507450
0.01600027
0.02399778
0.01999998
0.02000356
0.02400351
0.02002549
0.02000141
0.02489305
0.01200056
0.01570892
0.01599932
0.02399778
0.02857614
0.02399993
0.03600097
0.02411413
0.02799726
0.03199720
0.02799606
0.02799439
0.02800751
0.03201127
0.02812529
0.03200555
0.03600407
0.04400182
0.03999853
0.02799630
0.02002406
0.01999736
0.02004194
0.01599216
0.02400398
0.02400422
0.02343273
0.02607560
0.02799916
0.02400732
0.02400780
0.02400231
0.02400851
0.02399564
0.03360510
0.02400017
0.02802563
0.02399683
0.02799630
0.02800250
0.02397132
0.03199434
0.02111697
0.02399588
0.02399588
0.04800344
0.04400444
0.04800415
0.04986024
0.04402208
0.03599811
0.03600025
0.03570151
0.01984358
0.01600099
0.01600003
0.02000165
0.01599884
0.01600003
0.02000022
0.02400088
0.02000690
0.01999998
0.02000427
0.02402449
0.02399611
0.02525306
0.02309132
0.02799773
0.02398205
0.02398229
0.02400374
0.02799797
0.02400017
0.02399707
0.02402258
0.02397585
0.02799749
0.02398443
0.02400637
0.02399969
0.02400565
0.02684689
0.01997209
0.04399419
0.04101920
0.03999782
0.04000211
0.03600121
0.03550768
0.01609182
0.01600051
0.01571608
0.01588559
0.01583529
0.01600099
0.01600075
0.01599741
0.02399969
0.02000117
0.02400208
0.02400255
0.02400160
0.02399898
0.02399707
0.02399421
0.02400184
0.01999497
0.01303363
0.02125502
0.02399373
0.02400184
0.02800345
0.02399969
0.02799702
0.02286816
0.02400851
0.01999950
0.02399707
0.01999903
0.01999855
0.02399802
0.02800488
0.02799606
0.02399278
0.01999950
0.02400208
0.01999664
0.01999831
0.01999927
0.01999784
0.01999712
0.01999831
0.01999688
0.01661110
0.01978421
0.01971841
0.02522945
0.02399993
0.01999712
0.01597452
0.01999784
0.01999712
0.02799869
0.01599836
0.01600623
0.01599956
0.01929116
0.01601076
0.01581955
0.02396703
0.02803493
0.02000213
0.02000141
0.01999950
0.01999998
0.01999688
0.01999831
0.01599908
0.01999855
0.01599956
0.01600146
0.01999879
0.01999688
0.01601815
0.02799678
0.02799869
0.01999497
0.01809502
0.02000165
0.01599646
0.01599956
0.01599932
0.01575136
0.01597857
0.01599002
0.01600242
0.02000308
0.02799726
0.02400231
0.02399707
0.02399755
0.02400970
0.02399778
0.02400017
0.02400732
0.02400088
0.02527165
0.02800417
0.02596569
0.02400041
0.01999712
0.02800894
0.02399826
0.02400017
0.02400517
0.02108097
0.02000046
0.01999640
0.02800679
0.02397966
0.02397180
0.02399635
0.02799463
0.01999211
0.01592708
0.01999474
0.02000022
0.02564645
0.03198075
0.02401423
0.02399826
0.02268124
0.02850509
0.02798772
0.02000022
0.01999950
0.02399921
0.02400398
0.01999831
0.02399468
0.02399778
0.03359890
0.03200221
0.02799988
0.03199482
0.04400873
0.04399753
0.04800272
0.04854083
0.03602362
0.03911471
0.02000141
0.01998591
0.01970077
0.01599860
0.01999998
0.02001834
0.02000451
0.02043009
0.02634430
0.02523589
0.02000546
0.02000427
0.02400160
0.01999354
0.02400231
0.02400804
0.02399826
0.01600385
0.01459908
0.01600027
0.01600075
0.01599884
0.01599813
0.01600432
0.01597595
0.01200318
0.01579189
0.01579380
0.01599908
0.01600027
0.01197100
0.01199937
0.01550913
0.01199698
0.01572514
0.01598406
0.01600194
0.01195931
0.01997089
0.02361250
0.02398539
0.02400684
0.01599813
0.01706004
0.01607633
0.02000308
0.02000904
0.02399969
0.01999211
0.01530623
0.01599836
0.01599741
0.02000117
0.01199389
0.01201391
0.02000237
0.02402139
0.01997709
0.02400470
0.02401042
0.01998782
0.02000308
0.02399850
0.02000642
0.01599789
0.01999593
0.01507640
0.01571918
0.01365471
0.01600146
0.02527452
0.02399635
0.02399254
0.02400303
0.01602221
0.01599932
0.01967740
0.01599717
0.01790643
0.01976275
0.01599836
0.01598907
0.01600957
0.02401137
0.02400351
0.02800679
0.02315426
0.02399516
0.01999927
0.01999784
0.01999712
0.02145004
0.01999879
0.01719618
0.02722049
0.02800322
0.02799964
0.02399993
0.02400374
0.02799988
0.02399731
0.02399373
0.02963734
0.03199887
0.02526760
0.02399421
0.02401519
0.02800179
0.02801919
0.02799797
0.02399421
0.01998639
0.02056170
0.02400041
0.03200722
0.03199816
0.02982378
0.02803445
0.02800703
0.03199959
0.02612925
0.02000046
0.02401876
0.02396917
0.02399659
0.02799964
0.02799916
0.03999615
0.03599930
0.03600097
0.02400017
0.01998019
0.01599407
0.01599789
0.01999927
0.01599693
0.01600218
0.02400327
0.02402163
0.02399230
0.02399993
0.02825522
0.01599813
0.02000070
0.01600242
0.01779652
0.01599908
0.01997542
0.01999760
0.02000237
0.02000046
0.02000022
0.02000332
0.01599479
0.01930475
0.01599884
0.01566076
0.01599741
0.01599669
0.01599836
0.01575637
0.01599884
0.01599860
0.01574731
0.01599693
0.01599813
0.01599860
0.02164602
0.02399659
0.02400136
0.02000356
0.02400303
0.02397251
0.02000308
0.02001882
0.01999784
0.01999974
0.02000380
0.02321792
0.02399588
0.02400208
0.02400374
0.02399778
0.02400565
0.02399611
0.02000403
0.02400041
0.02400184
0.02399993
0.02400064
0.02400517
0.02399230
0.01999927
0.01997423
0.02400398
0.02331829
0.02400684
0.03199410
0.02400231
0.02399945
0.02400041
0.02400160
0.02799273
0.02936387
0.03599501
0.02425718
0.02400041
0.02395940
0.01999950
0.01999259
0.02397823
0.02399516
0.02399755
0.02799964
0.02799892
0.02801061
0.02800989
0.02800131
0.03200793
0.02798986
0.03200126
0.02800298
0.02800107
0.02400088
0.02367210
0.01999879
0.02523637
0.02800655
0.02800059
0.03199577
0.02928996
0.02800083
0.02000070
0.02000022
0.01997256
0.02000260
0.04800415
0.03999424
0.04000139
0.03999901
0.04000092
0.03200316
0.02000642
0.02800083
0.02399802
0.02000046
0.02399874
0.01908541
0.01999879
0.02400470
0.01726174
0.02802825
0.02400279
0.02799320
0.02399659
0.02400970
0.02800083
0.02413154
0.02400160
0.02399755
0.01999998
0.01999950
0.01999688
0.01599813
0.01600099
0.02000022
0.01999760
0.02000070
0.01999950
0.01406479
0.02001262
0.02400637
0.02800226
0.02399707
0.02289152
0.02400422
0.02400160
0.02399683
0.02000022
0.02399683
0.02800322
0.02399707
0.02400112
0.01999784
0.02399898
0.01999784
0.02400184
0.02400017
0.02306485
0.01999402
0.01970148
0.02399898
0.01999903
0.01999784
0.02000403
0.02400088
0.02399826
0.02800632
0.03201175
0.02879620
0.03601003
0.02529502
0.02799678
0.02400017
0.02401376
0.02397203
0.02401900
0.02403426
0.02799630
0.01999950
0.02000380
0.02000046
0.02382994
0.01600075
0.02000022
0.01600099
0.02000332
0.02400303
0.02800727
0.02797747
0.03055859
0.02400231
0.02400184
0.02399755
0.02399921
0.02400541
0.02800059
0.02400351
0.02800989
0.02931714
0.02399683
0.02798462
0.02399969
0.02399898
0.02399755
0.02399468
0.02000427
0.02520490
0.02400684
0.02261949
0.01999950
0.02000022
0.01781011
0.01999903
0.01999664
0.02001810
0.02000070
0.01999497
0.01599813
0.01600623
0.01975989
0.01600027
0.01981401
0.01599836
0.01600051
0.01599979
0.01302004
0.01575613
0.02121162
0.01997900
0.02800322
0.02399659
0.02000022
0.02401423
0.01997495
0.01900887
0.01601911
0.01834536
0.02399898
0.01999569
0.02117515
0.02400541
0.01999474
0.01580954
0.01600075
0.01572251
0.01567769
0.01400971
0.01599979
0.01870108
0.01998329
0.01999760
0.01720166
0.02000117
0.02400422
0.02798057
0.02399802
0.02400017
0.02298927
0.01600051
0.01999545
0.01999736
0.01999807
0.01999950
0.02400303
0.01599813
0.01599884
0.02000332
0.02001500
0.01999640
0.01584935
0.01705384
0.01600003
0.02000499
0.02799416
0.02399397
0.02000189
0.01998663
0.02400231
0.02399921
0.02401781
0.02346563
0.02399850
0.02400613
0.02399588
0.02798915
0.02799296
0.02011776
0.01974177
0.02002859
0.02401590
0.02399826
0.02398014
0.02142024
0.02237439
0.02399755
0.02518487
0.02399039
0.03372025
0.02460098
0.02800250
0.02430630
0.02800608
0.02800965
0.02799678
0.02752256
0.02399826
0.01999831
0.01909423
0.02090859
0.02000022
0.01976848
0.02000093
0.01999974
0.02064466
0.02002907
0.01999712
0.01999784
0.02002501
0.01999712
0.01599956
0.01976228
0.01977444
0.01599979
0.01600933
0.01999998
0.02799702
0.02400899
0.02000046
0.02402830
0.02000022
0.01868486
0.01603127
0.01600170
0.01965070
0.01598215
0.02000141
0.01599765
0.01574039
0.01599932
0.01573229
0.01599860
0.02399898
0.02400064
0.02799726
0.02629089
0.02285433
0.02400756
0.02398539
0.02800322
0.02399659
0.02399516
0.02400637
0.01999784
0.01860070
0.01836610
0.01600003
0.02003145
0.02122688
0.02800131
0.02400374
0.02400613
0.01999950
0.01999974
0.02001286
0.01999617
0.02000260
0.01999974
0.01998019
0.02400398
0.01997924
0.02000308
0.01999903
0.01999211
0.01999521
0.01999974
0.02001524
0.01702309
0.01598334
0.01599813
0.01600099
0.01597953
0.01600027
0.01976085
0.01584387
0.01978755
0.01812601
0.01465130
0.01978159
0.02000093
0.01599908
0.01599932
0.01780844
0.01999712
0.02000141
0.01600075
0.01998973
0.01999998
0.02000213
0.01601410
0.02400708
0.02400279
0.02402401
0.01999927
0.01600051
0.01600003
0.01546526
0.01599956
0.01600075
0.01599836
0.01602650
0.01599860
0.01599836
0.01600122
0.01835561
0.01600051
0.01600003
0.01598787
0.01700807
0.01600456
0.01599956
0.01599884
0.01584435
0.01572967
0.01600099
0.01911736
0.01411057
0.01598024
0.01599979
0.01717353
0.01600218
0.02063060
0.01699853
0.01999903
0.02799916
0.01999426
0.01600289
0.01600003
0.01599979
0.01600027
0.01567721
0.01599908
0.01575470
0.01573539
0.01552391
0.01594305
0.01599836
0.01599908
0.01602340
0.01599717
0.02000237
0.02400303
0.02400446
0.02399731
0.01599717
0.01600075
0.01602125
0.01998520
0.01600075
0.01601672
0.01263714
0.02001476
0.02525496
0.02800369
0.02400017
0.02397609
0.02399325
0.02400351
0.02400398
0.01998067
0.02399635
0.02400112
0.02400804
0.02400064
0.02400661
0.01599646
0.01199770
0.01203728
0.02000117
0.02399731
0.02401590
0.01999760
0.02002072
0.01596618
0.02000284
0.02000260
0.01999855
0.01762223
0.02000117
0.01999593
0.02000237
0.02400231
0.02800751
0.02796078
0.02799392
0.02799654
0.02799439
0.02412558
0.02002645
0.01999712
0.01999950
0.01999974
0.02400279
0.02400208
0.02800536
0.02800083
0.02400470
0.02615714
0.01998305
0.01999998
0.01970053
0.01976943
0.01997709
0.01978135
0.01600695
0.02399874
0.01600075
0.01752782
0.01599932
0.01600003
0.01608515
0.02000403
0.01600575
0.02000093
0.01999426
0.02400184
0.01999640
0.02400184
0.01997876
0.02399850
0.01999211
0.01999664
0.01506853
0.01999950
0.01599693
0.02000141
0.01999831
0.01599789
0.01872635
0.01599765
0.02518797
0.02000308
0.01599717
0.01808286
0.01599884
0.02399492
0.02397847
0.01999617
0.02400112
0.01581478
0.01713037
0.01988840
0.01600194
0.02002048
0.01598883
0.01997590
0.01403952
0.01597881
0.01599669
0.01968169
0.01599932
0.01999927
0.01600051
0.01599741
0.01999807
0.01599908
0.01599693
0.01598716
0.01599813
0.01582074
0.01803780
0.01603961
0.01600146
0.01599884
0.02000046
0.01597834
0.01597738
0.01599884
0.01599956
0.01600599
0.01999736
0.02000117
0.01600051
0.01599908
0.01781774
0.01405263
0.01753783
0.01627135
0.01600075
0.01999950
0.01719475
0.01999450
0.01600170
0.02000403
0.02000141
0.01600003
0.02313161
0.02400327
0.02216601
0.02402806
0.02000165
0.02799559
0.02399921
0.02400136
0.01999903
0.02399945
0.02400136
0.01999235
0.02400136
0.02400160
0.02399755
0.02402878
0.02401400
0.02800941
0.02797604
0.02834940
0.02528811
0.02000022
0.01999855
0.02398539
0.02000403
0.02400160
0.01999998
0.02000475
0.01999760
0.02399731
0.01999784
0.02419424
0.02400041
