0.01599836
0.01600099
0.01599956
0.01998210
0.01999855
0.02799654
0.02400327
0.02399731
0.03200054
0.02399659
0.02800965
0.02800012
0.02800035
0.01999974
0.02000260
0.02399755
0.02799487
0.02008200
0.02401495
0.02399826
0.02399969
0.02733636
0.02399683
0.02401876
0.02000046
0.02312064
0.02400088
0.02800465
0.02799964
0.03601050
0.02800441
0.02399826
0.02400184
0.02371240
0.02563834
0.02400827
0.02400041
0.02399993
0.02000523
0.02383327
0.02799892
0.02800441
0.02799439
0.02400422
0.02399874
0.02400064
0.02357125
0.02399945
0.02400064
0.04000044
0.03827333
0.03599930
0.02000308
0.02400351
0.02798629
0.03200722
0.02398515
0.02400064
0.02800369
0.02811146
0.02799368
0.02799273
0.02799010
0.02795339
0.02399993
0.01976514
0.01599908
0.01970601
0.01999497
0.01999974
0.01999950
0.01600122
0.02800727
0.02798581
0.02800179
0.02400017
0.02798319
0.02738094
0.02399683
0.02000213
0.01599908
0.01969862
0.01596761
0.01599932
0.01599979
0.01999927
0.01999855
0.01999903
0.02115846
0.02399945
0.01999569
0.02373457
0.02000165
0.02523804
0.03200221
0.02638793
0.02799749
0.02399993
0.01999974
0.01999879
0.01999950
0.02400112
0.02399755
0.02400541
0.02400231
0.02402067
0.02930093
0.02800703
0.02399707
0.01979470
0.01999950
0.01999784
0.02902269
0.02800345
0.04113698
0.03600144
0.04399705
0.04334378
0.04800749
0.02797413
0.02639198
0.01599789
0.01597214
0.01602411
0.01967978
0.01599979
0.02401638
0.02800059
0.02800345
0.02420354
0.03200603
0.02400684
0.02800584
0.01599884
0.01979947
0.02800536
0.02399302
0.02002811
0.01599908
0.01600051
0.01599789
0.01999831
0.02400017
0.02400541
0.02000046
0.01996517
0.02000165
0.01999664
0.02399611
0.01977134
0.01599240
0.01999998
0.02400184
0.01999950
0.02400327
0.02399731
0.03201032
0.02508593
0.01999807
0.02800560
0.02800703
0.03325582
0.02636003
0.01999784
0.02799606
0.04400492
0.04000282
0.03965354
0.02000070
0.02800369
0.02799845
0.01600075
0.01987600
0.02000165
0.01599979
0.01600099
0.01971626
0.01599813
0.01999903
0.01600051
0.02400422
0.02530169
0.02527547
0.02098918
0.01599932
0.01599908
0.01977277
0.01600099
0.01599813
0.01971531
0.02000046
0.02000093
0.01599908
0.01599717
0.01999974
0.02000022
0.01599932
0.01999569
0.01999760
0.02000213
0.02397227
0.02580714
0.01999807
0.01999760
0.01600027
0.01999879
0.01999712
0.01999879
0.02000141
0.01999545
0.01997924
0.02299523
0.03200793
0.02799916
0.02400136
0.02399993
0.02400684
0.02799606
0.02799988
0.03063726
0.02399588
0.01999784
0.01999974
0.02396512
0.02800131
0.02400231
0.02799511
0.01999879
0.02354598
0.02296400
0.02399659
0.02799368
0.02799582
0.03199410
0.03197694
0.02799988
0.03200269
0.02800345
0.02800322
0.02797222
0.01999998
0.01999998
0.01999831
0.01999807
0.01999903
0.02114749
0.02384019
0.02002001
0.01999879
0.01999831
0.02000237
0.01999807
0.02000117
0.01999784
0.02400088
0.01999879
0.01999950
0.02799177
0.02001381
0.02000022
0.02800322
0.02800655
0.02799606
0.02101278
0.01999879
0.02399421
0.02800441
0.02399516
0.01982808
0.01999068
0.02000117
0.02799368
0.02802181
0.02800465
0.02400041
0.01999927
0.02000093
0.01999736
0.01999664
0.01999998
0.02000022
0.02420211
0.01600099
0.02378654
0.02000141
0.02400017
0.01999593
0.02000093
0.02399850
0.03200245
0.02799416
0.02400851
0.02399874
0.01999903
0.02001095
0.01999974
0.02402353
0.02399325
0.01999855
0.02000117
0.01999784
0.01999879
0.01999950
0.01999855
0.01999831
0.02000022
0.01999927
0.02001143
0.01599956
0.01971793
0.01599813
0.02399969
0.02000237
0.02800417
0.02399993
0.02400160
0.02800727
0.02400470
0.02399683
0.02400064
0.02799559
0.02400208
0.02800298
0.02399826
0.02399302
0.02399325
0.02399969
0.01600075
0.01599932
0.01599836
0.01600003
0.01600051
0.01599813
0.01599789
0.01999068
0.01599932
0.02400088
0.02398968
0.02800226
0.02400088
0.01596570
0.01715732
0.02144194
0.01936126
0.01599979
0.01600027
0.01970887
0.01999998
0.02402878
0.02000213
0.01999950
0.02400732
0.02000046
0.01999331
0.01970887
0.02000022
0.01999998
0.01966047
0.01600099
0.01599932
0.01599979
0.01999927
0.02000237
0.02800083
0.02398181
0.02400231
0.02399135
0.01599979
0.01599884
0.01600742
0.02800965
0.02399397
0.02000165
0.02000093
0.01999998
0.02000332
0.01999879
0.02001786
0.01999569
0.01977992
0.01599836
0.01599979
0.01599836
0.01599836
0.01600194
0.01600027
0.01599932
0.01999927
0.02000070
0.01999760
0.02400446
0.02800083
0.02800298
0.02800179
0.02800870
0.02799773
0.01999760
0.02000046
0.02374005
0.02399802
0.02000165
0.02399874
0.02400136
0.02371621
0.01999903
0.02000070
0.01999974
0.02000213
0.02400136
0.01599979
0.01599860
0.01977921
0.01599956
0.02000189
0.02400088
0.02426934
0.02028155
0.01999998
0.01999950
0.02000046
0.01599956
0.02000117
0.02800679
0.02400327
0.02799988
0.02400064
0.03199887
0.01718545
0.01999903
0.01600385
0.01980233
0.01600218
0.02000093
0.02400112
0.02400494
0.01999903
0.01600027
0.02000046
0.01999927
0.01999855
0.01999998
0.01599956
0.02000499
0.02110839
0.01599789
0.01965785
0.01977825
0.01600552
0.01600313
0.01999855
0.01999378
0.02799678
0.02803683
0.02404976
0.01977944
0.01999831
0.01600003
0.01981020
0.01976204
0.01599479
0.01599050
0.01599455
0.01599956
0.01599741
0.01999998
0.01606560
0.01599717
0.01975298
0.01597428
0.01837444
0.02400017
0.01603079
0.01597285
0.01599836
0.01600075
0.01598740
0.01605272
0.02502203
0.01999664
0.02397394
0.01998687
0.01602936
0.01599932
0.02402067
0.02399945
0.01600337
0.01602244
0.01586938
0.01599956
0.01599813
0.01567841
0.01600075
0.01600027
0.01600003
0.01599884
0.01600003
0.01569510
0.01971889
0.02000046
0.01599979
0.02021766
0.01601958
0.01599884
0.01599979
0.01599908
0.01200771
0.01600242
0.01201606
0.01599932
0.01599956
0.02402568
0.01999617
0.01506829
0.01604128
0.01597190
0.01200080
0.01196480
0.01694322
0.01723814
0.01266742
0.01586366
0.01197886
0.01589322
0.01599693
0.01600075
0.01999998
0.02103591
0.02000117
0.02398562
0.01996112
0.02400398
0.02399278
0.01999712
0.01602411
0.01199985
0.01600456
0.01201105
0.01198292
0.01600051
0.01600027
0.01199865
0.01599693
0.02382374
0.02399874
0.01999712
0.01599908
0.01597595
0.01599836
0.01979828
0.01599956
0.01599836
0.01600122
0.01599932
0.01999784
0.01719403
0.02044773
0.01599813
0.01599884
0.01573944
0.01599860
0.02000952
0.02399969
0.02250838
0.01603985
0.01575089
0.01570868
0.01599979
0.01599765
0.01324558
0.01601267
0.01200032
0.01599455
0.01600027
0.01599932
0.01603341
0.01600027
0.01599908
0.01599884
0.01303935
0.01599979
0.01199913
0.01200008
0.01602316
0.02000022
0.01599979
0.01600051
0.01199889
0.01199937
0.01199937
0.01199818
0.01599813
0.01599956
0.01599336
0.02400422
0.01999950
0.02400017
0.02400231
0.02799630
0.02399564
0.02400231
0.02270913
0.02400613
0.02000308
0.02400017
0.02377129
0.01999855
0.01569605
0.01599932
0.01582909
0.01599693
0.01598620
0.01599956
0.01601028
0.01513791
0.01999521
0.02000475
0.02399850
0.02400351
0.01998568
0.01599765
0.01599860
0.01973081
0.01999736
0.02800369
0.02399063
0.02399802
0.02800298
0.02207589
0.02400517
0.01998854
0.01999807
0.02000475
0.01708245
0.02800035
0.02799392
0.02402449
0.02800059
0.02398896
0.02399230
0.02000427
0.01999879
0.01928377
0.01999998
0.01599860
0.01999950
0.01999950
0.01598573
0.01970410
0.02399921
0.02402616
0.02800035
0.02799654
0.02208233
0.02400231
0.02399874
0.02399611
0.02400923
0.02400827
0.02400351
0.02399969
0.01977754
0.02400088
0.02025580
0.01999855
0.01999807
0.01999760
0.01979470
0.02799940
0.02399755
0.03200030
0.02800179
0.02401853
0.02599931
0.02256870
0.02400064
0.02399993
0.02800107
0.02802849
0.02799416
0.01999974
0.02366829
0.02368617
0.02305818
0.01599836
0.02002597
0.02400041
0.02800751
0.02399874
0.01999807
0.01965094
0.01970553
0.01599813
0.01972985
0.01977181
0.01972389
0.01999927
0.02397847
0.03200054
0.03200078
0.03199744
0.03200316
0.02799129
0.02000260
0.02400231
0.01711321
0.01997328
0.01995802
0.02000046
0.01978755
0.01977658
0.02000141
0.01999998
0.02000070
0.03199196
0.01999307
0.02399778
0.01999950
0.02400208
0.02399993
0.02399707
0.02400231
0.02399611
0.02399850
0.02399802
0.02400279
0.02388740
0.02109075
0.02399898
0.02400422
0.02399921
0.02400565
0.02520657
0.02074766
0.01999879
0.01999807
0.02398777
0.02800322
0.02004600
0.02379489
0.02000022
0.01999927
0.01999760
0.01999879
0.01999974
0.02802420
0.02800632
0.03200006
0.03200746
0.02520943
0.02214146
0.01999831
0.01999831
0.02119613
0.02591705
0.02799177
0.03200293
0.03199983
0.02411985
0.02000070
0.01599956
0.01969433
0.01972222
0.01978064
0.01599526
0.01599956
0.01599860
0.01997495
0.01999998
0.02003741
0.02799964
0.02884316
0.03199553
0.02802181
0.03202653
0.03200889
0.01999760
0.01599932
0.01599956
0.01974916
0.01972175
0.01599884
0.02000046
0.01795387
0.01599789
0.02000237
0.02400279
0.02799273
0.02799249
0.02800560
0.03200912
0.03199768
0.03299522
0.03199410
0.02399993
0.01999974
0.02000451
0.01895738
0.03200150
0.02800465
0.03600311
0.02799368
0.02313495
0.01805115
0.02368784
0.01999974
0.02400041
0.02000070
0.02000022
0.02400017
0.01999807
0.01999950
0.02000022
0.01999354
0.02086639
0.02002048
0.02400231
0.02400088
0.02400064
0.02399850
0.02399802
0.02380514
0.02400088
0.02399850
0.02400112
0.02202034
0.02400589
0.02399826
0.04399753
0.03220701
0.03602481
0.02925682
0.03200674
0.03360152
0.02208352
0.02000165
0.02399611
0.02402782
0.02378249
0.02157044
0.02400208
0.02399993
0.02399850
0.02399659
0.02573657
0.02108812
0.01998901
0.02400017
0.02399516
0.01964998
0.02000046
0.01997972
0.01999879
0.01999998
0.01999927
0.02000165
0.01602268
0.01599860
0.01891398
0.01599860
0.01952863
0.01999903
0.01999474
0.02400756
0.02799249
0.01970196
0.01600003
0.01999998
0.01970935
0.01975107
0.02000070
0.01797867
0.01504707
0.01999974
0.02000618
0.01599908
0.02000117
0.01704860
0.02803898
0.02529001
0.02800679
0.02592158
0.01404238
0.01572514
0.01600027
0.01599979
0.01966000
0.01599860
0.01599979
0.01999998
0.01567912
0.02000308
0.01599789
0.01600075
0.01600003
0.01695514
0.01604033
0.01599813
0.01599717
0.01599979
0.01583385
0.01570082
0.01599717
0.01600099
0.01584291
0.01599860
0.01598382
0.01599789
0.01999855
0.01967597
0.01703215
0.01599765
0.01981258
0.01999974
0.01999640
0.01999569
0.01599836
0.01599956
0.01599956
0.02000022
0.01600027
0.01599360
0.01695299
0.01403570
0.01599908
0.01999903
0.01599813
0.01968479
0.01599717
0.01599741
0.01720166
0.02045751
0.01599526
0.01599813
0.01599836
0.01975536
0.02102160
0.01985765
0.01999974
0.01579022
0.01599264
0.01599860
0.02079225
0.01999855
0.01971436
0.01999807
0.02399969
0.02400470
0.02242422
0.01708984
0.01977324
0.02000427
0.01999879
0.02013350
0.01847458
0.02799320
0.02800345
0.02800679
0.03200245
0.03638268
0.02799749
0.02810645
0.02038074
0.02000046
0.04000092
0.03200936
0.02800202
0.02800822
0.02400279
0.01994634
0.02140212
0.02000117
0.01999497
0.01975369
0.01999664
0.01974797
0.01986313
0.01599765
0.01999640
0.01999831
0.01999855
0.01803589
0.02000308
0.03200364
0.03199244
0.03200006
0.03596735
0.02399826
0.01999950
0.02399707
0.01999807
0.02400112
0.02094388
0.02400017
0.01996994
0.01999950
0.01980782
0.01997781
0.01999974
0.02000093
0.01999688
