0.00633574
0.01994753
0.01947999
0.01995230
0.01994610
0.02194190
0.02194142
0.02094221
0.02194190
0.02194190
0.02094507
0.02293992
0.02238822
0.02293849
0.02393651
0.02296972
0.02293921
0.02293873
0.02393651
0.02593040
0.02593040
0.02293849
0.02393603
0.02094460
0.02194047
0.02094412
0.02493358
0.02293897
0.02094388
0.02094364
0.02298641
0.02393603
0.02393556
0.02194166
0.02293849
0.02293849
0.02293968
0.02891874
0.02992344
0.03097248
0.03390908
0.03690076
0.02493358
0.02393556
0.07767296
0.04587770
0.04388237
0.03490758
0.03590417
0.08776593
0.05226374
0.06898665
0.02738547
0.02095103
0.02052069
0.01895118
0.01994729
0.01895285
0.01994634
0.01794648
0.01795292
0.01695514
0.01695323
0.01595902
0.01869392
0.01695466
0.01695514
0.01595855
0.02095175
0.02391863
0.02293873
0.02293348
0.01894999
0.06236386
0.01797318
0.01994777
0.01894975
0.02593136
0.01795125
0.20844269
0.02493405
0.02493310
0.01894951
0.01746130
0.01796341
0.02593040
0.02593112
0.02493310
0.02593184
0.02692938
0.02293849
0.02293754
0.02393746
0.02992272
0.02393770
0.02393651
0.02593231
0.02094579
0.02194476
0.02393985
0.02792645
0.02593684
0.02693033
0.02793980
0.02892208
0.02452588
0.02593040
0.02593565
0.02393699
0.02297163
0.02094626
0.02292061
0.02393842
0.03290915
0.02892041
0.02293968
0.02094460
0.02194047
0.02094388
0.02095628
0.02294278
0.02792883
0.02992010
0.02992225
0.02493334
0.02593589
0.02393222
0.02995491
0.03046107
0.02890110
0.02692986
0.02093577
0.02194142
0.01994681
0.02692676
0.02692986
0.02592707
0.02596140
0.02793217
0.02792120
0.01895094
0.01894689
0.02092528
0.02792454
0.02692366
0.02393913
0.02592897
0.01895118
0.02094436
0.01895046
0.02194214
0.02992105
0.02804041
0.02792931
0.02892780
0.02792335
0.02194190
0.02094674
0.02692842
0.02792740
0.02892494
0.02094483
0.01843572
0.02493453
0.02693033
0.02493358
0.02493238
0.02792430
0.02693558
0.02992463
0.03191710
0.03092408
0.02889776
0.02393675
0.02094579
0.02393746
0.02293968
0.02194262
0.02294183
0.02393627
0.02593160
0.02493095
0.02892780
0.02891731
0.02692080
0.02194023
0.02294087
0.02094293
0.03191638
0.02693081
0.02593470
0.02294111
0.02193999
0.02094650
0.02194333
0.01894999
0.01894879
0.01834464
0.02094316
0.02593493
0.02792597
0.02593350
0.02693129
0.02892303
0.02888918
0.02793336
0.02792215
0.02892733
0.02692127
0.02593088
0.02692962
0.02693176
0.02692866
0.02293658
0.01795340
0.01895165
0.02692604
0.02593923
0.02892303
0.02194500
0.01994681
0.01895022
0.01897311
0.02194524
0.02293730
0.02395225
0.02695227
0.02693152
0.02593279
0.02693009
0.02393031
0.01994705
0.02194214
0.02393603
0.02294111
0.02790093
0.02094579
0.02094507
0.02194190
0.01994681
0.02294493
0.02593255
0.02393651
0.02194166
0.02393818
0.03290439
0.02892995
0.02891970
0.02994204
0.02947378
0.03092003
0.02792883
0.03091717
0.02944231
0.02393723
0.03192139
0.03189111
0.03093624
0.02991533
0.02991676
0.03192139
0.03091884
0.03390908
0.02493358
0.02493477
0.02094698
0.02194262
0.02393484
0.02094388
0.02293992
0.02092052
0.01995230
0.02841544
0.02792716
0.02892780
0.02792215
0.02693295
0.02692723
0.03490853
0.02792692
0.02891445
0.02890706
0.02792215
0.02894664
0.02692652
0.02593517
0.02593255
0.02792597
0.02891874
0.02692056
0.02693725
0.02791667
0.02892351
0.02490544
0.01894879
0.01892591
0.02094650
0.01894951
0.01895285
0.01896429
0.02496696
0.02493119
0.01795197
0.01994967
0.01994681
0.02094436
0.01795316
0.01894951
0.01894975
0.01994944
0.01595807
0.01695728
0.01496220
0.01595759
0.01695371
0.01695657
0.01795197
0.01695633
0.01595807
0.01495886
0.01695776
0.01695633
0.01595664
0.01695323
0.01694107
0.01595902
0.01898408
0.01994824
0.01793122
0.01795673
0.02493739
0.02294874
0.02389765
0.02293563
0.02293181
0.02291226
0.02692914
0.02294040
0.02396059
0.02493024
0.02393270
0.02393961
0.02393961
0.02294278
0.02293468
0.01894259
0.01496005
0.01795435
0.01895046
0.01994753
0.01895165
0.01994681
0.01895118
0.02849197
0.02693009
0.02493334
0.02492809
0.02593350
0.02595472
0.02493644
0.02991605
0.01695585
0.01894975
0.02709198
0.02592421
0.02492595
0.02892828
0.02593613
0.02593613
0.02589774
0.01994419
0.01894975
0.01797128
0.01894975
0.01795435
0.01595736
0.01994872
0.01697421
0.01897311
0.01695681
0.01795316
0.01695848
0.01795173
0.01895380
0.02493358
0.01794839
0.01597118
0.01695585
0.02194500
0.02396297
0.01994443
0.01995754
0.01795602
0.01892352
0.01895094
0.01994848
0.01994753
0.02493501
0.02393436
0.02493453
0.02393246
0.02490044
0.02493072
0.02095032
0.02393413
0.02393198
0.02557278
0.02293324
0.01795220
0.01695561
0.01595974
0.01595926
0.01596856
0.01695418
0.01592565
0.01695776
0.01695514
0.02293968
0.02294612
0.02393579
0.02393508
0.01795292
0.01796556
0.01894712
0.01795030
0.01894975
0.02493978
0.01993585
0.01595759
0.01542258
0.01496029
0.01494360
0.01595592
0.01596069
0.01595616
0.01695490
0.01595902
0.01695514
0.01595783
0.01698494
0.01638985
0.01695466
0.01695776
0.01894832
0.01695609
0.01795363
0.01695490
0.01694560
0.02490354
0.02193856
0.02294636
0.02397037
0.02295661
0.02393317
0.01595759
0.01496029
0.01595759
0.01595807
0.01695514
0.01496053
0.01595998
0.01496005
0.01795268
0.01695466
0.01795435
0.01595998
0.01595855
0.01695752
0.01695538
0.02294707
0.02393293
0.02295637
0.02388787
0.02293801
0.01695490
0.01478481
0.01795340
0.01795244
0.01894951
0.01793027
0.01994634
0.01895094
0.01896167
0.02891898
0.02393556
0.02238846
0.01994228
0.01795578
0.01994348
0.02593136
0.02691793
0.02595997
0.02592564
0.02592778
0.02593756
0.02692938
0.02493382
0.02593851
0.02549863
0.02693415
0.02793193
0.02792549
0.02692533
0.02693653
0.02892280
0.02692437
0.02693176
0.02792454
0.02593279
0.02393723
0.02294016
0.02795482
0.02892280
0.02992201
0.02792692
0.02791262
0.02892756
0.03089452
0.02892494
0.02792048
0.02792549
0.03190494
0.02493477
0.02390862
0.02293897
0.02293491
0.02194715
0.02094388
0.02293801
0.01795387
0.01795173
0.01695132
0.01994920
0.01795483
0.01894879
0.01595879
0.01695561
0.02293992
0.02493668
0.02194357
0.02394533
0.02393675
0.02093220
0.01895213
0.01595950
0.01595974
0.01595855
0.01595664
0.01595497
0.01494861
0.01595736
0.02294493
0.02191854
0.02196693
0.02351069
0.02294040
0.02294445
0.01496124
0.01495981
0.01496053
0.01496124
0.01495934
0.01496196
0.01595640
0.01496029
0.01695395
0.01695752
0.02194619
0.02194643
0.01797843
0.01795125
0.01496029
0.01595855
0.01496148
0.01495957
0.01695919
0.01994586
0.01795864
0.01894307
0.01795292
0.01496077
0.01595736
0.01695919
0.01595831
0.01396275
0.01597190
0.01496005
0.01596856
0.01598167
0.02001786
0.02293730
0.02293873
0.02396226
0.02393246
0.02393603
0.02294230
0.02496600
0.02493453
0.02094579
0.02094841
0.02493668
0.02593517
0.02259779
0.01795149
0.01698446
0.01695514
0.01795101
0.01994801
0.02095008
0.02094984
0.02394366
0.02393699
0.02393985
0.02293634
0.02493262
0.02415419
0.01994729
0.01795316
0.01795483
0.01895118
0.02293301
0.02393770
0.02194691
0.02094889
0.02295566
0.01994538
0.01794934
0.01795101
0.01895308
0.01894975
0.01894855
0.01695490
0.01793194
0.02293849
0.02393794
0.02294230
0.01994538
0.02291584
0.02692866
0.01894736
0.01595640
0.01595879
0.01695633
0.02293921
0.02293181
0.02294302
0.02356744
0.02393579
0.02293324
0.02593231
0.02494192
0.02593350
0.02294636
0.02294493
0.02394009
0.02393508
0.02194190
0.02492547
0.02393126
0.01994419
0.02094460
0.02136207
0.01595902
0.01596045
0.02592468
0.02393031
0.02395487
0.02394247
0.02392602
0.02192569
0.01784801
0.01695538
0.01795220
0.01795220
0.01994991
0.01994896
0.02082276
0.02593398
0.02692556
0.02993941
0.02492142
0.02294135
0.02193975
0.01895142
0.01895070
0.01994562
0.01895046
0.01994824
0.02593279
0.02493548
0.01894879
0.01795053
0.01792049
0.01695490
0.01695490
0.01894903
0.02294421
0.02693462
0.02693129
0.02493358
0.02496624
0.02491570
0.02693009
0.02792692
0.02793455
0.02493477
0.02496004
0.02194571
0.02291536
0.02593088
0.02144909
0.01695418
0.01795483
0.01795626
0.02195525
0.02493167
0.02296472
0.02493787
0.02593398
0.02493525
0.02297521
0.02493763
0.02705693
0.02492738
0.01895523
0.02493668
0.02593517
0.02294064
0.02094674
0.02097535
0.01894736
0.01687431
0.01696873
0.01595855
0.01695538
0.01695466
0.01595831
0.01595759
0.01695371
0.01794934
0.02094173
0.02294111
0.02293992
0.02493978
0.02293921
0.02194524
0.02293563
0.02608275
0.01595926
0.01496291
0.01495981
0.01595783
0.01496077
0.01497221
0.01496005
0.01595950
0.01495719
0.01696062
0.01595807
0.01597762
0.01495981
0.01496029
0.01496148
0.01595807
0.01595807
0.01496124
0.01496172
0.01597285
0.01496124
0.01646423
0.01491785
0.01594353
0.01495957
0.01610446
0.01595783
0.01595759
0.01595712
0.01495337
0.01496291
0.01496124
0.01495957
0.01595950
0.01595974
0.01495886
0.01396298
0.01595736
0.01595807
0.01695514
0.01595283
0.01496029
0.01397467
0.01493645
0.01496196
0.01494980
0.01496053
0.01595855
0.01496315
0.01595736
0.01596069
0.01695728
0.01596022
0.01846457
0.01695991
0.01795340
0.01695848
0.01795268
0.01994777
0.01795149
0.01795006
0.02175736
0.02194476
0.02194810
0.02492619
0.02293015
0.01396370
0.01396322
0.01493096
0.01396418
0.01496077
0.01396346
0.01595736
0.01596045
0.01695871
0.02194715
0.02351284
0.02094984
0.02193832
0.02196193
0.02593732
0.02394462
0.02193928
0.02194810
0.02294970
0.02489686
0.01595473
0.01695442
0.01695061
0.01498103
0.01496601
0.01493907
0.01530361
0.01596379
0.01595879
0.01795292
0.01594424
0.01496077
0.01595736
0.01396418
0.01396322
0.01496148
0.01496053
0.01595902
0.01695490
0.01595736
0.01695371
0.01496053
0.01396346
0.01496053
0.01396465
0.01496077
0.01496172
0.01795435
0.01894808
0.02293348
0.01695037
0.01492739
0.01595640
0.01695466
0.01496100
0.01597452
0.01593781
0.01595855
0.01695824
0.02194118
0.02362752
0.02293563
0.02393985
0.02692795
0.01795220
0.01695657
0.01695585
0.01795197
0.01595926
0.01593709
0.01595688
0.01795673
0.02294087
0.02193856
0.01595712
0.01496029
0.01695561
0.01595688
0.01595664
0.01595902
0.01895046
0.01495910
0.01695514
0.01595855
0.01595879
0.01495910
0.01595783
0.01595688
0.01496100
0.01495981
0.01496482
0.01495910
0.01396298
0.01496077
0.01496077
0.01595688
0.01595688
0.01894903
0.02245545
0.02042961
0.02194166
0.02190351
0.02193904
0.02094626
0.02194405
0.02294207
0.02094388
0.01993752
0.02194333
0.02193904
0.02194953
0.02094793
0.02393913
0.02095103
0.02095056
0.02393746
0.02297068
0.02094364
0.02095771
0.02293873
0.01994133
0.01795650
0.01994252
0.01894808
0.01595855
0.01496029
0.01396465
0.01397181
0.01395583
0.01595926
0.02336168
0.02391386
0.02195954
0.02293849
0.02293968
0.02296138
0.01894927
0.01795411
0.02195096
0.01595831
0.01695585
0.01595783
0.01595902
0.01496005
0.01496005
0.01595902
0.01595974
0.01496148
0.01695490
0.01496077
0.01595759
0.01595855
0.01595974
0.01795459
0.01595879
0.01795387
0.02294183
0.02692604
0.02394414
0.02295732
0.02194786
0.02394605
0.02394438
0.02294254
0.02494240
