0.01602864
0.02644777
0.02400208
0.02402210
0.02000546
0.02401042
0.01999617
0.01199389
0.01300836
0.01599956
0.01599979
0.01999450
0.02002263
0.02399993
0.02400398
0.02400064
0.01599717
0.01600122
0.01599765
0.01598024
0.02399993
0.02399635
0.02400494
0.02398205
0.02798843
0.02799535
0.02800560
0.02799320
0.02802420
0.02799940
0.03199816
0.03200364
0.03199625
0.02799344
0.02800083
0.02799273
0.03199577
0.02800775
0.03333235
0.03224611
0.04399419
0.04800320
0.04799604
0.04799962
0.05600357
0.04399228
0.04399800
0.04399991
0.04799628
0.04800129
0.02800035
0.02800083
0.02399182
0.02000070
0.02403545
0.02800393
0.02799511
0.02399921
0.02800417
0.02400064
0.02000237
0.02402353
0.02401280
0.02399540
0.01834059
0.02399778
0.02400684
0.02399731
0.03199649
0.02399206
0.02801657
0.02800131
0.02400637
0.02748752
0.02800369
0.02802300
0.02799535
0.03199697
0.03200126
0.03198647
0.02400017
0.02400112
0.02399850
0.02800274
0.03599906
0.03329372
0.04001904
0.03200388
0.03197908
0.03199697
0.02800465
0.04293561
0.04399705
0.04798651
0.04800034
0.04797530
0.05200696
0.04799390
0.05199647
0.04574490
0.04797697
0.04402447
0.04400325
0.03999305
0.04400420
0.04399991
0.04398632
0.04397225
0.03999805
0.04399705
0.02798796
0.02526784
0.02399230
0.02399969
0.02799463
0.01999283
0.01999712
0.02000141
0.01973057
0.02000117
0.02000046
0.02400637
0.02001810
0.02122974
0.02320814
0.02399588
0.02399206
0.02467608
0.02399039
0.02399659
0.02400684
0.02399349
0.02399898
0.02062201
0.02401948
0.02524996
0.02333832
0.02399683
0.04800081
0.04797721
0.04542947
0.04400206
0.04397798
0.04850698
0.04799533
0.04482770
0.04400206
0.04525542
0.03944969
0.03600001
0.04399896
0.04400349
0.04399395
0.04400086
0.04399467
0.04000425
0.03599691
0.02399969
0.01999831
0.01602006
0.01601887
0.02174234
0.02000070
0.02399945
0.02799988
0.02802062
0.01998043
0.02400041
0.02401948
0.02401042
0.02400398
0.02799749
0.02399635
0.02400041
0.01999640
0.02400088
0.02540398
0.02800679
0.02400041
0.02801371
0.02800345
0.02400184
0.02398324
0.02399397
0.02399564
0.04799747
0.04524493
0.04002190
0.03599930
0.03966808
0.03999996
0.04000044
0.03999972
0.01999831
0.02400303
0.02869225
0.02399588
0.02800679
0.02798748
0.01999736
0.02400398
0.02802372
0.02389598
0.02400351
0.01999712
0.02399969
0.02428651
0.02402616
0.02604795
0.01999831
0.01999378
0.02400041
0.02399898
0.02399659
0.02401066
0.01999998
0.01999736
0.02000189
0.02400804
0.02800560
0.02126980
0.02079678
0.01998425
0.03999853
0.04319763
0.03999233
0.02122068
0.02397275
0.02400327
0.02503443
0.02479100
0.02400517
0.02400279
0.02399683
0.02800345
0.02399969
0.02798605
0.02399564
0.02800393
0.02400613
0.01696062
0.02000022
0.01717138
0.01999927
0.02399707
0.02399993
0.02397132
0.02399969
0.02399468
0.02401114
0.02399921
0.02400160
0.02401519
0.02398109
0.04290438
0.04400468
0.04800439
0.04400420
0.03999400
0.03998733
0.04000258
0.03600264
0.01999521
0.02800727
0.02400160
0.02400565
0.01847100
0.02400351
0.02399826
0.02400041
0.02399516
0.02400756
0.02799416
0.02401543
0.02399921
0.02399993
0.02403593
0.01999736
0.02721930
0.02400637
0.02399898
0.02399492
0.02400136
0.02400613
0.02382183
0.02801085
0.02191401
0.02000022
0.01599956
0.02000046
0.02400327
0.03999639
0.03599954
0.03999496
0.02399969
0.02396083
0.02400041
0.02399921
0.02400827
0.02800012
0.02400398
0.03200054
0.02799678
0.02800274
0.02799606
0.02800131
0.02399492
0.02821374
0.02399707
0.02399945
0.02800298
0.02399993
0.02400661
0.01599908
0.02403212
0.02399731
0.02400279
0.02800035
0.02400565
0.02400064
0.02800202
0.02399755
0.02400017
0.02800465
0.04400206
0.04613304
0.03601694
0.02398920
0.02799678
0.02799797
0.02799988
0.02799344
0.02800632
0.02799916
0.02399635
0.02800775
0.02799678
0.02816844
0.02800369
0.02800131
0.02800226
0.02403164
0.02797556
0.02400804
0.02400517
0.02400327
0.01999950
0.02000022
0.01599979
0.01977658
0.02400684
0.02399993
0.02800083
0.02527928
0.02399921
0.02799463
0.02800488
0.05099511
0.04800010
0.04418874
0.04798484
0.03599954
0.03998590
0.04400587
0.02396393
0.01999927
0.02000833
0.02800536
0.02798986
0.02799606
0.02800012
0.02800012
0.02924418
0.02857542
0.02399683
0.02399945
0.02397084
0.02399683
0.01602745
0.01597834
0.01784921
0.01980162
0.03199792
0.02400398
0.01599956
0.02399683
0.02400780
0.02797747
0.02800369
0.02399588
0.02800155
0.02397943
0.02800679
0.02398252
0.02401090
0.02662206
0.02799273
0.03599691
0.03202271
0.02800322
0.03200459
0.03200006
0.02399731
0.02799559
0.02798319
0.03200340
0.03199911
0.02799940
0.02399564
0.02799964
0.03199911
0.02800274
0.03200054
0.02800202
0.03202510
0.03200197
0.03200293
0.03199530
0.03201175
0.02800250
0.02799511
0.02794409
0.04799318
0.03999925
0.04122019
0.01983786
0.01999784
0.01599717
0.01914907
0.01599860
0.01999855
0.02000070
0.02800012
0.02799773
0.02399349
0.01999950
0.01999903
0.02000093
0.02800059
0.02399802
0.02400160
0.02800369
0.02819896
0.02585268
0.02400494
0.01999998
0.01999950
0.01999855
0.02000284
0.01999974
0.02399778
0.01999807
0.02397442
0.02799964
0.01999593
0.01999998
0.02399635
0.02800083
0.02800941
0.02800417
0.02400255
0.02396631
0.02400279
0.02800322
0.02800035
0.02399468
0.02401710
0.01999807
0.03201103
0.02799964
0.03200817
0.02399731
0.02399993
0.02120471
0.01999831
0.02800059
0.02743268
0.03200603
0.03199863
0.02800059
0.02800894
0.03199935
0.03599954
0.03197145
0.03600001
0.03200245
0.03200698
0.04800439
0.04400015
0.03999925
0.03928900
0.04001403
0.04000401
0.02400184
0.01999974
0.01999927
0.01999664
0.03195047
0.01999855
0.01998234
0.01999474
0.02800012
0.02399969
0.02399516
0.02399993
0.02824378
0.02800775
0.02799845
0.02401400
0.02399683
0.02800393
0.02401018
0.02000213
0.01599717
0.02000928
0.02000022
0.02524996
0.02516508
0.02000380
0.01999903
0.01999998
0.01998711
0.02400351
0.02603197
0.03200340
0.04400063
0.03999734
0.03601360
0.01999784
0.02000904
0.01999998
0.02399540
0.03199697
0.02525067
0.02361202
0.02799678
0.02523708
0.02438569
0.01999831
0.02400279
0.02187634
0.02399135
0.02400517
0.02525091
0.02401733
0.03199601
0.01999784
0.01599979
0.01599836
