0.02891946
0.02802587
0.02000642
0.01999736
0.01998448
0.02123189
0.02068996
0.01999259
0.02403498
0.01405716
0.01568675
0.01969504
0.02400303
0.02399731
0.02400351
0.02399969
0.02400231
0.02304053
0.02400351
0.02399683
0.02799320
0.02399635
0.02402735
0.02399468
0.02800417
0.02800226
0.02867675
0.02224159
0.02399993
0.02799606
0.03599501
0.03197551
0.03199840
0.03075910
0.02310610
0.02399993
0.02783513
0.02799892
0.02837515
0.02399898
0.02399707
0.02372932
0.02386165
0.02308536
0.02400112
0.02400088
0.02401257
0.02799988
0.03998137
0.04800153
0.04800773
0.04819441
0.04802155
0.03600001
0.03200603
0.02800012
0.03199482
0.02800035
0.03488874
0.02802181
0.02800608
0.03048825
0.03600597
0.03200126
0.03199983
0.02926922
0.02635431
0.02399826
0.03106499
0.02612948
0.03202438
0.03200030
0.03200102
0.03199673
0.02800488
0.03474140
0.01599741
0.01999879
0.01999855
0.02400255
0.02927160
0.03216600
0.02799869
0.03199935
0.03411865
0.02799726
0.02799821
0.02799702
0.02800226
0.03517556
0.02801251
0.02799630
0.02386355
0.02654099
0.01999998
0.01999974
0.02399993
0.02401471
0.02799821
0.02399683
0.02799487
0.02399588
0.01999927
0.02400351
0.02836895
0.02527881
0.02337050
0.02399898
0.01999831
0.01999807
0.01999974
0.01967716
0.02022171
0.01976013
0.02024269
0.02000213
0.02124405
0.01999378
0.01999950
0.01997924
0.03996205
0.03200197
0.02401543
0.02002406
0.02118993
0.02648163
0.02799368
0.02798200
0.02799892
0.02800155
0.02800035
0.02399611
0.02399874
0.02399755
0.02800179
0.03198743
0.02792692
0.02800298
0.02799821
0.03200531
0.02799916
0.03200078
0.02399945
0.02198982
0.02354097
0.01999927
0.02400041
0.03329206
0.03612947
0.02799392
0.02800179
0.02399588
0.02399826
0.02399945
0.02399945
0.01999903
0.01999736
0.01999950
0.02400041
0.02799845
0.03199863
0.02400112
0.02255177
0.02399731
0.02399850
0.02402091
0.02801514
0.02399993
0.02800703
0.02799916
0.02799869
0.03790879
0.03199673
0.02799749
0.01862311
0.02377558
0.02399993
0.03200722
0.03199649
0.02799821
0.03999639
0.03600025
0.03897858
0.02000046
0.01199985
0.01599956
0.01599860
0.01599026
0.01999688
0.02402401
0.02309966
0.02400112
0.02400708
0.02800226
0.02400231
0.02400017
0.02400517
0.02399850
0.02000213
0.02806640
0.02401710
0.02400279
0.02399683
0.02399230
0.02800179
0.02800488
0.01199937
0.01986384
0.01601839
0.01599860
0.01982212
0.01599860
0.01599860
0.01578736
0.01599860
0.01597023
0.01801658
0.02400517
0.02798414
0.03200722
0.01710224
0.02000022
0.02000117
0.01999784
0.01599932
0.01970387
0.01599956
0.02004981
0.01971626
0.01981354
0.02000117
0.02743220
0.03199744
0.02800298
0.03199863
0.02800584
0.02399826
0.01597476
0.01996732
0.01999950
0.01999927
0.01998782
0.01834059
0.01980066
0.01599789
0.02001023
0.01998448
0.02400112
0.02000022
0.01996756
0.01599956
0.01599932
0.01602316
0.02000022
0.01600194
0.01599908
0.02397585
0.02400327
0.02400160
0.02799964
0.02800441
0.02801037
0.02925897
0.02915883
0.02799845
0.02800035
0.03199077
0.02399516
0.02399945
0.02399778
0.02400303
0.01599383
0.01599908
0.01404834
0.03200459
0.02800012
0.02800131
0.02798247
0.03200507
0.02799296
0.02800250
0.03199959
0.02800059
0.01811147
0.01999879
0.03200316
0.03198862
0.02001524
0.02000594
0.01999903
0.01999998
0.02384305
0.02377105
0.01989746
0.02368402
0.02000260
0.01999903
0.01999974
0.01717186
0.02258730
0.02000046
0.02400184
0.02399683
0.02452230
0.02399540
0.02400160
0.02399731
0.02799702
0.02399564
0.02799129
0.02797747
0.02798557
0.02399516
0.01707840
0.01999211
0.03200150
0.03202200
0.02800655
0.02800035
0.03199983
0.02400279
0.02602601
0.02399993
0.01999998
0.03190756
0.03200030
0.03200603
0.03201437
0.03200340
0.02985954
0.04000807
0.03200197
0.04000163
0.02799892
0.04048681
0.04400110
0.03626585
0.04000115
0.04000068
0.04000449
0.02000427
0.02400041
0.02400565
0.01600027
0.01600075
0.01805139
0.01574206
0.01599932
0.01602864
0.01999998
0.02000213
0.01997685
0.02000141
0.02000093
0.01997399
0.02000022
0.02397990
0.01402736
0.01583099
0.01569819
0.01599884
0.01599836
0.02000260
0.02798414
0.02799296
0.02400446
0.02041888
0.01599932
0.01583338
0.01599932
0.01599836
0.01569629
0.01600051
0.01569915
0.01586699
0.01601481
0.01599121
0.01599979
0.01599956
0.01599860
0.01705718
0.02525401
0.02800655
0.02800179
0.02629852
0.02399302
0.02000070
0.01600003
0.01598883
0.02000022
0.01999998
0.01978159
0.01507545
0.02000427
0.01999760
0.02398515
0.01999068
0.02800608
0.02799416
0.03600430
0.02800012
0.02934909
0.02797985
0.02800679
0.02799654
0.03200936
0.03199649
0.02400255
0.01998591
0.01999974
0.02399993
0.03209257
0.02000237
0.02399945
0.02120852
0.02875471
0.02800035
0.02799749
0.02796888
0.02901411
0.01999903
0.01997972
0.01999879
0.01999950
0.02000880
0.02414823
0.01999998
0.02268648
0.01998019
0.02000093
0.01965928
0.01599956
0.01608443
0.01999426
0.02000976
0.01972342
0.01599884
0.01714325
0.01907921
0.02000332
0.02800012
0.02800035
0.02400136
0.01996589
0.02000022
0.02000022
0.02000093
0.02800560
0.02799678
0.03879833
0.02799821
0.01600075
0.01599932
0.02130723
0.01602507
0.01599836
0.01999950
0.01599932
0.01600003
0.01977062
0.01600075
0.01966000
0.02000809
0.01819754
0.02400136
0.02400017
0.03601170
0.02513480
0.02797103
0.02800012
0.02799106
0.02400517
0.03049278
0.02800369
0.02400088
0.02389956
0.02799940
0.02399898
0.02399755
0.02596164
0.03200626
0.02400088
0.02255583
0.02399611
0.01506686
0.01602697
0.01754498
0.01981163
0.01999974
0.01999998
0.02000141
0.01999784
0.01600051
0.01978827
0.01599884
0.01600027
0.01974535
0.01404047
0.02000260
0.01970315
0.01999998
0.01599860
0.01599908
0.01599979
0.01599956
0.01600075
0.01999879
0.01999998
0.01999998
0.01908946
0.02000093
0.02801180
0.02802777
0.03199744
0.03361058
0.02800465
0.02400064
0.02093244
0.02146244
0.01610947
0.01999998
0.01999974
0.01999998
0.01976514
0.01997256
0.01973009
0.01973701
0.02001691
0.01976180
0.01982760
0.01599956
0.01600075
0.01870036
0.01600051
0.01997042
0.02401209
0.03199506
0.02399921
0.02399921
0.02399850
0.03199840
0.02799678
0.02799869
0.02002907
0.02400112
0.02399969
0.02399993
0.02399826
0.02520895
0.02351880
0.02400565
0.02802277
0.02888370
0.01998210
0.02399540
0.02119040
0.02049112
0.02799988
0.02926636
0.03014159
0.02399111
0.01599789
0.02062821
0.02000046
0.01599789
0.01597333
0.01993132
0.01975203
0.01574683
0.01599979
0.01582694
0.01596761
0.01600146
0.02000165
0.02528286
0.02813911
0.02796745
0.02799821
0.02800131
0.02400327
0.02799320
0.02802515
0.02799630
0.01998997
0.02003241
0.01599932
0.01599789
0.01701307
0.01730633
0.01999974
0.02400517
0.02524805
0.02399278
0.01470184
0.01597667
0.02000189
0.01999998
0.02400351
0.02399778
0.02799678
0.02520657
0.01999617
0.02583504
0.01596689
0.01807237
0.02000022
0.02000046
0.02403641
0.02397537
0.02400136
0.01999831
0.02001810
0.02400064
0.02000117
0.01999664
0.02000117
0.02072835
0.01999927
0.01968789
0.01999140
0.01999784
0.01999950
0.01978803
0.01599789
0.01976776
0.02001858
0.01993537
0.01599836
0.01999760
0.01999950
0.01704574
0.02800918
0.02399731
0.02399755
0.02399397
0.02799845
0.02399850
0.02400374
0.02400637
0.02206016
0.01599979
0.01600027
0.01599860
0.02000117
0.01971984
0.01597333
0.01600051
0.01599908
0.01602864
0.01599836
0.01999712
0.01999974
0.01720262
0.01453972
0.01599956
0.02000046
0.02000165
0.01999927
0.01997209
0.01999784
0.01997781
0.02000022
0.02403927
0.02800393
0.02799964
0.01509452
0.01603293
0.01999831
0.02855992
0.02803826
0.02800179
0.02796555
0.02832270
0.02799869
0.02006125
0.01999664
0.01999664
0.02003050
0.01999736
0.02000165
0.01599741
0.01599860
0.01599836
0.01599860
0.01599693
0.02016521
0.02033782
0.02001071
0.01972580
0.01600003
0.01600099
0.01600075
0.01600051
0.01600075
0.02403879
0.02799916
0.02800894
0.03200507
0.02801180
0.02800179
0.02799392
0.02400541
0.02400064
0.03198719
0.02400088
0.01999903
0.01999950
0.02210259
0.01599741
0.01967025
0.01601577
0.01999950
0.01965094
0.01999974
0.02000093
0.01999855
0.02397966
0.01599956
0.02800155
0.02821231
0.02799535
0.02800083
0.03200579
0.03200364
0.03200316
0.02799726
0.03199267
0.02922797
0.03726196
0.02399755
0.02400064
0.02399921
0.02400041
0.02802110
0.02800179
0.02799964
0.03200340
0.04199362
0.02799821
0.02799368
0.02399564
0.02521825
0.02333260
0.02799773
0.02800155
0.02800226
0.02800250
0.02399755
0.03199983
0.02800322
0.02800155
0.02400064
0.02399826
0.01999950
0.01999927
0.02400088
0.02479982
0.02416134
0.02228522
0.02400088
0.03198671
0.02737522
0.01999784
0.02000427
0.02399826
0.02368355
0.02399683
0.01599836
0.01999855
0.01805162
0.01999760
0.02001691
0.02400875
0.03200483
0.02800059
0.02800274
0.02800059
0.02799273
0.02000070
0.01598549
0.01970816
0.02000165
0.02799940
0.02400732
0.02920055
0.02399898
0.02063346
0.01732254
0.01999974
0.01599932
0.01999998
0.02060866
0.01602530
0.01600099
0.02000070
0.01780272
0.01997781
0.02000117
0.01601315
0.01998019
0.01602125
0.01600051
0.01999950
0.01599956
0.01599908
0.01977348
0.01973963
0.01977706
0.01600003
0.01600075
0.01599717
0.01761198
0.01602888
0.01575112
0.01599979
0.01599884
0.02802777
0.02799678
0.02795863
0.02399635
0.02110386
0.01999879
0.02000046
0.02000165
0.02398777
0.01996469
0.02801275
0.02800059
0.01599693
0.01596713
0.01990533
0.01600122
0.01600051
0.01999950
0.01999974
0.01600075
0.01599765
0.01599860
0.01604247
0.02000117
0.02000093
0.02800894
0.02400589
0.03099465
0.02399158
0.02399778
0.01945710
0.02400398
0.02000189
0.01599956
0.01995826
0.01999974
0.01999950
0.01603580
0.01805782
0.01999974
0.02400756
0.03197980
0.03200340
0.02708197
0.02799273
0.03200030
0.03488326
0.03599668
0.02799392
0.03600621
0.03200293
0.03199887
0.03200603
0.03199625
0.02990842
0.02400637
0.02400398
0.02400184
0.02227426
0.01999998
0.01999998
0.01999950
0.01999927
0.02399993
0.02394700
0.02400279
0.02589011
0.02000070
0.01999927
0.01599860
0.02085209
0.01720285
0.01600051
0.01970148
0.01998758
0.02398872
0.02397823
0.01999664
0.01999927
0.01457119
0.01974821
0.01600003
0.01599932
0.02062750
0.01999903
0.01999044
0.02400064
0.03200364
0.01999736
0.01999950
0.01999545
0.01600170
0.01999807
0.02000022
0.01621389
0.01600027
0.02096605
0.01883149
0.02000070
0.01999903
0.02123547
0.02606225
0.02398825
0.02399945
0.02800417
0.02800488
0.03198814
0.02702951
0.02802491
0.02800250
0.02800584
0.03199959
0.03322792
0.02000117
0.02400398
0.02399993
0.02800035
0.02800512
0.02799678
0.02585721
0.02000093
0.02013397
0.02163315
0.01600409
0.02000141
0.02000189
0.01999974
0.02402186
0.01999927
0.01999569
0.02399826
0.02399898
0.02118230
0.02760792
0.02724600
0.02800298
0.02399302
0.02799678
0.02402043
0.02800250
0.02800298
0.02799726
0.03197002
0.03503776
0.03199673
0.02799964
0.03199339
0.02799988
0.02799988
0.02797866
0.02799702
0.02800465
0.02799845
0.02855420
0.02003932
0.02199769
0.02145219
0.02400517
0.02378082
0.02399826
0.01999950
0.02384448
0.02400541
0.01999688
0.01999927
0.02399898
0.02005959
0.01972508
0.01999998
0.01967764
0.01999855
0.01999712
0.01599789
0.01600122
0.01997542
0.01999974
0.02000046
0.02000451
0.02112699
0.03200650
0.02799249
0.02800655
0.02399254
0.03199887
