0.01601791
0.03199863
0.02800488
0.02799892
0.02800369
0.02800202
0.02801085
0.02399874
0.02000093
0.01999640
0.02803636
0.02800012
0.02799654
0.03200006
0.03196859
0.02524304
0.02818799
0.03599763
0.04799056
0.04399085
0.04400659
0.04120803
0.04002213
0.04799986
0.04512787
0.04802346
0.04397798
0.05199671
0.04399848
0.03720593
0.04582763
0.04399681
0.04798436
0.04399800
0.03599977
0.04000020
0.04397106
0.04400253
0.04400706
0.02399302
0.02399707
0.02800894
0.02799392
0.02799511
0.02799368
0.02800179
0.02399993
0.02800012
0.02399802
0.02799797
0.02799416
0.02399278
0.02398968
0.02000380
0.02399993
0.02414060
0.02399707
0.02802134
0.02400184
0.02800035
0.02400827
0.02400517
0.02399302
0.02400303
0.02800608
0.04799604
0.04799414
0.04399705
0.03999043
0.03601432
0.03599238
0.01999855
0.01599956
0.02000022
0.02000308
0.02399993
0.02399826
0.02398872
0.02400351
0.02800345
0.02001715
0.01999760
0.01982999
0.01993990
0.01600051
0.02400756
0.02400041
0.02800560
0.01599884
0.01600051
0.02000284
0.02000976
0.01988363
0.02400327
0.02399731
0.02922988
0.02101994
0.01999807
0.02265549
0.01999831
0.01998687
0.01999569
0.02400136
0.02397656
0.02399850
0.02399945
0.02399874
0.02401519
0.02399826
0.02399778
0.02799749
0.03199267
0.02399778
0.02000022
0.02399755
0.02400970
0.02800179
0.02799988
0.02800250
0.02400446
0.02399755
0.02400017
0.01999879
0.02095819
0.02039957
0.02002621
0.02800655
0.02799630
0.03200054
0.04399753
0.03999376
0.04399729
0.04400015
0.04000282
0.01999664
0.02397561
0.02400327
0.03200054
0.02398038
0.02400255
0.02400041
0.02799678
0.02799368
0.02400041
0.02799869
0.02400064
0.01599789
0.01999974
0.01600003
0.01599979
0.02000141
0.01999950
0.02000237
0.01600218
0.01599979
0.01999950
0.02000070
0.01999974
0.01999974
0.01601076
0.01600003
0.02400184
0.02799988
0.02401686
0.02800655
0.02799702
0.02799916
0.02799606
0.02399802
0.02801132
0.02797103
0.03199482
0.03200626
0.02799678
0.03199482
0.02799249
0.02800059
0.02802110
0.04401016
0.04399872
0.04399371
0.03998256
0.04799414
0.02801108
0.02399397
0.02799702
0.02799439
0.02399516
0.02799559
0.02800035
0.02800083
0.02400231
0.01996970
0.01999998
0.02800059
0.02798390
0.02400231
0.02800107
0.02398992
0.02799702
0.02399993
0.01999879
0.01999927
0.01999879
0.01999259
0.01998353
0.02400088
0.02399516
0.02001548
0.02400374
0.02399707
0.02399611
0.02800012
0.03199673
0.04399633
0.04798627
0.04400086
0.03997970
0.04399991
0.02400661
0.01998448
0.02400041
0.02800798
0.02399588
0.02400136
0.02000237
0.02800608
0.02799463
0.01599956
0.01598763
0.02001405
0.02000046
0.01999855
0.02399921
0.02400017
0.02401423
0.02800751
0.02400422
0.02799773
0.02402568
0.02802610
0.02396917
0.02399278
0.02399707
0.01999855
0.02000213
0.02399850
0.02799654
0.02399635
0.03999758
0.04399920
0.04399228
0.03989124
0.03599930
0.02799129
0.01599956
0.01710582
0.02183723
0.02399349
0.02423477
0.02400398
0.02529597
0.02799654
0.02333117
0.01999807
0.02000165
0.01999927
0.03199959
0.02399731
0.02401066
0.02399683
0.02400875
0.02399993
0.02400088
0.02399564
0.02799845
0.02400327
0.02000499
0.02000046
0.02800035
0.02197599
0.01997733
0.02000022
0.02398276
0.02400112
0.01999760
0.01999617
0.02002072
0.02399969
0.02800345
0.02800059
0.02400422
0.02334714
0.02399969
0.02799749
0.02797842
0.03200412
0.03999257
0.03599954
0.03599882
0.01602364
0.02055645
0.01749563
0.01988983
0.01600099
0.01599956
0.01602721
0.01999807
0.01999807
0.01600623
0.02000022
0.01999664
0.02002120
0.02000380
0.02801466
0.02400446
0.02800989
0.02399468
0.01999354
0.02000022
0.01999760
0.01999879
0.01600766
0.02000308
0.02400780
0.02399874
0.02798700
0.02398801
0.02799678
0.01599932
0.01999831
0.02416515
0.02179837
0.02400374
0.02400041
0.02761078
0.02400374
0.02400732
0.02397561
0.02800322
0.03200340
0.03199911
0.04397702
0.04400277
0.04400039
0.04400611
0.04524779
0.04090023
0.04800248
0.03999734
0.01998234
0.02000022
0.02001643
0.02799916
0.02800179
0.02799463
0.01999903
0.01990461
0.01720858
0.01814651
0.01999235
0.01599979
0.01600003
0.01601601
0.01599598
0.01600027
0.01599932
0.01507711
0.01599884
0.02000117
0.02396560
0.02402759
0.02003860
0.01970077
0.01581788
0.01599932
0.01999998
0.01605701
0.02400684
0.02400684
0.01999855
0.01199841
0.01570582
0.01600003
0.01600814
0.01600051
0.02000165
0.01757693
0.02399969
0.02800107
0.01997948
0.01999950
0.02127171
0.01930070
0.02400303
0.02631235
0.01599979
0.01971054
0.01602316
0.01599884
0.01600146
0.02000189
0.02000093
0.02000046
0.02001834
0.01999903
0.01999807
0.02007341
0.01974106
0.01999903
0.02399993
0.02399635
0.02399898
0.02799106
0.02799916
0.01999974
0.02000022
0.01706767
0.01978517
0.02002239
0.02800441
0.02799797
0.01999712
0.02399445
0.01598716
0.02800035
0.02000475
0.01600027
0.01977158
0.02000022
0.01599884
0.02003312
0.01999879
0.01998401
0.02000117
0.01999784
0.01597619
0.01599908
0.01597714
0.01409888
0.01971364
0.01596808
0.01600170
0.02608871
0.02396965
0.02399802
0.02799797
0.02400827
0.02400017
0.02302861
0.01974511
0.02400541
0.02400064
0.03599429
0.02000666
0.01600170
0.01599908
0.01787519
0.01599693
0.01599765
0.01599908
0.01600003
0.01599002
0.01599860
0.01580644
0.01600003
0.01572561
0.01564908
0.01599836
0.01600146
0.01596308
0.01769590
0.02128220
0.02399659
0.02399302
0.01997781
0.02400088
0.02002168
0.02410483
0.02399921
0.02711415
0.02400231
0.02000093
0.02527022
0.02620482
0.02400637
0.02399778
0.02399325
0.01912618
0.01599956
0.01601338
0.01600003
0.01755691
0.01338339
0.01599956
0.01599932
0.01724887
0.02001238
0.01602435
0.01670909
0.01546049
0.01600027
0.01599836
0.01495957
0.01200104
0.01199818
0.02402210
0.01199865
0.01199985
0.01599836
0.01600814
0.01600075
0.01600122
0.02400041
0.02000332
0.02400112
0.01999879
0.02399993
0.02001929
0.02000451
0.02004242
0.01601791
0.01599884
0.01599956
0.01600099
0.01599979
0.01599979
0.01599836
0.01599765
0.01599908
0.01598620
0.01201773
0.01580024
0.01600289
0.01600027
0.01199841
0.01599836
0.01599956
0.01599360
0.01712465
0.02799749
0.01999640
0.02399468
0.01600027
0.01599813
0.01599717
0.01601148
0.01599956
0.01599836
0.01599932
0.01599884
0.01670933
0.01599956
0.01599932
0.01596165
0.01599884
0.02400494
0.01999855
0.02400088
0.01599693
0.01600099
0.01600051
0.01599503
0.01603675
0.01580381
0.01600003
0.01999879
0.01999927
0.01999927
0.02000380
0.01999736
0.01999569
0.01594019
0.01959777
0.02000213
0.01600289
0.02000189
0.01999760
0.02400374
0.02400732
0.01999331
0.02399421
0.02400136
0.02000189
0.02395582
0.01998878
0.02400064
0.02401114
0.02399635
0.02399802
0.02000308
0.02000046
0.02399898
0.02400422
0.02400351
0.02212977
0.02314019
0.02000403
0.01999903
0.01999879
0.02001119
0.02000237
0.01999807
0.01999784
0.02115202
0.02000141
0.02400112
0.02800703
0.02400064
0.02800632
0.02802086
0.02400637
0.02806950
0.02800727
0.02399898
0.02399898
0.02400279
0.01999855
0.01999927
0.01999974
0.02129149
0.01999974
0.01998448
0.01999974
0.02000141
0.01999784
0.02000022
0.01999736
0.02000284
0.02000165
0.02000189
0.03200102
0.02884459
0.02747512
0.02800703
0.02799344
0.01999974
0.01999784
0.02003717
0.02400446
0.02400184
0.01999784
0.02205276
0.02400184
0.01999497
0.01999831
0.02000189
0.02000070
0.01999855
0.02000213
0.01999998
0.01600099
0.01599884
0.01974177
0.01999927
0.01506233
0.01599956
0.01599908
0.02400351
0.01999903
0.01999760
0.01971865
0.01600003
0.01597548
0.02125311
0.02000022
0.01999950
0.01999927
0.01609206
0.01997375
0.01599336
0.01600146
0.01599932
0.01600051
0.02000070
0.01600027
0.02002001
0.01999998
0.01599932
0.01599956
0.02000523
0.02001715
0.02000117
0.01999736
0.01999283
0.01999879
0.01999807
0.01999974
0.01999879
0.02400637
0.02399445
0.02399802
0.01999974
0.02659130
0.02146864
0.01999831
0.02400732
0.01999927
0.02399993
0.01999593
0.01999998
0.01999927
0.01597953
0.02307010
0.01999307
0.02001429
0.01999807
0.01599765
0.01596642
0.01599860
0.01600170
0.01599765
0.01599717
0.01999784
0.01599860
0.01599813
0.01599884
0.01599956
0.01600003
0.01600075
0.01599979
0.01599979
0.01599193
0.01599956
0.01600075
0.01599860
0.01973867
0.02000070
0.02000189
0.01406550
0.01966381
0.01974034
0.01599908
0.01599813
0.02000189
0.01999903
0.01999950
0.02399325
0.02399731
0.02122593
0.02038908
0.02002430
0.01975346
0.01581120
0.01599789
0.01577640
0.01599908
0.01597333
0.01599884
0.01599050
0.01599884
0.01570845
0.01600027
0.01577687
0.01932764
0.01599836
0.01599932
0.01576376
0.01576400
0.01599836
0.01599860
0.01570535
0.01964664
0.01600027
0.01599908
0.01599979
0.01805186
0.01584816
0.01599741
0.01507068
0.01572299
0.01600790
0.01600099
0.01600122
0.01199031
0.01599383
0.01599455
0.01936316
0.01599646
0.01997733
0.02185917
0.02400851
0.02337861
0.01599979
0.01573873
0.01598167
0.01599836
0.01592326
0.01599932
0.01600003
0.01599908
0.01599789
0.01601195
0.01199746
0.01764178
0.01726341
0.01610470
0.02395701
0.02399826
0.02399707
0.01999664
0.02399921
0.02002382
0.02040267
0.02507663
0.02799869
0.02399611
0.02400351
0.02396894
0.01999426
0.02119684
0.02355838
0.02397394
0.02513456
0.01999831
0.01999950
0.02000117
0.02000165
0.01999784
0.02399898
0.01999998
0.01599503
0.01600051
0.01971078
0.01600051
0.01599717
0.01802874
0.01599908
0.01599765
0.01599908
0.01999760
0.01599789
0.01601624
0.01999760
0.01999593
0.01599813
0.01999950
0.01999903
0.01999998
0.02000308
0.02055097
0.02202177
0.02000189
0.01997447
0.01999807
0.02399564
0.02000332
0.02399755
0.02400327
0.02401757
0.02574563
0.01695013
0.01599956
0.01599979
0.01599860
0.01600027
0.01577425
0.01599836
0.01600027
0.01570630
0.01571465
0.01599979
0.01199913
0.01199841
0.01932740
0.01600027
0.01199961
0.01581192
0.01577377
0.01600385
0.02000165
0.02521276
0.01599860
0.01257777
0.01575351
0.01599765
0.01316810
0.01573515
0.01598096
0.01999879
0.02000380
0.02002954
0.01599908
0.01599050
0.01600289
0.01599932
0.01600122
0.01584363
0.01599288
0.01721025
0.01862526
0.01819706
0.01600361
0.01599979
0.01599908
0.01199961
0.01574588
0.01599693
0.01200652
0.01600003
0.01199889
0.01600075
0.01599836
0.01999950
0.01913857
0.01599956
0.01600075
0.01721358
0.01837611
0.01200008
0.01199865
0.01573682
0.01599836
0.01598191
0.01600075
0.01998234
0.02002192
0.01706672
0.02130413
0.01505184
0.01574683
0.01200414
0.01602769
0.01598120
0.01199985
0.01600099
0.01199818
0.01581359
0.01577139
0.01199937
0.01199913
0.01579523
0.01307750
0.01491237
0.01600432
0.01599908
0.02402639
0.02396870
0.02000332
0.02399969
0.02525282
0.01999307
0.02017879
0.02398682
0.02397966
0.01999760
0.02000093
0.02399302
0.02400160
0.02123594
0.02089119
0.01999521
0.01999712
0.02073908
0.02400303
0.02399659
0.01999974
0.02399445
0.02400351
0.02000093
0.02400279
0.01999974
0.02296805
0.02397346
0.02800012
0.02399182
0.02799821
0.02296805
0.02400494
0.03200626
0.02799392
0.01705885
0.01999831
0.02000117
0.02003050
0.01999903
0.01999974
0.01979184
0.01598644
0.01973844
0.01599932
0.01981211
0.01967144
0.01588440
0.01600122
0.01999950
0.02399969
0.02399850
0.01999307
0.01599979
0.01600313
0.01600003
0.01600003
0.01202607
0.01600337
0.01699281
0.01600218
0.01999879
0.01999927
0.01999903
