0.02792478
0.02692437
0.02394438
0.01997495
0.02294016
0.02892542
0.02892923
0.02792215
0.02793288
0.02894878
0.01994681
0.02242112
0.02194238
0.02393651
0.02293777
0.02494526
0.02992916
0.02892613
0.02293944
0.02393675
0.02194262
0.02294064
0.02493596
0.02393317
0.02293873
0.02094412
0.02293849
0.02294326
0.02194452
0.02594018
0.02393794
0.02293968
0.02294159
0.02194524
0.02293992
0.02293873
0.02393603
0.02094412
0.02094579
0.02792406
0.03163052
0.02993560
0.02889895
0.02893209
0.02896810
0.02891707
0.02894974
0.02991629
0.02891898
0.03091097
0.02892709
0.03190517
0.03091908
0.02992105
0.03093338
0.03091908
0.02892804
0.02891874
0.03336406
0.03290749
0.03090572
0.02790904
0.02493238
0.02591062
0.05186105
0.03790069
0.03390956
0.01797390
0.02493000
0.02693605
0.02592373
0.02594137
0.02591586
0.02493668
0.02493548
0.02492857
0.02493000
0.02496719
0.02393341
0.02697253
0.02494073
0.02194047
0.01896787
0.02492976
0.02393436
0.02394462
0.02689958
0.02194166
0.01795244
0.02693343
0.02593517
0.01894999
0.01794791
0.02094698
0.01997089
0.02494597
0.02194190
0.02194428
0.02094555
0.02505326
0.02193975
0.01994061
0.01797700
0.02094293
0.01895142
0.02094746
0.02094626
0.02493644
0.02193570
0.02493334
0.02692795
0.02596140
0.02492356
0.02593184
0.02692699
0.02593040
0.02593923
0.02493858
0.02492929
0.02692723
0.02693343
0.02689195
0.02590489
0.02493763
0.02593684
0.02593279
0.02592397
0.02492929
0.02493119
0.02094626
0.02194262
0.02095962
0.02294135
0.02991271
0.02992201
0.02792978
0.02991700
0.02792883
0.02892756
0.02891922
0.02992797
0.02892613
0.02991486
0.02692366
0.02558398
0.02194118
0.02094316
0.02194238
0.02493215
0.02094698
0.02393603
0.02294207
0.02592707
0.02593303
0.02893281
0.02593088
0.01796389
0.01994920
0.02393866
0.02693224
0.02593040
0.02593923
0.02295256
0.01795149
0.01994491
0.02589869
0.02593446
0.02703762
0.02793264
0.02691793
0.02493310
0.02592468
0.02494097
0.02593875
0.02691507
0.02495694
0.02692318
0.02692962
0.02493453
0.02593136
0.02693033
0.02992368
0.02892923
0.02992010
0.03092360
0.03092170
0.02296710
0.02395439
0.03391552
0.03292155
0.02892065
0.03290796
0.03191757
0.03390670
0.05186963
0.04590559
0.03989649
0.02593422
0.02592731
0.01795316
0.01894927
0.01894975
0.01795244
0.02393579
0.02294517
0.01795459
0.01795292
0.01994586
0.01892734
0.02394843
0.02692389
0.02692914
0.02792501
0.02494287
0.02592087
0.02692986
0.02693248
0.02093720
0.01795220
0.02094865
0.02692795
0.02692795
0.02792454
0.02593708
0.02593446
0.01894975
0.01795387
0.01894951
0.01795387
0.01997423
0.02493119
0.02348733
0.02393532
0.02291846
0.01997495
0.02194262
0.01497436
0.01697683
0.01792812
0.01597238
0.01895046
0.01795530
0.01994753
0.01794553
0.01795149
0.02094316
0.02293372
0.01495957
0.01695728
0.01592875
0.01496077
0.01695466
0.01695633
0.01895547
0.02392936
0.02393794
0.02294636
0.02493525
0.02194357
0.01795435
0.01695824
0.02484775
0.02495050
0.02493405
0.02893615
0.02393627
0.02293515
0.01994538
0.01496005
0.01496029
0.01595831
0.01496029
0.01595807
0.01595712
0.01695514
0.01496005
0.01695466
0.01496029
0.01595902
0.01795554
0.01894927
0.01795220
0.01496053
0.01498580
0.01595950
0.01695490
0.01595998
0.01595712
0.01602864
0.01695776
0.01496196
0.01396370
0.01396394
0.01496005
0.01496029
0.01454020
0.01796341
0.02094579
0.02194595
0.02094555
0.02194095
0.02295375
0.02306128
0.02194762
0.02492785
0.02493763
0.02196240
0.02381825
0.02395654
0.02095199
0.02493143
0.01695800
0.01794124
0.01595783
0.01795244
0.01496005
0.01399255
0.01496005
0.01396298
0.01495862
0.01396155
0.01496053
0.01496291
0.02109718
0.02196479
0.02295709
0.02194452
0.02493382
0.02393627
0.02493119
0.02491403
0.02395892
0.02494144
0.02692962
0.01795244
0.02593803
0.02892709
0.02193952
0.02193928
0.02194357
0.02593756
0.02793288
0.02593303
0.01797676
0.02397704
0.02393937
0.02755213
0.02793717
0.02692699
0.02792597
0.02792764
0.02294111
0.01994634
0.02094412
0.02192903
0.01994610
0.01994848
0.02094531
0.01994824
0.01994586
0.01797509
0.01795197
0.01795268
0.02096391
0.02491450
0.02489591
0.02592278
0.02593136
0.02493405
0.01894951
0.01894927
0.01795220
0.01895237
0.01795530
0.01595592
0.02361631
0.02392936
0.02009869
0.01496172
0.01496053
0.01496029
0.01596856
0.01594257
0.01695704
0.01695490
0.01695609
0.01595640
0.01795554
0.02293611
0.02294731
0.02294183
0.02293110
0.01595974
0.01492858
0.01595592
0.01496029
0.01595879
0.01496148
0.01695156
0.01595879
0.01695442
0.01794982
0.01795697
0.01896501
0.02193713
0.02394366
0.02193809
0.02294683
0.01498222
0.01598191
0.01495934
0.01595998
0.01495123
0.01595879
0.01595807
0.01596045
0.01595902
0.01396298
0.01595831
0.01595664
0.01994681
0.01994896
0.01695442
0.01396394
0.01496124
0.01396298
0.01495910
0.01396275
0.01495910
0.01496220
0.01595974
0.01496100
0.01595759
0.01496005
0.01593566
0.01595902
0.01496124
0.01396394
0.01595592
0.01492858
0.01595998
0.01492929
0.01595521
0.01595640
0.01595736
0.01589680
0.01496267
0.01595783
0.01393747
0.01496315
0.01595998
0.01496243
0.01595998
0.01396370
0.01595902
0.01595855
0.01495886
0.01495910
0.01694083
0.01596189
0.01695848
0.02294016
0.02294374
0.01396394
0.01595354
0.01496291
0.01496887
0.01695657
0.01695561
0.02194333
0.02194166
0.02191567
0.01994538
0.01994419
0.01795197
0.01496243
0.01650953
0.01994848
0.02393699
0.02388906
0.02593994
0.02494121
0.02592778
0.02593255
0.02397060
0.02393937
0.02492857
0.02493668
0.02492690
0.02194428
0.02094412
0.02094245
0.02394152
0.02591372
0.02492976
0.02493644
0.02296805
0.01895046
0.01994753
0.01795101
0.01994801
0.01994729
0.01895070
0.01752067
0.02293849
0.02094269
0.02193737
0.02094412
0.02293468
0.01894903
0.01695299
0.01897669
0.02293992
0.02293682
0.02393317
0.02094555
0.02294493
0.02193952
0.02294421
0.02493668
0.02592993
0.02493191
0.02393484
0.02492690
0.02193999
0.01994705
0.01795101
0.01994944
0.01994705
0.01795101
0.01792979
0.02290487
0.02592802
0.02493334
0.01994443
0.01695633
0.01895022
0.01695442
0.01894975
0.01695347
0.01795125
0.02692127
0.02592635
0.02493477
0.01795363
0.01994801
0.02692938
0.02594614
0.02693796
0.02693295
0.02692485
0.02553439
0.02393150
0.02094340
0.01895213
0.01994729
0.02094364
0.01796341
0.02493620
0.02692771
0.02792144
0.02793097
0.02695918
0.02492905
0.02094769
0.01895142
0.01893926
0.02094579
0.02094531
0.01895022
0.02094388
0.02094674
0.01894879
0.02094316
0.01994753
0.01795316
0.01695561
0.01994848
0.01695681
0.01795411
0.01845741
0.01695490
0.01795292
0.01695514
0.01800728
0.01795506
0.01994252
0.02394128
0.01695538
0.01695657
0.01802826
0.02293777
0.02493405
0.02295065
0.01795197
0.01797104
0.01794124
0.01595736
0.01695681
0.01895237
0.02094555
0.01595950
0.01696420
0.01695609
0.01797128
0.01695347
0.01695490
0.01595998
0.01695728
0.01595664
0.01595926
0.01595783
0.01595759
0.01496196
0.01595879
0.01592803
0.01595783
0.01499081
0.01595807
0.01894999
0.02393889
0.02294588
0.02296042
0.02392840
0.02492952
0.02493644
0.02394104
0.02194071
0.01794863
0.01795197
0.01995087
0.02393508
0.02394009
0.01495957
0.01595950
0.01496077
0.01496053
0.01499367
0.01595974
0.01496029
0.01496100
0.01496148
0.01496649
0.01595688
0.01695752
0.01702690
0.01695466
0.01895714
0.01694965
0.01495862
0.01595736
0.01995063
0.02601457
0.02295232
0.02493310
0.02494168
0.01598120
0.01695538
0.01695514
0.01695585
0.01696110
0.01795197
0.01994872
0.01896310
0.01695561
0.01695156
0.01695466
0.01595664
0.01894808
0.01795530
0.01894808
0.01695609
0.01696682
0.01595807
0.01596069
0.01695538
0.01595712
0.01695585
0.01595759
0.01695585
0.01597309
0.01595736
0.01595736
0.01495981
0.01595783
0.01894736
0.01995206
0.01998377
0.02194834
0.01894188
0.01595736
0.01550388
0.01695538
0.01496053
0.01696825
0.01496029
0.01495910
0.01595736
0.01595807
0.01495957
0.01595902
0.01595545
0.01704788
0.01595831
0.01695538
0.01695633
0.01894879
0.01795554
0.01895428
0.01695204
0.01597953
0.01595807
0.01695466
0.01495910
0.01496220
0.01595855
0.01595712
0.01593089
0.01595783
0.02194977
0.02493358
0.02293181
0.02194428
0.02593040
0.01894736
0.01595688
0.01598406
0.01494312
0.01594877
0.01595783
0.01795268
0.01495910
0.01695561
0.01595664
0.01595926
0.01496220
0.01595879
0.01595712
0.01795363
0.01496196
0.01595926
0.01595545
0.01695442
0.01695824
0.01695490
0.01695824
0.01595712
0.01396251
0.01595712
0.01595831
0.01738834
0.01695347
0.01994705
0.02094269
0.01895165
0.01895213
0.01496005
0.01496124
0.01595592
0.01695704
0.02294683
0.02359581
0.02097368
0.01496196
0.01595640
0.01496005
0.01595831
0.01496124
0.01495957
0.01496172
0.01496243
0.01595807
0.01595783
0.01595545
0.01794243
0.01695967
0.01696324
0.01894712
0.01849771
0.01995158
0.02293730
0.01893950
0.01695561
0.01496005
0.01695490
0.01595759
0.01723480
0.01595807
0.01795530
0.01695514
0.01595879
0.01595688
0.01496077
0.01492691
0.01492763
0.01595783
0.01496005
0.01496315
0.01496124
0.01809549
0.01496077
0.01794219
0.01995301
0.02294660
0.02293992
0.02492762
0.01499009
0.01496077
0.01496220
0.01495934
0.01496124
0.01596117
0.01795506
0.02294660
0.02493930
0.02194858
0.02293038
0.01595664
0.01497293
0.01595879
0.01595783
0.01695752
0.01995492
0.02293515
0.02294636
0.02393937
0.02294087
0.02095103
0.01795053
0.02792335
0.02352691
0.02393508
0.02493668
0.02593136
0.02393627
0.02493358
0.03091931
0.02592659
0.02292943
0.01894855
0.01995659
0.01795530
0.02094579
0.01894450
0.01795101
0.01695585
0.01695538
0.01591825
0.01695538
0.01695514
0.01695848
0.01695585
0.01596069
0.01695561
0.01695466
0.02394056
0.02493787
0.02396059
0.02395415
0.02293873
0.02361155
0.02394009
0.02193403
0.01895094
0.01795697
0.01896858
0.01695800
0.01595807
0.01496053
0.01595640
0.01496172
0.01595950
0.01794195
0.02293158
0.02496243
0.02294135
0.02393818
0.02294540
0.02294064
0.02493739
0.02692556
0.02395391
0.02094245
0.01596189
0.01496077
0.01596045
0.01595807
0.01695395
0.01795292
0.02194118
0.02294350
0.02747369
0.02294517
0.02294612
0.02293587
0.02193451
0.02194476
0.02293968
0.02492619
0.01994205
0.02094531
0.01995063
0.01994491
0.02394247
0.01592731
0.01692629
0.01594901
0.01596022
0.01893997
0.01695514
0.01994872
0.01894927
0.01695418
0.01595759
0.01695561
0.01695442
0.01994681
0.02393627
0.02393126
0.02293992
0.02350736
0.01595759
0.02692628
0.02494025
0.02394366
0.01595807
0.01795340
0.01595831
0.01695466
0.01595688
0.01496172
0.01496053
0.01496100
0.01496100
0.01494861
0.01595592
0.01496196
0.01695657
0.01595974
0.01695347
0.01595855
0.01695442
0.01595759
0.01595831
0.01496029
0.01695728
0.01496053
0.01595736
0.01496029
0.01495957
0.01397943
0.01395965
0.01396370
0.01396489
0.01396465
0.01495981
0.01496005
0.01396370
0.01392841
0.01545477
0.01496053
0.01396513
0.01595879
0.02193666
0.02194238
0.02194095
0.02194190
0.01893163
0.01994514
0.01895499
0.01894927
0.02194905
0.01994538
0.01595449
0.01695609
0.01396465
0.01496053
0.01396132
0.01396489
0.01496100
0.01396275
0.01396275
0.01396203
0.01496053
0.01396513
0.01496196
0.01396394
0.01595783
0.01795292
0.01595712
0.01496005
0.01396441
0.01496029
0.01396441
0.01847553
0.01795411
0.01496196
0.01496005
0.01595783
0.01495981
