0.01200199
0.02000308
0.02796745
0.02399349
0.02399898
0.02400136
0.02398038
0.02000213
0.02214861
0.03198695
0.02800584
0.02802658
0.02800560
0.03201079
0.02712798
0.02922130
0.03199506
0.03599620
0.03598595
0.04399920
0.04399562
0.04399323
0.03999949
0.04798198
0.02912235
0.02800655
0.02124333
0.01998329
0.02800679
0.02399826
0.02002263
0.02399898
0.02799702
0.02399731
0.02400017
0.02800059
0.02399993
0.02800393
0.02399468
0.02800846
0.02799416
0.02398968
0.02801180
0.01683450
0.02400279
0.02399850
0.01999807
0.02399921
0.02000046
0.04799962
0.05200052
0.04399610
0.04800153
0.03999829
0.04799986
0.04399991
0.03999805
0.04400015
0.04398704
0.04799938
0.03718328
0.03600001
0.03996587
0.02400088
0.02399611
0.02799535
0.02399874
0.02000809
0.02804565
0.02401376
0.02800226
0.02400208
0.02400160
0.02400255
0.02000332
0.02399802
0.02399278
0.01599526
0.02144814
0.02400374
0.02523756
0.02801251
0.01999736
0.01999688
0.01999664
0.02000332
0.01999903
0.01999807
0.03613138
0.04521012
0.04399371
0.03978086
0.04391885
0.04552937
0.04000068
0.03599906
0.03600049
0.03600001
0.01999855
0.01599932
0.01928997
0.01970005
0.02120376
0.02800441
0.02800226
0.02800393
0.02399278
0.02399635
0.02400398
0.02400064
0.02602911
0.02398825
0.02122760
0.02799034
0.02000093
0.01999950
0.02335095
0.02399874
0.02425218
0.01751852
0.02799988
0.02799988
0.02800345
0.02400923
0.04799938
0.04399395
0.04400325
0.04399896
0.04802895
0.03999066
0.03603268
0.03598666
0.03999519
0.03604531
0.02399874
0.02397037
0.03200769
0.02399731
0.01998091
0.02398849
0.02400088
0.02799702
0.02800584
0.02399993
0.01999855
0.01999831
0.01997304
0.01999927
0.01977444
0.02000165
0.01999831
0.01999784
0.02001405
0.02003574
0.01997709
0.01999807
0.02399898
0.02189469
0.02799511
0.02399731
0.02399969
0.02799773
0.02401137
0.02400398
0.04799414
0.04400349
0.04800320
0.03918600
0.04000640
0.04400206
0.04400444
0.04399848
0.04402828
0.03961039
0.03999925
0.03997636
0.03999996
0.03999949
0.02799892
0.02399564
0.02399325
0.02398705
0.02399611
0.01999593
0.02400112
0.02799797
0.02400374
0.02401137
0.02399850
0.02400017
0.02400017
0.02402854
0.01958656
0.01997280
0.02422643
0.01997972
0.02000022
0.02398944
0.02400827
0.02800584
0.02400208
0.02399755
0.02399659
0.02400279
0.04800153
0.04399872
0.03599954
0.03600025
0.03599834
0.03599954
0.01600003
0.01599646
0.02400112
0.02024055
0.02398062
0.02399993
0.02400351
0.02400279
0.02399826
0.02399731
0.01999903
0.02000046
0.01999998
0.02399373
0.01999235
0.02397728
0.02400613
0.02400565
0.02399969
0.02400637
0.02800465
0.02399278
0.02809095
0.02399874
0.01999640
0.02399421
0.04399967
0.04234576
0.04122448
0.03999925
0.03999805
0.01999974
0.02400160
0.02400422
0.01998949
0.02799749
0.01999283
0.01970649
0.01599813
0.01999831
0.02002811
0.02400017
0.02398515
0.02399683
0.02520537
0.02798533
0.02800393
0.02399373
0.01999927
0.01599908
0.02399564
0.02400565
0.02799940
0.02400184
0.01998758
0.02399755
0.02800655
0.02399588
0.04000306
0.04000306
0.04399467
0.04254127
0.03600097
0.03600287
0.03601861
0.02799773
0.01974463
0.01999903
0.02802610
0.02397871
0.02706027
0.02399659
0.02800369
0.02399158
0.02397585
0.02398014
0.02399969
0.02799749
0.01999784
0.02514338
0.02800107
0.02400255
0.02800345
0.02399945
0.02800560
0.02399087
0.02799797
0.02799344
0.02397919
0.02399373
0.04800367
0.04400158
0.03991103
0.03599930
0.03598666
0.03971958
0.03467274
0.02000165
0.02131581
0.02006674
0.02400422
0.02000332
0.02400470
0.02002716
0.01599026
0.01603675
0.01997042
0.01601076
0.02000141
0.01599336
0.01155996
0.01199603
0.01599932
0.01599956
0.02400041
0.02001643
0.01999092
0.02000594
0.01999331
0.02000308
0.02400231
0.02000332
0.01999712
0.01598763
0.02399325
0.02399397
0.02799392
0.02800059
0.02399874
0.03999972
0.04400325
0.04399562
0.04801774
0.04000473
0.03600216
0.04400158
0.03199840
0.02000332
0.02397394
0.01599932
0.02000093
0.02330661
0.02399588
0.02798104
0.02800727
0.02799463
0.02401423
0.02000046
0.02397990
0.02397919
0.02799869
0.02800393
0.02400255
0.02400303
0.02399874
0.02399087
0.01975012
0.01599836
0.01999950
0.01599884
0.02399993
0.01999617
0.02400470
0.02402306
0.02369070
0.01997876
0.02002668
0.04399729
0.04399681
0.04000711
0.03997231
0.03577065
0.03588843
0.04000068
0.04000282
0.01999927
0.02401400
0.01996875
0.02399707
0.02400327
0.02399969
0.02000475
0.02400017
0.02404809
0.02400422
0.01599908
0.01600027
0.01999998
0.02000570
0.02400184
0.02402163
0.02000356
0.02003384
0.02000165
0.02399850
0.02400517
0.02280426
0.02400160
0.02397251
0.02800035
0.02400327
0.01600003
0.01971769
0.03602815
0.03965616
0.04055047
0.02800012
0.02799535
0.02399325
0.02800393
0.02399635
0.02399945
0.02800012
0.02399707
0.02400661
0.01999950
0.02399850
0.01999831
0.01999354
0.01998687
0.02000070
0.02000046
0.02001262
0.01999593
0.01999998
0.01999927
0.02400303
0.02399898
0.02250743
0.02399993
0.02529192
0.01999998
0.02800035
0.02401090
0.02400351
0.02800584
0.02399492
0.02400255
0.02799392
0.02801418
0.02000070
0.01999927
0.03599834
0.03599977
0.03599882
0.02801061
0.01599860
0.02001977
0.02399993
0.02397609
0.02250218
0.01599765
0.02118039
0.02000451
0.02400017
0.02401304
0.02400112
0.02400780
0.02400398
0.02000022
0.02400303
0.01997542
0.02400374
0.02800632
0.02801633
0.02399659
0.02799392
0.02000093
0.02000046
0.01999974
0.02000093
0.02400231
0.01999784
0.02399683
0.02799368
0.04399395
0.03600121
0.04000187
0.02400327
0.02400017
0.01999402
0.01603174
0.01970935
0.01965284
0.01601505
0.01999712
0.01999950
0.01999736
0.02400661
0.01999831
0.02400398
0.02399182
0.02799463
0.02399421
0.02800059
0.02400374
0.02649331
0.02399611
0.02399802
0.02400208
0.01999760
0.02400899
0.02398944
0.02400589
0.02400231
0.02399564
0.02401137
0.02800798
0.02399588
0.02800012
0.02799344
0.02800012
0.02798247
0.04399586
0.04800320
0.03599906
0.03599882
0.03997517
0.04538727
0.04798436
0.04397893
0.04400015
0.03600144
0.01999974
0.02399659
0.02400446
0.02399707
0.02799726
0.02798724
0.02800918
0.03199482
0.02401781
0.03199744
0.02400184
0.03200054
0.02002716
0.02799940
0.02462649
0.02519488
0.02800012
0.02402425
0.02398896
0.02799606
0.02400017
0.02941084
0.02800298
0.02925372
0.02795410
0.02401137
0.03999949
0.04400301
0.04401302
0.03599572
0.03599930
0.03603458
0.03599882
0.01382756
0.01600218
0.02000618
0.01999974
0.02000260
0.01999974
0.02000022
0.01599932
0.01601815
0.01599979
0.01622200
0.01601219
0.01718903
0.01600003
0.01600027
0.01999784
0.02000666
0.01999998
0.01998639
0.01997900
0.02000761
0.02399969
0.01996756
0.02000070
0.02063203
0.02000666
0.01999712
0.01996207
0.02000213
0.01602578
0.01999784
0.02400327
0.02399778
0.02399397
0.02000141
0.02399659
0.02400422
0.02799535
0.02800512
0.01999879
0.01999688
0.02000046
0.01999807
0.02399778
0.02801919
0.02399945
0.02800131
0.02928710
0.02800035
0.02801323
0.02797866
0.04399943
0.04000092
0.03599763
0.01599956
0.01999998
0.02000237
0.02400327
0.02398348
0.01999354
0.02000117
0.02399778
0.02399659
0.02399540
0.02400494
0.01999354
0.01999855
0.02000117
0.02400875
0.02800965
0.02400804
0.02400017
0.01602030
0.01969838
0.02399373
0.02398682
0.01999331
0.01599979
0.01599765
0.01599956
0.01599932
0.02000022
0.01597857
0.01999998
0.02400541
0.02400708
0.02000189
0.01600075
0.02002454
0.01997828
0.01999974
0.01999712
0.01600003
0.01999164
0.01600075
0.02000046
0.01600075
0.02244997
0.01999903
0.02000070
0.01999998
0.02121854
0.01700521
0.01999998
0.02117801
0.01997709
0.02400422
0.02800846
0.02799439
0.02514076
0.03200102
0.02932858
0.03200054
0.02799916
0.02400351
0.02400041
0.02400541
0.04400206
0.04242277
0.03999782
0.03599858
0.03600001
0.03599787
0.01999927
0.01600051
0.01600099
0.02000237
0.01600170
0.01199150
0.01600003
0.01999927
0.02000570
0.02800035
0.02400255
0.02400589
0.01599765
0.01599932
0.01600051
0.01599789
0.01999950
0.02399611
0.02400041
0.02000666
0.02000737
0.02400208
0.02397394
0.02401590
0.02000952
0.01600647
0.01600194
0.02396131
0.01999760
0.02400255
0.02000141
0.02400947
0.02400017
0.02800393
0.02399969
0.02800751
0.02399850
0.02800226
0.02800179
0.02397323
0.02399778
0.02565646
0.02000046
0.01999998
0.02204919
0.02400041
0.02800226
0.02800393
0.03200269
0.04932833
0.04400349
0.04399943
0.04400039
0.04000616
0.04400754
0.03978515
0.03599954
0.03602457
0.03599954
0.01599765
0.01600122
0.01599932
0.01603055
0.01599932
0.01567984
0.01602030
0.01999688
0.02000070
0.02005577
0.02398729
0.01600552
0.02402258
0.02137756
0.01200032
0.01723862
0.01599979
0.02000403
0.02000213
0.02000213
0.01600218
0.02000093
0.01600552
0.02399969
0.02003217
0.02800059
0.01722622
0.01600051
0.01600409
0.02397132
0.02000451
0.02000713
0.02400303
0.02399731
0.02048683
0.02002907
0.01600027
0.02002764
0.02399969
0.02799630
0.02399898
0.02397585
0.02799106
0.02799702
0.02799869
0.02798939
0.02400160
0.02800274
0.03198743
0.01997709
0.01999736
0.03999281
0.04400039
0.03999972
0.02058721
0.02000022
0.02399850
0.02000237
0.02400494
0.02800536
0.02399993
0.02000618
0.02400064
0.02400494
0.02400231
0.01999998
0.01999807
0.01999784
0.01599884
0.01971769
0.01999879
0.02000523
0.02000284
0.02400160
0.02801251
0.02399993
0.02799749
0.02399850
0.02397084
0.02399802
0.02001214
0.02399945
0.02002430
0.02876401
0.03198814
0.01999784
0.02000046
0.01999927
0.01999784
0.02400112
0.02398205
0.02400303
0.02000356
0.01997995
0.02400017
0.02000070
0.03599072
0.02800179
0.03197289
0.02800417
0.02400112
0.02799392
0.03196454
0.02400684
0.01998091
0.02310205
0.01729059
0.02399993
0.02800035
0.02399898
0.01999784
0.02000022
0.01999974
0.01999950
0.02399945
0.02399874
0.02799511
0.02799344
0.02399468
0.02803922
0.02002096
0.03199363
0.02002859
0.02799964
0.02797937
0.02801633
0.03199434
0.04399490
0.03999877
0.03599906
0.01599884
0.01845789
0.02000356
0.02129006
0.02400494
0.02399397
0.02400041
0.02313042
0.01999855
0.02120590
0.01599097
0.01599956
0.01599884
0.01581526
0.01599884
0.01599836
0.01597452
0.02401638
0.02399778
0.02402234
0.01999712
0.01997900
0.02399659
0.01999640
0.03200746
0.02002120
0.01999688
0.01986694
0.02400565
0.02127647
0.02000594
0.02399182
0.02399659
0.02399445
0.03200102
0.02400017
0.02400017
0.02399802
0.02400088
0.01999831
0.01999712
0.02000022
0.01997447
0.01999974
0.02399755
0.02799368
0.02798009
0.03199983
0.01999855
0.02000141
0.01999927
0.02400136
0.02400279
0.02399945
0.02803874
0.02800012
0.02800226
0.02400064
0.02800369
0.02402282
0.02800274
0.02802610
0.02800536
0.04400086
0.04399920
0.03999376
0.02002788
0.01600003
0.01599860
0.02000332
0.02400208
0.02799988
0.02396894
0.02000475
0.01998520
0.02400208
0.02400208
0.02799606
0.02821493
0.02400708
0.01997614
0.02399969
0.01999426
0.02799535
0.02400351
0.02800179
0.02401447
0.02400470
0.02400541
0.02400327
0.02400088
0.02400041
0.02400231
0.02800059
0.02000427
0.02000427
0.02000165
0.04000258
0.04209995
0.04123878
0.03999949
0.03600001
0.02000284
0.01999807
0.02400064
0.02800155
0.01999855
0.01999831
0.02800059
0.02400684
0.02000213
0.02399850
0.02000618
0.02800035
0.02403259
0.02800441
0.02399802
0.01995850
0.01999998
0.02000070
0.01999807
0.01997900
0.02909517
0.02400732
0.02521849
0.02400637
0.02400136
0.02799821
0.02800035
0.02400017
0.02003646
0.02000189
0.02000546
0.02399707
0.01599216
0.03599787
0.03999972
0.04400826
0.01996851
0.02399969
0.02399421
0.01999974
0.01999164
0.01993084
0.02001095
0.02401400
0.02926207
0.02400637
0.02801132
0.02399039
0.02800012
0.02400398
0.01998615
0.01999998
0.01999545
0.02400064
0.02400303
0.01999640
0.01600170
0.02000117
0.01997900
0.02399969
0.02444363
0.02397251
0.02400446
0.02400279
0.02400541
0.02399135
0.02802396
0.04124832
0.04402351
0.04799843
0.04399657
0.04402661
0.02399611
0.02399921
0.02399755
0.02799940
0.02398324
0.02400351
0.01999903
0.01999807
0.02399683
0.02000117
0.01932669
0.01599979
0.01600003
0.02000093
0.02002168
0.01599836
0.02399969
0.02000022
0.01999116
0.01600003
0.01599669
0.01599908
0.01599932
0.01978254
0.02400017
0.02800250
0.02799726
0.02799249
0.02801108
0.02799654
0.01599026
0.01999974
0.01964021
0.01982832
0.01999927
0.01997995
0.01599741
0.01967216
0.01600003
0.01599932
0.01599979
0.01600266
0.02399874
0.02399373
0.02400041
0.02799702
0.01999950
0.02261996
0.01999474
0.01599813
0.01600027
0.01999760
0.02799726
0.02400041
0.01599860
0.01965332
0.01599908
0.01599836
0.01975632
0.01599836
0.01600051
0.01600003
0.01999807
0.02000666
0.02399969
0.01999998
0.02400684
0.02400255
0.02399969
0.01999998
0.02799964
0.02397585
0.02399182
0.02400279
0.02799463
0.02301502
0.02800274
0.02799487
0.02799821
0.02801108
0.02800012
0.02400351
0.02802348
0.02682519
0.03197479
0.02799511
0.02799940
0.02800179
0.01999068
0.02376747
0.02399874
0.02377987
0.02398229
0.02799368
0.02799535
0.02803564
0.02401114
0.02399755
0.02400064
0.02399874
0.01997161
0.02802420
0.03200150
0.02799249
0.03999877
0.03999853
0.03999901
0.02799702
0.02000046
0.01999950
0.01600289
0.01599932
0.01756406
0.01625419
0.01600051
0.01999903
0.02001357
0.01998758
0.02399969
0.02399182
0.01996112
0.01599884
0.01999903
0.02701569
0.02398491
0.02927804
0.02796721
0.02399993
0.02400708
0.02000022
0.01999998
0.02000928
0.02000237
0.02399468
0.02400208
0.02400064
0.02001882
0.02000213
0.01999903
0.01999855
0.01999974
0.02000070
0.01999760
0.02000165
0.02400422
0.01999664
0.01973128
0.01999235
0.01999927
0.02208638
0.02398229
0.03200150
0.02800202
0.02400541
0.02399778
0.02800703
0.02000213
0.02798820
0.02400255
0.02398753
0.02399349
0.02399302
0.02800226
0.02399921
0.02803898
0.02399397
0.02799106
0.02800107
0.01999187
0.02400303
0.02800417
0.02400017
0.02399778
0.02671123
0.02400732
0.02800655
0.02401376
0.02399659
0.02799797
0.02799869
0.02399850
0.02400064
0.03600001
0.03999972
0.04002237
0.03202748
0.02397871
0.02800512
0.02399993
0.02400017
0.01999974
0.02399945
0.02399588
0.02396989
0.02800298
0.02780509
0.02400327
0.02397537
0.01999688
0.02000070
0.01599813
0.01600790
0.01999855
0.02399802
0.02000022
0.01999974
0.02800012
0.01999974
0.02799511
0.02799964
0.02400064
0.02400231
0.02397943
0.02398276
0.02400470
0.01999998
0.01980758
0.01999807
0.02399731
0.03601885
0.03599977
0.03659344
0.04525352
0.04797673
0.03999305
0.03597522
0.02002192
0.02000022
0.02400160
0.02799416
0.02399755
0.02800608
0.02800989
0.01599956
0.01599908
0.01601052
0.02002192
0.02000070
0.01999927
0.02798891
0.02800775
0.02799702
0.02400327
0.02545047
0.02400255
0.01999974
0.01600027
0.01598096
0.01999974
0.02000856
0.01999784
0.01595902
0.01599932
0.01600981
0.01600027
0.02000022
0.01599860
0.02002072
0.01999521
0.02400041
0.02399039
0.02399874
0.03006649
0.02799678
0.02400160
0.02799535
0.02798414
0.02798486
0.01999784
0.01999903
0.01999950
0.02402186
0.02399993
0.02402353
0.02399850
0.02397728
0.02401710
0.02399898
0.02399945
0.02400279
0.02797866
0.02797413
0.02800465
0.03599668
0.02800608
0.03200269
0.02802181
0.02799726
0.02381015
0.02799678
0.03199697
0.03419232
0.02399778
0.02544069
0.02422333
0.02927709
0.02399969
0.03199315
0.02799535
0.02400088
0.03999639
0.03999734
0.03999901
0.02399802
0.02799010
0.02799916
0.02800417
0.02798581
0.02400255
0.02799821
0.02800417
0.01997542
0.02000475
0.02399921
0.02799726
0.02397823
0.02837443
0.01999784
0.01999044
0.01600027
0.01999831
0.02399874
0.02000093
0.02000904
0.01597047
0.01999712
0.01999950
0.01975703
0.01599956
0.02001047
0.01599956
0.02000093
0.02001476
0.01999497
0.02000713
0.02004051
0.01999998
0.02000475
0.01999950
0.01999998
0.01999640
0.02402020
0.02400351
0.03199530
0.02399802
0.01999807
0.01999974
0.02152514
0.02399826
0.02399993
0.02000546
0.02405000
0.02400017
0.02799964
0.02800345
0.03200436
0.01999903
0.02399731
0.02399850
0.02664208
0.02400351
0.03067207
0.02399063
0.02399755
0.02399921
0.02399969
0.02799463
0.02800345
0.02399755
0.02399683
0.02800345
0.02799797
0.02800417
0.02986217
0.03200197
0.03199816
0.03199100
0.03199530
0.02101183
0.02399802
0.02527118
0.02399993
0.02369070
0.02400970
0.02804327
0.03199840
0.03200722
0.02799129
0.03202248
0.02399826
0.02399850
0.03999949
0.03998351
0.04000139
0.03200817
0.02018666
0.02398014
0.02399826
0.02399945
0.02399611
0.02802253
0.02399707
0.01999688
0.02402306
0.02396226
0.02799654
0.02399302
0.02400351
0.02399850
0.02001190
0.02000046
0.02000141
0.02000666
0.02000999
0.02399993
0.02399659
0.02800894
0.02800179
0.02399826
0.02400112
0.02000189
0.02402854
0.02399492
0.02400184
0.02800179
0.02800035
0.02800322
0.02799821
0.02399731
0.02399850
0.02399659
0.02400398
0.02798820
0.02403331
0.02399802
0.01999903
0.02000022
0.02402806
0.02372241
0.02000880
0.01999950
0.01999903
0.01999927
0.02000141
0.01999259
0.02400184
0.02489495
0.02796841
