0.00698185
0.02194285
0.02194333
0.02294135
0.02792835
0.02991247
0.02592611
0.03191686
0.02892375
0.02892113
0.02194142
0.02393746
0.02293825
0.03102589
0.03092456
0.03091693
0.02592897
0.02293801
0.02293849
0.02593064
0.02493358
0.02290845
0.02194166
0.02293968
0.02194095
0.02494788
0.02194238
0.02194428
0.02793384
0.03091145
0.03195095
0.02793074
0.02992177
0.02692628
0.02745175
0.02194118
0.03092432
0.02892351
0.03088474
0.03191495
0.02393651
0.05385423
0.04886913
0.03889847
0.05486059
0.02492476
0.02393413
0.02593160
0.01894808
0.01795459
0.01894808
0.02297163
0.02592945
0.02757287
0.02493525
0.02495122
0.02094507
0.02094388
0.02094626
0.02194166
0.02393794
0.02294588
0.02394629
0.02493691
0.02394843
0.02592897
0.02493453
0.02394223
0.02693081
0.02695608
0.02692032
0.02596831
0.03195596
0.02748466
0.02792382
0.02592802
0.02692771
0.13150644
0.02294064
0.02393532
0.03096175
0.03191471
0.02693987
0.04587197
0.03789759
0.03690076
0.01695585
0.02494025
0.02493572
0.01593018
0.01595640
0.01693869
0.01695466
0.01646090
0.01695681
0.01895332
0.01795483
0.02196288
0.02194548
0.01994729
0.01795268
0.01593590
0.01595664
0.01595855
0.01795363
0.02294016
0.02692819
0.01795030
0.01595926
0.01795268
0.01695752
0.01695514
0.02295160
0.02393651
0.02293587
0.02293777
0.02493143
0.02614164
0.02692246
0.02792954
0.02891803
0.02892780
0.03390670
0.04190040
0.03790259
0.02194142
0.02692199
0.02593040
0.02592731
0.02197599
0.02294421
0.02593541
0.02693248
0.02792430
0.02393794
0.02692795
0.02389956
0.02593160
0.02293706
0.01894975
0.02094531
0.02692795
0.02493024
0.02992201
0.02593517
0.02991652
0.02492476
0.02692866
0.02593184
0.02892470
0.02991557
0.02494025
0.02393675
0.03691745
0.04388428
0.04065180
0.01595736
0.01695466
0.01645565
0.01595736
0.01695561
0.01695371
0.01695538
0.01595664
0.01695442
0.01692891
0.01695538
0.01695490
0.01594949
0.01696944
0.01695728
0.01471472
0.01999831
0.01998496
0.02382064
0.01999736
0.02532721
0.02401900
0.02399826
0.02399898
0.02399969
0.02561188
0.02399445
0.01600099
0.01999855
0.01599813
0.01999903
0.02400160
0.02402687
0.03199840
0.04800653
0.04399490
0.03599691
0.03599787
0.03599858
0.02000046
0.01599956
0.01599622
0.02400589
0.01999474
0.01999927
0.01999855
0.01999831
0.01679993
0.01599979
0.01599956
0.02000594
0.02400136
0.01998615
0.02400088
0.02401161
0.02002048
0.01999879
0.02400637
0.02799916
0.02400208
0.02000928
0.01599956
0.02399921
0.01999998
0.02399802
0.01999664
0.02400613
0.01999450
0.02003145
0.02399683
0.02398896
0.02800250
0.02399945
0.01999617
0.02400112
0.03200078
0.02799702
0.02800894
0.02800679
0.02800369
0.02399755
0.02800369
0.02799273
0.02399993
0.02399516
0.03599787
0.03599954
0.03600407
0.04799461
0.04399729
0.03999686
0.04400110
0.04516745
0.02400041
0.02800822
0.02400064
0.03200293
0.02001595
0.02000165
0.02400541
0.02399087
0.02399874
0.01933169
0.02000046
0.01599813
0.02399993
0.02098632
0.02402210
0.01999950
0.01998258
0.02000475
0.02399778
0.01999664
0.01999831
0.01999760
0.02799201
0.02116323
0.02400112
0.02000093
0.01918054
0.02800608
0.03999257
0.03999734
0.04000592
0.04400039
0.04399371
0.03999329
0.04001570
0.02799988
0.02399945
0.01999664
0.01600075
0.02401042
0.02400637
0.02399397
0.02399778
0.02399397
0.02403331
0.02400208
0.01999974
0.01599598
0.02000523
0.01973367
0.02400231
0.02399564
0.01999569
0.01599622
0.01999950
0.02000022
0.02400398
0.02799582
0.02400470
0.02399826
0.02399325
0.02401114
0.02165413
0.02398825
0.02401924
0.02800727
0.03199720
0.02799535
0.02800512
0.02799940
0.02800298
0.03200221
0.03200579
0.03200126
0.04399776
0.04799867
0.04400206
0.04399943
0.03999877
0.03599501
0.04000187
0.04326057
0.02401924
0.01723599
0.02000666
0.02000189
0.02399826
0.01999736
0.02400017
0.01999760
0.02799559
0.02403402
0.02400255
0.02399397
0.02400136
0.01601815
0.01600075
0.01999950
0.02800107
0.02000070
0.01999712
0.02000046
0.02400231
0.02400041
0.02400041
0.02803016
0.02433324
0.02400994
0.02399158
0.02800727
0.02399969
0.02396703
0.02400351
0.02401733
0.02000022
0.02374077
0.02400041
0.02400064
0.02398491
0.02399778
0.02000809
0.02000141
0.02399683
0.02400041
0.02400064
0.02400064
0.02400541
0.02399421
0.02399635
0.02800369
0.03178549
0.02400351
0.02938890
0.02400088
0.02000046
0.01999807
0.01999116
0.01999831
0.01973653
0.02400756
0.02399731
0.02401710
0.02399707
0.01999426
0.02803898
0.02799559
0.02798510
0.02800345
0.02799273
0.02803874
0.02400541
0.01998925
0.01903677
0.01999927
0.01999950
0.01967621
0.01989341
0.01599908
0.02121854
0.02000189
0.02399898
0.02396226
0.02801156
0.02399993
0.02399826
0.02800584
0.02399659
0.02399945
0.02800608
0.02000046
0.01999927
0.01969600
0.01999974
0.02000022
0.02399778
0.02400088
0.02799559
0.02799511
0.02800918
0.03199720
0.02800822
0.02799654
0.02818489
0.02399707
0.02586961
0.02799273
0.02397275
0.02401066
0.01999855
0.02001810
0.02401090
0.02400064
0.04002166
0.03599787
0.04399419
0.04400015
0.04400229
0.04400301
0.03999162
0.03599739
0.03600049
0.03772736
0.03999734
0.04399896
0.04153395
0.04400873
0.03999400
0.02400804
0.02400136
0.02401018
0.02399492
0.02399921
0.02799582
0.01953411
0.02399325
0.01830339
0.01600075
0.01600051
0.02000308
0.01600075
0.01600218
0.01599956
0.01600718
0.01599956
0.01599932
0.01997781
0.01529026
0.01600122
0.01599979
0.01599932
0.01599908
0.02000046
0.01715541
0.01599979
0.01600051
0.01600003
0.01599860
0.01599932
0.01647973
0.01300693
0.01600075
0.01600075
0.01717114
0.01599979
0.01599956
0.01597071
0.01600003
0.01599932
0.01599836
0.01599860
0.01600027
0.01599789
0.01599860
0.01599956
0.01599956
0.01600075
0.01600003
0.01599979
0.01599932
0.01600003
0.01600218
0.01599860
0.01890063
0.01599860
0.01600051
0.01600027
0.01717210
0.01599908
0.01600075
0.01998234
0.02000093
0.01600003
0.01599789
0.01600003
0.01599979
0.01600027
0.01599932
0.01599908
0.01600003
0.01648235
0.01999998
0.01599789
0.01719642
0.01599526
0.01599836
0.01600480
0.01996613
0.01999974
0.01600027
0.02000022
0.02000117
0.01999974
0.01599956
0.01600051
0.01600075
0.02000141
0.01999927
0.02000237
0.01998067
0.01599908
0.01999998
0.02000117
0.02000046
0.02000070
0.01998329
0.01999879
0.01999879
0.01999855
0.01600170
0.02000022
0.01602507
0.01600027
0.01600146
0.01600051
0.01999950
0.01600003
0.01600003
0.01600003
0.01601887
0.01599979
0.01679635
0.01999998
0.01600003
0.01598215
0.01609111
0.01599979
0.01600027
0.01599908
0.02000070
0.01599908
0.01602840
0.01999831
0.02000117
0.01600003
0.01600051
0.01599979
0.02000141
0.01599765
0.01999903
0.01999903
0.01598406
0.01600146
0.01599932
0.01600146
0.01599956
0.01597214
0.01599932
0.01629305
0.01598883
0.01600027
0.01599836
0.01599956
0.01599979
0.01600122
0.01600170
0.01600003
0.01598430
0.01600003
0.01599836
0.01600862
0.01599884
0.01599813
0.01599979
0.01707006
0.01507974
0.01600075
0.01600003
0.01600361
0.01599979
0.01600027
0.01599884
0.01599979
0.01600122
0.01600170
0.01600146
0.01599836
0.01600051
0.01600051
0.01597953
0.01600099
0.01599789
0.01598477
0.01600003
0.01677585
0.01597452
0.01599860
0.01599407
0.01195455
0.01199913
0.01197481
0.01200056
0.01599932
0.01199007
0.01599956
0.01199985
0.01199961
0.01200151
0.01200151
0.01600075
0.01199841
0.01200080
0.01600027
0.01599979
0.01600027
0.01600194
0.01599908
0.01199865
0.01600003
0.01599765
0.01204133
0.01600003
0.01602483
0.01199937
0.01199937
0.01199865
0.01199937
0.01600075
0.01203752
0.01600003
0.01201224
0.01200008
0.01346087
0.01197672
0.01600003
0.01599932
0.01199961
0.01716828
0.01599360
0.01600003
0.01600170
0.01600027
0.01599836
0.01599813
0.01599860
0.01599169
0.01599979
0.01599836
0.01599860
0.01599956
0.01600027
0.01600003
0.01599765
0.01600051
0.01600003
0.01600003
0.01600003
0.01600099
0.01600075
0.01600027
0.01599932
0.01599884
0.01599956
0.01202297
0.01596475
0.01600122
0.01599979
0.01600099
0.01600218
0.01600003
0.01199985
0.01600003
0.01315022
0.01600146
0.01600003
0.01600099
0.01704359
0.01322603
0.01599860
0.01600146
0.01599932
0.01595306
0.01601791
0.01599908
0.01599979
0.01599979
0.01599956
0.01601458
0.01584411
0.01200008
0.01600003
0.01198125
0.01599884
0.01599979
0.01599932
0.01599860
0.01600027
0.01600027
0.01600051
0.01687884
0.01632357
0.01600170
0.01600051
0.01600027
0.01600051
0.01618886
0.01599979
0.01599979
0.01600337
0.01594400
0.01604319
0.02000260
0.01999760
0.01600146
0.02399778
0.02002454
0.01999831
0.01999569
0.02096844
0.01999927
0.01998281
0.01598883
0.02400446
0.02400041
0.02402520
0.02401304
0.02399516
0.02800155
0.02399826
0.02400041
0.02417111
0.02800250
0.02521586
0.03999329
0.04400110
0.04400826
0.04430437
0.04125643
0.04147005
0.04000235
0.03600001
0.02000570
0.01599908
0.02000022
0.01599908
0.01999879
0.01995993
0.02399945
0.02399635
0.01999712
0.02001643
0.02400279
0.02400637
0.02399445
0.01600051
0.01600099
0.02000260
0.01599979
0.01599956
0.01592183
0.02000117
0.01714325
0.01999593
0.02398014
0.02400732
0.02400160
0.01999879
0.02398705
0.04077625
0.03599977
0.03750014
0.03999996
0.03998756
0.02400208
0.01997375
0.02107501
0.01999784
0.01600289
0.02800059
0.03199720
0.02000022
0.02468395
0.02000070
0.02000093
0.02000117
0.02800751
0.02464056
0.02400541
0.02802873
0.02400112
0.01608253
0.01999784
0.02399755
0.02845430
0.02399826
0.02455115
0.04400301
0.04000401
0.03999805
0.05200171
0.04075527
0.04399610
0.03716230
0.03599906
0.04000235
0.01999760
0.02800679
0.02400446
0.02399707
0.02124286
0.02800393
0.02800369
0.02399945
0.02400041
0.02400041
0.02399874
0.02000260
0.02400088
0.02399206
0.02000952
0.02399874
0.02400327
0.02800608
0.02365208
0.02546883
0.04400015
0.05201459
0.05199409
0.04878831
0.04924989
0.04799843
0.04400110
0.04799891
0.05548835
0.05199695
0.05201650
0.04799938
0.04800773
0.04800034
0.04799581
0.04399323
0.05200243
0.04799676
0.04400396
0.05232596
0.08120251
0.08399796
0.08799624
0.08799529
0.08399129
0.07999921
0.06000042
0.04530215
0.04692817
0.04799795
0.04399705
0.04000115
0.03999972
0.04523158
0.04400134
0.03999853
0.04803181
0.04800272
0.04399991
0.04800415
0.04003406
0.03999949
0.04118705
0.04000115
0.03999949
0.03199959
0.01599979
0.01600122
0.01600003
0.01600146
0.01999974
0.01999927
0.01599979
0.01600122
0.01600075
0.01599813
0.01603150
0.01199937
0.01260424
0.01600122
0.01599789
0.01599979
0.01597977
0.01599932
0.01200032
0.01599956
0.01200008
0.01567960
0.01599932
0.01516366
0.02151251
0.02401352
0.01999903
0.02399373
0.02523255
0.02399850
0.01600075
0.01199937
0.01581645
0.02000499
0.02399969
0.02000117
0.02399015
0.02000117
0.02000546
0.02000189
0.02730656
0.02800560
0.02400136
0.02097750
0.02400827
0.02799678
0.02400327
0.02799988
0.02799630
0.02399993
0.02422953
0.03200078
0.04120803
0.04399180
0.03602958
0.04000092
0.03582788
0.03999853
0.03999949
0.04781389
0.04400396
0.04400301
0.04403782
0.04400229
0.04401135
0.04400659
0.04398274
0.04399776
0.03599787
0.03719854
0.04399681
0.04378009
0.04122090
0.03999877
0.03999662
0.03600049
0.03999901
0.01600170
0.01999998
0.01599789
0.01999903
0.01999879
0.01599860
0.01967406
0.01599622
0.01968741
0.01989651
0.01973581
0.01599741
0.01599789
0.02000499
0.01599908
0.01871967
0.02400255
0.02399778
0.02399564
0.01999927
0.01599956
0.01599932
0.01601219
0.01600242
0.01600051
0.01599932
0.01601934
0.01599956
0.01600051
0.01599789
0.01599884
0.01600003
0.01599836
0.01599789
0.01599765
0.01565814
0.01599669
0.01599908
0.01600027
0.01999283
0.01599979
0.01599956
0.01599836
0.01599956
0.01599932
0.01600099
0.01601744
0.02000809
0.01598668
0.01600242
0.01718354
0.01599264
0.01999950
0.01599789
0.01599813
0.01784396
0.01997972
0.02399826
0.01999927
0.02400351
0.01599908
0.01599860
0.01600027
0.02400327
0.02399111
0.01599479
0.02000499
0.01599789
0.01599908
0.02399850
0.02000022
0.02399540
0.01999807
0.01599813
0.02000022
0.01999187
0.01999521
0.01999998
0.01599956
0.01599884
0.01599884
0.01600051
0.01597905
0.01596403
0.01673341
0.01599908
0.01599884
0.01318932
0.01599741
0.01201677
0.01598859
0.01199770
0.01599860
0.01599908
0.01600051
0.01599884
0.02000117
0.01600575
0.02000856
0.01999879
0.01999378
0.01999378
0.01599979
0.01600051
0.01577020
0.01600289
0.01599264
0.01600003
0.01599979
0.02000070
0.02399445
0.02400327
0.01996589
0.01999450
0.01595449
0.01975179
0.01599932
0.01602364
0.01598859
0.01708293
0.02401876
0.02523351
0.02401757
0.02400637
0.02000427
0.02399802
0.01997805
0.02400470
0.02400351
0.01999974
0.01999998
0.01999545
0.02257776
0.01997566
0.02125406
0.02399278
0.02400541
0.02399349
0.02000117
0.01999998
0.02000141
0.02399945
0.01999736
0.02399278
0.02800369
0.02399969
0.02399611
0.02399874
0.02800059
0.02799487
0.02398491
0.02800179
0.02399397
0.02399516
0.02000833
0.01999974
0.01999116
0.02001071
0.01999807
0.02800727
0.02400184
0.02800202
0.02399945
0.02802205
0.02398300
0.02799821
0.02800369
0.02399015
0.02800608
0.03200722
0.02799654
0.02456069
0.03199673
0.02800107
0.02925134
0.02402782
0.02399683
0.02400136
0.02399993
0.02399993
0.02800012
0.02799869
0.02799821
0.02397203
0.02800059
0.02800107
0.02799606
0.02800941
0.02800083
0.02800059
0.02399826
0.02399921
0.03999734
0.04399347
0.04210091
0.01702285
0.01999569
0.02000451
0.01998639
0.01999283
0.01599932
0.01969481
0.01999927
0.01601911
0.01979566
0.01999736
0.01599979
0.01981664
0.01600027
0.02000141
0.02000165
0.01599884
0.01599765
0.01602507
0.01599932
0.01600075
0.01600075
0.01599908
0.01599979
0.01599860
0.02000451
0.02002668
0.02800059
0.02000046
0.01600075
0.01597881
0.01600862
0.01999974
0.01600122
0.01599169
0.01575065
0.01601577
0.01717234
0.01600003
0.02400041
0.02002549
0.02800059
0.02524543
0.02400160
0.02400637
0.01983190
0.01599169
0.01600480
0.01600003
0.02000070
0.02397656
0.02400494
0.01999998
0.01999974
0.02000213
0.02001834
0.01999807
0.01600003
0.01995969
0.01999569
0.01999664
0.01998043
0.02054977
0.01478624
0.01999950
0.01999760
0.02093530
0.01999760
0.01598811
0.01999855
0.02002478
0.02400541
0.02399731
0.02399468
0.02799702
0.02400327
0.02800369
0.02399540
0.02400064
0.02400517
0.02400589
0.02800155
0.02400446
0.02000093
0.02000070
0.02800179
0.02401447
0.02800012
0.02799821
0.01999879
0.02129889
0.01999998
0.02400208
0.02400827
0.02401495
0.02399659
0.02403355
0.02400470
0.02401257
0.02399731
0.01999879
0.02002287
0.01599932
0.01998186
0.01597691
0.02000165
0.01999927
0.01999807
0.02000046
0.02000523
0.02000308
0.01999593
0.01998186
0.02000642
0.02000165
0.02000499
0.01599979
0.01599932
0.01598644
0.01999784
0.01600051
0.01999927
0.02000093
0.02402854
0.01722169
0.01999784
0.02000308
0.01587200
0.01599956
0.01599765
0.01599956
0.01600027
0.02000046
0.01599956
0.02000356
0.02003813
0.02400064
0.02000308
0.02400374
0.02400684
0.02400112
0.01999617
0.01599908
0.02399755
0.02401567
0.01999664
0.02400351
0.02400231
0.01600051
0.01600051
0.01599336
0.01600266
0.02000332
0.02133036
0.02000332
0.02000141
0.02400112
0.02400517
0.02000165
0.02400255
0.02400279
0.02400088
0.02400064
0.02400351
0.02400136
0.02801704
0.03200412
0.02399850
0.02000093
0.01999974
0.02000070
0.02000165
0.02400208
0.02401280
0.02400184
0.02400136
0.02400899
0.02402115
0.02813792
0.02799606
0.02526259
0.01999950
0.02000070
0.01999688
0.02000284
0.01999927
0.02003121
0.02396798
0.01600099
0.01599741
0.01999116
0.01596951
0.01599836
0.01600838
0.01600003
0.02399683
0.02398086
0.02400756
0.02398896
0.02800369
0.02000046
0.01600003
0.01601672
0.02000237
0.02000165
0.01599932
0.01981139
0.02029443
0.01600003
0.01599622
0.01600027
0.01600671
0.01600146
0.01599956
0.01596761
0.01599956
0.02000022
0.01600075
0.01603246
0.01999879
0.01599836
0.02000070
0.02398944
0.02400732
0.02400804
0.02400470
0.01999927
0.02000046
0.02000237
0.02000022
0.02000237
0.02000403
0.02000117
0.01999950
0.01999784
0.01999927
0.01999903
0.01200032
0.01599908
0.01600122
0.01600003
0.02262092
0.02397180
0.02401185
0.02000380
0.01599932
0.01600099
0.01600122
0.01999831
0.01999807
0.01599884
0.02002096
0.02000022
0.02400231
0.02000618
0.02402616
0.02399635
0.02400041
0.02400398
0.01599979
0.01974964
0.01599956
0.01600146
0.02402806
0.02401018
0.02400637
0.02799320
0.02400303
0.02403164
0.02217531
0.02400923
0.02399683
0.02401161
0.02800393
0.02399921
0.02000451
0.01999903
0.01600027
0.01999974
0.01999545
0.01999784
0.01999831
0.01999402
0.02400708
0.02002883
0.02798915
0.03199744
0.02399683
0.02800941
0.02800202
0.02399850
0.02799535
0.02799559
0.02799392
0.03091335
0.02800345
0.02524495
0.02799773
0.02799821
0.02800632
0.02799845
0.02399635
0.01999879
0.01999617
0.02399588
0.02399731
0.02399850
0.02399993
0.02400136
0.02400517
0.01999784
0.02397013
0.02399850
0.02799869
0.02797794
0.02399707
0.02802587
0.02400756
0.02399611
