0.01197219
0.02592850
0.02293682
0.02493572
0.02494216
0.02396584
0.02492762
0.02593088
0.02692723
0.01695657
0.01795030
0.01695490
0.01795149
0.01795292
0.01695538
0.01695514
0.01795197
0.01895094
0.01895213
0.01795125
0.01795340
0.01894927
0.01894975
0.02592564
0.02493596
0.02493763
0.02792668
0.02593541
0.02692032
0.02094316
0.02094483
0.01994729
0.03191376
0.02293968
0.02293968
0.02193975
0.02094603
0.02194428
0.02194095
0.02094817
0.02194524
0.02193999
0.03143358
0.02590156
0.02393508
0.02493048
0.02692461
0.02692652
0.02792048
0.02693295
0.02792859
0.02794456
0.02094221
0.02490711
0.02394104
0.02891946
0.02991533
0.03092146
0.03091598
0.03189683
0.03191710
0.03091884
0.03090644
0.02293944
0.02294064
0.02393413
0.02592874
0.02592969
0.02692795
0.02593017
0.02394152
0.02593160
0.02593088
0.04188991
0.03789783
0.03488803
0.02194285
0.02393699
0.02493191
0.02492690
0.02598095
0.02393150
0.02593303
0.02393818
0.02792549
0.02892637
0.02892947
0.02792740
0.03192019
0.03191805
0.02993608
0.02995324
0.02991605
0.02992463
0.02992272
0.02392960
0.01994777
0.01795268
0.01994777
0.02094436
0.01894951
0.01921129
0.02194166
0.02492905
0.02293563
0.01994872
0.02193499
0.02094555
0.03191328
0.03091049
0.02493811
0.02094460
0.02293921
0.02493548
0.02692962
0.02293944
0.02692080
0.02792335
0.03191209
0.03390336
0.03795433
0.03390527
0.02593756
0.02393627
0.04987168
0.04787731
0.04787111
0.04986906
0.04889488
0.03192043
0.02891493
0.02792692
0.02792525
0.02793312
0.02691364
0.01894569
0.01673722
0.01695538
0.01795483
0.01894808
0.02493811
0.02094364
0.02792811
0.02793288
0.02693677
0.02693605
0.03192306
0.02693009
0.03390527
0.01994181
0.02693343
0.02693152
0.01695347
0.01795745
0.02294135
0.02995396
0.03391099
0.02921271
0.03190470
0.03263021
0.03489995
0.03391981
0.03391171
0.03686976
0.03391528
0.03191495
0.02593112
0.04587793
0.04984760
0.04687500
0.01895285
0.02094555
0.02793121
0.02692509
0.02692842
0.02755046
0.02692962
0.02891517
0.02692056
0.02792716
0.02792573
0.02791953
0.02891588
0.02787304
0.02992010
0.03091764
0.02893162
0.02692509
0.02591467
0.02991509
0.02895284
0.02892351
0.02593040
0.02396584
0.02493405
0.01899147
0.04887247
0.04898477
0.04887199
0.02592635
0.02693224
0.02592802
0.02593756
0.02793241
0.02695394
0.02892208
0.02192020
0.02196431
0.02593231
0.02493691
0.02197433
0.02293992
0.02293777
0.02194476
0.02194667
0.02194548
0.02194476
0.02489901
0.02513337
0.02591681
0.02791786
0.02593684
0.02696395
0.02593851
0.02593327
0.02692962
0.02594638
0.01595831
0.01994824
0.02094293
0.02693033
0.03192234
0.02892351
0.02996063
0.02793336
0.02892447
0.02692699
0.02693129
0.02493620
0.02890682
0.02892613
0.02693295
0.02692008
0.02892399
0.02294111
0.02396083
0.02595115
0.02193928
0.02194262
0.02194166
0.02493620
0.02194309
0.02491093
0.02194405
0.02494049
0.02393150
0.02394342
0.02393556
0.02393723
0.02493358
0.02393436
0.02469206
0.02293611
0.02493906
0.02361321
0.02293944
0.02194309
0.02393651
0.02495456
0.02493739
0.02693033
0.02493858
0.02493429
0.02692628
0.02592731
0.02692914
0.02594829
0.01695848
0.01994443
0.02397966
0.02394366
0.02890778
0.02795482
0.02892637
0.03092408
0.02869749
0.02992558
0.02991724
0.03191638
0.02991915
0.02988172
0.02194214
0.02694726
0.02194142
0.02095652
0.02293897
0.02094412
0.02194357
0.02690220
0.02692270
0.02793336
0.02994418
0.02593422
0.02594852
0.02296019
0.02094579
0.02194166
0.02546048
0.02293873
0.01997519
0.01935053
0.02293992
0.02692723
0.02698088
0.02690983
0.02593398
0.02393579
0.02394152
0.02693605
0.02592969
0.02593279
0.02792811
0.02991700
0.02893710
0.02291107
0.01994705
0.01994562
0.02393723
0.02192473
0.02593017
0.03090906
0.02792501
0.02892447
0.02892971
0.03091502
0.03191090
0.03192234
0.05485082
0.04388571
0.04987144
0.02094507
0.02294612
0.02493834
0.01894259
0.01496005
0.01795101
0.02196383
0.02294326
0.02258539
0.02194285
0.02293539
0.02194166
0.02393365
0.02194309
0.01994419
0.01595736
0.01595545
0.01495886
0.01595831
0.01894999
0.01596045
0.01695704
0.01595974
0.01595688
0.01795530
0.01695919
0.01595902
0.01595855
0.01695561
0.01695490
0.02397752
0.02094436
0.01894546
0.01793456
0.01696014
0.02094436
0.01995063
0.02049088
0.01695585
0.02493453
0.02294040
0.02392721
0.02419281
0.02393389
0.02601171
0.01994848
0.01795149
0.01895142
0.02493119
0.02593088
0.02492976
0.02293658
0.02094412
0.02693200
0.02793384
0.02692175
0.02195883
0.02292037
0.02992368
0.02892041
0.02793050
0.02791953
0.02792525
0.02791858
0.02693534
0.02991891
0.03091526
0.03391647
0.02890134
0.03591990
0.03091407
0.03090906
0.02992392
0.02992082
0.02891397
0.02391553
0.02692413
0.02493167
0.02424645
0.02792811
0.02693248
0.02892518
0.03289676
0.02297282
0.02593756
0.02693439
0.02792645
0.02992654
0.02792478
0.02793050
0.02593040
0.02493978
0.02892447
0.02393961
0.02394199
0.02493811
0.01794958
0.01894951
0.01994681
0.01795340
0.02194214
0.02094960
0.02469110
0.02892041
0.02793121
0.02692866
0.02294588
0.02493811
0.02593660
0.02592731
0.02593708
0.02792335
0.02895713
0.02893162
0.02794361
0.02692747
0.01895142
0.02493620
0.02792692
0.02593541
0.02592540
0.02991581
0.02094316
0.01978779
0.02094555
0.02991295
0.02892494
0.02991939
0.02992439
0.02991629
0.02991629
0.02293944
0.02593184
0.02393675
0.02194238
0.02094579
0.02294087
0.01996446
0.02293992
0.02094388
0.02094436
0.02194214
0.02193999
0.03591204
0.02493501
0.02194023
0.02548504
0.02791691
0.03390503
0.02694511
0.02495837
0.02695870
0.02894974
0.02992535
0.02992892
0.02693248
0.02891850
0.03091955
0.02892208
0.03290892
0.02592921
0.02792788
0.02892494
0.02801538
0.02992654
0.02193928
0.02493429
0.04898381
0.04687381
0.03590560
0.01695657
0.02096868
0.02492833
0.02593040
0.02193308
0.02094245
0.02194333
0.01994705
0.02094698
0.02074552
0.01895404
0.01994562
0.01994753
0.01894736
0.01895165
0.01894999
0.01893234
0.01894903
0.01795268
0.01695371
0.01795363
0.02793121
0.02394366
0.02595496
0.01995444
0.02592921
0.01894593
0.01895285
0.01994681
0.02792740
0.01795268
0.01695657
0.01795197
0.02393651
0.02393484
0.02444100
0.02293921
0.01894569
0.01795220
0.01794958
0.01994777
0.01894903
0.01994872
0.01895428
0.01895070
0.02194285
0.01897979
0.02094603
0.02310967
0.01695514
0.01895046
0.01695538
0.02596235
0.02692413
0.02393055
0.02294207
0.02393627
0.02096057
0.02193999
0.02194095
0.02095032
0.02094483
0.02094722
0.02294350
0.02294469
0.02493644
0.02493334
0.02492595
0.01895380
0.02094483
0.02094412
0.02592874
0.02604961
0.02493429
0.02692509
0.02294755
0.02593732
0.02792358
0.03090382
0.02895045
0.03291297
0.02693272
0.02393413
0.02395678
0.02094579
0.02094412
0.02167726
0.02195692
0.02493429
0.01594090
0.01795459
0.01595616
0.01695633
0.01994920
0.01893854
0.01895213
0.01795268
0.02464557
0.02593493
0.02592659
0.02294469
0.02193379
0.01994777
0.01994562
0.01596022
0.01895189
0.01994896
0.02493572
0.02297258
0.02992105
0.02194762
0.02293897
0.01994658
0.01795268
0.01795220
0.01894951
0.01994991
0.01795268
0.01894784
0.01994801
0.01894855
0.01900959
0.02991772
0.02092671
0.01894927
0.02194357
0.03092170
0.01935434
0.01945615
0.02194309
0.02790928
0.02692556
0.02793312
0.02795792
0.02792430
0.02892065
0.02892280
0.02792907
0.02991962
0.02792263
0.03092408
0.02994967
0.02791810
0.02892613
0.02992082
0.02293777
0.02395248
0.02194357
0.02293992
0.02491856
0.02992392
0.02592850
0.02891994
0.02592921
0.02492762
0.02194190
0.02094460
0.02094531
0.02293658
0.01994967
0.01994872
0.02593279
0.02892327
0.02493262
0.02693629
0.02494311
0.02293634
0.02193999
0.02094960
0.02094603
0.02692580
0.02493048
0.02592897
0.01994801
0.01894832
0.02094340
0.01795268
0.01994753
0.01795173
0.01795435
0.01895046
0.02494311
0.02492952
0.02493215
0.02493238
0.02592802
0.02490902
0.02493215
0.02492881
0.02294302
0.02394342
0.01994658
0.02252245
0.02792192
0.03091860
0.02094316
0.02094412
0.02393651
0.02394152
0.02991843
0.02891684
0.02989316
0.02293944
0.02293992
0.03786421
0.02393723
0.02792549
0.03091526
0.02593160
0.02194405
0.02493310
0.02597022
0.03191853
0.03366470
0.02888918
0.02493501
0.02393842
0.02392101
0.02592897
0.02593088
0.02493930
0.02493382
0.02693248
0.02590179
0.02593064
0.02593541
0.02592731
0.02293849
0.02393746
0.02593160
0.02493310
0.02191687
0.02293849
0.02393913
0.02195787
0.02293968
0.02192903
0.02293801
0.02094507
0.02194333
0.02393389
0.02891827
0.02692437
0.02793026
0.02891707
0.02692699
0.02793717
0.02693152
0.02890587
0.02791572
0.03093719
0.02892923
0.02990437
0.02792168
0.03191543
0.02593446
0.02493358
0.02792239
0.02993059
0.02393484
0.01994872
0.03353167
0.02493811
0.02690387
0.02493143
0.02592850
0.02492833
0.02792549
0.02595401
0.02493334
0.02692318
0.02393842
0.02294135
0.02393532
0.02094460
0.02194166
0.02293921
0.02194071
0.01895094
0.01994681
0.01795220
0.01894903
0.02194381
0.02094316
0.02692652
0.02692533
0.02693677
0.02641630
0.02590942
0.02694249
0.02891827
0.02593851
0.02589703
0.02692628
0.02493668
0.02692986
0.02493882
0.01994896
0.01795149
0.01896620
0.01895046
0.01795387
0.01895046
0.01794767
0.01894927
0.01894879
0.01695490
0.01895046
0.01595616
0.01795173
0.01594996
0.01698065
0.01496148
0.01792693
0.01496148
0.01595616
0.01596022
0.01795459
0.01695538
0.02157092
0.02592254
0.01994467
0.01594853
0.01795387
0.01994848
0.02293324
0.02393246
0.02193785
0.01894164
0.01994419
0.02094364
0.01895404
0.01964831
0.01595783
0.02296042
0.02395225
0.02095127
0.02593231
0.02293921
0.01595712
0.01497817
0.01498413
0.01498866
0.01696348
0.01695800
0.01695681
0.01695323
0.01595712
0.01496196
0.01496100
0.01496100
0.01595712
0.01695371
0.01795220
0.01795268
0.01895046
0.01897812
0.01846218
0.02294517
0.02293205
0.02390409
0.02396655
0.02393842
0.02393293
0.02393937
0.01994562
0.01994777
0.01994634
0.01993060
0.01994634
0.01595855
0.01795316
0.01795363
0.01695514
0.01645565
0.01695728
0.01795292
0.01894951
0.01895022
0.01795197
0.01795268
0.01895046
0.01795220
0.02094960
0.02194428
0.01695204
0.01695490
0.01795268
0.01695585
0.02094722
0.01994658
0.01895189
0.02294087
0.02292991
0.02495027
0.02493191
0.02494454
0.02493763
0.02593040
0.02492738
0.02393532
0.02493334
0.01897359
0.01595759
0.01695585
0.01994777
0.01994705
0.01607037
0.01795244
0.01695395
0.01695347
0.01595950
0.02393603
0.02393198
0.02293730
0.01696658
0.01598120
0.01795220
0.01791978
0.01994920
0.02593470
0.02792192
0.02592516
0.03091741
0.01994681
0.02096629
0.02094412
0.02094412
0.02094865
0.02094412
0.02194214
0.01994228
0.02592802
0.02592731
0.02592564
0.02296281
0.02392960
0.02393842
0.02294087
0.02493525
0.02494979
0.02393579
0.02393603
0.02195477
0.02096510
0.02194405
0.02193999
0.02245688
0.02493191
0.02493310
0.02393532
0.01996493
0.02094340
0.02192783
0.02194476
0.02293539
0.02194214
0.02145290
0.02693343
0.02493358
0.02692747
0.02494955
0.02792239
0.02592516
0.02594852
0.02392936
0.02792549
0.02490258
0.02493286
0.01895189
0.01795292
0.01795268
0.01895237
0.01795197
0.01895165
0.01795077
0.01894975
0.01795149
0.01595879
0.01595736
0.01595902
0.01795530
0.02294183
0.02392817
0.02293849
0.02193999
0.01598024
0.01695490
0.01695895
0.02094626
0.02092361
0.02294087
0.02294779
0.02394223
0.02197075
0.02593589
0.02393675
0.02593064
0.02393889
0.02492070
0.02149773
0.02195573
0.01994276
0.01993179
0.01995254
0.01595926
0.01595736
0.01595855
0.01695633
0.01595736
0.01595807
0.01595616
0.01695585
0.01495981
0.01595879
0.01495123
0.01595783
0.01490855
0.02091479
0.02193737
0.02193594
0.01895499
0.01795292
0.01695514
0.01695585
0.01795173
0.01795578
0.01695919
0.01795554
0.01795411
0.01795673
0.01495838
0.01496124
0.01496100
0.01494908
0.01496077
0.01595902
0.01695704
0.01994586
0.02094674
0.02198052
0.02293491
0.02293849
0.02194118
0.01795363
0.01596069
0.01595664
0.01595783
0.01595736
0.01596451
0.02177048
0.02294111
0.02294302
0.02492714
0.01595926
0.01595569
0.01496029
0.01691914
0.01695657
0.01695561
0.01697278
0.01595569
0.01795197
0.01595688
0.01695442
0.01695490
0.01695776
0.01695561
0.01795316
0.01695490
0.01795125
0.01795340
0.01795554
0.02094388
0.01895285
0.01894641
0.01894903
0.01994824
0.01693296
0.01795435
0.01685548
0.01895022
0.01695538
0.01895261
0.01695704
0.01795244
0.01795340
0.01696348
0.01595712
0.01595736
0.01595807
0.01496315
0.01595783
0.01396465
0.01595616
0.01496029
0.01695609
0.01498389
0.01496005
0.01496077
0.01496172
0.01595855
0.01695561
0.01695967
0.01795530
0.01895452
0.01794720
0.01595926
0.01496243
0.01498842
0.01396370
0.01496243
0.01496196
0.01595855
0.01595783
0.01695633
0.01396012
0.01396251
0.01396322
0.01451111
0.01559305
0.01396322
0.01496053
0.01396394
0.01495934
0.01399565
0.01495934
0.01595664
0.01995158
0.02194142
0.02094412
0.02093458
0.02191329
0.01594782
0.01496053
0.01396179
0.01595664
0.01396155
0.01396203
0.01496077
0.01396275
0.01396203
0.01396298
0.01397634
0.01396322
0.01496077
0.02294040
0.02094245
0.02791882
0.01894307
0.01995111
0.01795697
0.01596069
0.01795387
0.01695490
0.02167749
0.02094412
0.02194476
0.02094340
0.02393818
0.02193713
0.02394104
0.02094746
0.01795793
0.01895380
0.01794219
0.01795745
0.01994538
0.01546812
0.01695991
0.01596141
0.01696348
0.01595712
0.01695514
0.01695633
0.02194524
0.02094722
0.02094007
0.02194977
0.01892352
0.01396346
0.01396084
0.01695251
0.01995230
0.01794410
0.01782799
0.02094221
0.01994705
0.01695466
0.01795268
0.01994896
0.01994967
0.01995087
0.01994634
0.01895022
0.02393699
0.02692938
0.02343965
0.02394557
0.02295589
0.02393937
0.02393174
0.01994753
0.02194524
0.02391028
0.01895452
0.01994681
0.01895618
0.02194691
0.02393723
0.02193856
0.02793241
0.02493024
0.02539897
0.02493691
0.02593756
0.02692795
0.02792096
0.02593946
0.02492976
0.02492785
0.01795220
0.01895118
0.01894879
0.01994729
0.01895070
0.01994872
0.01994753
0.02094603
0.01795149
0.02293825
0.02093816
0.01795197
0.01695490
0.01795077
0.01695633
0.01695395
0.01695347
0.01695490
0.01695871
0.01695514
0.01695561
0.01795197
0.01695347
0.01797342
0.01966810
0.01595783
0.01495838
0.01595950
0.01595974
0.01695514
0.01595855
0.01595879
0.01595902
0.01496172
0.01595831
0.01595211
0.01496148
0.01496029
0.01595855
0.01496029
0.01595998
0.01496100
0.01595855
0.01495934
0.01595736
0.01497626
0.01595616
0.01495910
0.01496077
0.01496363
0.01598287
0.02295589
0.02792406
0.01595831
0.01494575
0.01496172
0.01496005
0.01496029
0.01396251
0.01396942
0.01495886
0.01749134
0.01993966
0.01396418
0.01396465
0.01595902
0.01495981
0.01595831
0.01496005
0.01695800
0.01496124
0.01595712
0.01495910
0.01495934
0.01495981
0.01495934
0.01492906
0.01496053
0.01594496
0.01496196
0.01495934
0.01496172
0.01496029
0.01496005
0.01496172
0.01496005
0.01492000
0.01396394
0.01595926
0.01396298
0.01496339
0.01496124
0.01595640
0.01596808
0.01695848
0.01994896
0.01795125
0.01795697
0.02295518
0.02186513
0.02492857
0.01895547
0.02095413
0.02094626
0.01894927
0.01912045
0.01496148
0.01496077
0.01595187
0.01595640
0.01495934
0.01495957
0.01496077
0.01695657
0.02094436
0.02094579
0.02095175
0.02215433
0.02094388
0.02093840
0.02092671
0.02194118
0.01994634
0.02294350
0.02294326
0.02593160
0.02393603
0.01994729
0.01798034
0.01895046
0.01995564
0.01795006
0.02094841
0.01894712
0.01895070
0.01895404
0.01894903
0.01595521
0.01696444
0.01695585
0.01595736
0.01595759
0.01695442
0.01595640
0.01695514
0.01595664
0.01595736
0.01695585
0.02393627
0.02393675
0.02194142
0.02992821
0.01994991
0.01894593
0.01794839
0.01595545
0.01695633
0.01595759
0.01595545
0.01595855
0.01496077
0.01496077
0.01595926
0.02094388
0.02094769
0.01895332
0.01997495
0.02194381
0.02393985
0.02193499
0.02293944
0.02298379
0.02293301
0.02193713
0.01894164
0.01595974
0.01695561
0.01695824
0.01795316
0.01595998
0.01695085
0.01595783
0.01595879
0.01595831
0.01595688
0.01795506
0.01595736
0.01895022
0.01695633
0.02094555
0.01795650
0.01895332
0.01795030
0.01794600
0.01896024
0.02194571
0.02296901
0.02193046
0.02493167
0.02293801
0.03190947
0.02293205
0.02593064
0.02391028
0.02992392
0.02393889
0.02394271
0.02393961
0.02494192
0.02592778
0.02693367
0.01994610
0.02094102
0.02094245
0.01994801
0.02095604
0.01994681
0.01894903
0.01795101
0.01695395
0.01795244
0.02094603
0.02294183
0.03191614
0.02293205
0.01795197
0.01994658
0.01797152
0.01795101
0.01894808
0.01793957
0.01795077
0.01396251
0.01395106
0.01695514
0.01496172
0.01695609
0.01695323
0.01695490
0.01795387
0.01595902
0.01695299
0.01994419
0.01894808
0.02220011
0.01994681
0.02294087
0.02194977
0.02194357
0.02194953
0.02193785
0.02094579
0.02394271
0.02194953
0.02296090
0.02294636
0.02194500
0.02094841
0.01695824
0.01595998
0.01495147
0.01496100
0.01496148
0.01495957
0.01595688
0.01496029
0.01396275
0.01495910
0.01695800
