0.00800014
0.04799700
0.03999758
0.04001427
0.04400206
0.05199862
0.03999782
0.03999686
0.04001331
0.03999829
0.02001810
0.02402377
0.02799988
0.03089190
0.01999998
0.02525902
0.03200412
0.02000570
0.02399611
0.02000904
0.02398968
0.02799964
0.02399993
0.02802181
0.02800584
0.02800107
0.02399850
0.02400303
0.02399802
0.02400589
0.02399492
0.02400804
0.02247906
0.02399898
0.04399872
0.03999281
0.03999996
0.03599977
0.03600097
0.03999996
0.03600121
0.03997064
0.02401328
0.02399969
0.01999879
0.02000070
0.02000022
0.01599979
0.01599836
0.01999950
0.02450466
0.02400565
0.02526641
0.02400041
0.01999855
0.02399969
0.02400327
0.02799511
0.02800417
0.01999950
0.01599908
0.01996899
0.02399516
0.01999664
0.01999164
0.01999807
0.02002668
0.04800367
0.04625416
0.04400277
0.04400778
0.04000020
0.04398298
0.04799628
0.04399371
0.04396629
0.04400396
0.04400277
0.04399061
0.03599882
0.01600814
0.01999903
0.01599979
0.01999903
0.02803159
0.02798080
0.02402020
0.02399898
0.02002382
0.02399421
0.02400327
0.03199410
0.01999950
0.02399993
0.01998925
0.02000022
0.02000260
0.01999998
0.02802753
0.02800012
0.02399731
0.02399373
0.01999974
0.01999998
0.02399588
0.02800059
0.02000451
0.02399659
0.04002571
0.04402375
0.03999782
0.02400017
0.02800155
0.02800083
0.01998401
0.02399898
0.01999974
0.01999998
0.02001595
0.02399993
0.02400637
0.02800822
0.02399969
0.01999927
0.02000141
0.02400374
0.02400470
0.02399945
0.02000070
0.02399898
0.01597667
0.02000785
0.01999927
0.02399611
0.01599979
0.01999736
0.02399373
0.04399252
0.04799891
0.04000235
0.02800488
0.03199911
0.02800131
0.03199625
0.02747703
0.03200412
0.02800870
0.04399776
0.03999949
0.04002190
0.03599310
0.03599644
0.03600001
0.03999901
0.04000115
0.04400253
0.04399276
0.01600003
0.01999903
0.01999760
0.01999950
0.02368879
0.02398300
0.02797031
0.01999187
0.01999903
0.02400255
0.02800369
0.01999760
0.01999855
0.02399540
0.01999426
0.02001452
0.01599526
0.01999784
0.01997232
0.02800059
0.02402520
0.02399659
0.02799892
0.02400470
0.02399969
0.02399421
0.03327608
0.04397964
0.04400063
0.03999758
0.04399467
0.03599668
0.04004240
0.04400778
0.03999209
0.03599858
0.01999760
0.01999760
0.02000022
0.01996613
0.01599789
0.02000141
0.02800775
0.02799892
0.02524233
0.01999974
0.02000070
0.01999950
0.02000070
0.02397609
0.02800059
0.01999712
0.02000165
0.02399588
0.02400565
0.02398992
0.02800345
0.02800131
0.02400017
0.01999474
0.02000213
0.01999664
0.02399659
0.01999712
0.01999950
0.04249001
0.03999567
0.01999712
0.02399826
0.02399826
0.02800059
0.02800345
0.03200126
0.03200030
0.02399659
0.02399778
0.02399874
0.02399731
0.02399683
0.02799940
0.02800512
0.02799630
0.02800846
0.02799511
0.03236127
0.04531312
0.04399562
0.04332042
0.04522252
0.03999949
0.04000044
0.03998685
0.04000020
0.03999472
0.04400277
0.03999472
0.02399993
0.02799559
0.02399874
0.02000093
0.01913476
0.01999784
0.02799654
0.02000046
0.02000260
0.01999664
0.02000642
0.01999664
0.02398849
0.03199339
0.02399373
0.02396870
0.01999617
0.01599836
0.01986670
0.01599669
0.01999950
0.01599884
0.01769543
0.01723480
0.01999927
0.01599860
0.01602483
0.01999688
0.02000570
0.02281833
0.01601315
0.01601005
0.01599836
0.02400327
0.02400327
0.02799273
0.01999831
0.01602888
0.01390958
0.01599956
0.01599979
0.01598620
0.01599932
0.01999950
0.02106190
0.02000022
0.02401447
0.02399707
0.02399969
0.01600504
0.02000070
0.01600099
0.01599932
0.02000141
0.02800012
0.01999307
0.02400327
0.03199768
0.02399683
0.02399802
0.01999879
0.02402449
0.02399826
0.02120614
0.02000141
0.02399993
0.01999974
0.02002549
0.02399969
0.02399802
0.01999903
0.02399874
0.02398682
0.02399945
0.02000022
0.01602101
0.02000308
0.02801871
0.01600432
0.02116799
0.02002645
0.02399898
0.02399588
0.02399921
0.02800107
0.02101564
0.02000284
0.01715732
0.01998138
0.02000189
0.02399993
0.02399755
0.03199577
0.02399778
0.01997447
0.02000332
0.02001071
0.02399755
0.02800083
0.04114795
0.03999782
0.03754354
0.03599668
0.03599954
0.01599979
0.02002263
0.01598001
0.01599836
0.01599908
0.02000070
0.01997089
0.02400088
0.02549100
0.02399468
0.02118921
0.01997352
0.01599979
0.01999760
0.02000141
0.02002239
0.01999879
0.01943707
0.01946545
0.02000690
0.01998401
0.01703858
0.01596451
0.01999927
0.01602650
0.01600242
0.01600027
0.01601601
0.02001786
0.02399039
0.01999736
0.02000284
0.01999760
0.02399492
0.01999760
0.01999784
0.02400374
0.02400589
0.02000189
0.01999259
0.01597381
0.01600003
0.01599956
0.01999879
0.02001834
0.02800322
0.02340102
0.02399802
0.02528620
0.02000046
0.01999283
0.01600051
0.02000046
0.01597428
0.02400494
0.02396441
0.02400637
0.01999021
0.01999855
0.01999998
0.02000713
0.02799559
0.02801943
0.02001214
0.01999950
0.01999950
0.01999855
0.01999974
0.01599956
0.01999950
0.02377605
0.01999903
0.02000141
0.01998281
0.02926779
0.02400041
0.02798772
0.02400112
0.02799344
0.02399826
0.02800441
0.02000666
0.01999998
0.02000356
0.01995301
0.02613068
0.02799511
0.02399898
0.01999784
0.02119422
0.03200030
0.02800059
0.02400875
0.02399993
0.01999974
0.01999974
0.01646852
0.01997161
0.01999950
0.01601768
0.01599836
0.01999998
0.02399993
0.02401280
0.02799702
0.02800679
0.02799392
0.03197598
0.02800345
0.03198719
0.02798772
0.02399445
0.02797985
0.02799344
0.03997779
0.03600025
0.03999686
0.01999569
0.02246046
0.01999569
0.02399588
0.02400351
0.02400088
0.02398205
0.02399993
0.01997352
0.02400041
0.01600027
0.01600218
0.01999998
0.02399588
0.02400517
0.02398252
0.01999879
0.01999855
0.02000070
0.01599979
0.01999974
0.01999879
0.01997805
0.01599884
0.01601028
0.01600075
0.02000070
0.02801085
0.02400136
0.01996899
0.01599908
0.02003551
0.01600003
0.01599956
0.01999784
0.02001548
0.01999712
0.02800083
0.02400303
0.02800012
0.02399921
0.02000594
0.02400303
0.02799678
0.02397919
0.03200793
0.02800035
0.03200483
0.02799940
0.02799177
0.02000117
0.02400017
0.02401853
0.02523732
0.02400136
0.02800751
0.02400017
0.03027606
0.02399969
0.02399731
0.02800250
0.02400088
0.04000783
0.03999805
0.04800272
0.01999974
0.01999950
0.01999331
0.02399516
0.02400446
0.01999617
0.01999927
0.01997757
0.01999950
0.02000046
0.01999092
0.02504086
0.02399969
0.02400994
0.02399755
0.02400017
0.02398443
0.02799678
0.02800345
0.01599336
0.01997423
0.01999807
0.01999640
0.02800059
0.02800107
0.02399945
0.01999450
0.02798486
0.02802134
0.02800608
0.02400279
0.02400064
0.04000401
0.04305577
0.04399753
0.04000068
0.03599954
0.01602507
0.02000046
0.01999831
0.01999855
0.01599979
0.01999712
0.02400231
0.02403140
0.02400541
0.02399731
0.02400255
0.02400255
0.02400303
0.02399421
0.02109408
0.02400422
0.02398896
0.01999903
0.01599741
0.01600003
0.01999950
0.02000213
0.02540255
0.02798653
0.02802348
0.02402949
0.01999736
0.02800155
0.03202653
0.01999903
0.02001739
0.02000022
0.01981020
0.02002859
0.01999974
0.01999974
0.02000332
0.02399206
0.02399683
0.03599381
0.02403283
0.01999640
0.01999974
0.02399826
0.01999950
0.01999974
0.02401686
0.01999474
0.01599813
0.01997995
0.02002788
0.02400064
0.02399683
0.01981616
0.01999831
0.01599908
0.01999736
0.02400541
0.02400017
0.01599860
0.01599932
0.01599884
0.02000022
0.02399969
0.02400947
0.02798772
0.02799630
0.04399943
0.03600049
0.03895879
0.01999879
0.02400064
0.01999640
0.01999831
0.01998425
0.01999617
0.01999998
0.01999927
0.01999998
0.01999879
0.01999903
0.02400064
0.02399826
0.01999497
0.01599932
0.01999950
0.02001262
0.02800035
0.01600003
0.01978755
0.02000237
0.01999879
0.01999927
0.02000046
0.01999617
0.02001786
0.03198147
0.02399755
0.01599789
0.02002406
0.01597357
0.02399850
0.02399993
0.02399802
0.02399826
0.02800417
0.02399826
0.02799964
0.03200054
0.03200603
0.03600073
0.03199482
0.03200054
0.03200102
0.04000068
0.03600121
0.04399562
0.02800775
0.02399707
0.02399993
0.02351832
0.02799797
0.02518225
0.02397656
0.03600836
0.02003193
0.01999903
0.02365899
0.02399683
0.01999664
0.01999974
0.02400041
0.02399945
0.02799678
0.04396319
0.04399776
0.04001999
0.02400422
0.02399850
0.01999950
0.02399945
0.02400112
0.02399659
0.02402091
0.02799296
0.02800298
0.03622437
0.02399826
0.02399826
0.01999617
0.01999807
0.02003407
0.02000141
0.01998878
0.01999927
0.01999807
0.01999378
0.02399802
0.01999760
0.02799892
0.02799869
0.03200364
0.02799296
0.03200531
0.01999927
0.01999807
0.02399659
0.02798867
0.02000046
0.02399588
0.02400017
0.02399588
0.03208852
0.03600597
0.02800441
0.02400088
0.02399874
0.02800322
0.02799487
0.03200030
0.03199887
0.02399683
0.02399731
0.02399755
0.02399540
0.01999784
0.02000022
0.02399969
0.02399850
0.02399826
0.02399945
0.02399826
0.02399659
0.02399707
0.02399802
0.02399778
0.02399969
0.02399778
0.03097844
0.03599238
0.02519584
0.02399683
0.02399921
0.02401137
0.02399850
0.01999831
0.02000046
0.02399755
0.02399588
0.02399969
0.02399826
0.02399802
0.02799606
0.02799964
0.02799749
0.03199339
0.02400398
0.02399755
0.02401495
0.02399874
0.02956390
0.02799630
0.03329515
0.02799582
0.02526379
0.02400088
0.02800727
0.02399611
0.02799582
0.02400160
0.02800083
0.02190852
0.02798700
0.02799749
0.01999640
0.01999855
0.02000022
0.02000070
0.01663589
0.02000046
0.01999950
0.01999521
0.01999903
0.01999617
0.01999807
0.02000046
0.02399969
0.02711821
0.03199816
0.02399826
0.02551389
0.02401137
0.02401710
0.01999927
0.02001333
0.01999998
0.01999927
0.03599977
0.03259039
0.03600097
0.03319907
0.02289176
0.02399778
0.02400875
0.02399302
0.02400255
0.01999402
0.02000284
0.01600122
0.01999259
0.01998115
0.01999640
0.02398348
0.02317429
0.02399898
0.02111292
0.01599789
0.01597142
0.01988339
0.02001715
0.01599932
0.01600385
0.01987982
0.01995802
0.01599956
0.02000046
0.01997781
0.02000022
0.02401972
0.02002907
0.01599956
0.02000117
0.01599956
0.01599956
0.02000093
0.02400374
0.02753735
0.02399325
0.02398300
0.02965760
0.01999855
0.02556944
0.02800035
0.02923512
0.02798820
0.02400541
0.02399969
0.02399731
0.01999903
0.02000046
0.02399826
0.02400160
0.02400064
0.02800059
0.02800059
0.03238821
0.03200722
0.02399945
0.02515268
0.02400208
0.02399564
0.02399802
0.02399755
0.02399731
0.02399755
0.02399945
0.02400088
0.02514100
0.03200197
0.02801704
0.02799582
0.02399659
0.01997805
0.01999974
0.01999688
0.02000380
0.02400255
0.02284694
0.02803087
0.04123664
0.03999209
0.03996515
0.03599143
0.01603127
0.01599741
0.01599693
0.01600099
0.01599789
0.01976037
0.01802850
0.01600051
0.01719284
0.01600289
0.02399945
0.02526665
0.01999831
0.01999831
0.01999640
0.02000117
0.01999784
0.01600027
0.01998472
0.02001214
0.02400684
0.02800870
0.02400255
0.02801037
0.01999021
0.01999903
0.01599813
0.01600027
0.01599956
0.01600242
0.01999664
0.01600003
0.01574945
0.01599908
0.01600027
0.01600146
0.01600242
0.01600122
0.02001429
0.01794934
0.01998043
0.02000070
0.02531815
0.01599717
0.01601791
0.02001357
0.01599884
0.01999950
0.02000093
0.01999640
0.02400351
0.02001286
0.01999569
0.02400041
0.02401638
0.02399778
0.02000618
0.01999807
0.01599884
0.02000165
0.02000022
0.01599979
0.01600003
0.01599932
0.01601958
0.01600266
0.01999879
0.01599979
0.01999950
0.01601005
0.01600027
0.01999903
0.01619053
0.01599956
0.01599979
0.01999974
0.02000308
0.01599884
0.01999974
0.01999950
0.01981831
0.01599908
0.02000022
0.01999664
0.01999927
0.01599884
0.01999784
0.01598620
0.02000165
0.01837039
0.01999593
0.02000284
0.01999855
0.02119851
0.02397513
0.01999569
0.01602530
0.02000189
0.02800417
0.02400041
0.02397919
0.02157187
0.02399349
0.02121592
0.01999784
0.02000284
0.01999784
0.01999784
0.01599836
0.01599979
0.01599693
0.02399945
0.02000022
0.02400112
0.01996207
0.02399921
0.01999998
0.01999974
0.02800226
0.02000046
0.03199530
0.02800703
0.02797508
0.02797580
0.02965260
0.02400684
0.02402425
0.02000189
0.02399921
0.02400208
0.02929640
0.02800584
0.02800989
0.02800369
0.02800345
0.02799726
0.02400231
0.02800131
0.02400303
0.02799559
0.02399230
0.02799511
0.02399731
0.02799392
0.02795243
0.03199649
0.02799845
0.03200173
0.02799606
0.03199625
0.01999879
0.02399826
0.02399778
0.02636862
0.02399945
0.02527332
0.02799821
0.02390146
0.02399969
0.02399969
0.02799821
0.02799821
0.03204036
0.02800775
0.03200006
0.03198409
0.03199720
0.03199816
0.03200054
0.04799819
0.04399776
0.03999877
0.01599836
0.01999855
0.01999950
0.01599884
0.01999664
0.01638412
0.01999974
0.01999688
0.02402568
0.01999998
0.01999545
0.01999807
0.01999903
0.02400136
0.02400398
0.02400327
0.02399850
0.02400112
0.02400541
0.03200364
0.02800179
0.02399778
0.02000022
0.01999807
0.01999974
0.01599717
0.01602817
0.02002478
0.02800179
0.02800632
0.02190733
0.01999784
0.01995349
0.02800679
0.02797866
0.03201461
0.03200555
0.02800131
0.03199244
0.03200150
0.02800107
0.02400017
0.03999972
0.04000020
0.03999734
0.02000070
0.02042150
0.02000833
0.01999784
0.02000165
0.02400136
0.02400017
0.02398968
0.01999950
0.02398753
0.02399755
0.02400017
0.01999807
0.01970124
0.01999998
0.01999903
0.01999784
0.01997185
0.02000070
0.02001357
0.02000284
0.01999688
0.02000117
0.02398205
0.02399898
0.02400732
0.02399731
0.02399635
0.01599908
0.01973510
0.01599979
0.01999927
0.01999927
0.01999903
0.02000093
0.01999879
0.02000070
0.02000213
0.02399874
0.01998591
0.02219677
0.02800345
0.02800679
0.02799678
0.02799582
0.02399874
0.02400351
0.02400088
0.02400064
0.01997590
0.02799511
0.02800107
0.02799797
0.02800083
0.02798676
0.02399993
0.02403426
0.03199911
0.02399826
0.02401257
0.02399945
0.02399993
0.02399850
0.02275801
0.02396822
0.02400088
0.02794576
0.03202224
0.02798772
0.02399063
0.02399731
0.01999784
0.02798486
0.02800632
0.02399802
0.02399969
0.01996994
0.01999879
0.01999879
0.01999903
0.02000046
0.02399898
0.02799511
0.02799797
0.02000070
0.02400112
0.02402711
0.01999784
0.01999664
0.01999950
0.02800345
0.02399492
0.02398062
0.02399731
0.01999378
0.01999640
0.02399945
0.01999879
0.02797580
0.01999998
0.02003288
0.02000022
0.01999903
0.01997948
0.01999617
0.02000093
0.01599813
0.02400112
0.02399564
0.02399993
0.02400994
0.02000046
0.02800107
0.01891398
0.02000284
0.02121544
0.02398229
0.02399611
0.02399874
0.02800274
0.02226520
0.02799630
0.02423716
0.03199649
0.02799273
0.02400017
0.02399778
0.02399659
0.02800250
0.02800035
0.02799821
0.02798271
0.02799749
0.02798486
0.02796793
0.02800632
0.02795720
0.02399468
0.02399921
0.02400136
0.02400184
0.03199434
0.02798295
0.02400661
0.02399731
0.02383423
0.02400088
0.03199935
0.02399611
0.01999831
0.02002001
0.02396560
0.02000070
0.02400255
0.02399921
0.02397084
0.02400112
0.02400994
0.02400184
0.02800107
0.02400184
0.01999998
0.03198838
0.02800035
0.02399850
0.02399898
0.02398300
0.02401996
0.02400064
0.02800655
0.02799368
0.03272128
0.02801371
0.03200841
0.03999639
0.03720522
0.03600001
0.02802348
0.01599956
0.01600432
0.01599979
0.01599908
0.01596379
0.01601934
0.01599836
0.01600122
0.01600027
0.02399611
0.02398467
0.02000284
0.02400160
0.02399898
0.01999617
0.01999640
0.02000189
0.02000070
0.02000451
0.02399683
0.02799439
0.01999879
0.02397227
0.02400470
0.02800107
0.02799487
0.02800369
0.01999712
0.01999784
0.01999187
0.01999927
0.02799368
0.02398419
0.01599836
0.01600051
0.01618099
0.01979661
0.01999903
0.02122617
0.02397132
0.01999259
0.01997685
0.01999688
0.02401710
0.01999569
0.01999068
0.01999903
0.02400208
0.02000141
0.01998138
0.02000022
0.02387762
0.02399731
0.02399588
0.01600051
0.01966429
0.01986432
0.01599908
0.01965117
0.02399850
0.01999712
0.01999807
0.02402830
0.01998925
0.02799964
0.02398038
0.02400160
0.01999593
0.02398038
0.02399945
0.01999784
0.02400064
0.02399302
0.02399945
0.02797818
0.02799821
0.02799702
0.03215742
0.02399898
0.02796340
0.02799773
0.02799797
0.02399778
0.02402759
0.03199625
0.02799797
0.02800179
0.02799463
0.03199863
0.02799845
0.03999972
0.02400160
0.02399826
0.02399874
0.02399921
0.02403021
0.02399850
0.02399945
0.02399731
0.02399969
0.01999855
0.02399898
0.02399707
0.03903079
0.02002001
0.02001667
0.02517605
0.02655387
0.02013803
0.02399969
0.02519655
0.02799988
0.03600121
0.04400063
0.03600311
0.03597760
0.02400064
0.02394748
0.02399850
0.02399898
0.02399683
0.02400064
0.02799821
0.02399969
0.01999927
0.02402377
0.02799940
0.02399540
0.01999760
0.01999807
0.01999879
0.01999974
0.02800202
0.02800226
0.02399921
0.02799654
0.02799964
0.02799988
0.02799702
0.02799773
0.02399874
0.02369857
0.02002096
0.02429461
0.01805592
0.02399945
0.02399969
0.02399611
0.02399731
0.02263045
0.03726077
0.02799368
0.02799678
0.02000046
0.01999712
0.01999712
0.02000022
0.02000046
0.02399993
0.02399969
0.02847433
0.02799487
0.02800512
0.02399874
0.03200269
0.03200030
0.03200436
0.02802229
0.02799940
0.02799654
0.02799869
0.03199768
0.02799702
0.02799535
0.02399707
0.02399850
0.02799797
0.02799749
0.02799964
0.02799964
0.03602910
0.03199625
0.03600216
0.03199649
0.03346515
0.03599811
