0.03200626
0.02800322
0.01999545
0.02000260
0.02001524
0.02399898
0.02811456
0.03200507
0.02800918
0.02399588
0.02799535
0.04800653
0.03999209
0.03999877
0.04400063
0.04802155
0.04363728
0.04401970
0.03999782
0.03999662
0.03999996
0.04197121
0.01999855
0.01599979
0.01934338
0.02527356
0.02206755
0.02063942
0.01999497
0.02400279
0.02400017
0.02000475
0.02799463
0.01999760
0.01999521
0.02400041
0.02399564
0.02402878
0.02860785
0.02399468
0.02318478
0.02399969
0.02399564
0.03999949
0.03971720
0.04800725
0.03999901
0.04400015
0.03599954
0.04799962
0.03701138
0.03599167
0.03599811
0.01599956
0.01600027
0.01999736
0.01999831
0.02000594
0.02129769
0.02400017
0.02400422
0.02399540
0.02800775
0.02397490
0.02400470
0.02402902
0.02402735
0.02001381
0.01600075
0.02001071
0.02400589
0.01714540
0.01599932
0.01996684
0.02399635
0.02681637
0.02800798
0.04846478
0.04800010
0.04797387
0.04400158
0.04799891
0.04891896
0.05199695
0.04000115
0.03599691
0.04000282
0.04399967
0.03600478
0.04000020
0.03724909
0.03600216
0.04400373
0.02799869
0.02181983
0.01599884
0.02000308
0.01999593
0.01999998
0.01995182
0.01999855
0.01599932
0.02399921
0.02400064
0.02313805
0.01599979
0.01999712
0.01599717
0.02000189
0.01599526
0.01999736
0.02400231
0.02000666
0.02401257
0.02397323
0.02400017
0.02399993
0.02961373
0.02399850
0.01999521
0.01999736
0.01999688
0.01600027
0.02401185
0.02800846
0.02109814
0.03599882
0.03600097
0.04405046
0.03999257
0.04306626
0.04000330
0.04798770
0.04001212
0.03999281
0.03999782
0.04192615
0.03997636
0.02000022
0.02399778
0.02400494
0.02400708
0.02399850
0.01815629
0.02002406
0.01999974
0.02000213
0.02481937
0.01999497
0.02000189
0.02000046
0.02001357
0.02799821
0.02401280
0.02400732
0.02000403
0.02000451
0.02014732
0.02399778
0.02400327
0.02403164
0.01949167
0.04400039
0.03900528
0.04401684
0.03999949
0.03599977
0.03599834
0.04399300
0.04000711
0.04400802
0.04400802
0.03600049
0.03600025
0.03600025
0.03599763
0.02000117
0.02400351
0.02400088
0.01707816
0.01599860
0.01600456
0.02000165
0.02800012
0.02399874
0.02800751
0.02000237
0.02399993
0.01999903
0.01999974
0.01998496
0.01999903
0.02400112
0.02399135
0.02402711
0.02799964
0.01999569
0.01999998
0.01600003
0.02000093
0.02399898
0.02799988
0.02000046
0.03999949
0.03599811
0.03999853
0.01999974
0.01999974
0.02399445
0.02739310
0.01599956
0.03200483
0.02400327
0.02400255
0.02400231
0.02399468
0.02800608
0.02802968
0.02399778
0.02693224
0.02399945
0.01599908
0.01999068
0.01999974
0.02000356
0.02000070
0.02000070
0.02400970
0.02400184
0.02000189
0.01599717
0.02000022
0.02399993
0.03999925
0.03599977
0.03600144
0.03600025
0.03728914
0.01597166
0.01835489
0.02402377
0.02001429
0.02400613
0.02400160
0.02501130
0.02000976
0.01599908
0.01600218
0.02397490
0.02400112
0.02800131
0.02241802
0.02402043
0.02399755
0.02399826
0.02398276
0.03200173
0.02399993
0.01784015
0.01600194
0.01599932
0.01600146
0.01599813
0.03200197
0.04401326
0.04305124
0.03599954
0.03584647
0.03599858
0.02000737
0.02400637
0.02400684
0.02494526
0.02800226
0.01999378
0.02000046
0.02001882
0.02419662
0.02398181
0.02120328
0.02316189
0.01600051
0.01600003
0.01600170
0.01599860
0.01601171
0.01600003
0.01599932
0.01944804
0.01599956
0.01506472
0.01718688
0.01600027
0.01599908
0.02400756
0.02399683
0.01999402
0.02000070
0.02333617
0.02799749
0.02853990
0.02801156
0.04799151
0.04000235
0.04110336
0.03999996
0.03595757
0.03600121
0.03999925
0.03999853
0.02799988
0.02000022
0.02399993
0.02405977
0.02399588
0.02001143
0.01999402
0.01600552
0.01999903
0.02002621
0.01600027
0.01600122
0.02400661
0.02399826
0.02398849
0.02601671
0.01599836
0.01601887
0.01600146
0.01999307
0.02400279
0.02400398
0.02117252
0.01999593
0.02800155
0.03999829
0.04399896
0.03600168
0.03897190
0.03199935
0.01999950
0.01599908
0.01999998
0.01997805
0.02399373
0.02800488
0.02399254
0.02399969
0.02001119
0.01601648
0.01999903
0.01999998
0.02000356
0.02800512
0.02399659
0.02134299
0.02800846
0.02399707
0.02000093
0.02796412
0.02399969
0.02797627
0.01599979
0.01997113
0.01989579
0.01999974
0.01599908
0.01597953
0.01599884
0.01829362
0.01998425
0.02000237
0.01917076
0.01999974
0.02002072
0.01999998
0.02000093
0.02400494
0.02800202
0.02800131
0.02840257
0.02003360
0.02704525
0.03199625
0.01999068
0.02400041
0.02400327
0.03259420
0.02800226
0.02800608
0.03376555
0.04399824
0.03600430
0.04400730
0.03599238
0.03599834
0.03597832
0.01999998
0.02000189
0.02400613
0.02399969
0.02632380
0.02800083
0.01999807
0.01599908
0.01999998
0.02400804
0.03200102
0.02396846
0.01600146
0.01600003
0.01603866
0.01599932
0.01599908
0.02002406
0.02397108
0.01999736
0.01806116
0.01597047
0.02000070
0.01997471
0.02400255
0.01999617
0.02072501
0.03110862
0.03199720
0.02801681
0.02400255
0.02802420
0.02799439
0.02399969
0.02399945
0.02523327
0.02799940
0.02799916
0.03200269
0.03200221
0.02800083
0.03597307
0.02799845
0.03200674
0.02399945
0.02399945
0.02400231
0.02400136
0.02573514
0.03999805
0.04116964
0.03903174
0.02800560
0.01996779
0.02399921
0.01999974
0.02000427
0.01999998
0.02000165
0.02799988
0.02213311
0.02400136
0.02400184
0.02000666
0.02400208
0.01999974
0.02000070
0.01996851
0.02002454
0.01707506
0.02031422
0.02000380
0.01999831
0.01720858
0.01591039
0.02000546
0.01999903
0.01599908
0.02000237
0.01597905
0.02800679
0.01999855
0.01999974
0.02000213
0.02400017
0.02400064
0.02399921
0.02799988
0.02400136
0.02400017
0.02800441
0.02397537
0.03001237
0.02402139
0.02774143
0.03200126
0.02799129
0.02399373
0.02000284
0.03199816
0.04399967
0.03910828
0.03599906
0.01598716
0.01599956
0.01999950
0.01600003
0.02398133
0.02000213
0.03200626
0.02696919
0.02399158
0.01999807
0.01999974
0.01672411
0.02800775
0.02399898
0.02216530
0.02399302
0.02800107
0.02396441
0.01999021
0.01999998
0.02400160
0.01999640
0.02727103
0.01600075
0.02000117
0.01599789
0.01599956
0.01999879
0.01999974
0.02000046
0.03998327
0.03311825
0.03599858
0.01999927
0.01999736
0.01999569
0.01999903
0.01599622
0.01599956
0.01999521
0.01710320
0.01600337
0.01596761
0.01600027
0.01999927
0.01599956
0.01603460
0.01599979
0.01601171
0.01999927
0.02400017
0.01999688
0.01999688
0.01999354
0.02399564
0.01998258
0.03199935
0.02000117
0.01845121
0.01599813
0.01599836
0.01320124
0.02400589
0.02421737
0.02400470
0.02797198
0.02549338
0.01999545
0.02000046
0.02000809
0.02000761
0.02000189
0.02000165
0.02400160
0.02800345
0.02399349
0.01912785
0.02399874
0.01999903
0.01998878
0.01999879
0.03599882
0.04000425
0.04400063
0.04000235
0.03999805
0.03600001
0.03599763
0.03598952
0.01200056
0.01599813
0.01600003
0.01516652
0.01599813
0.01199913
0.01202106
0.01600170
0.02797723
0.01600122
0.01999998
0.02000284
0.02400708
0.01999283
0.02000284
0.02000260
0.02000237
0.01999664
0.01405835
0.01199937
0.01600003
0.01599956
0.01996946
0.02000642
0.01600194
0.01201296
0.01602268
0.01599956
0.01601624
0.02400899
0.01999736
0.02055788
0.02400327
0.01999831
0.02797556
0.02799702
0.02399611
0.02399850
0.02399826
0.02398872
0.02273083
0.01999784
0.01999950
0.02903414
0.03999376
0.03599930
0.03599763
0.04000187
0.03599906
0.02000070
0.02399588
0.02399659
0.02399278
0.01600003
0.01600051
0.01600361
0.01844478
0.02400231
0.02399635
0.02399850
0.02399707
0.02266335
0.02796912
0.02615309
0.02001071
0.01999974
0.02000117
0.02399588
0.02799129
0.02398849
0.01999950
0.01999927
0.02000070
0.01599860
0.01600170
0.01597691
0.02000308
0.01999569
0.02399755
0.02399850
0.03200030
0.04219770
0.03999805
0.02799702
0.02399993
0.01998401
0.01994133
0.01999950
0.01600003
0.01600337
0.02001619
0.01599884
0.01599979
0.01599884
0.01599860
0.02000070
0.02107930
0.01999640
0.01600075
0.02006221
0.01999974
0.01599765
0.01999903
0.01599884
0.01599979
0.01999879
0.02001429
0.02399874
0.01999640
0.01999903
0.01999927
0.02399969
0.01598716
0.02002144
0.02401447
0.02800059
0.02399993
0.03080797
0.02830410
0.02799106
0.02518249
0.02799797
0.02799678
0.02399373
0.02399993
0.01999831
0.01998591
0.02002597
0.03199530
0.03200412
0.02799392
0.02401924
0.02401495
0.02945518
0.03199744
0.04517412
0.04111290
0.04000449
0.03599930
0.04240465
0.03599977
0.01599765
0.01999593
0.02000284
0.01599813
0.01997542
0.02000260
0.02002406
0.01465535
0.01599813
0.01811528
0.01716900
0.01893616
0.03200221
0.01599836
0.01599884
0.01599979
0.01598644
0.02000093
0.02799487
0.02403235
0.02399254
0.01999974
0.02399969
0.02399468
0.01997948
0.01599979
0.02000332
0.01809740
0.01999378
0.01999736
0.01599979
0.02000022
0.01599813
0.02400565
0.02400804
0.02799726
0.02398849
0.01910472
0.01999950
0.01999974
0.01998544
0.01999950
0.01998353
0.02727818
0.02799439
0.03447413
0.02400041
0.01998568
0.01999950
0.02002168
0.02399969
0.02397943
0.02800226
0.02799702
0.03020144
0.02400327
0.02399898
0.02399969
0.02003503
0.02400041
0.03599787
0.03998733
0.04399085
0.03999901
0.03599954
0.03628969
0.03999710
0.04399014
0.04399276
0.03600383
0.02798867
0.01599932
0.01998568
0.01999903
0.01999998
0.01997805
0.01999831
0.01600003
0.01999927
0.01999903
0.01777196
0.01600051
0.01599956
0.01600027
0.02000380
0.01599526
0.01999998
0.01599693
0.01999998
0.02000046
0.01600146
0.01699424
0.01599979
0.01600146
0.02000070
0.02397346
0.01600361
0.01600003
0.01199913
0.01601481
0.01599932
0.01495910
0.02000046
0.02400112
0.02399635
0.01600170
0.01599932
0.02000093
0.01600003
0.01600051
0.01686239
0.01599741
0.01600146
0.01600122
0.01600003
0.01999927
0.02000427
0.01999950
0.01999927
0.02635288
0.01999879
0.01999879
0.02000022
0.02000070
0.02399874
0.01999927
0.02000070
0.02400279
0.02007532
0.02400327
0.02400327
0.01999688
0.01999998
0.01997328
0.01997256
0.01999664
0.01999831
0.02000904
0.02471328
0.01999974
0.01600313
0.02000046
0.01991272
0.02238274
0.01999903
0.01999831
0.02000093
0.02000141
0.02800012
0.02399254
0.03601027
0.03600049
0.03583121
0.02400064
0.01600027
0.02524567
0.01701736
0.02224636
0.01603580
0.02000451
0.02400923
0.02000046
0.02400041
0.02400374
0.02000117
0.02001476
0.02452350
0.02000237
0.01597166
0.01599598
0.01599908
0.01600194
0.01999331
0.02400661
0.01999855
0.01584649
0.01600909
0.01599932
0.01199841
0.01599503
0.01999784
0.02000189
0.01599956
0.01597834
0.01492333
0.01599956
0.01602030
0.01599884
0.02000189
0.01513338
0.01583433
0.01599932
0.01599884
0.01603413
0.02000165
0.02000046
0.02399468
0.02401066
0.02399826
0.02000594
0.02800155
0.02399611
0.02397823
0.01996255
0.01999974
0.02399492
0.02399278
0.02000356
0.02400923
0.01762724
0.01613617
0.01599932
0.02000046
0.01599979
0.02799630
0.02402258
0.02400398
0.02400613
0.02400565
0.02800155
0.02800322
0.02400374
0.02747440
0.02799535
0.02399349
0.01999617
0.02510691
0.02800107
0.02799034
0.02799511
0.01999903
0.02400017
0.02155352
0.02399802
0.02579474
0.02513313
0.02801561
0.03199983
0.02800798
0.02399969
0.02400088
0.02001476
0.02399755
0.02620649
0.02399969
0.01999855
0.01999974
0.02151275
0.02400160
0.02799821
0.02800465
0.02400494
0.02394629
0.03999782
0.04000378
0.03596258
0.02799606
0.02400231
0.02000117
0.01606345
0.01599884
0.01999998
0.01599979
0.01600194
0.02000046
0.02398419
0.02399778
0.02400708
0.01599979
0.01404715
0.01999974
0.02925563
0.01999998
0.01999545
0.02399802
0.02400136
0.02400279
0.02671981
0.01999784
0.01599932
0.01600075
0.01599979
0.01999974
0.01999784
0.01599908
0.02000093
0.01999807
0.02000093
0.01795149
0.01886868
0.01999903
0.01999784
0.02003527
0.02000093
0.01999784
0.02000475
0.02000308
0.02057743
0.02000356
0.01999998
0.01598430
0.02000141
0.02400589
0.01999593
0.02400112
0.01999998
0.02799654
0.02510786
0.01603937
0.01999974
0.01999903
0.01995659
0.01999998
0.01999831
0.02400184
0.02000213
0.01999784
0.02304006
0.02000356
0.02000308
0.02000117
0.02000070
0.01999426
0.01600409
0.02411342
0.02799606
0.02799916
0.01560688
0.02399802
0.02400041
0.02799940
0.03200603
0.02799559
0.02399945
0.03199792
0.02799726
0.02399921
0.02292371
0.02400041
0.02399993
0.01999950
0.02384067
0.02401018
0.01999950
0.02000046
0.02090025
0.01807046
0.01999807
0.02565312
0.02800727
0.03200674
0.02798867
0.02399945
0.01860690
0.01599932
0.01598406
0.01999855
0.02003503
0.01598859
0.02000189
0.02000141
0.01999760
0.01999950
0.02399087
0.02609777
0.02399707
0.02741718
0.01999497
0.01600003
0.01999855
0.02001357
0.01600003
0.01999640
0.02000070
0.01999950
0.02201533
0.01599908
0.01599932
0.01997757
0.01999760
0.02401733
0.02399898
0.02403402
0.02033091
0.01914144
0.01999950
0.01997185
0.02400422
0.02400351
0.02400374
0.02402377
0.01999974
0.02799678
0.02482247
0.02399921
0.02399874
0.02400589
0.02733302
0.02398825
0.02400017
0.02990794
0.02800536
0.03200173
0.02800441
0.02591753
0.02802420
0.02931809
0.03199887
0.03200197
0.04402518
0.04399323
0.04000282
0.03999877
0.04000163
0.02400661
0.02800298
0.02400970
0.02803111
0.02400041
0.02214503
0.02400255
0.02521992
0.02002168
0.02399778
0.02163005
0.01599979
0.01999950
0.01600146
0.01600027
0.01600313
0.02001739
0.02028656
0.01999879
0.02400684
0.02528858
0.02809334
0.02400327
0.02400041
0.02000046
0.02400088
0.01999879
0.01599932
0.01596045
0.02000022
0.01601481
0.02000451
0.01999974
0.01464677
0.01997709
0.02000260
0.02000332
0.02000165
0.02804160
0.02799988
0.03093672
0.01999712
0.02059031
0.02400064
0.02399802
0.02400470
0.02799964
0.02399135
0.01999998
0.02399993
0.02400088
0.01999950
0.02000070
0.01999974
0.01999855
0.02400088
0.02400637
0.02799940
0.02155352
0.02799988
0.02800059
0.02800703
0.01999998
0.02000332
0.03199887
0.02399993
0.02406669
0.02800155
0.02399063
0.01999760
0.02397847
0.03999853
0.04162216
0.04119682
0.04217148
0.03600073
0.03200102
0.01600003
0.01599884
0.01897860
0.01603580
0.01599932
0.01600075
0.02399993
0.01599884
0.01601815
0.01998615
0.02400613
0.02398205
0.02400565
0.01830125
0.01999927
0.02000093
0.01710916
0.01600075
0.02000260
0.01599979
0.01599908
0.01599884
0.01600266
0.01597452
0.02000022
0.01602411
0.01599836
0.02000451
0.02400351
0.02002430
0.02963948
0.02399278
0.02132392
0.01999879
0.02000141
0.02100611
0.02466607
0.02526021
0.02800441
0.02800798
0.03199315
0.02799797
0.02400279
0.02400231
0.02601647
0.02000618
0.01999855
0.02000046
0.01998162
0.02000022
0.01999688
0.01999736
0.02400327
0.02798152
0.02004743
0.02910709
0.02281237
0.02399731
0.02401090
0.02399397
0.02399731
0.02400088
0.02398276
0.02086782
0.01997471
0.02400231
0.02399755
0.01999998
0.02399802
0.02799368
0.02000117
0.02000022
0.01705098
0.01999950
0.01999950
0.01999879
0.02000022
0.01997638
0.01600027
0.01599884
0.02000141
0.02547240
0.02532697
0.02524805
0.02000141
0.01999950
0.01999903
0.01999974
0.01999950
0.01999974
0.02399945
0.02800417
0.02793336
0.01999354
0.02000046
0.01999640
0.02398729
0.02080631
0.02397895
0.02400613
0.02399588
0.01999521
0.02101374
0.01999950
0.02402234
0.01999974
0.02000213
0.02400661
0.02400351
0.02402568
0.01999831
0.02082491
0.01999784
0.01999831
0.02000117
0.01999855
0.01999927
0.02000070
0.03199482
0.02399254
0.02399898
0.02528262
0.02000475
0.01999998
0.02001762
0.02398014
0.01999855
0.01999855
0.02000070
0.01999807
0.04400229
0.03546333
0.03600001
0.01892447
0.01599956
0.01999950
0.01700830
0.02000117
0.01598191
0.01600099
0.01597834
0.01807666
0.01600671
0.01596785
0.01993847
0.01600313
0.02002358
0.01999998
0.02400684
0.02000117
0.02400303
0.01999211
0.02837253
0.01999426
0.01999950
0.01600027
0.01599789
0.02000093
0.02400088
0.02400374
0.02400136
0.02114081
0.02797842
0.02124095
0.02399826
0.02399588
0.02400661
0.02399349
0.02399182
0.01999831
0.01999950
0.02399945
0.02400041
0.02398157
0.02400303
0.02000117
0.02799749
0.02802587
0.02854800
0.02800632
0.03600073
0.02799892
0.02800584
0.03114295
0.04924226
0.03999615
0.03600049
0.03600073
0.03599811
0.03599954
0.01600003
0.01597524
0.01600170
0.01600122
0.01599979
0.01599956
0.01602173
0.01601291
0.01599550
0.01599956
0.02000022
0.02000952
0.02038479
0.02000141
0.02000356
0.01712465
0.01600027
0.01600051
0.01600051
0.01599813
0.01600027
0.01599956
0.01600075
0.01599908
0.02000427
0.01999974
0.01630116
0.01599884
0.01600099
0.01600003
0.01599932
0.01599860
0.02000737
0.01600146
0.02000046
0.01599765
0.01599932
0.01999784
0.01664424
0.02000260
0.01999116
0.01998734
0.02400088
0.01999736
0.02397919
0.02400708
0.02400184
0.02060747
0.01848531
0.02399850
0.02400661
0.02399659
0.02400064
0.02400279
0.03199887
0.01611733
0.01999927
0.02000022
0.01999903
0.01999879
0.02400041
0.01999736
0.01999950
0.01997995
0.02800107
0.02799988
0.02936649
0.02800012
0.02000070
0.02400184
0.02799773
0.02001309
0.01999927
0.02000022
0.02114654
0.02400041
0.02399755
0.03599787
0.03599930
0.03599668
0.03199935
0.01600051
0.01599073
0.01408243
0.01197815
0.01600075
0.01600170
0.01599932
0.01599860
