0.00800538
0.01876545
0.01600003
0.01972103
0.01599884
0.01973486
0.01996803
0.01713681
0.01999927
0.01596332
0.01599956
0.01599908
0.02400732
0.02057409
0.01999855
0.01999688
0.02000093
0.01717329
0.01599884
0.02113390
0.02000380
0.02800822
0.02126217
0.02313447
0.02400303
0.02000022
0.01999855
0.02400088
0.01999879
0.02399611
0.02801132
0.02400589
0.02420568
0.02800608
0.02800632
0.02800274
0.02800751
0.03200436
0.03200126
0.03149295
0.02000809
0.02399921
0.03629327
0.03599858
0.03599930
0.02400637
0.02800322
0.02799559
0.02058840
0.01999927
0.02800345
0.02799535
0.02800918
0.02800584
0.02799892
0.02797699
0.02530265
0.02400088
0.02402329
0.02566504
0.02802205
0.02520514
0.02400541
0.02398419
0.02827835
0.01999736
0.01999712
0.02000237
0.02122068
0.02799964
0.02000022
0.02175212
0.01999998
0.01506257
0.01718402
0.01599693
0.02000403
0.01999927
0.01999950
0.02397442
0.02400064
0.01599884
0.01999950
0.01599813
0.02220511
0.02000809
0.01717782
0.01999044
0.02000141
0.02798748
0.02799511
0.02124977
0.02800012
0.03204298
0.02399588
0.02000093
0.01999950
0.01999950
0.02402186
0.02000141
0.02400446
0.02400231
0.02399850
0.02795553
0.02399731
0.02400088
0.01998973
0.01999879
0.01599884
0.01599860
0.02399659
0.02799749
0.02024531
0.01597452
0.01599979
0.01602101
0.01599979
0.01999855
0.02486229
0.02397776
0.02399826
0.02113390
0.02000999
0.02800131
0.02799940
0.02799749
0.02402806
0.02400517
0.01999760
0.01898670
0.02002597
0.02000213
0.02397084
0.02399802
0.02399659
0.02800679
0.02800608
0.01999903
0.01999950
0.01907659
0.01999927
0.02400517
0.02031732
0.01999927
0.02000451
0.01715779
0.01999974
0.01599836
0.02000284
0.02399993
0.02399778
0.02213502
0.02798223
0.02399945
0.02399302
0.02000403
0.01999807
0.01999927
0.02400875
0.02585411
0.01599979
0.01999903
0.01999855
0.01999640
0.02399611
0.02400303
0.02399731
0.02525902
0.01704073
0.01999974
0.02000093
0.01846910
0.02000523
0.02400231
0.02799702
0.02800250
0.03199649
0.02307129
0.02399993
0.02397847
0.01999998
0.01999784
0.02399945
0.02803087
0.02799368
0.02399874
0.02400017
0.02400017
0.02000022
0.02399993
0.02399874
0.02400613
0.02400017
0.02758121
0.03199768
0.03312516
0.04002404
0.03999949
0.03600025
0.03600311
0.03999996
0.04000235
0.01997614
0.02000260
0.02000237
0.01999307
0.01601601
0.02000332
0.02000499
0.01999640
0.02397633
0.01999617
0.02687001
0.02000284
0.02000022
0.02000093
0.01599932
0.01599717
0.02398205
0.02400661
0.02000761
0.01509881
0.01599836
0.01199889
0.01600504
0.01596236
0.01358724
0.01199913
0.01599813
0.01319385
0.01600146
0.01599908
0.01599908
0.01506495
0.01409125
0.01597881
0.01199722
0.01599884
0.01599956
0.01998544
0.02400112
0.02402306
0.02000332
0.01999855
0.01705384
0.01580501
0.02399683
0.02399635
0.02000046
0.02799702
0.02399898
0.02800989
0.02399731
0.02800584
0.02399874
0.01999736
0.02000284
0.01999831
0.01700926
0.01999903
0.02115941
0.02086163
0.01999974
0.02399969
0.02105093
0.02399683
0.02000308
0.02515912
0.02800202
0.02538705
0.02003765
0.02400613
0.01999855
0.02002621
0.02400160
0.02002215
0.02060795
0.02800512
0.02799916
0.02508450
0.02400279
0.01999855
0.02400160
0.03200102
0.02399945
0.03999138
0.03999782
0.03406167
0.02799702
0.01999998
0.02000046
0.01999950
0.02283168
0.02399969
0.02400017
0.02860308
0.02400970
0.02399802
0.02399492
0.02399898
0.02400255
0.02399826
0.02000165
0.02799487
0.01808500
0.01999950
0.02399802
0.02400565
0.02400351
0.02000332
0.02800560
0.02800417
0.02800298
0.02118254
0.02397871
0.01999736
0.01728749
0.01599836
0.01599932
0.01601791
0.01597190
0.01999712
0.01999879
0.02783132
0.02799773
0.02399850
0.02399206
0.02800369
0.02399993
0.01999617
0.01999545
0.01998329
0.02002406
0.01997423
0.01999903
0.02799821
0.02799916
0.02400327
0.02398753
0.01999807
0.02404261
0.02396750
0.02102709
0.02400017
0.02801418
0.02799702
0.02797508
0.02800417
0.02400184
0.01999855
0.03406811
0.03597808
0.03600049
0.01999903
0.02000189
0.01999950
0.02000022
0.02400923
0.02400565
0.02675915
0.02399397
0.01999950
0.01599693
0.01599932
0.01599908
0.02000046
0.02000046
0.01999593
0.02001452
0.01998353
0.01659536
0.01601362
0.01599956
0.01600003
0.01599932
0.01599884
0.01600003
0.01599908
0.01599073
0.02611160
0.02398300
0.01721430
0.02800870
0.02400637
0.02401376
0.02398562
0.02800155
0.01599884
0.01599908
0.01722360
0.02000237
0.02000046
0.02400112
0.03200030
0.02731323
0.02399540
0.02800155
0.02400088
0.01999974
0.03197980
0.02399898
0.02400374
0.02000117
0.02000117
0.02400208
0.02400374
0.02800012
0.02052116
0.02000284
0.02399874
0.02397752
0.01999927
0.02400208
0.02800083
0.02404022
0.02400279
0.02400184
0.02800298
0.02400327
0.02815533
0.02800941
0.02800155
0.02402735
0.03200173
0.02399993
0.02400208
0.02307701
0.02000070
0.02000046
0.02000046
0.02399993
0.01999950
0.01999974
0.01999927
0.01999950
0.01999974
0.01999903
0.01999903
0.01602221
0.01599765
0.01683617
0.01600075
0.01199841
0.01599193
0.01601720
0.01195836
0.01600146
0.01997972
0.01999664
0.02000523
0.02400327
0.02323604
0.01601219
0.01599956
0.01599932
0.01200485
0.01599932
0.01199841
0.01599979
0.01599908
0.01600242
0.01599979
0.01600003
0.02000189
0.01999807
0.01704240
0.01599932
0.01602650
0.01599813
0.01600385
0.01600122
0.01602411
0.01599813
0.02000117
0.02000380
0.02399015
0.02400041
0.02400208
0.01999855
0.02399325
0.01999974
0.02400208
0.02000237
0.02412581
0.02000499
0.02109313
0.02118206
0.01999855
0.02400494
0.02397585
0.02000165
0.02400351
0.01999331
0.02400255
0.02399778
0.02182961
0.02000070
0.01600075
0.01999927
0.02000356
0.02000380
0.01999974
0.01999974
0.01999998
0.01999998
0.02000141
0.01998401
0.01999927
0.01997018
0.02399993
0.02000189
0.01999855
0.01999974
0.02401090
0.02400088
0.02400374
0.02400017
0.02525353
0.02003026
0.02399492
0.02400136
0.03200054
0.02400184
0.02000070
0.02000594
0.02000165
0.02400374
0.02191281
0.02000022
0.01999831
0.02000070
0.01999831
0.01997495
0.01999998
0.01999784
0.01999712
0.02401400
0.01999569
0.01785541
0.02000046
0.01999950
0.01999974
0.02399945
0.02399611
0.02400994
0.02400398
0.02400136
0.02400231
0.02799845
0.02003503
0.01999974
0.01999664
0.02000093
0.02399969
0.02000070
0.02000141
0.02801371
0.02402186
0.02799034
0.02400017
0.01999855
0.01599860
0.01999855
0.01999998
0.02399683
0.02400160
0.01878405
0.01999998
0.02073646
0.02000308
0.02399945
0.03197360
0.02399349
0.02399659
0.02399707
0.02800703
0.02399302
0.01709604
0.01599956
0.02000022
0.01901698
0.01600194
0.02000070
0.02527666
0.02400017
0.02798581
0.02800918
0.02399421
0.02000022
0.01999950
0.01999998
0.01999855
0.01999927
0.01999903
0.01944208
0.02000022
0.02524614
0.02399135
0.02007937
0.02400303
0.02400732
0.02399802
0.02799201
0.02803636
0.02800655
0.02400017
0.02399755
0.02005553
0.01999974
0.01999807
0.02385211
0.02402353
0.02397299
0.02399707
0.02798700
0.03199697
0.02400184
0.02007055
0.01808524
0.02400112
0.02257514
0.03197145
0.02799892
0.03600121
0.02400279
0.02619386
0.02400017
0.02801013
0.02403283
0.02801991
0.02799940
0.02800179
0.04400301
0.03824687
0.03999567
0.03600001
0.03600073
0.02803373
0.01600742
0.01999950
0.02000117
0.02000332
0.02000451
0.02233648
0.02400112
0.01999640
0.02399755
0.02400064
0.02399874
0.02798796
0.02799439
0.02399874
0.02184892
0.02399826
0.02000022
0.01999068
0.01599836
0.01600885
0.01999307
0.02400327
0.02400732
0.02399945
0.01999807
0.01999640
0.01999950
0.01999807
0.01999784
0.02000165
0.01599908
0.02000284
0.01999831
0.02511239
0.01999545
0.01621771
0.01405907
0.01600027
0.01999974
0.02002001
0.02800846
0.02400112
0.02000213
0.02000093
0.02400255
0.02000213
0.02347946
0.01999974
0.02002478
0.01997685
0.01998663
0.02000046
0.02000022
0.01999927
0.01999903
0.02000022
0.01599884
0.01602387
0.01599932
0.02042961
0.01810312
0.02000356
0.02522969
0.02399349
0.02399659
0.02399635
0.02400303
0.02398157
0.03204846
0.01999569
0.01999998
0.02000260
0.02000046
0.02400017
0.01999760
0.02399492
0.02400565
0.02399993
0.02814865
0.02402496
0.02400041
0.02400327
0.02400541
0.02621555
0.02399421
0.02930903
0.02593112
0.01758599
0.01600409
0.01598620
0.02399945
0.01999903
0.01999855
0.02000046
0.02403975
0.01999927
0.01598001
0.02400255
0.02616143
0.02399755
0.02799678
0.01999998
0.01742125
0.02000070
0.01600170
0.01999974
0.02016878
0.01999998
0.01938796
0.01706553
0.01599884
0.02000213
0.02021217
0.01999879
0.01602101
0.02400255
0.02000499
0.02400422
0.02801633
0.03096867
0.01997352
0.01997185
0.01999831
0.01999998
0.01600575
0.02000070
0.02000141
0.01997352
0.02399755
0.02403069
0.02688885
0.02000022
0.01599789
0.01602697
0.01599455
0.02000093
0.01999950
0.01603222
0.01999998
0.02000070
0.02404666
0.02400112
0.02354097
0.01599360
0.01599979
0.01999879
0.01599908
0.01999927
0.02400041
0.02799082
0.02799487
0.02800059
0.02802038
0.01999998
0.02398014
0.01999974
0.02799702
0.02399659
0.02800035
0.03200006
0.02398252
0.02001023
0.02300334
0.02000117
0.01997447
0.01999378
0.02117300
0.02401567
0.02800822
0.02399993
0.02400017
0.02112055
0.01999950
0.01999831
0.01999784
0.02000093
0.02521443
0.02799869
0.01999354
0.01999974
0.01603580
0.01600194
0.01807451
0.02000070
0.01999664
0.02000356
0.02399707
0.02400374
0.02799630
0.02000332
0.02400327
0.01999927
0.02804780
0.02402282
0.02400136
0.02000332
0.02001071
0.02800179
0.02399993
0.02800107
0.02400017
0.01778722
0.02000046
0.01600146
0.02120137
0.02800751
0.02402282
0.02799964
0.02401614
0.02800941
0.02505898
0.02400041
0.37440467
0.02624321
0.02400231
0.02399969
0.01699543
0.01695490
0.01496506
0.01695728
0.01496100
0.01695561
0.01495934
0.01495981
0.01495934
0.01496077
0.01695371
0.01595807
0.01396441
0.01398826
0.01596689
0.01498437
0.01496172
0.01396203
0.01595783
0.01496124
0.01695538
0.01495814
0.01595640
0.01496005
0.01596308
0.01496124
0.01695538
0.01695561
0.01795959
0.01695752
0.01488304
0.01496077
0.01595998
0.01595712
0.01595688
0.01860404
0.02193284
0.02293682
0.02293897
0.01496005
0.01396275
0.01697111
0.01496100
0.02361226
0.01994753
0.02075815
0.01795197
0.01795244
0.02094674
0.01895261
0.01895189
0.02094436
0.02194262
0.01994491
0.01894951
0.01895165
0.01795363
0.01895213
0.02212787
0.02393627
0.02394128
0.02294135
0.02393174
0.02393937
0.02871943
0.02496672
0.02492905
0.02494192
0.02892113
0.02194881
0.02094483
0.01994491
0.02394176
0.02193999
0.01795387
0.01695538
0.01994586
0.01994681
0.02094913
0.02394319
0.02659726
0.01994681
0.02194357
0.01994944
0.02194262
0.02093935
0.01995087
0.02593184
0.02393842
0.02194166
0.02194333
0.02294493
0.02592850
0.02094460
0.02194190
0.02194405
0.01994586
0.01894951
0.01994634
0.01994753
0.01994443
0.02145600
0.02094483
0.02096224
0.02141762
0.02393246
0.01895332
0.02094460
0.01795197
0.01894832
0.02094603
0.01695490
0.01794314
0.01795125
0.01695657
0.01895189
0.01797342
0.01895428
0.01796269
0.01895022
0.01993108
0.01894927
0.02095366
0.01995802
0.02093649
0.02194333
0.02194262
0.02596831
0.02493501
0.02992535
0.02293944
0.02294397
0.02094531
0.02193737
0.02094579
0.01795149
0.02094483
0.02592993
0.02194357
0.01894927
0.01994777
0.02094412
0.02692485
0.02590561
0.02892947
0.02690625
0.02895212
0.03389645
0.02891874
0.03108454
0.02496243
0.02393603
0.02294230
0.02293611
0.01994491
0.02094436
0.02294040
0.01994944
0.01795053
0.01895094
0.01994562
0.02496219
0.02692723
0.02094579
0.02294040
0.02093935
0.01784086
0.01795387
0.01893663
0.02092457
0.01994729
0.01895118
0.01695371
0.02394581
0.02593756
0.01894903
0.01795483
0.01895022
0.01695466
0.01895070
0.01994681
0.01894951
0.02094555
0.01995063
0.01994681
0.01994991
0.01994896
0.02094913
0.02193737
0.01695609
0.01894999
0.01712251
0.01896429
0.01695395
0.01895356
0.02094579
0.01896644
0.02094412
0.01845503
0.01595879
0.01695633
0.01795411
0.01894641
0.01795745
0.01539564
0.01695848
0.01894832
0.01693583
0.01894736
0.01795578
0.01897049
0.02294374
0.02193904
0.02094269
0.01695538
0.01595759
0.01695561
0.01495910
0.01596665
0.01595759
0.01695514
0.01595736
0.01795387
0.01795006
0.01595736
0.01496005
0.01495981
0.02194452
0.01995230
0.02098298
0.01997757
0.02067399
0.02294636
0.02991319
0.02393889
0.02393913
0.02293563
0.02290654
0.02593112
0.02293682
0.02293682
0.02892399
0.02393627
0.01495600
0.01595974
0.01595736
0.01496029
0.01695490
0.01695514
0.01795363
0.01795292
0.01895046
0.02097750
0.02393270
0.01994658
0.01994419
0.02494001
0.02492762
0.02345538
0.02494192
0.02592325
0.02589631
0.02792859
0.01895738
0.01795316
0.01795197
0.01895142
0.01796031
0.02094531
0.01795435
0.02294087
0.02292943
0.02992153
0.02293682
0.01994824
0.01894879
0.01994896
0.01795292
0.01795197
0.01895022
0.01795292
0.01994681
0.01795101
0.01894712
0.01894855
0.01795244
0.02115870
0.01795244
0.01995087
0.01895094
0.02395511
0.02493048
0.02095199
0.01795554
0.01895046
0.01795268
0.01795244
0.01994634
0.01698780
0.01894140
0.01995134
0.01892996
0.01994658
0.02393699
0.02592874
0.02394247
0.02492690
0.02094054
0.01994848
0.01695418
0.01895118
0.01796913
0.01695442
0.01695585
0.01795459
0.01795220
0.01795602
0.01946783
0.01795197
0.02195001
0.02790236
0.01994896
0.01494360
0.01595950
0.01995325
0.02194262
0.02290797
0.02393174
0.01595831
0.01595640
0.01695585
0.01496053
0.01695800
0.01595926
0.01496911
0.01493979
0.01695776
0.01595759
0.01793432
0.01595807
0.01696134
0.01496148
0.01695538
0.01496005
0.01595759
0.01595664
0.01496053
0.01497936
0.01596141
0.01496077
0.01396346
0.01546931
0.01595616
0.01495957
0.01496243
0.01595879
0.01595640
0.01496315
0.01496053
0.01496196
0.01597428
0.01496053
0.01593995
0.01496029
0.01594162
0.01895118
0.01894689
0.01894665
0.02094603
0.01894379
0.02193999
0.01994634
0.01894593
0.02094460
0.01895261
0.02194405
0.01895237
0.01991725
0.02094555
0.01396394
0.01496100
0.01595664
0.01450706
0.01895332
0.02194357
0.02195859
0.02194405
0.02394390
0.02592659
0.02293801
0.02194190
0.02094364
0.01894951
0.02094889
0.02193737
0.02193809
0.02195501
0.02194118
0.02269387
0.01994848
0.01895022
0.01796937
0.01695323
0.01894999
0.01795435
0.01695490
0.01695514
0.01697421
0.01695585
0.01695585
0.01695347
0.01695538
0.01744151
0.01994610
0.01895213
0.01839256
0.02194381
0.02193832
0.02189136
0.02194476
0.02194357
0.02290821
0.01595664
0.01595783
0.01595712
0.01596022
0.01496148
0.01695561
0.01496100
0.01495934
0.01795173
0.01595974
0.01595712
0.01595950
0.01695538
0.01695728
0.02393651
0.01994610
0.01496005
0.01595807
0.01496005
0.01595902
0.01695395
0.01595640
0.01695514
0.02295136
0.01894546
0.01496172
0.01595998
0.01493359
0.01695538
0.01496124
0.01595855
0.01496148
0.01695466
0.01494431
0.01695371
0.01796007
0.01695466
0.01795316
0.01796913
0.01894689
0.01595712
0.01396251
0.01396394
0.01495051
0.01595759
0.01595807
0.01595616
0.01495981
0.01596045
0.01595998
0.01595759
0.01795578
0.01595879
0.01499200
0.01595640
0.01595807
0.01496243
0.01595783
0.01396394
0.01595759
0.01795340
0.01595712
0.01695609
0.01695371
0.01795197
0.01795721
0.01694965
0.01695132
0.01396298
0.01496291
0.01695466
0.01695299
0.02492929
0.02194858
0.02792406
0.02092123
0.01795411
0.01595879
0.01692319
0.01595974
0.01595759
0.01696014
0.01595807
0.01695347
0.01595807
0.01697922
0.02094436
0.01994610
0.01895547
0.02294135
0.01695609
0.01790118
0.02194548
0.02294135
0.02393222
0.02094507
0.01795316
0.01595712
0.01495981
0.01495934
0.01495957
0.01595807
0.01496243
0.01595664
0.01695585
0.01595783
0.01795316
0.01595640
0.01795197
0.01994896
0.01994872
0.01795244
0.02500296
0.02194548
0.02493143
0.02193809
0.02195001
0.01896620
0.01695657
0.01894760
0.01800656
0.01595902
0.01695466
0.01795316
0.01595831
0.01795125
0.01695347
0.01695704
0.01795197
0.01595807
0.01795316
0.01695538
0.01894879
0.02097273
0.01895094
0.01894617
0.01595759
0.01894999
0.01496172
0.01693201
0.01595974
0.01597738
0.01695371
0.01894760
0.02194095
0.02792239
0.02095628
0.01793909
0.01595759
0.01795244
0.01496077
0.01594162
0.01494098
0.01616240
0.01993966
0.01898098
0.01894879
0.01696301
0.01596642
0.01894975
0.01695347
0.01795459
0.01595545
0.01695704
0.01695752
0.02297235
0.02193856
0.02691722
0.02096105
0.01496196
0.01596403
0.01496053
0.01496100
0.01695347
0.01595998
0.01495337
0.01496005
0.01595831
0.01496029
0.01596069
0.01595640
0.01695633
0.01595640
0.01795602
0.01496387
0.01695657
0.01597333
0.01595855
0.02150273
0.02297997
0.02294016
0.01994395
0.01697779
0.01795363
0.01496053
0.01595831
0.01795578
0.01894951
0.02193999
0.01498818
0.01496148
0.01595736
0.01497102
0.01595712
0.01895094
0.01795197
0.01894879
0.01994586
0.01695514
0.01795220
0.01595736
0.01695657
0.01595902
0.01795435
0.01595998
0.01695895
0.01695561
0.01795697
0.01893973
0.01595759
0.02458906
0.02692771
0.01695085
0.01595926
