0.01599956
0.01999760
0.02953720
0.02124000
0.02400231
0.02399898
0.02557611
0.04799557
0.04928970
0.04924488
0.04799867
0.03999829
0.03999996
0.03999925
0.03600073
0.03599977
0.03600001
0.03600192
0.03999996
0.03600001
0.04000521
0.03199363
0.01599884
0.01999927
0.01999974
0.01999760
0.01999760
0.01999998
0.02107263
0.02799964
0.02400851
0.02800107
0.03200006
0.02800679
0.02400017
0.01999760
0.02801323
0.02399993
0.02799916
0.02000070
0.02800417
0.02799416
0.02800632
0.01599836
0.04464078
0.04524708
0.04799533
0.03999996
0.03999996
0.03599906
0.04553771
0.03599930
0.03603196
0.04000378
0.02316141
0.02399802
0.01599813
0.02000141
0.02000237
0.02000475
0.01600051
0.01997781
0.02400160
0.02799606
0.01600051
0.01726317
0.01998734
0.02399325
0.01996493
0.02800608
0.02400017
0.02400303
0.02400279
0.01997495
0.02000213
0.02399969
0.02400565
0.02399611
0.04439783
0.05200171
0.02521586
0.02400088
0.02401543
0.02399898
0.02399921
0.02398586
0.02399945
0.03199387
0.02799559
0.03199983
0.02401853
0.02399921
0.02799773
0.02799821
0.02800393
0.03200293
0.02800250
0.03200269
0.04394102
0.03998899
0.03719187
0.04000068
0.03997731
0.03599930
0.04000139
0.04399300
0.04400706
0.04000545
0.04400325
0.04400229
0.04000473
0.03999829
0.04000330
0.03840709
0.01599979
0.02000022
0.02800322
0.02799797
0.01999998
0.02399254
0.02399373
0.02800059
0.02399969
0.01999950
0.01999998
0.01999903
0.01999879
0.01999784
0.03200650
0.01999831
0.02000022
0.02996707
0.02799964
0.03199601
0.02924871
0.02800298
0.02399516
0.02800012
0.02803898
0.05200338
0.04799271
0.04402089
0.04399729
0.04397964
0.04000664
0.03997421
0.04400039
0.04400301
0.04400015
0.04401278
0.03716016
0.04799676
0.04399681
0.04000187
0.03999710
0.02800703
0.02000165
0.02400184
0.01999927
0.01599836
0.01999903
0.01999974
0.02002144
0.01999855
0.01999855
0.02399945
0.03198957
0.01999664
0.02000093
0.02157402
0.02400255
0.01999140
0.02399969
0.01999617
0.02000880
0.02003479
0.02000237
0.02799630
0.02800274
0.01599884
0.02000046
0.01999640
0.02799749
0.03200912
0.02800632
0.03199673
0.02800584
0.02797961
0.03196764
0.03326297
0.03200197
0.03199601
0.02799964
0.04004264
0.03999877
0.04120660
0.03999758
0.04000020
0.03999519
0.04799891
0.03999758
0.02000189
0.01600146
0.02000189
0.01999831
0.03199339
0.01997018
0.01980567
0.02000093
0.02522612
0.02098989
0.02000165
0.01999831
0.02404261
0.02400041
0.02800012
0.02400351
0.02799892
0.02800250
0.02399683
0.02400017
0.01999617
0.01599932
0.01599979
0.01600027
0.01599908
0.01600170
0.02001953
0.04525161
0.04400134
0.04400134
0.04399920
0.03999352
0.04402065
0.03600025
0.03999949
0.03598928
0.03599906
0.03599358
0.03600216
0.01998186
0.01602817
0.01998091
0.02400112
0.02000237
0.02029586
0.02397728
0.02000904
0.01999879
0.01599956
0.01600099
0.01999903
0.02400708
0.02398205
0.02800584
0.02000165
0.02399421
0.02800202
0.02399516
0.02000260
0.02000022
0.02399826
0.02799726
0.02800107
0.02800298
0.02523971
0.03199792
0.02399755
0.02799821
0.05199265
0.04400015
0.04399800
0.04399443
0.05200958
0.03997588
0.03999972
0.03863049
0.03999853
0.04400611
0.05199289
0.05227518
0.05200076
0.04798794
0.04798603
0.04399490
0.04799604
0.04000187
0.03766680
0.03999472
0.03999901
0.04181814
0.03999758
0.03599763
0.02800584
0.03602576
0.02000141
0.01997781
0.02000022
0.02640891
0.02002597
0.02400136
0.03199649
0.02396703
0.02400184
0.01999950
0.01999950
0.02400064
0.03199673
0.02879858
0.02399898
0.02116752
0.03600168
0.03197479
0.03199840
0.01999903
0.01999998
0.01999903
0.02002096
0.01999950
0.01999736
0.02799845
0.03329086
0.04000139
0.03599715
0.02400160
0.02400041
0.02400064
0.03599930
0.03199959
0.02799797
0.02800226
0.02399921
0.02401185
0.02798820
0.02929401
0.04926419
0.04799938
0.04800010
0.04000854
0.04115033
0.03597093
0.03992057
0.04399681
0.01999998
0.01999974
0.01999521
0.01999998
0.01998234
0.02800131
0.03202796
0.02799582
0.02799344
0.01998377
0.02399945
0.01999307
0.01999950
0.01860094
0.01576352
0.02399874
0.02399516
0.02800441
0.02795434
0.02399778
0.01600051
0.01600504
0.01999331
0.01600003
0.01978350
0.01602244
0.02001047
0.01999879
0.01999903
0.02400017
0.02397633
0.02800059
0.02400160
0.02496266
0.01999855
0.02399993
0.02398968
0.03599906
0.02799988
0.03199625
0.03600049
0.02665997
0.02799678
0.03599358
0.03200579
0.03200340
0.03599739
0.03999567
0.03200507
0.03600311
0.05598092
0.04399252
0.03999925
0.03980470
0.03999901
0.03997540
0.03999925
0.03199911
0.02399993
0.03133726
0.02800179
0.01999903
0.02799535
0.02799988
0.01599956
0.02000475
0.02000046
0.01999855
0.01999998
0.02400041
0.03403020
0.02800012
0.03201270
0.02799225
0.02800012
0.02401257
0.01929736
0.03200579
0.03228068
0.02902126
0.03727221
0.03200459
0.02795887
0.02400017
0.04399776
0.04800367
0.04799938
0.05199122
0.04402852
0.02000070
0.02400160
0.02800298
0.03599596
0.02399468
0.01999927
0.01999950
0.01998782
0.01999784
0.01999784
0.02181602
0.02799749
0.02933931
0.03198338
0.03200054
0.02400470
0.02398372
0.02400136
0.03199959
0.02800012
0.02000046
0.01599884
0.01999903
0.02399206
0.02399826
0.02400637
0.02800012
0.02399778
0.02000046
0.02399945
0.04799891
0.04800224
0.03782964
0.02800250
0.02800798
0.04000187
0.02399445
0.02399778
0.02401543
0.02800345
0.03999352
0.02800012
0.02799964
0.02399850
0.02399707
0.02798820
0.03200126
0.03997374
0.03599143
0.02799797
0.02400017
0.02400017
0.03200293
0.02799892
0.03199506
0.03197408
0.03598309
0.03200459
0.03200340
0.04397488
0.04400110
0.04400229
0.04399776
0.03599906
0.04799294
0.03999686
0.03599882
0.03587461
0.01599717
0.01600099
0.02399898
0.02400541
0.04250860
0.02399993
0.02926445
0.02797508
0.03199983
0.02803087
0.02400422
0.02401161
0.03200173
0.02398419
0.01602244
0.01601863
0.01600027
0.01599932
0.01599884
0.01999903
0.02800822
0.02396989
0.02000237
0.02000022
0.02399850
0.01999760
0.02399659
0.02400446
0.02799416
0.02273726
0.02400780
0.02800012
0.03599834
0.03599572
0.02401304
0.02397752
0.02799821
0.03199482
0.03200293
0.04799962
0.04799843
0.05200815
0.04797411
0.03999805
0.03999496
0.03963900
0.02400279
0.02799702
0.03200269
0.02800465
0.02799797
0.02802730
0.02799964
0.02400208
0.02400208
0.02399850
0.02000070
0.02399850
0.02000618
0.02800369
0.02399588
0.02400303
0.02400231
0.02399945
0.02399755
0.02400255
0.02400231
0.02399969
0.02799892
0.03137612
0.02401257
0.02400970
0.02401328
0.02800679
0.03203201
0.03999472
0.04002500
0.04000068
0.02398539
0.02799988
0.02795863
0.03200102
0.02799964
0.02799821
0.02800059
0.01999855
0.02800488
0.02400374
0.02400303
0.02400064
0.02447867
0.02800322
0.01714635
0.02001262
0.01596451
0.01599669
0.01999784
0.01998925
0.02799940
0.03203368
0.02800322
0.02000117
0.01999927
0.01999903
0.02400160
0.02399969
0.02399373
0.02399993
0.02799869
0.02799368
0.02423763
0.02800369
0.02922320
0.03600192
0.03200006
0.03598499
0.04939365
0.04798865
0.04400015
0.04800224
0.02800179
0.03599858
0.02799726
0.01999974
0.01999855
0.01999903
0.02400494
0.03199482
0.02800536
0.02399945
0.02400017
0.02399945
0.02399707
0.03200197
0.02959895
0.02799511
0.02731586
0.02800417
0.02800107
0.02799749
0.03599763
0.01999903
0.02001977
0.02399993
0.01996970
0.01999688
0.02399874
0.02400160
0.02399755
0.02800298
0.04399800
0.03997540
0.03999996
0.02400160
0.02799797
0.02799273
0.01906896
0.02399707
0.03200579
0.02400398
0.02400208
0.02400923
0.03200364
0.03199387
0.03199458
0.03600025
0.01999879
0.02398944
0.02800345
0.03199816
0.03199482
0.01999450
0.01599860
0.01999211
0.01999664
0.01999974
0.02399898
0.03200555
0.03041768
0.02799916
0.03199983
0.02275658
0.02000260
0.02120376
0.02399898
0.02399969
0.02400446
0.02800012
0.02800417
0.02802706
0.02400327
0.02800322
0.02799749
0.03199935
0.02399874
0.02400279
0.02400112
0.02400255
0.03085184
0.01999879
0.02404094
0.02400279
0.03200006
0.02802968
0.02799273
0.02398944
0.02401352
0.02399826
0.02799678
0.03203917
0.03199959
0.04799962
0.04799366
0.04800153
0.05200362
0.05200005
0.03999829
0.04001093
0.03999639
0.03658247
0.03599906
0.02400398
0.01999974
0.01984262
0.01999927
0.02000046
0.01999855
0.01999593
0.01999950
0.02002621
0.02402997
0.02002192
0.01999903
0.02000093
0.01599908
0.02000189
0.02799559
0.02000165
0.01597834
0.02000451
0.01999855
0.01999927
0.02000189
0.01999259
0.02397466
0.02799654
0.02900672
0.02000213
0.02117658
0.02800155
0.03200030
0.02000237
0.01999974
0.01999879
0.01999950
0.02000618
0.01999855
0.01999402
0.01999998
0.01999998
0.01998711
0.02800012
0.01999903
0.01999950
0.01999831
0.02000070
0.01999855
0.01999879
0.02399898
0.02399945
0.02400064
0.03200030
0.03600335
0.03138781
0.03599977
0.03200293
0.02800012
0.02400160
0.02399945
0.02398610
0.02399826
0.02802920
0.02799654
0.02800107
0.03200221
0.02800202
0.03599858
0.03115463
0.03199887
0.02799749
0.02800155
0.03200817
0.03200746
0.02800012
0.02399921
0.03199744
0.03005385
0.03719568
0.02800035
0.02798605
0.03200531
0.02799749
0.02799940
0.02799940
0.02800274
0.03198075
0.03199339
0.04800010
0.04799771
0.03599977
0.03999949
0.03600049
0.03599906
0.02000165
0.02000022
0.02000093
0.01999903
0.02399874
0.02800179
0.03200626
0.02802825
0.03598142
0.01997375
0.02399802
0.02798581
0.03200507
0.02798939
0.02799439
0.02399898
0.02399683
0.02000284
0.02000070
0.02403307
0.03199649
0.02798772
0.02799916
0.02400208
0.02401376
0.01999879
0.02000022
0.02000093
0.01999950
0.01999974
0.02000117
0.02400160
0.03199840
0.04800606
0.04799747
0.03599691
0.01599979
0.01600003
0.01600027
0.01603079
0.02000070
0.01999974
0.02000165
0.02399993
0.02399826
0.02801895
0.02799988
0.03200245
0.02799702
0.02799463
0.01599765
0.01999974
0.01600051
0.02000117
0.02000165
0.02143049
0.02400112
0.02400136
0.02800465
0.02800369
0.02400589
0.01999617
0.02228189
0.01999807
0.02123499
0.02400255
0.02399993
0.02399635
0.02003264
0.01600027
0.01999903
0.02000046
0.02000141
0.02400398
0.02399778
0.02799797
0.02799940
0.02800155
0.03199983
0.02799940
0.02799630
0.03599715
0.02800488
0.02400064
0.02399039
0.02800417
0.03201485
0.01999903
0.01999855
0.02000070
0.03599787
0.04800248
0.04799485
0.03999829
0.05203152
0.04801202
0.04399896
0.04000139
0.03600144
0.02000308
0.02400231
0.02843285
0.03199625
0.02800989
0.02799344
0.01999784
0.02400112
0.02398825
0.02802372
0.02800894
0.03199649
0.03200150
0.02398372
0.02800202
0.02399969
0.02802944
0.02400279
0.02800655
0.02003050
0.01599836
0.01999331
0.01599908
0.01600218
0.01970816
0.01999831
0.02000022
0.02117801
0.02000093
0.02000046
0.01999831
0.02000022
0.02400112
0.02400613
0.02800345
0.03601861
0.03196955
0.02400041
0.02401638
0.02799988
0.02800226
0.03200579
0.02799630
0.03200293
0.03199387
0.03200388
0.02800250
0.02800012
0.03222346
0.03600192
0.03999281
0.04401708
0.03601742
0.01999855
0.01577735
0.02000046
0.02000070
0.02520061
0.02399564
0.02400136
0.02400327
0.02000093
0.02400303
0.02400422
0.02799630
0.02800274
0.03199506
0.01599956
0.01599884
0.03599405
0.01999879
0.02000165
0.01470017
0.02000308
0.01601481
0.02000046
0.02001095
0.02000141
0.02000189
0.03199959
0.02399778
0.01997304
0.02003455
0.01999950
0.02400970
0.02400446
0.02398157
0.02400374
0.02799916
0.03599548
0.02800131
0.02399778
0.03200173
0.02799463
0.03599429
0.02799797
0.02922773
0.02800035
0.02923799
0.02799582
0.02799821
0.02798367
0.02799678
0.02800202
0.05200267
0.03998303
0.03600931
0.02799845
0.02000093
0.01999807
0.01999736
0.01999831
0.01999998
0.01599979
0.01999283
0.02400422
0.03600121
0.02801275
0.03200436
0.02401400
0.02400160
0.02479649
0.01999664
0.02399993
0.02400231
0.01999545
0.01985955
0.01998878
0.01999998
0.01998138
0.01999879
0.02799892
0.02799249
0.03199649
0.02800083
0.02799916
0.02799821
0.02799916
0.02400374
0.03200054
0.04798603
0.04799509
0.04000068
0.01999974
0.01836824
0.03199768
0.03143620
0.03196883
0.02000952
0.01601744
0.02000308
0.02400351
0.01999879
0.02399945
0.01999879
0.01997542
0.01999760
0.02799821
0.01599908
0.01999998
0.02797723
0.02399302
0.02399683
0.02399874
0.01999855
0.02000022
0.02251053
0.02002406
0.02000070
0.02116561
0.02399778
0.01999807
0.02399993
0.02400112
0.02399850
0.04800868
0.04802418
0.04795361
0.02796459
0.02800417
0.02799749
0.02802086
0.02800322
0.02799511
0.02800226
0.02800560
0.02399635
0.02400041
0.02400470
0.02403450
0.02400017
0.03198838
0.03199840
0.02399993
0.02400041
0.02398825
0.01999807
0.01599741
0.01599932
0.01999927
0.02400184
0.01999950
0.01999807
0.02799797
0.02400064
0.02400136
0.02000022
0.01999736
0.02000380
0.02400041
0.02399993
0.02399826
0.01999736
0.01999807
0.02399850
0.02400017
0.02000165
0.03493142
0.03197241
0.03200769
0.03599477
0.02799201
0.02799654
0.02400041
0.02399874
0.02399921
0.02399945
0.01998830
0.02399993
0.02003074
0.03200150
0.02799678
0.03599977
0.04400039
0.04000068
0.02400088
0.02399755
0.02399707
0.02000380
0.01999855
0.02517056
0.02398229
0.02799582
0.02399826
0.02399540
0.02399945
0.02399659
0.02428460
0.02400208
0.02400136
0.02400374
0.02400589
0.02800393
0.02399421
0.02000093
0.01600075
0.01999807
0.02000093
0.01999521
0.02400112
0.02399921
0.01999903
0.01599813
0.02003384
0.01999950
0.01600027
0.02180123
0.02002740
0.02000284
0.02135992
0.02399397
0.02537775
0.02400088
0.02798057
0.02800083
0.02800298
0.02399993
0.02799320
0.02800035
0.03200102
0.02800560
0.02404022
0.02399588
0.02398777
0.02397537
0.01999736
0.02399993
0.01999927
0.02000022
0.01999760
0.01996565
0.01999998
0.01991081
0.02800155
0.02520013
0.02402329
0.02399850
0.02000141
0.01999879
0.02800083
0.01999831
0.02800679
0.02800298
0.02799726
0.02398777
0.02000189
0.01999784
0.01999927
0.02400088
0.02118683
0.02000141
0.03200102
0.03599858
0.03600168
0.02800012
0.01599884
0.01595902
0.01599908
0.01511717
0.01599932
0.02000332
0.02000284
0.01999664
0.01998734
0.02000093
0.02400613
0.02399468
0.02400374
0.01997089
0.02796459
0.01600242
0.02000022
0.01599860
0.01999784
0.01999593
0.01999974
0.02000046
0.01999736
0.02800226
0.01999712
0.01999855
0.02000117
0.01599956
0.01599908
0.02025700
0.01999974
0.02124357
0.01999855
0.01601577
0.01599979
0.01999998
0.01999879
0.02000070
0.02000070
0.01999998
0.01998734
0.01999974
0.02000093
0.02400303
0.02399850
0.02399588
0.02400279
0.02402043
0.02399898
0.02150750
0.02400017
0.02400970
0.02519512
0.02800179
0.02399373
0.01999688
0.02049375
0.01999807
0.02400064
0.02000117
0.01999879
0.02399826
0.02000165
0.02799034
0.01999879
0.02400279
0.02399731
0.01999927
0.01999807
0.02000141
0.02799797
0.02001309
0.02175808
0.01999855
0.02400088
0.03601408
0.03600073
0.03600025
0.02800059
0.01604295
0.01599932
0.01599836
0.01599860
0.01599884
0.01600003
0.01601171
0.01597810
0.02000260
0.01599908
0.01600003
0.01600266
0.01599956
0.01790428
0.01599717
0.02000022
0.01599979
0.01600003
0.01999879
0.01600170
0.01862764
0.01600003
0.02000141
0.02000141
0.01600814
0.01600051
0.01999950
0.01718092
0.01599717
0.01999998
0.01999855
0.01999879
0.01599956
0.01598954
0.02205300
0.01600122
0.01600075
0.02118444
0.02000117
0.02799606
0.02400160
0.01999831
0.02000141
0.01599765
0.02000046
0.02000046
0.02399826
0.01997709
0.02399516
0.02399731
0.02399707
0.02799773
0.02399731
0.02000070
0.02399850
0.02800035
0.02399421
0.02400088
0.02400255
0.02462411
0.02400613
0.02401066
0.02000070
0.02399707
0.02399707
0.01999831
0.02399874
0.01997519
0.01999712
0.02344465
0.02399898
0.02399921
0.02801323
0.03200579
0.02697182
0.03200197
0.03198957
0.02795339
0.03200078
0.02802420
0.02800035
0.02802610
0.02399850
0.02800751
0.02797604
0.03200150
0.03199816
0.02399683
0.02399921
0.02399898
0.02400064
0.02400064
0.02799869
0.02801943
0.02400136
0.02798223
0.03199744
0.03199482
0.02799296
0.03200221
0.04402542
0.04127598
0.04799843
0.02914977
0.02799535
0.02431178
0.02399659
0.01999974
0.01999950
0.02400255
0.02398252
0.02399445
0.03600025
0.02593470
0.02400088
0.02397108
0.02400208
0.01999402
0.02399445
0.02799606
0.02402329
0.02803063
0.02399945
0.02799678
0.02003026
0.02799702
0.02314544
0.03200483
0.03202534
0.02399373
0.02798653
0.02799654
0.04399681
0.04399967
0.05200577
0.05201459
0.04399753
0.04400182
0.04000211
0.04000258
0.02400208
0.02000022
0.01599836
0.02399921
0.02000046
0.02241898
0.02399778
0.03198981
0.02399564
0.02017927
0.02400064
0.03299952
0.03199959
0.03600717
0.03200197
0.02799940
0.03197932
0.03200459
0.03200030
0.03199792
0.03198433
0.02800584
0.03199649
0.03199720
0.02800012
0.02403760
0.02397466
0.01999426
0.01597571
0.01865721
0.03199983
0.04123139
0.03999209
0.03601289
0.01999879
0.01999950
0.02000117
0.01999998
0.01999712
0.01999879
0.01999903
0.02400041
0.02399421
0.02400017
0.02800322
0.02800012
0.02800655
0.02396846
0.02801991
0.02400327
0.02396512
0.02000141
0.02002430
0.02604413
