0.03200126
0.02838755
0.01999807
0.02800608
0.02399969
0.03540373
0.02799988
0.02927566
0.02800107
0.02800536
0.02798271
0.02800679
0.02799749
0.02800393
0.02851844
0.02799916
0.03112340
0.03200340
0.02799702
0.02401710
0.02798223
0.02799892
0.03199387
0.03998065
0.03999782
0.03600144
0.01599956
0.01969886
0.01998806
0.02399898
0.02802014
0.02799869
0.02399993
0.01999569
0.02399635
0.02400422
0.02801919
0.02399421
0.02236605
0.01999974
0.02518916
0.02401924
0.01999903
0.02399874
0.02416229
0.02397990
0.02800846
0.02398586
0.02398348
0.02799392
0.01997471
0.01972318
0.01599813
0.01999974
0.02000141
0.01999974
0.02399993
0.02399850
0.04399490
0.04399705
0.04000926
0.04119349
0.03999877
0.03643537
0.03599787
0.03199911
0.01999784
0.02799773
0.02800369
0.02799702
0.02400279
0.02400017
0.02799702
0.02800298
0.02399921
0.02800703
0.01999736
0.02000022
0.02400470
0.02400041
0.02400017
0.02543163
0.02400017
0.03200126
0.02799058
0.02798486
0.02400136
0.02000070
0.01999903
0.02496886
0.02399135
0.01599932
0.01719546
0.02400327
0.04799891
0.04401040
0.03999925
0.02000046
0.02000093
0.02002573
0.02002645
0.01600003
0.02397704
0.02489424
0.02000761
0.01999640
0.02119875
0.02399421
0.02400303
0.02400017
0.02399945
0.02800703
0.02798653
0.02800417
0.02397013
0.02399635
0.02799511
0.02798676
0.02399969
0.02399921
0.02402520
0.02400064
0.02403879
0.02800226
0.02799010
0.02398372
0.02799916
0.02400708
0.04400349
0.04801464
0.03999734
0.03999329
0.04000163
0.01599836
0.02000427
0.02399993
0.02399349
0.02799988
0.03199697
0.02800727
0.01999950
0.01600122
0.02797270
0.02800345
0.02399969
0.02399993
0.02398801
0.02800298
0.02820826
0.03199387
0.03200507
0.03599596
0.02799726
0.03200340
0.02800512
0.02799416
0.03200293
0.03600025
0.03197527
0.02799988
0.02799773
0.03149319
0.03200650
0.02522373
0.03199887
0.03196931
0.03996921
0.03599977
0.03999376
0.04162741
0.04634118
0.03602672
0.04001904
0.04400086
0.04017878
0.03599858
0.03199625
0.02399087
0.03999186
0.04405880
0.04399633
0.02501702
0.03199911
0.03999519
0.02402568
0.02399921
0.02397704
0.03599644
0.03408980
0.03329682
0.03199792
0.02800393
0.02399540
0.02400017
0.01999855
0.01998329
0.01999736
0.01999855
0.02399874
0.02798104
0.02399969
0.02802372
0.02800441
0.02399969
0.02400017
0.02398610
0.03199768
0.03125882
0.03200531
0.03200746
0.03600073
0.03698707
0.02399945
0.02517772
0.02401614
0.02399898
0.02799988
0.03599691
0.04000330
0.04000020
0.03999162
0.03199577
0.02713013
0.02399492
0.03199840
0.02803278
0.04399872
0.03999805
0.04400206
0.03599954
0.03200245
0.03600335
0.03467607
0.03600335
0.02924013
0.02800059
0.02400231
0.02799892
0.02800131
0.02800155
0.02800822
0.02962160
0.03599763
0.03323627
0.03200078
0.03600001
0.03200150
0.03200722
0.02398992
0.03200459
0.02802134
0.02399778
0.01964068
0.01999998
0.01999998
0.02000022
0.03200841
0.02863741
0.03199649
0.02800012
0.02400661
0.02400017
0.04002666
0.03199625
0.04000354
0.03600359
0.03198695
0.02800250
0.02800202
0.02802706
0.03199768
0.02802324
0.03222299
0.03597522
0.02400112
0.02399993
0.04001117
0.03601718
0.02800226
0.03599644
0.03201485
0.03199482
0.03199530
0.03199935
0.02399039
0.02399921
0.03989625
0.04400158
0.04797459
0.03156972
0.02803564
0.02930975
0.02798462
0.01999903
0.01983690
0.01999974
0.01999998
0.02000165
0.02399254
0.02800870
0.03200340
0.03199983
0.03059173
0.03202677
0.03199530
0.02799988
0.02800298
0.01999927
0.02800012
0.02399802
0.02399278
0.03599644
0.02400136
0.02399993
0.03198981
0.03200459
0.02797008
0.02799582
0.03599620
0.03200722
0.03200030
0.04799986
0.04798198
0.05199957
0.05199838
0.04924750
0.05199933
0.05201054
0.03199410
0.03199673
0.02800536
0.02799082
0.02800751
0.03200269
0.03200698
0.02799416
0.02800512
0.03199458
0.03199863
0.03197455
0.03600264
0.02799702
0.02400351
0.03110266
0.03200340
0.03200889
0.03200173
0.03200674
0.03200603
0.03199124
0.02399993
0.02800179
0.02800655
0.03200650
0.03200269
0.02799726
0.03600597
0.03600407
0.03789306
0.03999352
0.03217340
0.02400112
0.02703643
0.04000187
0.04000330
0.03600216
0.03600478
0.04800010
0.05199194
0.04399943
0.03992558
0.03599906
0.03999996
0.04000139
0.01600051
0.01999879
0.01574564
0.01600266
0.01599908
0.01601863
0.02800798
0.02803826
0.02467084
0.02400088
0.03200889
0.02799749
0.02124953
0.02400255
0.02399850
0.02000237
0.01599813
0.01602149
0.01599836
0.01600170
0.01599860
0.01599932
0.01601815
0.01600122
0.01600027
0.01600051
0.02000141
0.02000117
0.01999855
0.01999974
0.01599836
0.02800775
0.02400422
0.02800846
0.02800584
0.03600502
0.01999974
0.01999831
0.02000070
0.02000093
0.01999879
0.03199577
0.03324103
0.03200412
0.03200197
0.03199840
0.02800417
0.03200221
0.02800417
0.03199720
0.03200197
0.03200269
0.03199649
0.03200817
0.03198528
0.03199911
0.03200412
0.03200412
0.03600001
0.02799940
0.02399945
0.02378774
0.02399969
0.02295494
0.01999974
0.02800417
0.02921820
0.02399969
0.02801418
0.02799869
0.03199792
0.03198743
0.02399826
0.02400422
0.02800012
0.03200316
0.03199816
0.02798796
0.01999831
0.01999760
0.01999831
0.02400017
0.02399516
0.02399898
0.02399921
0.03600383
0.02734590
0.02000046
0.01999950
0.02400231
0.02399826
0.01965523
0.02000380
0.02401376
0.02799845
0.03600287
0.03597069
0.01999903
0.02400017
0.02399921
0.03196836
0.03200340
0.03201509
0.03200102
0.03200340
0.02798009
0.04400158
0.04799747
0.04401207
0.01999998
0.01999950
0.01999617
0.02367759
0.01843452
0.02003407
0.01996279
0.01600027
0.01599550
0.01999974
0.01999927
0.01999927
0.01999855
0.01999903
0.01600075
0.01599336
0.01999974
0.02397895
0.02399731
0.03199840
0.02800107
0.02399755
0.02399945
0.01999092
0.01599908
0.02000141
0.01999927
0.02002645
0.02399898
0.02399921
0.01964951
0.01599908
0.01597118
0.01599717
0.01599956
0.01600027
0.01978660
0.02228212
0.01999617
0.01999927
0.02123117
0.02000284
0.02002311
0.01997042
0.03200054
0.02799654
0.03199673
0.03200579
0.03599286
0.02402782
0.02800131
0.01999879
0.01999784
0.02399516
0.02000046
0.01999784
0.02400112
0.02402067
0.02361536
0.02399755
0.02520227
0.02799869
0.02402496
0.03599334
0.03200507
0.03199744
0.02399755
0.02399945
0.02400112
0.02000165
0.01999855
0.02400112
0.02400064
0.02799797
0.02399826
0.03201056
0.02399564
0.02799749
0.02503800
0.02799225
0.02800131
0.02800250
0.02401066
0.02803397
0.02401280
0.03200150
0.03201509
0.03201008
0.03200817
0.03199983
0.03599668
0.01971054
0.01999974
0.03200102
0.03999496
0.03401446
0.02747083
0.02799773
0.02918243
0.02800131
0.03199983
0.02799869
0.02799630
0.02400589
0.02382088
0.02399874
0.02369666
0.01997519
0.01999998
0.02400017
0.02402568
0.01999950
0.01999855
0.01999092
0.01999402
0.01999784
0.02799797
0.03199935
0.03017068
0.02799606
0.02800846
0.02402353
0.02800250
0.02399969
0.02800012
0.02799749
0.02799654
0.02399921
0.02400160
0.02399969
0.02398539
0.01600838
0.01596475
0.01999950
0.01999736
0.01999807
0.02000022
0.01598763
0.01599932
0.01963139
0.01999950
0.01600027
0.01599932
0.01599956
0.01999903
0.01601791
0.01999950
0.01599908
0.02000070
0.01893735
0.01727462
0.01600003
0.01601410
0.01999974
0.01999998
0.01999950
0.01999164
0.01600862
0.01600051
0.01599145
0.01999950
0.01964402
0.01996207
0.01970434
0.01983786
0.01600051
0.01599956
0.02799988
0.02800083
0.03599763
0.02399850
0.01999736
0.01998615
0.02399850
0.02000332
0.02800131
0.03200626
0.02401805
0.02399731
0.01977563
0.01600003
0.01728725
0.01601338
0.02000117
0.02927256
0.02801228
0.03599787
0.02794909
0.02399826
0.02001333
0.02401876
0.02799487
0.02799940
0.01596594
0.01599956
0.01599979
0.01999974
0.01599979
0.01598668
0.01599669
0.01602340
0.01976514
0.01812029
0.01599336
0.02802157
0.03201222
0.03599668
0.01611447
0.01997066
0.01599908
0.01969337
0.01975203
0.02521372
0.03199458
0.03200412
0.03199530
0.02796149
0.03199649
0.03199434
0.02799845
0.01999950
0.01599884
0.02000070
0.02000046
0.02001762
0.02799773
0.02399588
0.02401066
0.02397394
0.02399850
0.02399993
0.02799654
0.03199720
0.03201199
0.03599858
0.03202820
0.03301644
0.03199315
0.03599739
0.03328800
0.02799940
0.03197503
0.03598714
0.03600168
0.03600168
0.03199863
0.03197050
0.03600430
0.03600740
0.03199577
0.03595543
0.03600764
0.03199983
0.02799439
0.02799797
0.02799749
0.02800131
0.02799892
0.03001642
0.02799964
0.03200173
0.03199935
0.03598189
0.03509736
0.03599668
0.03702426
0.03600383
0.03602767
0.03200531
0.03200221
0.04798388
0.05599737
0.05199766
0.04399753
0.05200386
0.05197811
0.04800248
0.04799986
0.02800202
0.03336573
0.03198123
0.02799749
0.02399445
0.01602030
0.02000117
0.01999927
0.01967072
0.02002764
0.02000046
0.01999998
0.01599216
0.01599956
0.01599813
0.01965356
0.01599073
0.01968479
0.01999950
0.02399969
0.02253962
0.02001309
0.02002621
0.01997876
0.02119994
0.02400112
0.02002144
0.01999998
0.02000332
0.02523422
0.02803493
0.03199315
0.02800417
0.02924824
0.03199863
0.02844405
0.02800417
0.03199458
0.02799749
0.02800918
0.02464700
0.02000046
0.02000093
0.02000189
0.02400398
0.02800512
0.03199840
0.02799654
0.02798820
0.03200173
0.02781558
0.02800345
0.02927065
0.03197765
0.02799964
0.03599954
0.02799606
0.02400303
0.02400064
0.02784657
0.02800083
0.02800274
0.03601551
0.03197765
0.03200483
0.03598404
0.03600645
0.03199959
0.03200293
0.03599358
0.03200006
0.02399850
0.02374697
0.02398634
0.02001023
0.02398872
0.01999998
0.01999879
0.01977706
0.02400064
0.02400041
0.02799916
0.02799988
0.03200221
0.03275061
0.03600311
0.02800250
0.03600168
0.03600144
0.02800059
0.01999927
0.02248263
0.01744747
0.01984930
0.01970291
0.02105999
0.01999950
0.01999950
0.01966786
0.01599813
0.01600409
0.01985908
0.01600480
0.01600027
0.01599836
0.01584506
0.01967525
0.01971960
0.01570845
0.01599956
0.02000165
0.02001834
0.02399850
0.01599884
0.01600289
0.01599765
0.01967001
0.01575756
0.01598239
0.01927757
0.01600003
0.02000260
0.01597977
0.01603794
0.01600313
0.01599717
0.01599884
0.01600027
0.01976037
0.02001500
0.01975250
0.01973224
0.01978636
0.01998806
0.02000046
0.01589012
0.01599073
0.01713896
0.01362753
0.01599717
0.02925611
0.02800751
0.02800512
0.03199959
0.01598024
0.02000403
0.02000928
0.01596212
0.01599741
0.01978445
0.01967883
0.01599979
0.01600027
0.01599813
0.01911831
0.02000427
0.01599646
0.02000117
0.02800035
0.02799630
0.02832031
0.02799249
0.03200054
0.02799392
0.02398777
0.01999950
0.02543736
0.02399945
0.02399731
0.02399635
0.02000308
0.01989126
0.01987243
0.01599956
0.01599693
0.01918507
0.01659465
0.01600051
0.01598883
0.01999784
0.01998401
0.02000165
0.01599836
0.02120399
0.01999927
0.01600027
0.01971483
0.01599813
0.02000475
0.03910732
0.02799797
0.03200173
0.02798963
0.02400160
0.01599979
0.02000022
0.02000022
0.01999760
0.02497530
0.02399945
0.02399778
0.02521062
0.02463412
0.01999784
0.01999736
0.01599932
0.01600027
0.01977229
0.01599884
0.02001691
0.02399683
0.02399755
0.02400208
0.02399516
0.02399778
0.02400136
0.02399778
0.02800202
0.03600430
0.02730489
0.02799845
0.03200269
0.03200650
0.03199482
0.03199768
0.01999950
0.02399826
0.01999855
0.01999807
0.02399778
0.01999998
0.02799869
0.02400231
0.01999998
0.01999712
0.01999950
0.01969171
0.01970720
0.01999807
