0.03599501
0.01999879
0.01701236
0.02802372
0.02798033
0.02400422
0.02800322
0.02800536
0.02400351
0.02800655
0.02400327
0.02399921
0.02800751
0.02400041
0.02800369
0.02000093
0.02400160
0.01997781
0.02000117
0.01997399
0.02002072
0.02400565
0.02402377
0.02399993
0.02195215
0.02000499
0.01999283
0.02520776
0.02800798
0.02799487
0.02801347
0.03199100
0.02403069
0.02800679
0.02400160
0.02400184
0.02401710
0.02000093
0.03200865
0.04400659
0.04400039
0.03999877
0.04401350
0.04402518
0.04799986
0.04397583
0.04033208
0.04524684
0.04799843
0.02399969
0.02400517
0.01598191
0.01599908
0.02399635
0.02399921
0.02399707
0.02400279
0.02401447
0.02399635
0.02399969
0.02397394
0.02400541
0.02395105
0.02000046
0.02403116
0.02400374
0.02399325
0.02055669
0.02399373
0.02403545
0.02397227
0.02397633
0.02799511
0.02399683
0.01999784
0.01602101
0.01599455
0.01599884
0.01599908
0.01972938
0.01600027
0.01599932
0.01600027
0.01599956
0.01600027
0.01602292
0.01968503
0.01599932
0.01599932
0.01599836
0.01599979
0.02000046
0.02000022
0.02000523
0.02399564
0.01999974
0.01999927
0.02000117
0.02401423
0.02399397
0.02132177
0.02399969
0.02399445
0.02397394
0.02399588
0.02401400
0.02799678
0.02400422
0.02002740
0.02004147
0.02002907
0.01999617
0.02400208
0.02399111
0.02400017
0.02396846
0.02399182
0.02002478
0.02399611
0.02001524
0.02398825
0.02396965
0.02800012
0.03200316
0.01866889
0.01999807
0.01999927
0.02002311
0.02389169
0.02799153
0.02800035
0.02799988
0.01999569
0.01999903
0.02000022
0.02399993
0.02799940
0.02799749
0.02799511
0.02399492
0.01993155
0.01999855
0.02798867
0.02801919
0.03200603
0.02799678
0.03202820
0.02800536
0.03200030
0.03200436
0.03197765
0.02800012
0.03199625
0.03200626
0.02798605
0.02399755
0.02002382
0.02399969
0.02400446
0.02799964
0.03038025
0.04800057
0.04800892
0.04548812
0.03980350
0.03722882
0.03999925
0.04000688
0.04401255
0.04400039
0.04501748
0.02000260
0.01999545
0.01602364
0.01999784
0.01710439
0.02001667
0.02525187
0.02400661
0.01999497
0.01999974
0.02000141
0.02001548
0.02000213
0.02399945
0.02799320
0.02799654
0.01999521
0.02000165
0.01599813
0.01601982
0.01600242
0.02000070
0.01600075
0.01599884
0.01970863
0.01485634
0.01997209
0.02401352
0.02529764
0.02400279
0.02400541
0.02400327
0.02000141
0.01999903
0.01599956
0.02000999
0.01599932
0.01601338
0.01999927
0.01999998
0.01599956
0.01601553
0.01999688
0.01600027
0.01599908
0.01999807
0.02400327
0.02398348
0.01999950
0.01600003
0.01599836
0.01999640
0.01999950
0.02000141
0.01999736
0.01599956
0.01999974
0.02400541
0.02399826
0.02155423
0.01999688
0.02400327
0.01999998
0.02003074
0.02400613
0.02399635
0.02399778
0.02399349
0.02002859
0.02400088
0.02400351
0.02400041
0.02799988
0.01599932
0.01602340
0.01599884
0.01599908
0.02400374
0.02400327
0.02399945
0.02399373
0.02399492
0.03331137
0.02803063
0.02802181
0.02435589
0.02800107
0.03200698
0.02799630
0.02400231
0.02800322
0.02801967
0.02799368
0.02800226
0.02800512
0.02799773
0.01999068
0.01999950
0.02000117
0.01999545
0.01999784
0.02397394
0.03202391
0.02000046
0.04399920
0.03999972
0.04218340
0.02402878
0.02926064
0.02401710
0.02798867
0.02800012
0.02800751
0.02799916
0.02800298
0.02800012
0.02399683
0.02400303
0.02802014
0.02799654
0.02399969
0.02400303
0.02400184
0.02400160
0.01999950
0.02399778
0.02399874
0.02399993
0.02400160
0.02400446
0.01999831
0.02218437
0.01999974
0.02001357
0.01999831
0.01999736
0.02800035
0.02398324
0.02399278
0.02401543
0.02799606
0.02000928
0.02000046
0.01599765
0.02000093
0.02399826
0.02799916
0.02403188
0.02800369
0.01999903
0.01971436
0.01597619
0.01599860
0.02399278
0.02799678
0.01999116
0.01600027
0.01983070
0.02000022
0.02000093
0.02053905
0.02001977
0.02400708
0.02800655
0.02800012
0.02796912
0.02800298
0.02399731
0.02799726
0.02000189
0.02399850
0.02799273
0.02799630
0.02800989
0.02800012
0.02399468
0.02399969
0.02399898
0.02402163
0.02799582
0.03203177
0.02399969
0.02800417
0.02399707
0.02399683
0.03328586
0.03199744
0.02399683
0.02399945
0.02399921
0.02400017
0.02398968
0.02000046
0.02401733
0.02399755
0.02400088
0.01999831
0.01998162
0.02670979
0.02400517
0.02401733
0.02399683
0.01999831
0.01999784
0.02400088
0.02002668
0.02400541
0.03197742
0.03200316
0.03196621
0.01999283
0.02400112
0.01970100
0.02121902
0.02800345
0.02399993
0.02803707
0.03198218
0.03600097
0.01999855
0.02000237
0.02400064
0.01999974
0.02402067
0.02397919
0.02399993
0.01999569
0.01999688
0.02400017
0.02399778
0.03200269
0.03201437
0.03200293
0.01998115
0.02399945
0.02799797
0.02799773
0.02800965
0.02799630
0.04000807
0.03199363
0.02799892
0.02799487
0.02799535
0.02399993
0.02399921
0.01999998
0.01999855
0.02399731
0.02399945
0.02400231
0.02800536
0.02799416
0.02800632
0.03199983
0.03198600
0.03599811
0.03199720
0.02400064
0.02399778
0.02399755
0.02000046
0.01999903
0.02014589
0.01999998
0.01999998
0.02118516
0.01600075
0.02000165
0.01979113
0.01599836
0.01599860
0.02001476
0.01999950
0.01983953
0.01997828
0.01600003
0.01971102
0.02000093
0.02400517
0.02800107
0.02800632
0.03600168
0.02800131
0.03599668
0.01914239
0.02000093
0.01999974
0.02000165
0.02798390
0.02400541
0.02800417
0.02400756
0.02400327
0.02799559
0.02799416
0.02799416
0.02400351
0.02802873
0.02799392
0.02800226
0.02798963
0.02800012
0.02399921
0.02800322
0.03199458
0.02399969
0.02399969
0.02399921
0.01998353
0.02000022
0.02399158
0.02800107
0.03202415
0.03199506
0.03199410
0.02799439
0.03200126
0.02114630
0.02000046
0.02000046
0.01599956
0.02000046
0.01999927
0.01999855
0.01999879
0.01600027
0.02000070
0.01599312
0.01600194
0.01599741
0.01600075
0.01599836
0.01599908
0.01599956
0.01999998
0.02399874
0.02799416
0.02799702
0.02399611
0.02797246
0.02797127
0.01997542
0.02400303
0.02803230
0.02800608
0.02800131
0.02800035
0.02432609
0.01599908
0.01598477
0.01715875
0.01599813
0.01599860
0.01999950
0.01999855
0.01999974
0.01999903
0.02400041
0.02400517
0.02399635
0.02800155
0.02800393
0.02798033
0.02799964
0.01999903
0.02399969
0.01999879
0.02400112
0.02798390
0.02398443
0.02399564
0.02399945
0.02399945
0.02400112
0.02799964
0.02797532
0.02001309
0.01999807
0.01999927
0.02101374
0.02399945
0.01999807
0.01999831
0.02000093
0.02400064
0.01999497
0.02399564
0.02000070
0.01999950
0.02000046
0.02799821
0.03197265
0.02399659
0.02400041
0.02800345
0.02799964
0.02800131
0.01777959
0.01980019
0.01599884
0.01999831
0.02095985
0.01999927
0.02401948
0.03200102
0.02801204
0.02799487
0.02799869
0.02800488
0.02799892
0.02801538
0.02800584
0.02799654
0.02800059
0.02799654
0.02399492
0.03200507
0.02799606
0.02800250
0.02800417
0.02802134
0.03600097
0.02399802
0.02799845
0.02399921
0.02399898
0.03199387
0.02397633
0.02800131
0.02799606
0.02452350
0.02000308
0.02518320
0.02799988
0.02000260
0.03200626
0.03599906
0.02799034
0.03198004
0.02799559
0.02799988
0.02800179
0.03200459
0.03200054
0.04798865
0.03979158
0.03999805
0.03999877
0.01584005
0.01599836
0.02000165
0.03108764
0.02799630
0.01999879
0.02182508
0.02399969
0.02799058
0.02799797
0.01999855
0.01999736
0.04001045
0.02396822
0.02399111
0.01599240
0.01598239
0.01999974
0.01600194
0.01568961
0.01599860
0.02000761
0.03201389
0.02400780
0.02800441
0.02801752
0.02801371
0.02400327
0.02399564
0.02397132
0.02623200
0.03200340
0.02399325
0.01999950
0.02399397
0.02800155
0.03200316
0.03200245
0.02798867
0.02399468
0.02399969
0.02400136
0.02799845
0.02400446
0.02399850
0.02799463
0.02798009
0.03200650
0.03600883
0.01999784
0.01998520
0.01999974
0.01999927
0.02400970
0.02399945
0.02403855
0.02399802
0.02360129
0.03200340
0.02800798
0.03198075
0.02800131
0.02799392
0.02799320
0.02795649
0.02550936
0.02399898
0.02799559
0.02523208
0.02799296
0.02399802
0.02399969
0.02399588
0.02400374
0.02397752
0.02400494
0.02400827
0.02399588
0.02399373
0.02399969
0.02000070
0.02001786
0.02375364
0.02400112
0.02003360
0.01999950
0.02400184
0.03200030
0.03198266
0.03600597
0.03600645
0.02350020
0.02400398
0.02003312
0.02400446
0.02378011
0.02399993
0.02399969
0.02397919
0.02799702
0.02799582
0.03201532
0.03200269
0.03201437
0.02399921
0.02799559
0.02400041
0.02400112
0.02400756
0.03198981
0.03200316
0.03034472
0.03200006
0.03199458
0.02800322
0.02401233
0.02799988
0.03200507
0.02802038
0.02799892
0.03200126
0.02798033
0.03601956
0.03199649
0.04400086
0.04000998
0.03999782
0.02000308
0.02799964
0.02400017
0.02399588
0.02399731
0.02400088
0.02399802
0.02399945
0.02684665
0.03200483
0.02799940
0.02800202
0.02799726
0.02798367
0.02798724
0.02799082
0.02799487
0.02799654
0.02801251
0.01999974
0.02797556
0.02400637
0.03200054
0.02799392
0.02400017
0.01999903
0.02399802
0.03200388
0.02399445
0.01600027
0.02400279
0.01999950
0.02400136
0.03001142
0.03200984
0.03325963
0.03598976
0.03200340
0.03199530
0.02799773
0.02802610
0.03237462
0.02399707
0.02400041
0.02400041
0.01999879
0.02400160
0.02399898
0.02000070
0.02001405
0.02000046
0.02000070
0.01968765
0.01999974
0.02000093
0.02114987
0.01977301
0.01599836
0.01970720
0.02091455
0.01979041
0.01600003
0.01696610
0.02800441
0.02799797
0.03600049
0.02000022
0.02204061
0.02194500
0.01729369
0.02000165
0.08000040
0.15599966
0.06399941
0.05199981
0.01715517
0.01543140
0.01739764
0.01533484
0.02005124
0.02045536
0.01825285
0.02084994
0.01388025
0.01659775
0.01599669
0.01599979
0.01600003
0.01774383
0.01599813
0.01601100
0.01597595
0.01597881
0.01600075
0.02000046
0.01999974
0.01598692
0.01599956
0.01598167
0.01980209
0.02403402
0.02400112
0.02000165
0.02401590
0.02399588
0.02399731
0.02208638
0.01600099
0.01575017
0.01600409
0.01598215
0.01599956
0.01601410
0.01599884
0.01999831
0.02400231
0.02400446
0.02711678
0.02800608
0.02400041
0.02523971
0.02399778
0.02800488
0.02798605
0.02400064
0.02979589
0.02501750
0.02399635
0.01976085
0.02000380
0.01999855
0.01968718
0.01966405
0.01989317
0.01600003
0.01600051
0.02000046
0.02400017
0.02398968
0.02239180
0.02399588
0.02926803
0.02399492
0.02799439
0.02401590
0.02800035
0.02669430
0.02800107
0.02799273
0.02000165
0.01999950
0.01999712
0.02399898
0.02800202
0.02399993
0.02799916
0.02800059
0.02799964
0.02399945
0.02002716
0.03200245
0.02400374
0.02799773
0.02400613
0.02396536
0.02800632
0.02799535
0.02799988
0.01599383
0.02401876
0.02399874
0.02401137
0.02606082
0.02402544
0.02399945
0.03200078
0.02799678
0.02397966
0.02399921
0.03201175
0.03199720
0.03199649
0.03199887
0.02800250
0.03199768
0.02799797
0.03201652
0.02800083
0.02799821
0.03199124
0.02799940
0.02400064
0.02399802
0.02399850
0.02298689
0.02399850
0.02400184
0.02169538
0.01999998
0.01999855
0.02403188
0.02000070
0.02117896
0.01999927
0.01999927
0.01999807
0.02000070
0.02399921
0.02400017
0.01999927
0.02166295
0.01999974
0.02000046
0.01999974
0.01996183
0.01699758
0.01908445
0.02103043
0.02029967
0.01869607
0.01700616
0.01999950
0.02000260
0.14618874
0.09178901
0.04800081
0.07212830
0.04201365
0.02014661
0.01823235
0.01598549
0.01809573
0.01840854
0.01998711
0.01999974
0.02800226
0.02799201
0.02401876
0.01999855
0.01999998
0.01999831
0.01998019
0.02400231
0.01999712
0.01596332
0.01601410
0.01999855
0.02000022
0.02399850
0.02398682
0.02994704
0.02798915
0.02830815
