0.02926445
0.02799463
0.02399993
0.02400017
0.02400708
0.02002740
0.02400112
0.02000308
0.02399993
0.02001905
0.02400374
0.02400541
0.02800775
0.02400708
0.02400374
0.01990318
0.02400064
0.02577066
0.02402306
0.04526281
0.04399323
0.04400539
0.04396677
0.04502940
0.03999829
0.03999853
0.03999925
0.02400279
0.01999927
0.01599646
0.01599503
0.01599979
0.01601815
0.01599908
0.02003193
0.01600146
0.02398157
0.02800894
0.02399611
0.03200078
0.03181219
0.02400041
0.02518964
0.02400494
0.01999998
0.02400589
0.02397299
0.02799892
0.02799511
0.02399850
0.02400780
0.02400112
0.02400851
0.02399683
0.02800298
0.02399969
0.02398825
0.02399778
0.03998780
0.04400110
0.04868102
0.03599572
0.03718019
0.03599763
0.02000046
0.02399039
0.02400041
0.02400184
0.02400398
0.02399898
0.02800035
0.02400088
0.02400875
0.01999378
0.01600003
0.02001691
0.01599932
0.01999998
0.02399468
0.02400732
0.02800441
0.02400517
0.02001286
0.02797532
0.02553391
0.02399683
0.02526808
0.02400064
0.02399635
0.02400708
0.02399540
0.01599598
0.01599932
0.02399588
0.04803205
0.04400086
0.04399657
0.04400182
0.04400587
0.04799891
0.04001379
0.02801228
0.01999831
0.01999521
0.02055478
0.02399564
0.02528000
0.02799129
0.02800369
0.02798533
0.02400780
0.02399611
0.02000093
0.01599884
0.01985931
0.02117968
0.02399492
0.02400899
0.03366733
0.03999853
0.02000022
0.01999855
0.01999927
0.01999974
0.01999950
0.01999927
0.01999879
0.01859331
0.01999927
0.01964474
0.01599932
0.02117801
0.01999927
0.01999927
0.02001882
0.02399802
0.02399564
0.02400327
0.02800322
0.02399898
0.02000093
0.02265024
0.02399921
0.02000093
0.02117133
0.01999640
0.01600170
0.01600146
0.02000117
0.02001095
0.01600075
0.01999927
0.01599836
0.01599693
0.01576066
0.01570249
0.01599836
0.01569676
0.01600385
0.01600027
0.01600170
0.02000022
0.01971054
0.01599956
0.02400160
0.02396798
0.02396870
0.02400708
0.02400446
0.02400374
0.02399397
0.01999593
0.02399302
0.02398968
0.01599646
0.01612234
0.01597285
0.01600099
0.01599979
0.01599956
0.01598549
0.01999760
0.01999283
0.02400780
0.02399731
0.02799416
0.02399802
0.01993012
0.01599646
0.02212739
0.02400780
0.02800107
0.02401924
0.02800226
0.02799463
0.02894640
0.02400017
0.01599813
0.02000618
0.02399874
0.02399898
0.02399874
0.02399969
0.02399850
0.02399707
0.02399492
0.02800059
0.03224397
0.02800393
0.02799869
0.02802658
0.02800345
0.03199720
0.02502537
0.02799869
0.02399707
0.02636480
0.02399731
0.02399850
0.02399921
0.02399921
0.03200126
0.02399755
0.02399993
0.02001262
0.02399659
0.02804470
0.02797413
0.02800584
0.02799535
0.03200269
0.02802706
0.03199649
0.02800369
0.04399371
0.04447699
0.04400587
0.04403019
0.03999591
0.03599358
0.04402399
0.04399061
0.01999569
0.02000070
0.01999950
0.02400255
0.02800655
0.01999640
0.01999664
0.01599932
0.01599765
0.01600075
0.01599860
0.01599669
0.01999807
0.01999569
0.02398896
0.02799749
0.02400351
0.02407527
0.02800345
0.03200579
0.02800298
0.01999760
0.01999569
0.02399659
0.02400041
0.01999927
0.01999688
0.01600385
0.01983118
0.01600051
0.01998067
0.01999927
0.02000213
0.02400589
0.02397752
0.02800488
0.01999784
0.01971722
0.01867795
0.01410532
0.01968884
0.01600027
0.01985002
0.01599860
0.01599813
0.01601052
0.01599956
0.01920390
0.01597810
0.01599860
0.01999760
0.02399659
0.02400613
0.02399898
0.02400017
0.02000451
0.02403283
0.02000117
0.02000499
0.01999664
0.02800393
0.02399993
0.02400804
0.02399969
0.02399731
0.02800584
0.02799463
0.02799654
0.02800250
0.02802277
0.02799821
0.02400041
0.02800274
0.02798343
0.02800012
0.02799726
0.02799630
0.03225446
0.02399778
0.02397919
0.02819538
0.02398086
0.02802682
0.03599787
0.03599691
0.03600287
0.03599668
0.03599811
0.03997421
0.03601384
0.05598879
0.04870653
0.05328798
0.05201554
0.05199933
0.04800987
0.04799533
0.04399395
0.04399991
0.04399157
0.03199744
0.02397323
0.02000761
0.01999593
0.01600027
0.01999879
0.01998258
0.01599979
0.02000022
0.01600051
0.02000093
0.01600099
0.01599956
0.01999545
0.01999760
0.01599979
0.01851845
0.01600003
0.01599979
0.01599836
0.01599979
0.01999950
0.01599884
0.01999998
0.02123666
0.01997280
0.02399826
0.02398944
0.02800012
0.02800131
0.02799988
0.02799869
0.03600073
0.02799630
0.02799630
0.02000046
0.01599813
0.01973438
0.02001762
0.01619411
0.02000070
0.02923679
0.02800369
0.01999903
0.01998234
0.02399921
0.02800918
0.02927208
0.02797794
0.03197980
0.03197598
0.03199530
0.02399898
0.01987815
0.01999903
0.01973104
0.02000117
0.03200698
0.02799129
0.03200364
0.02800083
0.02399373
0.03199434
0.03200722
0.03598189
0.03200459
0.03200030
0.03196406
0.03199553
0.02803135
0.02693415
0.02002478
0.02365088
0.02399969
0.02399683
0.02402496
0.01999855
0.02799773
0.03599763
0.03598905
0.03600311
0.03597713
0.03599787
0.02799821
0.03599691
0.03999972
0.02799511
0.02398610
0.02399707
0.02399874
0.02371359
0.02399898
0.02399921
0.02399898
0.02000022
0.02003241
0.02000332
0.02193856
0.02400064
0.02398491
0.02525163
0.02402139
0.02401257
0.01999950
0.02401876
0.02400184
0.02400231
0.02802658
0.02799821
0.02400160
0.02399731
0.01999807
0.01996255
0.02400255
0.02399993
0.02399588
0.02400064
0.02000070
0.01996732
0.02401471
0.01999879
0.01999855
0.01999784
0.01997733
0.01999903
0.01999855
0.02371716
0.01600194
0.01999927
0.02000022
0.01599979
0.01600003
0.02024841
0.01599479
0.01599693
0.01999974
0.01981902
0.01599884
0.01600027
0.01597500
0.01598144
0.01999950
0.02000141
0.02000308
0.02396345
0.02000093
0.02399731
0.01999593
0.01999569
0.01998734
0.01999950
0.02399969
0.02797985
0.02400231
0.02399921
0.02804494
0.02399874
0.02924919
0.02800560
0.02400327
0.02800035
0.02401638
0.02800632
0.02799678
0.02799416
0.02398896
0.01999807
0.02400017
0.02800584
0.02398252
0.02800202
0.02399516
0.01999927
0.01982737
0.01999950
0.01977086
0.01965451
0.01973701
0.01567817
0.01600790
0.01999974
0.02000070
0.02551270
0.02400351
0.02800083
0.01999879
0.01718140
0.02400446
0.02399421
0.02399707
0.02400756
0.02800035
0.02400303
0.02399993
0.02399659
0.02399635
0.02400875
0.02402329
0.02799797
0.01999736
0.01999998
0.01999927
0.01598477
0.01999831
0.01998425
0.01600146
0.01998472
0.01999998
0.01845551
0.01999927
0.02000260
0.02000451
0.02400160
0.02000690
0.01599932
0.01601624
0.01999903
0.01599026
0.01599789
0.01599836
0.01603079
0.01600814
0.01601458
0.01600051
0.01599908
0.01597881
0.02000046
0.01600051
0.01601696
0.01600075
0.01602697
0.01599908
0.01600003
0.01997662
0.02000260
0.01999569
0.01599956
0.01974249
0.01975894
0.01600099
0.01982069
0.01599908
0.01600718
0.02356100
0.01599836
0.02399564
0.02400136
0.02401614
0.02800250
0.02000618
0.02401447
0.02400112
0.02000141
0.02000070
0.02000213
0.01600075
0.01599979
0.02799654
0.02401423
0.02799034
0.02400231
0.02399659
0.02000189
0.01599789
0.01599741
0.01589608
0.01597881
0.01569200
0.01575303
0.01600051
0.02002859
0.01999712
0.02096534
0.02399921
0.01999259
0.02000594
0.01600003
0.01600003
0.01598501
0.02000356
0.01599908
0.01600385
0.01599789
0.01999974
0.01599836
0.01600170
0.01999927
0.01599693
0.01599860
0.01999855
0.02000093
0.01599908
0.01599765
0.01999831
0.02400231
0.01999831
0.02800322
0.02399755
0.02800107
0.01600027
0.01599836
0.02000427
0.02581382
0.01999545
0.01599765
0.01599646
0.01572776
0.01599884
0.01966524
0.01599908
0.02000070
0.01599908
0.01999998
0.01599884
0.01599813
0.01599884
0.01998711
0.01602006
0.01599693
0.01599884
0.01599979
0.01599669
0.01600242
0.01599813
0.01999784
0.01999497
0.02399659
0.02399993
0.02400351
0.02399445
0.02000213
0.02399755
0.01999807
0.01999688
0.01742339
0.02000403
0.02399588
0.01718235
0.01599884
0.01599693
0.01599574
0.01599979
0.01576757
0.01597214
0.01599813
0.01599455
0.01599836
0.01599646
0.01599646
0.01599813
0.01599860
0.01599717
0.01599765
0.01599765
0.01200962
0.01598835
0.01601100
0.01573467
0.01600385
0.01600099
0.01195693
0.01601958
0.01600027
0.01599717
0.01600671
0.01599717
0.01599932
0.01566124
0.01199818
0.02398753
0.02000213
0.01998258
0.01999617
0.02000976
0.01999259
0.02399325
0.02400661
0.02399611
0.01998234
0.02401519
0.02398682
0.01999164
0.01597357
0.01573420
0.01580620
0.01600552
0.01598835
0.02000308
0.01999712
0.01599693
0.01999855
0.01195979
0.01600027
0.01565695
0.01199913
0.01199961
0.01599836
0.01199865
0.01600051
0.01201510
0.01600885
0.01600170
0.01599956
0.01598024
0.02000237
0.01999998
0.02399588
0.02308440
0.02399611
0.02400160
0.02800465
0.02399635
0.02399921
0.02000213
0.01998591
0.02000427
0.01999521
0.01997805
0.01599741
0.01999712
0.01999879
0.02397394
0.02000427
0.02399778
0.02401567
0.01999927
0.02400327
0.02002525
0.02399874
0.01999688
0.01999736
0.01599884
0.01998067
0.01599836
0.01999903
0.01600218
0.01966333
0.01952577
0.02399349
0.02801418
0.02128339
0.02001810
0.01999998
0.01599646
0.01998258
0.02000165
0.02400208
0.02399898
0.02400613
0.02399826
0.02400541
0.02399039
0.01598883
0.01976252
0.01999855
0.02000070
0.02001143
0.01969242
0.02002144
0.01599932
0.01967120
0.01975369
0.01599884
0.01993132
0.01977253
0.01997161
0.01599860
0.01576829
0.01599956
0.01598310
0.01599932
0.01555252
0.01600003
0.02000141
0.01999307
0.02399755
0.02401662
0.02400255
0.02398419
0.01583409
0.01564169
0.01599884
0.01200032
0.01567197
0.01600099
0.01564360
0.01600718
0.01599956
0.01600051
0.02000189
0.01600266
0.01599813
0.01602483
0.01600027
0.01201844
0.01199985
0.01599979
0.01599932
0.01199961
0.01599717
0.02000403
0.01603293
0.01602197
0.01998353
0.01599813
0.01599360
0.01999736
0.01600742
0.01600003
0.02399778
0.02012825
0.02000713
0.02400732
0.01997638
0.01999497
0.01599741
0.01600385
0.01599860
0.01599693
0.02000546
0.02800751
0.01599932
0.01199913
0.01598597
0.01599956
0.01599717
0.02000070
0.02000189
0.01599789
0.01599622
0.01198578
0.01599956
0.01199841
0.01599813
0.01599765
0.01199532
0.01599789
0.01200008
0.01602125
0.01599598
0.01599836
0.01599979
0.01597857
0.01599932
0.01600051
0.01999879
0.01197648
0.01389503
0.01600146
0.01599407
0.01600099
0.01701427
0.02000165
0.01996493
0.02000213
0.01999998
0.01999784
0.01999831
0.01602125
0.01999903
0.02400804
0.01999688
0.02399039
0.02400064
0.02399802
0.02401948
0.02000189
0.01999974
0.02400470
0.02399182
0.02000237
0.01999831
0.02000189
0.01999903
0.01999617
0.01600575
0.01997781
0.02397847
0.02000594
0.02000022
0.02019668
0.01999712
0.02399993
0.02400351
0.02400327
0.02798748
0.02399993
0.02396822
0.02399659
0.02400279
0.02399445
0.02000213
0.01998734
0.02001572
0.02399993
0.02400589
0.01603270
0.01600528
0.01999927
0.02000999
0.02399325
0.02357817
