0.00799966
0.01999164
0.02401328
0.02399993
0.02399063
0.01997423
0.01599407
0.01199937
0.01600051
0.02000093
0.02633309
0.02400255
0.01999807
0.01599860
0.01599932
0.01600122
0.02426052
0.02800131
0.02800345
0.02799535
0.02800107
0.03199506
0.02399349
0.02003884
0.01999903
0.01999903
0.01999927
0.02400255
0.02799964
0.02400112
0.02000046
0.02399874
0.01999855
0.02384877
0.02001333
0.02400064
0.02929735
0.02797151
0.02800703
0.02799773
0.03199387
0.02799773
0.03200030
0.03200650
0.03599977
0.02399635
0.02400351
0.02799869
0.03200316
0.03199410
0.03999424
0.04401445
0.04161882
0.03970742
0.03701162
0.03599882
0.02399993
0.01599765
0.01999831
0.02000165
0.02799153
0.02399778
0.01999784
0.01999950
0.01978135
0.01601362
0.02800298
0.02400541
0.02400279
0.02800059
0.02402568
0.02403760
0.02399325
0.02799702
0.02338767
0.02399564
0.02123690
0.02399564
0.01997900
0.02400064
0.02399969
0.01600027
0.01599956
0.01971912
0.02402210
0.02398586
0.02400470
0.02399492
0.03997231
0.04799318
0.04799700
0.01999331
0.01600003
0.01973438
0.01600003
0.01600003
0.01599789
0.01599813
0.01600099
0.01602435
0.01599813
0.01599836
0.01599884
0.02000475
0.01599813
0.01719475
0.01999974
0.02400160
0.02802110
0.02400398
0.02822876
0.01599956
0.01599956
0.01599979
0.01599932
0.01983285
0.01600194
0.02076435
0.01701021
0.02000070
0.02525902
0.02000260
0.01576591
0.01599288
0.01599884
0.01600075
0.01802230
0.01599026
0.02536583
0.02399659
0.02399945
0.01727915
0.01601887
0.01599884
0.01600027
0.01599932
0.01599836
0.01600027
0.01600051
0.01999807
0.01599956
0.02397680
0.02800035
0.02400064
0.01971912
0.01985669
0.01982903
0.01999807
0.01980042
0.02800012
0.02400327
0.03200150
0.02800012
0.02800059
0.03199387
0.03200388
0.02741528
0.02799463
0.02400184
0.02799106
0.01999998
0.02400064
0.02399755
0.01999974
0.02400231
0.02799296
0.02000022
0.02399921
0.02399969
0.02400136
0.02000785
0.02398181
0.02400947
0.02399683
0.02399945
0.02399969
0.02399826
0.02399683
0.03204465
0.02775788
0.02800298
0.02521324
0.02800393
0.04399633
0.04000163
0.04274678
0.04001784
0.04400325
0.02399349
0.02400351
0.02799869
0.02799559
0.01598144
0.01979041
0.02000284
0.01976824
0.02800059
0.02400684
0.02400994
0.02397966
0.03255773
0.02800226
0.02797985
0.02800274
0.01999760
0.01599932
0.01999807
0.01999974
0.02400374
0.02000046
0.01977420
0.02000046
0.01999998
0.01600027
0.02030301
0.02802777
0.02800035
0.02801657
0.02798510
0.01999569
0.01599932
0.02402377
0.02400970
0.02397180
0.01999974
0.01967669
0.01999998
0.01999426
0.02799821
0.02524137
0.02799535
0.02798867
0.02400160
0.02001429
0.01599789
0.01999974
0.02802753
0.02400732
0.01999807
0.01999974
0.01599765
0.01599884
0.01999712
0.01600027
0.01998472
0.03200340
0.02400017
0.02801514
0.02799869
0.02799535
0.01999903
0.01999688
0.02001548
0.01999760
0.02000380
0.02401233
0.02119136
0.01999664
0.02799773
0.02400136
0.02398729
0.02799487
0.02799916
0.02399611
0.02400470
0.02400255
0.02799749
0.02399898
0.02398825
0.02399898
0.02400160
0.03199363
0.02799320
0.02799630
0.03197742
0.03599763
0.02800107
0.02719927
0.03599429
0.03200197
0.02800536
0.02398992
0.02400112
0.02002215
0.02399993
0.02400231
0.03200030
0.03199816
0.02799726
0.02799344
0.03198290
0.03200507
0.04800510
0.04785562
0.04799604
0.05600619
0.04800081
0.02800322
0.03104329
0.01599860
0.01599860
0.01968098
0.02399993
0.01999640
0.02400160
0.02402163
0.02399898
0.02400279
0.02401376
0.01976466
0.01999784
0.01599956
0.01968789
0.01975250
0.02000022
0.02399755
0.01600003
0.01683879
0.01599813
0.01976418
0.01999950
0.02399468
0.02403259
0.02800751
0.02002311
0.01999736
0.01971388
0.01784658
0.01999998
0.03040862
0.02397871
0.02800345
0.02399421
0.02399397
0.01599956
0.02800298
0.02799892
0.02401137
0.02800870
0.01999784
0.01599813
0.01970673
0.01600146
0.01969767
0.02000213
0.01600027
0.01599813
0.01999998
0.01600027
0.02399611
0.02399635
0.02800918
0.02733016
0.01999998
0.01599717
0.02016044
0.01999855
0.01999950
0.01999998
0.02002144
0.02000070
0.01999712
0.01999807
0.01600003
0.01601768
0.01599765
0.01999712
0.02402258
0.02799487
0.02797246
0.01999569
0.01998401
0.01999664
0.01999903
0.01999760
0.01599765
0.02400327
0.01999903
0.01599979
0.01970172
0.01580167
0.01999927
0.01600075
0.01599956
0.01593065
0.01600051
0.01599956
0.01601219
0.01596141
0.01599479
0.01598668
0.01599908
0.01601028
0.01599979
0.01602554
0.01977181
0.02000189
0.02399898
0.02399826
0.02399921
0.01999950
0.02000141
0.01599908
0.01596284
0.01600051
0.01600266
0.01599932
0.01600575
0.02000141
0.01599908
0.01602960
0.01416707
0.01571918
0.01600003
0.01570988
0.01599860
0.01600432
0.01600027
0.01599860
0.02128959
0.01598287
0.02001452
0.02399874
0.02399993
0.02400041
0.01598883
0.01599860
0.01599932
0.01600003
0.01599979
0.01596594
0.01597476
0.01598215
0.01800871
0.01599956
0.01600075
0.01599789
0.01600003
0.01600075
0.01577234
0.01824951
0.02400088
0.02399421
0.02800107
0.02399850
0.02400565
0.02400231
0.01768613
0.02800107
0.02399659
0.01999950
0.01999760
0.01599741
0.01599765
0.01599956
0.01599908
0.01599789
0.01999760
0.01973081
0.01599646
0.01999879
0.01993752
0.01599669
0.01568794
0.01968026
0.01600051
0.01599908
0.01599574
0.01999688
0.02000284
0.02399993
0.02799416
0.02561927
0.02000618
0.01724529
0.01599956
0.01600027
0.01600146
0.01600122
0.01600003
0.01599550
0.01599932
0.01695490
0.01595879
0.01795173
0.01695585
0.01795197
0.01695657
0.01595569
0.01595759
0.01595736
0.01695561
0.01396251
0.01597142
0.01393151
0.01496196
0.01394677
0.01396251
0.01496029
0.01396418
0.01397061
0.01692843
0.02194118
0.02194309
0.02194285
0.01495910
0.01396275
0.01496649
0.02593207
0.02194142
0.02294159
0.02194476
0.02294660
0.02194500
0.02194381
0.02393937
0.02095890
0.02592969
0.01995063
0.01596928
0.01695514
0.01595426
0.01595640
0.01396155
0.01496148
0.01396275
0.01496148
0.01396346
0.01495910
0.01396346
0.01396441
0.01396513
0.01396465
0.01396298
0.02295876
0.02393579
0.02293801
0.01695657
0.01795292
0.01695442
0.01595807
0.01695561
0.01695347
0.01851130
0.02493691
0.02394629
0.01794958
0.01792955
0.01795030
0.01895308
0.01695275
0.01795101
0.01595736
0.01595759
0.01496196
0.01595950
0.01496220
0.01595950
0.01497316
0.01595640
0.01495886
0.01495910
0.01495981
0.01695466
0.01496100
0.01595879
0.01583481
0.01595807
0.01595783
0.01595783
0.01695538
0.01595950
0.01593423
0.01597238
0.01695490
0.02593064
0.02393913
0.01891685
0.01695561
0.01651859
0.01495957
0.01596022
0.01595950
0.01495981
0.01608753
0.01695490
0.02394485
0.02193618
0.01695824
0.02094316
0.02194953
0.02294707
0.02393198
0.02293158
0.02294588
0.02493620
0.02398086
0.02394199
0.02492571
0.02293921
0.02693200
0.02494097
0.02493906
0.02594161
0.02593184
0.02992535
0.02592969
0.02740359
0.02593327
0.01895165
0.01795435
0.01795411
0.01895142
0.01795244
0.01895022
0.01695681
0.01895118
0.01700068
0.01746678
0.01895022
0.01695466
0.01795149
0.01595807
0.01695538
0.01595974
0.01595807
0.01595592
0.01695490
0.01595807
0.01795149
0.01595950
0.01596880
0.01498008
0.01795650
0.02493024
0.02293849
0.02394366
0.02193403
0.01795101
0.01595569
0.01655340
0.01695514
0.02094316
0.01482773
0.01695752
0.01495910
0.01597714
0.01496100
0.01595759
0.01495981
0.01495862
0.01595759
0.01695609
0.01496100
0.01496053
0.01496196
0.01595998
0.01495981
0.01595974
0.01694798
0.02297831
0.01993966
0.01595640
0.01806307
0.01795673
0.01795530
0.01995087
0.01496029
0.01496029
0.01595950
0.01595688
0.01595688
0.01693583
0.02294135
0.02008057
0.02293706
0.01894355
0.01698565
0.01795483
0.01795244
0.01695609
0.01795506
0.01695704
0.01793528
0.01795173
0.01595569
0.01496196
0.01595736
0.01496005
0.01595616
0.01496053
0.01495838
0.01595926
0.01399446
0.01496315
0.01396465
0.01396275
0.01595807
0.01496243
0.01496243
0.01396489
0.01496029
0.01396346
0.01496005
0.01396441
0.01396227
0.01397800
0.01396275
0.01491857
0.01496005
0.01690888
0.01447177
0.01595879
0.01599097
0.01596069
0.01894951
0.02293634
0.02194190
0.01695466
0.01695275
0.01597428
0.01695704
0.02294254
0.02196789
0.01794648
0.01596022
0.01546860
0.01447749
0.01495934
0.01397014
0.01496005
0.01396441
0.01595736
0.01396179
0.01595926
0.01595640
0.01795459
0.01695728
0.01762509
0.01994753
0.01695251
0.01495552
0.01595759
0.01496077
0.01595783
0.01596189
0.01496291
0.01497746
0.02504706
0.02792645
0.01994705
0.01795220
0.01396155
0.01396298
0.01595807
0.01495814
0.01595902
0.01496005
0.01495814
0.01496005
0.01496124
0.01495957
0.01496029
0.01396465
0.01495862
0.01396036
0.01499557
0.01396298
0.01396298
0.01396441
0.01496291
0.01396370
0.01495957
0.01396322
0.01496124
0.01396441
0.01496053
0.01396251
0.01396441
0.01496053
0.01496100
0.01495743
0.01396298
0.01496148
0.01496053
0.01895070
0.02252674
0.02094245
0.01695657
0.01795650
0.01994514
0.01595521
0.01496029
0.01396275
0.01595783
0.01496053
0.01695347
0.01595783
0.01579714
0.01695657
0.01795745
0.01893997
0.01698017
0.01795053
0.01695442
0.01792455
0.01695657
0.01895452
0.01892567
0.01794767
0.01943040
0.02293539
0.02294207
0.02593470
0.02389479
0.02094460
0.02202940
0.01595545
0.01595855
0.01695776
0.01695800
0.01797032
0.02094984
0.02194214
0.02194118
0.02193689
0.02492023
0.02294207
0.02393174
0.02395487
0.01595831
0.01895213
0.01995111
0.02493548
0.02493477
0.02293611
0.02094579
0.01895142
0.01993394
0.02094245
0.01894784
0.02094817
0.01994896
0.01995087
0.01795173
0.01794028
0.01795292
0.01695633
0.01795483
0.01795506
0.01906466
0.01894855
0.02492952
0.02493811
0.02593803
0.02692771
0.01896787
0.01994658
0.02094746
0.01994753
0.02094579
0.01795363
0.01695609
0.01891851
0.01695514
0.01895022
0.01741099
0.02004933
0.01897049
0.01695704
0.01695752
0.01496077
0.01495910
0.01695442
0.01595855
0.01795578
0.01695347
0.01895285
0.02197385
0.01496267
0.01595879
0.01496005
0.01595688
0.01512980
0.01894641
0.02094579
0.01994896
0.01995230
0.01396346
0.01497579
0.01596069
0.01595783
0.01495981
0.01695514
0.01595783
0.01695585
0.01595736
0.01994133
0.01996160
0.01795053
0.01495886
0.01396418
0.01496267
0.01496196
0.01693130
0.01994634
0.01396489
0.01495838
0.01396298
0.01496053
0.01396489
0.01396108
0.01396656
0.01495814
0.01396489
0.01595807
0.01396298
0.01410174
0.01396227
0.01496148
0.01496029
0.01655388
0.02098703
0.02290440
0.02194118
0.02195907
0.02194214
0.02293897
0.02492809
0.02194071
0.02194858
0.02393699
0.01795173
0.01599503
0.01497841
0.01595950
0.01595736
0.01595831
0.01695776
0.01496077
0.01396370
0.01396370
0.01396465
0.01496029
0.01496029
0.01496005
0.01496053
0.01595640
0.01499033
0.01495862
0.01495528
0.01496029
0.01595783
0.01495981
0.01695514
0.02001882
0.02294374
0.02194047
0.01994824
0.01595855
0.01695681
0.01497602
0.01795101
0.01495886
0.01894641
0.01595807
0.01695466
0.01595736
0.01695514
0.01595879
0.01697898
0.01492476
0.01695490
0.01596189
0.01496077
0.01494622
0.01496077
0.01595783
0.01796913
0.01795197
0.02002001
0.02493739
0.02293777
0.02094293
0.01595831
0.01695418
0.01595569
0.01697564
0.01994991
0.01944661
0.02094793
0.01595831
0.01593637
0.01596022
0.01496172
0.01595759
0.01591778
0.01595831
0.01496196
0.01596618
