0.01600027
0.05600166
0.04800129
0.04796600
0.04799676
0.04803061
0.05199718
0.04399991
0.01999664
0.01599884
0.01599908
0.01999903
0.02141118
0.02400088
0.02400517
0.02800274
0.02799988
0.02399588
0.02800012
0.02800989
0.02799630
0.02400112
0.02528620
0.02799964
0.02399397
0.02398109
0.02799606
0.02402997
0.02399325
0.02400947
0.02217340
0.02000356
0.02121139
0.02399874
0.02480817
0.02400756
0.02400279
0.02000332
0.02398062
0.02000165
0.02797246
0.02801347
0.03199983
0.02000737
0.02392912
0.02376390
0.02372456
0.02399850
0.02799559
0.03200984
0.02799678
0.02799439
0.02799940
0.02400231
0.02799773
0.02400398
0.03200030
0.03202724
0.03200102
0.02799916
0.03957844
0.03993320
0.04000688
0.04000282
0.03999209
0.03600621
0.02000475
0.02000213
0.02400351
0.02399015
0.02399302
0.02399635
0.02400351
0.01999712
0.01999640
0.02799773
0.01999307
0.01598620
0.01999855
0.01599789
0.01999974
0.02000308
0.02526569
0.02399635
0.02524090
0.01601148
0.01602268
0.02000022
0.02000165
0.02000117
0.02398443
0.02004099
0.02400064
0.01998711
0.02000260
0.02000070
0.01999927
0.02000093
0.01600075
0.01599956
0.01577830
0.01199889
0.01599932
0.01599836
0.01600122
0.01979160
0.01599550
0.01599717
0.02000284
0.02400255
0.01999927
0.02800345
0.01999855
0.02002168
0.01821017
0.02000070
0.02399993
0.02401662
0.02619982
0.02400208
0.01999974
0.02402329
0.01999545
0.01599860
0.01974797
0.01602292
0.01986074
0.01999974
0.01599860
0.02000237
0.02800798
0.02799654
0.02800775
0.02800322
0.02798676
0.02800298
0.02796149
0.01949024
0.01999927
0.01999807
0.01985693
0.02001405
0.02000260
0.02399921
0.02399707
0.02400208
0.01999927
0.01999807
0.01999998
0.01600122
0.01999950
0.01999950
0.01999807
0.01599574
0.02001619
0.02000046
0.01999760
0.01600099
0.02252531
0.02798581
0.02803993
0.02399182
0.02800226
0.02399945
0.01999903
0.02000117
0.01999927
0.01689076
0.01600242
0.01602554
0.01599908
0.01599860
0.01999855
0.02399921
0.02000046
0.01599717
0.02001762
0.02399993
0.02400184
0.02398467
0.02400279
0.02399492
0.01599979
0.01600075
0.02000093
0.02799869
0.02800560
0.02400661
0.02803874
0.02398109
0.01969934
0.01599956
0.01599979
0.02000046
0.01999831
0.02017975
0.01877570
0.01999879
0.01999950
0.02000022
0.01999593
0.01999617
0.01999903
0.01999784
0.01999497
0.01599765
0.01982808
0.01599860
0.01999927
0.02399898
0.02000260
0.02399945
0.02401066
0.02800632
0.02400541
0.03199959
0.02000046
0.01999998
0.01999569
0.01999950
0.02800179
0.02800298
0.02399349
0.02399373
0.02891946
0.02401614
0.02803493
0.02400136
0.03199410
0.02400661
0.02399063
0.02399659
0.01998782
0.02403545
0.03199983
0.02520561
0.02400303
0.02399659
0.02399635
0.02399707
0.02025890
0.02400374
0.02399468
0.02000380
0.01984739
0.01599932
0.01976490
0.01999879
0.01999903
0.01999807
0.01999807
0.01599956
0.02248454
0.01600933
0.02000022
0.01999927
0.01999807
0.02930212
0.02800393
0.02801180
0.02400041
0.01999855
0.01999760
0.02000904
0.01999831
0.01998639
0.02399421
0.02799511
0.02399468
0.03600240
0.02799463
0.02000451
0.01999760
0.02000117
0.02956390
0.03198743
0.02799511
0.02799869
0.02799606
0.02399445
0.02799940
0.02399921
0.02400208
0.02400112
0.02399778
0.02399755
0.02399945
0.02399468
0.02400064
0.02400088
0.02398396
0.02399707
0.02800226
0.02799702
0.02399373
0.02399850
0.02400136
0.02399731
0.02799511
0.02735400
0.02799654
0.02931190
0.02800035
0.02799344
0.02800965
0.02799702
0.02800250
0.02800775
0.04000258
0.04399896
0.04399681
0.02399564
0.02398396
0.02400637
0.02400374
0.02402020
0.02399182
0.01999378
0.01600027
0.01599979
0.02400041
0.02579141
0.02400374
0.02400017
0.02400422
0.01998758
0.01599145
0.01599073
0.01597953
0.01999760
0.01599765
0.01602006
0.01951766
0.01599884
0.01737142
0.02399969
0.02502775
0.02399993
0.02399921
0.02799988
0.02400017
0.02400637
0.01999307
0.01971388
0.01999879
0.01999831
0.02000022
0.01999950
0.01890326
0.01802301
0.02001810
0.01597333
0.01971459
0.01999903
0.01999950
0.02000141
0.01976657
0.01999712
0.01965213
0.01599813
0.01598096
0.01599932
0.01976252
0.01599288
0.01599932
0.01976323
0.02000165
0.02001667
0.02000022
0.01999545
0.01998234
0.01599717
0.02000093
0.01601434
0.01981378
0.01567745
0.01599884
0.01602483
0.01599956
0.01599956
0.01602674
0.01599932
0.01577210
0.01599979
0.01999998
0.01591182
0.01600146
0.01969624
0.01600075
0.01599884
0.01599789
0.01683831
0.01599956
0.01601696
0.01599789
0.01892042
0.01409245
0.01602006
0.01600456
0.01718426
0.01999950
0.02000403
0.02000165
0.02800465
0.02398515
0.01999569
0.01999831
0.02002358
0.01999760
0.01599360
0.01599813
0.01600981
0.01596451
0.01600075
0.01599789
0.01999998
0.01599455
0.01576710
0.01599860
0.01599765
0.01199961
0.02017593
0.02000594
0.02000546
0.02399564
0.02002239
0.02399349
0.02799273
0.02400589
0.01599860
0.01574564
0.01573491
0.01599836
0.01599932
0.01599813
0.01599765
0.02000332
0.02000690
0.01999927
0.02000237
0.02399397
0.02399683
0.02400446
0.02400017
0.02400899
0.02399611
0.02399993
0.02000093
0.02799678
0.02800369
0.02611113
0.01599956
0.01999784
0.02095103
0.01597071
0.01999807
0.01599932
0.02000117
0.01599932
0.02096629
0.01506710
0.01992965
0.01964927
0.01716518
0.01600170
0.01976800
0.01574755
0.01599932
0.01573658
0.01726913
0.01600027
0.01722074
0.02000022
0.02400017
0.02000427
0.01599884
0.01600957
0.01600742
0.01578236
0.01512384
0.01600003
0.01600051
0.01603961
0.02000165
0.02001834
0.02399445
0.02529097
0.02800059
0.02799773
0.02397370
0.02399540
0.01599479
0.01599860
0.01600027
0.01979589
0.01599979
0.01600027
0.01599932
0.02000117
0.02399945
0.02800179
0.02396560
0.02398705
0.01999855
0.02000618
0.01898694
0.01600027
0.01600099
0.01599979
0.01718473
0.01600027
0.01599836
0.01599884
0.02000189
0.02000189
0.01853371
0.01997161
0.01600266
0.01999784
0.01998234
0.02399659
0.02400231
0.02399421
0.02400041
0.01997638
0.01600003
0.01599908
0.01599932
0.01601434
0.01600385
0.02399039
0.02799463
0.01959515
0.01601958
0.01599860
0.01599979
0.01578999
0.01599932
0.01600003
0.01970148
0.02000189
0.01999974
0.02000070
0.02400756
0.02400398
0.02400160
0.02400064
0.02397752
0.01600003
0.02028513
0.01731491
0.01999974
0.02117109
0.01599908
0.01600194
0.01600432
0.01999974
0.01999950
0.01999831
0.01970100
0.01980662
0.01999807
0.01999950
0.01999998
0.02000117
0.01600480
0.02000546
0.01997304
0.01997495
0.01999855
0.01918960
0.01599669
0.01999974
0.02000022
0.01599908
0.01985836
0.01599908
0.01787615
0.01627207
0.01599741
0.02000213
0.02400398
0.02400756
0.02804971
0.02400398
0.02000237
0.01599956
0.01997590
0.01965237
0.01601791
0.01599813
0.02400303
0.02400446
0.01998806
0.01971388
0.01599860
0.01599860
0.01600027
0.02000260
0.02399421
0.02361321
0.03199482
0.02521324
0.02799320
0.02399492
0.02399898
0.02000022
0.01998520
0.01999879
0.02303743
0.01999831
0.01599884
0.01999497
0.01999879
0.02000046
0.02003217
0.01792908
0.02001762
0.02400136
0.02523017
0.02799869
0.02800202
0.02399158
0.02399778
0.02800155
0.02400041
0.02799201
0.02399588
0.02399755
0.02800393
0.02799606
0.03197241
0.02399898
0.02399635
0.01999950
0.01971483
0.01999950
0.01999903
0.02799416
0.02800393
0.02800131
0.02399611
0.02398300
0.02800751
0.02799773
0.02398634
0.02000499
0.02000332
0.01999927
0.02000070
0.02399755
0.02399969
0.01997280
0.02399945
0.02000117
0.02399945
0.02399993
0.02399945
0.02397990
0.02399611
0.02399802
0.02399755
0.02400231
0.02399755
0.02399588
0.02399802
0.02001214
0.01980257
0.02000022
0.01599288
0.01999927
0.02116084
0.01999688
0.01599765
0.01998544
0.02800894
0.02402854
0.01996946
0.01999998
0.01600003
0.02000117
0.01599956
0.01599455
0.02000046
0.02400231
0.03199458
0.02001429
0.01999760
0.01999998
0.01999712
0.01599860
0.01599860
0.01977897
0.01599932
0.01999426
0.02000046
0.02400017
0.01998854
0.02330804
0.02399826
0.02400208
0.01999140
0.01576734
0.01599693
0.01599741
0.01599884
0.01601577
0.01599860
0.01988983
0.01599979
0.01599598
0.01984000
0.01984119
0.01599574
0.01599884
0.01566863
0.01599813
0.01599860
0.01599956
0.01999760
0.01599860
0.01600194
0.01999712
0.01599598
0.01599908
0.01462364
0.01599956
0.01599789
0.01599884
0.02002621
0.02400184
0.02170825
0.01601911
0.01599860
0.01600051
0.01600027
0.01599741
0.01599836
0.01599765
0.01599789
0.02400827
0.02799702
0.02000546
0.02398801
0.02400184
0.02402353
0.02400494
0.02800226
0.02400136
0.02399492
0.01599717
0.01599860
0.01599765
0.01599813
0.01603150
0.01999927
0.02400517
0.02400231
0.02000117
0.02400064
0.02799916
0.02800131
0.02800250
0.02539587
0.02399755
0.02522135
0.02397037
0.02799535
0.02799940
0.02800965
0.02799869
0.02399302
0.01996684
0.01999760
0.01999974
0.01599741
0.02000833
0.01999974
0.01599884
0.01599693
0.01999998
0.02001333
0.01999664
0.02399874
0.01599717
0.01600146
0.01599813
0.02000022
0.01599860
0.01599860
0.01999760
0.01599789
0.01999974
0.01599693
0.01956177
0.01851058
0.01976156
0.01999855
0.01999831
0.02000451
0.01999879
0.01999950
0.02000022
0.01985097
0.02000165
0.01999784
0.01999736
0.02121139
0.01999950
0.02400184
0.02399969
0.02399921
0.02399755
0.02000046
0.01999950
0.02000022
0.01999640
0.02399778
0.01999903
0.01999736
0.01599956
0.01599836
0.01599884
0.01985860
0.01975131
0.01599789
0.01599765
0.01986575
0.02509618
0.02400208
0.02799773
0.02799606
0.02799535
0.02799821
0.02799535
0.02400041
0.02399969
0.01999187
0.01599765
0.01999879
0.02000713
0.01999950
0.02000046
0.01999927
0.01999974
0.01999927
0.01999974
0.01599765
0.01599264
0.01599884
0.01599789
0.01600027
0.01599884
0.01599908
0.01599908
0.01593065
0.01599932
0.01599693
0.01637578
0.01600432
0.01999831
0.02400088
0.01999450
0.02400279
0.02399540
0.01999640
0.02399611
0.01999974
0.01599789
0.01599813
0.01602578
0.01576257
0.01579738
0.01599741
0.01602292
0.01599860
0.01600027
0.01600099
0.01599741
0.01599932
0.01600003
0.01599932
0.01599956
0.01999760
0.01600003
0.01599956
0.01600027
0.01199889
0.01199913
0.01575136
0.01569438
0.01573443
0.01573253
0.01600003
0.01599860
0.01599932
0.01599741
0.01599765
0.01199794
0.01461911
0.01600075
0.02400255
0.02402568
0.02399540
0.02000022
0.02399850
0.02273345
0.02400184
0.02527738
0.02399874
0.01599622
0.01199794
0.01600313
0.01586080
0.01567245
0.01599813
0.01200318
0.01601577
0.02800989
0.02003241
0.02000022
0.02000237
0.01566291
0.01199818
0.01199818
0.01593971
0.01199818
0.01199841
0.01599956
0.01199675
0.01572347
0.01600122
0.01599979
0.01777554
0.02000213
0.01999760
0.01600099
0.02399659
0.02400947
0.01999855
0.01599741
0.01601291
0.01599813
0.01600146
0.01601076
0.01577306
0.01600003
0.01599741
0.01599836
0.01600003
0.01599789
0.01600003
0.01567054
0.01576400
0.01976037
0.01599884
0.01599836
0.01999950
0.01602650
0.02400398
0.02399802
0.01599908
0.01599956
0.01600218
0.01599813
0.01599932
0.01600075
0.01599979
0.01600003
0.02000093
0.01792860
0.01599479
0.01599503
0.01599979
0.01600266
0.01571107
0.01596808
0.01599884
0.01198816
0.01600075
0.01603389
0.01600003
0.01600313
0.01595879
0.01600099
0.01199841
0.01593375
0.01600099
0.01600122
0.01599932
0.01600027
0.01199913
0.01599813
0.01200008
0.02800155
0.01999879
0.02400112
0.01999855
0.01622891
0.01600313
