0.00800014
0.01599932
0.01599932
0.01599908
0.01600003
0.01600027
0.01600051
0.01999617
0.01836061
0.01599979
0.01600003
0.01600218
0.01599097
0.01600075
0.01599932
0.01487136
0.01599956
0.02000356
0.01600146
0.01600051
0.01600170
0.01599932
0.01600146
0.01599884
0.02000165
0.01599932
0.02000141
0.01599956
0.02117920
0.01999974
0.02312160
0.02000141
0.02003074
0.02000260
0.01999855
0.02000165
0.02000117
0.02192068
0.02400160
0.02399945
0.02000260
0.01999998
0.02003360
0.02399969
0.01999760
0.02056217
0.02399921
0.01999950
0.01999760
0.02399898
0.02399826
0.02000237
0.01999950
0.02000213
0.02000403
0.02003694
0.02118158
0.02400160
0.02238178
0.01999807
0.02000380
0.02000093
0.02140951
0.01999950
0.02400041
0.02118707
0.02400351
0.01999903
0.02000213
0.03599954
0.03599787
0.03600240
0.02799821
0.02000165
0.01531315
0.01600027
0.01599932
0.01599979
0.02117324
0.01601648
0.02000165
0.01600718
0.01600027
0.01599956
0.01999760
0.01600075
0.01599956
0.01600099
0.01599956
0.01599526
0.01999831
0.01770258
0.01599884
0.01999855
0.01999617
0.02001500
0.02000141
0.01600194
0.01599717
0.01718497
0.01599741
0.01711774
0.02000141
0.01599979
0.01599860
0.01599979
0.01600766
0.02000141
0.01597381
0.01999831
0.02000141
0.01899433
0.01999998
0.01999998
0.02000093
0.01999807
0.01999974
0.01999974
0.01999974
0.02030158
0.01999831
0.02000189
0.02286887
0.01999903
0.01999903
0.01999855
0.02119422
0.02000022
0.02000070
0.02400064
0.02000070
0.01999974
0.01999950
0.01999974
0.01940560
0.01999927
0.02400064
0.01999974
0.02000189
0.01999974
0.02400041
0.02000022
0.02400041
0.02000141
0.02000093
0.01999974
0.02000046
0.02000117
0.01999903
0.01999855
0.01999903
0.02002335
0.02000093
0.02000356
0.02000117
0.01999879
0.01999879
0.01999831
0.02400041
0.01599646
0.01999760
0.02000284
0.01999879
0.02000070
0.01999807
0.01999950
0.02000022
0.02399874
0.01999879
0.02000165
0.01599908
0.01999974
0.02000046
0.01999974
0.01600122
0.02124691
0.02000284
0.02000189
0.02000070
0.01999998
0.01999974
0.02000046
0.02000070
0.01600003
0.01599884
0.01999974
0.02000022
0.01999998
0.02000022
0.02400017
0.02399921
0.02399993
0.02399993
0.02616143
0.02399993
0.08000064
0.08400154
0.03907681
0.03611660
0.04190898
0.02808213
0.01829481
0.01812410
0.01807690
0.01651120
0.01999950
0.01879430
0.01999593
0.02031970
0.01659298
0.01999879
0.02000046
0.02223325
0.01999235
0.01999998
0.02000022
0.01599979
0.01999950
0.02000046
0.01600075
0.01999998
0.02000022
0.01999879
0.02000070
0.01999855
0.02000046
0.02000046
0.01599860
0.01736689
0.01599860
0.02002931
0.01600218
0.01600766
0.01892877
0.01600075
0.01599932
0.01600075
0.01999998
0.01999855
0.02044487
0.01600313
0.01599765
0.01600003
0.01598597
0.01599884
0.01600194
0.01600051
0.01599956
0.01199961
0.02000189
0.01600099
0.01600122
0.01599979
0.01600170
0.01199794
0.01599884
0.01599884
0.01599574
0.01600027
0.01600337
0.01599979
0.01199937
0.01599884
0.01600051
0.01600003
0.01600266
0.01600027
0.01200032
0.01600003
0.01599789
0.01599789
0.01199818
0.01199937
0.01599884
0.01600122
0.01599836
0.01599908
0.01599956
0.01600122
0.01600122
0.01599765
0.01199841
0.01600075
0.01600146
0.01600194
0.01199961
0.01599813
0.01600146
0.01600146
0.01600003
0.01600003
0.01599956
0.01600194
0.01599908
0.01600051
0.01599932
0.01600027
0.01600099
0.01599884
0.01199770
0.01599789
0.01199770
0.01496077
0.01600003
0.01199794
0.01599908
0.01600051
0.01600003
0.01599956
0.01600027
0.01600003
0.01599979
0.01599956
0.01600027
0.01600122
0.01600003
0.01600122
0.01600051
0.02000093
0.01600003
0.01999927
0.01599598
0.01599979
0.01600051
0.01599979
0.01599956
0.01599979
0.01999998
0.01599956
0.01599932
0.01600170
0.01999927
0.01599836
0.01599956
0.01999998
0.01600075
0.01599932
0.01600075
0.01600003
0.01599789
0.02000093
0.01999831
0.02000022
0.01599979
0.01600003
0.01804709
0.01599908
0.02000093
0.01999974
0.02000213
0.01999974
0.02000093
0.01999807
0.01600027
0.01599956
0.01600218
0.01599956
0.02000165
0.01599932
0.01720309
0.01953530
0.01599884
0.01599836
0.01599979
0.01599932
0.01600194
0.01999903
0.01600051
0.01600027
0.01599813
0.01600146
0.01600075
0.01599956
0.01599979
0.01797986
0.01600289
0.01599813
0.01600242
0.01600122
0.01599884
0.02000380
0.01600027
0.01977062
0.01516700
0.01599979
0.01599908
0.01600432
0.01700997
0.01600170
0.01599860
0.01600027
0.01600170
0.01600027
0.01600051
0.02000046
0.01600099
0.01599932
0.02000070
0.01759768
0.01602650
0.01600003
0.01736927
0.01404190
0.01704907
0.02000046
0.01999855
0.01600051
0.01646876
0.02000141
0.01600027
0.02000165
0.01999950
0.01999974
0.02000070
0.04400039
0.02000046
0.01999974
0.01599932
0.01599979
0.01999998
0.05999994
0.01855540
0.01999927
0.01999879
0.01999974
0.02000070
0.01615763
0.01600122
0.01999950
0.01999950
0.02000308
0.01715827
0.01599860
0.01861787
0.01599836
0.02000141
0.02000117
0.01999807
0.01600099
0.01599979
0.02001357
0.01999974
0.02116990
0.02000260
0.02041292
0.01999903
0.01999927
0.01941967
0.01999998
0.03998947
0.03700995
0.03718138
0.03700900
0.03999376
0.03599858
0.03520966
0.03600049
0.02000046
0.01600599
0.01999903
0.01670241
0.01599884
0.01599956
0.01599836
0.01600122
0.01999927
0.01599932
0.02000189
0.01980257
0.01600122
0.02000165
0.01600051
0.01599813
0.01999974
0.01600194
0.01599860
0.01600146
0.02000165
0.01600194
0.01715660
0.01600027
0.01600194
0.01510525
0.02000046
0.01599979
0.02000284
0.01599979
0.01599789
0.01600051
0.01999998
0.01600075
0.01617002
0.02000213
0.01999879
0.02000070
0.01599956
0.02000070
0.02000046
0.01599216
0.01600146
0.01599741
0.01599813
0.01600099
0.02000308
0.01999736
0.01725054
0.02000165
0.01815438
0.01999974
0.01999998
0.01999950
0.01600051
0.01999998
0.01600194
0.01813388
0.01599836
0.02000213
0.01999903
0.01999807
0.01999950
0.02000046
0.01600003
0.01600051
0.01718140
0.01600075
0.01505756
0.01599932
0.02000046
0.01599956
0.01600099
0.01600003
0.01999879
0.01600122
0.02000213
0.01999855
0.01600075
0.01600027
0.02000093
0.01999831
0.01600122
0.01603079
0.01599979
0.01600027
0.01718378
0.01997662
0.01599932
0.01599932
0.01590037
0.01601148
0.01599956
0.01999784
0.01715183
0.01918840
0.01608133
0.02000117
0.01600122
0.01600194
0.01600027
0.01600003
0.01600003
0.01642036
0.01600027
0.01600051
0.02000117
0.01599860
0.01600027
0.01600075
0.01600170
0.01529670
0.01600051
0.01600027
0.01717043
0.01600027
0.01600027
0.01599717
0.01599956
0.01599956
0.01599908
0.01999927
0.02000093
0.01999903
0.02000093
0.01599979
0.02000260
0.01600194
0.02000022
0.01599979
0.01600027
0.01599884
0.01599979
0.01599932
0.01600051
0.01600218
0.01600099
0.01600194
0.01600194
0.01600027
0.01600099
0.01660919
0.01600266
0.02000022
0.01599836
0.01600146
0.01599908
0.01599908
0.01599979
0.01600122
0.01600099
0.01600051
0.01599836
0.01408839
0.01598310
0.01599956
0.01599884
0.01600003
0.02000022
0.01600051
0.01999903
0.01599860
0.01599979
0.01599836
0.01600075
0.01599813
0.01599908
0.01599932
0.01600051
0.01341391
0.01600194
0.01599813
0.01599884
0.01600075
0.01608586
0.01599860
0.01600051
0.01599765
0.01600122
0.01599884
0.01600003
0.01600075
0.01599956
0.01999831
0.01937270
0.01600218
0.01600194
0.02000093
0.02000403
0.01599884
0.01600170
0.02000093
0.01760364
0.01999950
0.02000260
0.02000093
0.01999855
0.01999164
0.02000141
0.01599836
0.02000546
0.02000165
0.02000046
0.01998305
0.02000189
0.01599884
0.01999784
0.02000046
0.01999927
0.02000046
0.01998425
0.01999807
0.01999784
0.02000093
0.01999903
0.01997447
0.01721525
0.02000165
0.01599908
0.01997495
0.02115273
0.01599956
0.02000022
0.02000093
0.01669073
0.02001047
0.02001715
0.02118063
0.02000141
0.02114129
0.01600003
0.01999903
0.01599884
0.02000308
0.01999879
0.01778269
0.02000165
0.02000260
0.02118349
0.02000237
0.01999998
0.01999998
0.01999903
0.02000165
0.01599908
0.02000046
0.01729441
0.01600003
0.01601100
0.01600027
0.01999831
0.01599979
0.01600146
0.01600170
0.01599956
0.01999998
0.01600051
0.01600075
0.01599979
0.01999617
0.01600003
0.02000141
0.01999712
0.02000189
0.01599765
0.01600099
0.02000022
0.01600146
0.02000070
0.01999950
0.01999784
0.01599884
0.01600099
0.01999927
0.01999974
0.01600146
0.01600003
0.01600075
0.02000070
0.01600003
0.01599908
0.01599956
0.01734877
0.02000213
0.01999688
0.01600170
0.01999998
0.01837540
0.01999855
0.02000165
0.01599979
0.02000189
0.01999974
0.01599836
0.02000093
0.01999998
0.01599216
0.01599884
0.01999950
0.01600075
0.01999807
0.02000165
0.01715302
0.01600003
0.02000070
0.02000070
0.01999831
0.02190018
0.02000356
0.01599932
0.02115345
0.01999879
0.01999927
0.01600170
0.01999903
0.02001858
0.01981878
0.01599908
0.01998734
0.01999974
0.01599860
0.01999950
0.01999879
0.01999950
0.02115226
0.01932740
0.01999807
0.02000213
0.01999903
0.01999974
0.01999903
0.02117467
0.02020049
0.01600432
0.01599884
0.01717567
0.01599884
0.01597071
0.01600051
0.01599979
0.01721358
0.01600003
0.02000070
0.01597452
0.01599908
0.02000260
0.01600003
0.02000260
0.02000022
0.01599932
0.01600051
0.01669645
0.01599979
0.01599908
0.01600170
0.01719570
0.01599884
0.01600051
0.01603484
0.01672149
0.01600385
0.01599956
0.01599956
0.01600051
0.01599860
0.01599932
0.01600051
0.01599908
0.01716828
0.01930857
0.01700711
0.01600003
0.01600122
0.02016306
0.01600003
0.02000117
0.01682758
0.01415753
0.01999998
0.01999998
0.01599932
0.01600194
0.01599884
0.01600027
0.01600051
0.01600075
0.01600313
0.01600122
0.01599956
0.01999807
0.02000022
0.01999831
0.01600075
0.01758242
0.01600122
0.01600027
0.02000141
0.01715779
0.01600266
0.01599336
0.01567316
0.01599956
0.01600313
0.01600075
0.01600170
0.01506996
0.01600122
0.01600051
0.01615787
0.01794934
0.01373243
0.01599956
0.01600099
0.01600122
0.01600003
0.01600051
0.01600075
0.01592731
0.01599979
0.02000165
0.01599574
0.01599598
0.01577520
0.01599956
0.01599836
0.01599908
0.01599932
0.01600075
0.01999950
0.01599956
0.01621866
0.01599693
0.01467562
0.01600027
0.01599956
0.01599956
0.01600099
0.01599908
0.01602793
0.01510882
0.01599932
0.01599908
0.01599908
0.01200032
0.01199985
0.01200080
0.01599932
0.01599908
0.01599932
0.01600051
0.01600194
0.01599932
0.01199865
0.01200008
0.01599836
0.01600051
0.01592565
0.01600122
0.01199937
0.01599741
0.01600266
0.01599979
0.01199913
0.01665044
0.01485062
0.01600170
0.01597404
0.01598692
0.01600027
0.01600194
0.01600003
0.01200032
0.01600218
0.01571870
0.01600003
0.01600027
0.01199985
0.01599813
0.01600075
0.01691008
0.01598978
0.01600170
0.01600051
0.01599884
0.01600051
0.01600170
0.01750517
0.01301289
0.01600218
0.01600218
0.01599622
0.01599979
0.01600075
0.01600122
0.01599932
0.01600003
0.01600051
0.01598024
0.01597452
0.01600146
0.01578736
0.01527071
0.01600003
0.01999974
0.01599979
0.01600051
0.01600003
0.01600122
0.01721334
0.01599908
0.01569557
0.01600099
0.01199937
0.01600003
0.01600122
0.01200008
0.01599908
0.01199889
0.01199937
0.01600242
0.01599669
0.01199913
0.01600170
0.01199794
0.01600003
0.01599956
0.01199746
0.01599860
0.01599956
0.01600575
0.01600122
0.01233578
0.01600075
0.01600003
0.01600051
0.01199985
0.01599956
0.01599979
0.01598477
0.01600075
0.01600027
0.01200056
0.01600051
0.01719737
0.01600003
0.01447010
0.01199937
0.01199961
0.01599908
0.01599908
0.01320028
0.01541257
0.01499724
0.01200080
0.01199865
0.01600242
0.01600122
0.01200080
0.01600242
0.01600075
0.01599884
0.01599932
0.01600051
0.01599932
0.01599956
0.01788330
0.01600051
0.01600027
0.01599932
0.01599979
0.01320386
0.01600003
0.01600099
0.01600170
0.01814604
0.01600289
0.01597428
0.01600218
0.01599956
0.01599765
0.01599979
0.01600099
0.01600003
0.02000070
0.01600099
0.01694965
0.01320100
0.01600027
0.01599836
0.01599860
0.01599932
0.01599813
0.01599979
0.01999879
0.01600075
0.01675558
0.01600170
0.01600027
0.01599932
0.01600099
0.01717973
0.01600075
0.01600051
0.01599956
0.01644802
0.01599932
0.01600122
0.01600003
0.01599979
0.01999331
0.01600027
0.01600051
0.01600075
0.01600146
0.02000093
0.01600003
0.01599908
0.02066135
0.01627517
0.01998186
0.01600027
0.02000356
0.01717687
0.01600051
0.01600003
0.01596141
0.01599908
0.01333928
0.01200032
0.01599765
0.01599979
0.01378155
0.01599884
0.01199985
0.01599884
0.01598454
0.01388049
0.01600051
0.01199865
0.01600337
0.01599884
0.01602340
0.01599646
0.01200104
0.01600122
0.01199841
0.01600170
0.01599789
0.01200128
0.01599956
0.01599908
0.01199913
0.01599884
0.01488423
0.01200080
0.01600122
0.01599979
0.01203251
0.01599836
0.01200008
0.01600122
0.01600957
0.01199985
0.01200008
0.01199985
0.01762557
0.01600003
0.01599860
0.01719475
0.01599336
0.01200342
0.01199865
0.01199818
0.01600075
0.01600003
0.01601839
0.01200080
0.01680160
0.01405025
0.01599813
0.01200080
0.01200032
0.01616216
0.01199937
0.01599884
0.01601744
0.01599956
0.01199961
0.01601100
0.01600027
0.01378512
0.01599884
0.01600289
0.01716161
0.01199961
0.01599908
0.01598167
0.01200104
0.01823926
0.01600337
0.01599884
0.01599979
0.01599264
0.01303220
0.01200032
0.01423788
0.01600051
0.01600051
0.01598263
0.01599908
0.01600027
0.01199961
0.01601648
0.01599932
0.01599360
0.01599741
0.01439929
0.01600170
0.01599860
0.01600051
0.01199937
0.01599908
0.01714325
0.01600099
0.01600003
0.01599956
0.01600099
0.01600027
0.01200151
0.01200032
0.01600099
0.01286554
0.01598144
0.01199865
0.01600003
0.01199937
0.01614761
0.01199985
0.01199913
0.01600075
0.01200175
0.01600003
0.01599836
0.01568818
0.01199937
0.01199889
0.01600027
0.01720500
0.01600051
0.01200008
0.01199985
0.01598024
0.01600027
0.01199865
0.01600051
0.01199794
0.01600075
0.01600122
0.01198316
0.01600122
0.01599932
0.01598883
0.01200008
0.01599884
0.01672196
0.01599813
0.01599908
0.01316190
0.01599932
0.01599503
0.01845312
0.01597643
0.01599979
0.01599956
0.01599717
0.01600003
0.01600194
0.01600122
0.01597929
0.01471567
0.01600051
0.01601243
0.01600051
0.01715207
0.01599360
0.01599979
0.01599884
0.01600075
0.01600170
0.01600027
0.01600099
0.01600099
0.01199555
0.01599979
0.01600003
0.01599264
0.01597881
0.01600122
0.01600122
0.01600289
0.01200008
0.01200128
0.01600790
0.01809645
0.01599813
0.01600003
0.01600075
0.01200151
0.01599860
0.01227283
0.01600003
0.01599884
0.01600003
0.01599932
0.01600051
0.01600075
0.01600003
0.01600051
0.01598883
0.01315308
0.01598024
0.01599836
0.01600099
0.01197958
0.01600146
0.01599860
0.01528382
0.01600027
0.01600242
0.01599932
0.01599979
0.01197267
0.01199961
0.01589966
0.01215243
0.01199937
0.01600027
0.01600122
0.01600003
0.01686335
0.01434135
0.01600313
0.01600099
0.01599860
0.01718807
0.01600003
0.01600099
0.01601076
0.01600003
0.01881695
0.01599932
0.01599813
0.01599836
0.01599908
0.01598763
0.01599979
0.01616025
0.01600313
0.01600003
0.01599956
0.01599765
0.01599932
0.01600027
0.01695085
0.01599932
0.01599979
0.01600003
0.01600146
0.01599860
0.01599979
0.01600075
0.01581311
0.01600003
0.01600027
0.01599956
0.01600170
0.01599956
0.01600027
0.01600027
0.01600122
0.01600170
0.01599860
0.01600027
0.01598358
0.01600289
0.01599741
0.01599908
0.01599073
0.01600170
0.01721382
0.01600122
0.01600051
0.01685953
0.01423669
0.01600218
0.01600218
0.01599884
0.01200128
0.01600146
0.01600051
0.01599956
0.01599813
0.01599979
0.01200104
0.01599622
0.01200128
0.01200056
0.01199961
0.01203346
0.01599813
0.01600266
0.01599932
0.01599908
0.01200056
0.01600122
0.01600051
0.01600003
0.01599979
0.01470089
0.01600075
0.01599956
0.01600122
0.01716065
0.01600075
0.01600051
0.01600075
0.01600075
0.01368499
0.01599932
0.01600003
0.01600075
0.01599813
0.01600051
0.01549554
0.01404738
0.01200128
0.01600146
0.01600122
0.01600099
0.01599979
0.01599979
0.01600051
0.01601887
0.01600122
0.01599765
0.01300716
0.01599979
0.01599860
0.01600075
0.01599932
0.01199937
0.01200199
0.01599956
0.01600003
0.01587558
0.01599956
0.01600027
0.01600242
0.01600575
0.01200056
0.01600003
0.01599884
0.01600075
0.01600099
0.01600003
0.01600146
0.01599956
0.01600027
0.01600099
0.01600075
0.01200032
0.01600766
0.01590466
0.01600194
0.01717901
0.01599979
0.01599979
0.01600409
0.01600075
0.01599979
0.01361966
0.01600170
0.01600313
0.01599622
0.01716948
0.01599932
0.01600075
0.01599884
0.01365304
0.01598167
0.01600051
0.01200008
0.01597714
0.01605535
0.01600099
0.01600146
0.01600099
0.01716471
0.01600099
0.01717210
0.01144910
0.01599884
0.01600099
0.01718020
0.01600051
0.01599956
0.02000141
0.01600099
0.01600003
0.01599979
0.01600146
0.01600099
0.01599789
0.01600075
0.01600266
0.01599979
0.01600170
0.01600003
0.01600266
0.01600075
0.01599979
0.02000093
0.01999640
0.01599765
0.01600027
0.01599956
0.01600122
0.01599789
0.01600003
0.01316833
0.01599836
0.01599932
0.01600075
0.01599956
0.01599979
0.01599741
0.01599956
0.01999187
0.01600003
0.01999927
0.01925087
0.01700902
0.01599932
