0.02400088
0.07999992
0.07600045
0.04884768
0.04799628
0.06798935
0.08123875
0.05999231
0.06000352
0.07998204
0.03599620
0.03599429
0.08000183
0.07999659
0.03200150
0.03199816
0.03199816
0.04800129
0.09349179
0.07327390
0.03999949
0.05200052
0.06000090
0.06399846
0.04799819
0.09600091
0.06799579
0.05599833
0.08399558
0.07202363
0.08799839
0.08800125
0.08800435
0.10800076
0.06402159
0.09599829
0.06401324
0.06799793
0.10400200
0.09599400
0.06799841
0.10388017
0.06799746
0.10399842
0.14399648
0.09199762
0.09999681
0.09999418
0.05405760
0.07320738
0.06796193
0.06400037
0.09930587
0.10502625
0.10000682
0.05599856
0.05599737
0.08800554
0.08797288
0.14396238
0.09502530
0.03599906
0.03600073
0.03599811
0.05999732
0.06000566
0.07600260
0.07600164
0.08402491
0.04399991
0.03999925
0.03599834
0.04397702
0.07200217
0.07862115
0.07730961
0.07598543
0.05200911
0.10647631
0.08520675
0.11199498
0.06400156
0.06799817
0.10399437
0.10807109
0.11142612
0.11602116
0.06400061
0.06391144
0.05983567
0.06400084
0.15196991
0.09600425
0.11066675
0.08401394
0.06400228
0.05600142
0.09999847
0.06774688
0.05600023
0.05602407
0.07597995
0.11200142
0.06399345
0.06800008
0.10399055
0.07039714
0.11325145
0.07370734
0.05700660
0.06399798
0.10001278
0.09999919
0.09200025
0.05599856
0.05200005
0.04798198
0.09113383
0.08528018
0.07199240
0.04397798
0.05200052
0.08399653
0.08000422
0.08399749
0.06797218
0.07599354
0.03600001
0.09200168
0.03449726
0.04521108
0.03999186
0.04799962
0.06799555
0.10400391
0.10401082
0.10799241
0.06669235
0.06519580
0.06399894
0.06000113
0.06000590
0.06726551
0.09725094
0.07997537
0.06000018
0.08799982
0.06401587
0.07599974
0.06799722
0.05529261
0.09727430
0.10399556
0.10798144
0.10175467
0.07731199
0.05599856
0.06401634
0.09999299
0.10801506
0.10399699
0.14798141
0.08798242
0.09973621
0.06919956
0.07199812
0.08400035
0.07999921
0.07200074
0.06799865
0.07200074
0.06799531
0.07599878
0.05599952
0.06399870
0.10000014
0.08976626
0.11322284
0.07199740
0.05997515
0.05599952
0.06400609
0.08399677
0.07200122
0.07610345
0.08799958
0.15199471
0.15750313
0.14800191
0.11600161
0.12799597
0.09199381
0.10798240
0.06799912
0.09599853
0.08027577
0.10130143
0.09199309
0.07600260
0.11199403
0.08802247
0.06121230
0.10399246
0.06800056
0.05599594
0.06400990
0.10400581
0.10800052
0.14398050
0.10399890
0.08398461
0.03599954
0.08002973
0.07599759
0.06400347
0.08799601
0.06497860
0.08902669
0.07599807
0.04396844
0.04399705
0.04800010
0.04800034
0.05200124
0.06799912
0.06799769
0.08397293
0.08756471
0.11724591
0.07201290
0.10399485
0.08799839
0.06799984
0.09200144
0.05999994
0.11599779
0.06182456
0.06399941
0.06117558
0.07599688
0.05987525
0.06519222
0.06800103
0.07599902
0.11599278
0.10799909
0.10799575
0.08799481
0.09201980
0.09999418
0.07598639
0.08175516
0.05316520
0.09197068
0.11199164
0.05600119
0.09199834
0.05988479
0.05594897
0.10800362
0.05999827
0.09819818
0.15199661
0.08798504
0.07199717
0.07199621
0.05569124
0.05117393
0.05321693
0.09597898
0.10799813
0.09714937
0.06000638
0.05719733
0.05599952
0.04000378
0.05600286
0.05199647
0.06398225
0.05200005
0.05599976
0.08399606
0.04401302
0.09999156
0.08800030
0.09137726
0.10126209
0.06799626
0.08400464
0.08799982
0.09199715
0.06399941
0.06399894
0.06797695
0.06799912
0.05599904
0.05599952
0.05199909
0.06400204
0.10403156
0.10400319
0.09200740
0.07200336
0.07200146
0.05599976
0.05199981
0.05200028
0.05599928
0.05199933
0.03599977
0.03600025
0.06400585
0.08400583
0.08400750
0.08000183
0.08399987
0.05999827
0.06000137
0.06000137
0.04783225
0.08924222
0.08397698
0.08399916
0.09215569
0.08531213
0.10397553
0.06799793
0.06799865
0.11998320
0.12801218
0.10799742
0.09600043
0.11583877
0.09724116
0.07599902
0.07598758
0.05999827
0.05999947
0.06798005
0.05999827
0.05599070
0.05599976
0.05599809
0.06001306
0.06002975
0.05601287
0.05996442
0.06742167
0.05207467
0.05320954
0.03599834
0.05602288
0.03599858
0.03600001
0.03999805
0.04801393
0.05199933
0.05600429
0.06400180
0.05601335
0.05600166
0.05202651
0.05200195
0.06000137
0.05599761
0.03200054
0.03519607
0.03999996
0.03315949
0.03197789
0.03199959
0.03202605
0.03341293
0.03200102
0.03202391
0.05600071
0.05599880
0.07201147
0.09599495
0.10400414
0.10796809
0.09523892
0.07600451
0.07602334
0.05999994
0.05999994
0.05999923
0.10401058
0.09599209
0.11600065
0.06800008
0.06001377
0.05599999
0.10627222
0.06399989
0.05992579
0.08000588
0.10400152
0.07599878
0.05999923
0.06000113
0.06000185
0.07568002
0.08119369
0.07599378
0.05599880
0.05199862
0.06942821
0.09198999
0.07199979
0.06000018
0.05599976
0.05200315
0.10399914
0.09599447
0.06799817
0.09199977
0.10694909
0.10120869
0.10400414
0.10000968
0.06399846
0.06799650
0.10399961
0.06800032
0.06399989
0.07599926
0.07197857
0.06399989
0.05643296
0.04400134
0.04802084
0.04800010
0.04399896
0.06799603
0.04799795
0.06800556
0.09200811
0.08799887
0.05200291
0.08000040
0.03999877
0.07999730
0.08022094
0.03599787
0.03600502
0.05197549
0.08800364
0.06799698
0.05997992
0.05600047
0.05199981
0.05200028
0.05476499
0.05213952
0.05597448
0.06399846
0.07998705
0.05897450
0.05600023
0.09199595
0.04800177
0.03999901
0.03600073
0.03601837
0.03599954
0.04000092
0.03999949
0.03599954
0.08675504
0.05170989
0.06399560
0.07720709
0.05999660
0.08754873
0.10533643
0.10119557
0.10799599
0.10399938
0.11998725
0.11197758
0.11600327
0.10398364
0.10849428
0.09590268
0.07999516
0.09319305
0.10799623
0.08799958
0.09997153
0.07599974
0.13199520
0.09535599
0.06119633
0.06799817
0.05999732
0.06399846
0.05597329
0.06001663
0.05999899
0.05599713
0.05599928
0.05600023
0.05599928
0.03600025
0.03600097
0.06399775
0.03926635
0.03999472
0.04924989
0.06000423
0.06001830
0.09200168
0.08769727
0.05322647
0.05599904
0.05199790
0.04399920
0.03200150
0.07999206
0.08800149
0.06800580
0.06229687
0.05715632
0.06000090
0.06400228
0.06799817
0.11201119
0.10000229
0.08800197
0.11200094
0.10000706
0.07999969
0.06800008
0.05599928
0.05599928
0.05199981
0.05599999
0.05600071
0.10400844
0.10399365
0.05599904
0.05599999
0.09236479
0.05199957
0.05600023
0.05199957
0.05199933
0.05203485
0.05577016
0.07600212
0.08400226
0.07999206
0.05592465
0.05599880
0.05599904
0.05199933
0.03200078
0.08799410
0.05200243
0.08611560
0.08924866
0.08802772
0.09200835
0.08403158
0.08800507
0.07600164
0.08400798
0.08400226
0.09221435
0.06000042
0.06121206
0.05999947
0.05999804
0.05999875
0.06799912
0.06799817
0.06001544
0.05999851
0.05998683
0.05199909
0.11199307
0.10399890
0.05696511
0.06400108
0.05599976
0.05599856
0.06400061
0.07200098
0.08000016
0.10000038
0.10398364
0.05999923
0.10800481
0.11200523
0.09227037
0.06926298
0.05990648
0.05885768
0.05601811
0.05704474
0.05596447
0.05320644
0.05599999
0.05600023
0.03600001
0.04400229
0.04401731
0.04400063
0.04771852
0.06400132
0.06798434
0.08922338
0.09224868
0.03599858
0.04000068
0.03996658
0.09202981
0.07999754
0.03999805
0.04398298
0.03998542
0.04798508
0.09200096
0.07196689
0.08798027
0.10832620
0.11599708
0.09999990
0.08800316
0.08799720
0.05999660
0.08799553
0.06000042
0.07199955
0.11602402
0.06799865
0.06903672
0.08799100
0.07999897
0.05999970
0.05999112
0.05601192
0.05599976
0.05999899
0.05599928
0.06399965
0.07614303
0.06921649
0.05597806
0.06403255
0.05599833
0.07692122
0.08122277
0.06797981
0.05200052
0.05599999
0.05832362
0.04400253
0.08523512
0.07600141
0.05599380
0.03599930
0.03599787
0.03600097
0.04000044
0.04399896
0.04000044
0.04473162
0.03997111
0.04399872
0.04419422
0.05999565
0.09999490
0.04000688
0.04368567
0.04399896
0.04799652
0.04800153
0.05200076
0.04799938
0.05600166
0.09200573
0.09999537
0.05200076
0.06000113
0.06000018
0.05199838
0.05997539
0.05199981
0.06000042
0.06399584
0.09999537
0.10000014
0.08000088
0.07999802
0.07200050
0.06799817
0.07521987
0.06399608
0.06800103
0.07199931
0.10000253
0.10400200
0.09200048
0.08399558
0.05999804
0.06400847
0.06402779
0.06000113
0.08000016
0.11870122
0.06011772
0.06402493
0.13599801
0.06799817
0.10399938
0.07999825
0.06399965
0.12400079
0.09200072
0.13595510
0.12920117
0.12418628
0.09200382
0.10129356
0.11199522
0.12400007
0.05999947
0.06399941
0.07999921
0.09200001
0.11999702
0.13199902
0.12000060
0.10436893
0.07885075
0.06517315
0.08800411
0.06000185
0.07200027
0.07200098
0.08205271
0.12119675
0.06398010
0.05999947
0.06790066
0.07199812
0.07200027
0.07600284
0.09599876
0.07998013
0.07200456
0.06252074
0.06399989
0.06122112
0.06598234
0.06121993
0.06000876
0.05999565
0.06401992
0.07198620
0.06400037
0.06002617
0.07094073
0.07599998
0.07720709
0.08799720
0.06800699
0.07999897
0.10942292
0.08926558
0.11999631
0.08798766
0.08399916
0.07199740
0.05999470
0.06399608
0.06798983
0.05999947
0.08000255
0.13598847
0.10502267
0.08400679
0.06799984
0.06401610
0.03998160
0.03999901
0.03999972
0.03999829
0.04400015
0.05599785
0.06401181
0.05998564
0.05599833
0.05599594
0.07200146
0.11905122
0.04403067
0.04399920
0.08400369
0.11999750
0.06754947
0.05599618
0.04400539
0.03998089
0.04121661
0.06398654
0.06799889
0.06399751
0.06399941
0.07199907
0.06767297
0.06399918
0.06520200
0.07199621
0.07599950
0.07599759
0.13199997
0.07599807
0.08799744
0.06372237
0.06399918
0.07199907
0.07599854
0.06799626
0.06218719
0.05599880
0.05720997
0.05999875
0.05999708
0.04399872
0.04399967
0.04399800
0.05197763
0.04950476
0.04802394
0.04000092
0.04372239
0.04000092
0.03999925
0.04799771
0.06400275
0.11383891
0.09599710
0.04516411
0.04401231
0.04399848
0.04399753
0.04402351
0.06800079
0.11200070
0.05203342
0.07199860
0.12800550
0.11201429
0.13787651
0.09599686
0.06519437
0.06871367
0.06800032
0.06922054
0.06799984
0.07167935
0.06399369
0.06379008
0.06764865
0.06401467
0.07199454
0.06799841
0.06799936
0.06399870
0.07377934
0.07722712
0.06800413
0.06799936
0.06399894
0.06800056
0.06400037
0.08000112
0.08400059
0.08800149
0.08800006
0.08000112
0.13599038
0.07199979
0.07199979
0.06800008
0.07200313
0.07199812
0.07599854
0.06800103
0.07198668
0.07200193
0.09199762
0.07999969
0.06799936
0.07179642
0.11200094
0.09554672
0.10118985
0.08400035
0.09199929
0.06800032
0.08400273
0.07999706
0.08399653
0.08398938
0.08001161
0.10000086
0.07999873
0.10306859
0.10799813
0.08000016
0.09199762
0.08399963
0.08799767
0.08000159
0.09599972
0.10799575
0.07599950
0.07572770
0.08019829
0.07600093
0.07408786
0.07600236
0.07717037
0.07600093
0.07406664
0.07306910
0.07114983
0.07744765
0.07199907
0.07199979
0.06736779
0.07199907
0.06870532
0.07200050
0.06825781
0.07200074
0.07200074
0.07200098
0.07199860
0.06799912
0.07200003
0.06799889
0.07200122
0.06800127
0.07197213
0.07199883
0.07601452
0.07599759
0.07199764
0.07199931
0.07199979
0.07200289
0.08799982
0.08399868
0.08799958
0.09581876
0.08516121
0.10399795
0.13940430
0.10072589
0.08519912
0.07200122
0.06920600
0.06799746
0.06822991
0.07599831
0.06904101
0.07200456
0.07103801
0.07196331
0.08800054
0.10797548
0.10387826
0.07999873
0.10399818
0.08398795
0.14800525
0.16399384
0.07599902
0.07599926
0.07200074
0.08465314
0.07999969
0.06932759
0.08000278
0.07529545
0.06399894
0.07717443
0.07600856
0.10399580
0.06799817
0.07199788
0.08053994
0.06803703
0.06799912
0.07311797
0.07999849
0.06799817
0.07037091
0.07199669
0.07722902
0.07999992
0.09127283
0.07726407
0.10400033
0.13196731
0.07199883
0.06799936
0.07600093
0.07999945
0.09690857
0.07199907
0.05199981
0.05600047
0.05999970
0.06400061
0.05999708
0.10000658
0.09999490
0.08800268
0.11600494
0.14399767
0.07599878
0.07588935
0.06800056
0.07199812
0.07600355
0.07200003
0.07199931
0.07200027
0.07202029
0.07199001
0.08399868
0.10000300
0.11200190
0.08387256
0.08968210
0.15727711
0.07200027
0.07602811
0.08399916
0.09200168
0.19602108
0.18399882
0.12001276
0.07245445
0.07600021
0.10921836
0.12802386
0.11599922
0.06800151
0.08400941
0.09199977
0.09199929
0.07200146
0.07199955
0.07199979
0.06793785
0.15729856
0.10799384
0.06800008
0.07200027
0.06799769
0.07174373
0.07999635
0.13600159
0.10399151
0.07600069
0.07599878
0.09258056
0.09321380
0.14802289
0.13599682
0.10800076
0.10800219
0.12000561
0.06921077
0.06800103
0.06399989
0.06799984
0.08770347
0.14399815
0.10800266
0.11322427
0.09198689
0.07997918
0.06399894
0.07199907
0.06802344
0.07596970
0.07599592
0.06797934
0.14529777
0.14387608
0.08524966
0.08799958
0.07199097
0.06797147
0.06800056
0.06400275
0.06797290
0.07599974
0.05599809
0.07199001
0.09786391
0.06421351
0.06799984
0.04800081
0.04403615
0.04799795
0.04799986
0.05200100
0.08800030
0.11599493
0.12398624
0.08799815
0.04799843
0.05199790
0.04573584
0.04799891
0.05191278
0.06000090
0.07999945
0.06799841
0.07602119
0.06789613
0.08001018
0.07599711
0.07999778
0.07199669
0.07997656
0.06799912
0.06802487
0.09599686
0.14004254
0.07199979
0.07599783
0.08401060
0.07200027
0.08400011
0.08400106
0.06800199
0.07198405
0.07199979
0.06800103
0.07199979
0.06400728
0.06604314
0.06516576
0.07999969
0.06399035
0.06799722
0.06370664
0.07200027
0.06774354
0.05199957
0.05200052
0.05600023
0.04799986
0.04799891
0.04799938
0.07199883
0.04800010
0.04797506
0.04399872
0.05999947
0.08399677
0.11599612
0.05199909
0.04803038
0.05599999
0.07199955
0.06799722
0.04799914
0.05199981
0.06800199
0.06400156
0.07199812
0.07201767
0.07842612
0.12530327
0.12399530
0.08399844
0.07200003
0.09600353
0.13200235
0.09202433
0.09599257
0.09200096
0.13227963
0.12922692
0.10399795
0.07602215
0.07999849
0.09199977
0.08799887
0.11199927
0.18444729
0.11603022
0.11213207
0.04927015
0.05199933
0.05201793
0.04399920
0.04399991
0.04400086
0.04401016
0.04800010
0.06000257
0.03999972
0.05200243
0.05921268
0.08921671
0.08399057
0.06000137
0.06400180
0.06606579
0.03999996
0.04123807
0.05999899
0.04400182
0.03999853
0.03999996
0.04400063
0.06800103
0.06800056
0.06800151
0.05999875
0.07549262
0.05999994
0.05999851
0.04399920
0.12799883
0.10532308
0.05600238
0.05600095
0.06799865
0.10399938
0.05599999
0.05599904
0.05199957
0.04001379
0.04004216
0.04400086
0.04399967
0.04799986
0.05199790
0.08014321
0.07600570
0.07200050
0.05319762
0.09202290
0.15200520
0.07999992
0.06782460
0.07200074
0.06770444
0.06373811
0.06399894
0.08800101
0.10597038
0.07599783
0.09722877
0.07599783
0.07178116
0.06799817
0.07599831
0.07200813
0.07601738
0.08799720
0.08795977
0.06514955
0.06400084
0.06399798
0.06402111
0.06399989
0.06770730
0.08129692
0.08399820
0.06800008
0.07599974
0.06791902
0.06918406
0.06798244
0.06400013
0.06802225
0.08401108
0.13599706
0.06000018
0.06946111
0.07600164
0.10000014
0.14800000
0.11416197
0.07200360
0.07999945
0.05997181
0.07599926
0.06799960
0.07600117
0.08800268
0.08382082
0.06401849
0.06799769
0.06399870
0.07599902
0.07999015
0.07599711
0.06799936
0.06799912
0.06800175
0.08399987
0.08799028
0.08399630
0.06799912
0.06799960
0.10796642
0.13599658
0.10396004
0.06800318
0.06799889
0.04799938
0.04799938
0.04799962
0.04400063
0.04802561
0.04799318
0.04799652
0.04402757
0.04799938
0.04399943
0.04800177
0.04688644
0.04799843
0.04919529
0.04801226
0.04796100
0.04399872
0.04397464
0.05199838
0.05199933
0.06399870
0.06000042
0.05599666
0.05599904
0.04802084
0.06399894
0.10800076
0.12873244
0.06915569
0.07599783
0.06802106
0.07200003
0.08800054
0.10399961
0.14476895
0.08125448
0.07999873
0.06799746
0.06778240
0.07196403
0.07072878
0.11649275
0.08800173
0.13999772
0.11599064
0.06799889
0.07197976
0.07199955
0.07998562
0.11999750
0.10220981
0.06399798
0.07599902
0.07599187
0.06799769
0.05999947
0.06400156
0.05599856
0.05202055
0.04799485
0.04799914
0.04399967
0.05598879
0.05999970
0.06800151
0.07599998
0.08917928
0.09199405
0.05600166
0.05200338
0.05599618
0.07199979
0.07600307
0.06799412
0.04799771
0.04800010
0.06800103
0.07199860
0.07197070
0.07146311
0.09202504
0.14333320
0.08800721
0.09200096
0.08399749
0.07197046
0.06796837
0.07588601
0.11199737
0.14397931
0.10799885
0.12625146
0.07722688
0.09201908
0.07999587
0.15599203
0.10385346
0.06799936
0.06765175
0.05198932
0.04799700
0.04799795
0.05197597
0.04800677
0.04799914
0.07200003
0.12800097
0.07201695
0.04800272
0.04799891
0.04799938
0.04801536
0.05599785
0.05602646
0.05598307
0.05599999
0.06399989
0.07200146
0.06799746
0.05599904
0.05699897
0.10121274
0.07999802
0.07999921
0.07999015
0.07551312
0.07716751
0.07200027
0.07200575
0.07602024
0.07196760
0.07999921
0.06801200
0.06799912
0.07088017
0.09718299
0.07198477
0.07600069
0.09600282
0.13996387
0.11597610
0.12799406
0.09200001
0.07199860
0.07201624
0.07904339
0.07722235
0.08800101
0.11200047
0.07998872
0.09599853
0.15600634
0.07198143
0.07571530
0.09600163
0.09599543
0.07668543
0.08019900
0.13202262
0.17998719
0.11599636
0.08799958
0.07199979
0.08785462
0.13999796
0.07199764
0.07232428
0.07191563
0.06919026
0.06800342
0.07600141
0.09999967
0.13600326
0.14000392
0.11999512
