0.03200006
0.02400017
0.02400732
0.02399683
0.02399468
0.01998878
0.02399111
0.04399228
0.04367471
0.03999996
0.03317976
0.03599119
0.04000139
0.04427433
0.04400611
0.04398680
0.04400396
0.04399228
0.03999019
0.04399896
0.04400420
0.04397392
0.04399824
0.04400349
0.03599930
0.03599954
0.02799892
0.02000046
0.02001643
0.02000260
0.02400017
0.02399659
0.02400875
0.02400923
0.02400327
0.02400565
0.02399850
0.02399611
0.02400589
0.02799797
0.01999903
0.01999736
0.01600003
0.01999927
0.02800417
0.02400017
0.02400017
0.02399850
0.02268577
0.02520251
0.04679418
0.04799914
0.04399252
0.04400587
0.04800487
0.04800940
0.04402089
0.04398584
0.04396844
0.04399586
0.04400349
0.04800415
0.04800081
0.04400158
0.04799247
0.04400611
0.04800844
0.04797268
0.04800344
0.05199361
0.04399776
0.04963088
0.05200529
0.04799342
0.04800868
0.04801130
0.04800248
0.04398537
0.03999996
0.03999805
0.07999110
0.07200146
0.01600552
0.01999879
0.02400398
0.02400374
0.02399349
0.02399635
0.02399659
0.02799654
0.02257013
0.02400112
0.02398992
0.02401972
0.02400661
0.02400756
0.02800465
0.02400351
0.02003741
0.02000141
0.01999998
0.02800465
0.02400351
0.02800202
0.02800012
0.02399683
0.04704857
0.05199552
0.04427409
0.04519677
0.04399705
0.04399848
0.04800105
0.04734874
0.04398251
0.04120207
0.04000092
0.04000068
0.03999352
0.04399633
0.04398680
0.03999877
0.03999496
0.03717184
0.04399824
0.03599429
0.03599954
0.03199911
0.03600097
0.03200293
0.02400112
0.02403593
0.02400780
0.02400565
0.02400255
0.02397966
0.02799964
0.02399659
0.02402568
0.02400327
0.02400327
0.02400374
0.02399874
0.02342725
0.02400208
0.02528667
0.01999855
0.01999879
0.02800703
0.02799964
0.02400088
0.01999664
0.01995254
0.02399921
0.01999378
0.02399969
0.03999400
0.03598118
0.03999829
0.03599715
0.03599334
0.04067564
0.04398942
0.03997517
0.03999853
0.04000044
0.03599977
0.03500414
0.01999831
0.01999974
0.02102661
0.02400374
0.02399969
0.02621889
0.02399158
0.02186537
0.02399755
0.02000260
0.02399278
0.01998925
0.01597285
0.01600003
0.01600003
0.02397156
0.02799988
0.02000260
0.01999879
0.01999927
0.02801871
0.02400923
0.02397251
0.02399850
0.02000618
0.02400064
0.02400923
0.02577209
0.02401304
0.02800441
0.02799726
0.01999879
0.02800274
0.02801299
0.03003025
0.02926755
0.03199768
0.02801633
0.03200722
0.02799702
0.02403855
0.02800226
0.03200221
0.04399657
0.04400253
0.04799986
0.04399395
0.04800034
0.04799724
0.04399347
0.04399562
0.03999758
0.04001808
0.03998184
0.01999831
0.02800012
0.02402592
0.02400661
0.02400732
0.02399993
0.02400661
0.02397370
0.02400017
0.02399731
0.02400208
0.01999474
0.02399898
0.02800584
0.02803659
0.02800560
0.02399254
0.02400970
0.02530694
0.02399945
0.02400208
0.02431488
0.02800035
0.02800870
0.02399778
0.04000688
0.04800296
0.04399657
0.04000068
0.04003334
0.03621006
0.04124975
0.04400706
0.04150939
0.04001522
0.04397488
0.04398751
0.04397082
0.04400277
0.04400325
0.04399729
0.04400110
0.04399419
0.04000330
0.03999543
0.03600335
0.04400682
0.04608011
0.04000425
0.04399776
0.03599954
0.03599977
0.03599954
0.02399945
0.02000070
0.01913285
0.01999402
0.01999998
0.01999855
0.01600003
0.01599860
0.01600218
0.02000165
0.01997471
0.02399802
0.02400064
0.02000904
0.01600122
0.02000046
0.02269816
0.02399015
0.02400351
0.01999664
0.02000546
0.02397203
0.02399635
0.02799463
0.02000713
0.03199530
0.02399445
0.02000284
0.02400041
0.02801967
0.02799726
0.02400112
0.02800298
0.02797866
0.02800107
0.03199553
0.03201056
0.03201246
0.03386784
0.03600168
0.02923870
0.02799892
0.02399683
0.02397394
0.02003503
0.02800441
0.02800035
0.03200722
0.02799463
0.04396224
0.04400086
0.04399276
0.04776883
0.04002452
0.04638052
0.04400086
0.04802465
0.03999519
0.03997731
0.04399920
0.04403186
0.04399705
0.04404211
0.04001331
0.04400396
0.04401422
0.03999782
0.03600049
0.03599954
0.04305053
0.03999734
0.04124546
0.01999688
0.02400351
0.02399945
0.02425265
0.02799773
0.02919650
0.02800369
0.03200722
0.01999998
0.01999712
0.01599669
0.02402091
0.02400255
0.02795935
0.02399683
0.02804065
0.02400589
0.02399969
0.02799559
0.02799869
0.03082323
0.02800345
0.03201079
0.02000213
0.01999974
0.03199911
0.02399492
0.01599860
0.01998401
0.01599836
0.01599932
0.02002978
0.01999998
0.02399993
0.02397943
0.03999853
0.03598881
0.03599930
0.01600003
0.01999998
0.02399802
0.02400088
0.02400279
0.02399802
0.02950311
0.02400279
0.02399778
0.02000046
0.02397966
0.02399921
0.02400136
0.03200030
0.03200054
0.02799273
0.03199911
0.03199387
0.02799773
0.03202701
0.02894855
0.03200650
0.02799726
0.02799654
0.03200555
0.02799582
0.03198075
0.02689385
0.05200362
0.05198693
0.05200291
0.05199385
0.05163503
0.03999972
0.05200100
0.05199313
0.05568480
0.04917908
0.03999877
0.03600049
0.04000044
0.04400659
0.02801991
0.02914572
0.02000022
0.02400041
0.02000165
0.02400136
0.02000237
0.02799559
0.02400088
0.02000165
0.02399993
0.03202534
0.02800751
0.03199863
0.02800345
0.02400494
0.02798533
0.03200030
0.02803373
0.02799344
0.02000117
0.01599813
0.01599884
0.01599932
0.03078961
0.03200245
0.02925396
0.03199983
0.03999925
0.04400587
0.04400682
0.02797031
0.02399516
0.03199768
0.03200507
0.03199887
0.01997375
0.01999831
0.01999784
0.01874018
0.01999760
0.02000093
0.02001286
0.02399683
0.03404999
0.02400017
0.02400732
0.02401996
0.01999950
0.03200078
0.02800226
0.02400160
0.02401018
0.03200030
0.02398205
0.02800035
0.02801347
0.02799582
0.02799702
0.03199983
0.04798508
0.04800010
0.04000020
0.02000475
0.02397847
0.02399683
0.03200102
0.03198862
0.03600025
0.02799177
0.02400279
0.02000213
0.01999831
0.02399945
0.01999760
0.01999521
0.01999855
0.02400255
0.02400208
0.02797771
0.02801681
0.03201652
0.02399349
0.02800226
0.02800632
0.02800369
0.01999760
0.01998162
0.01999879
0.02934432
0.02800703
0.02800655
0.03197360
0.05599260
0.04799819
0.04799557
0.04000187
0.03999805
0.03601980
0.02000046
0.02000093
0.02399087
0.02400184
0.02799964
0.02800488
0.02800417
0.01999950
0.01999879
0.02000499
0.02000070
0.02783680
0.02801251
0.02800608
0.02798867
0.02400517
0.03202677
0.02400661
0.01999950
0.01599956
0.01999855
0.02000070
0.01999950
0.01599956
0.01599908
0.01600885
0.01999974
0.02000165
0.01999807
0.02399397
0.01999998
0.02399921
0.02799988
0.03199816
0.03198504
0.03050900
0.03199983
0.02401924
0.01999974
0.01999950
0.01999998
0.02400088
0.03200388
0.02801704
0.03199458
0.02399921
0.02399802
0.02399945
0.02800202
0.02801180
0.03600407
0.03599715
0.03198576
0.02399874
0.02799988
0.03199697
0.03202033
0.02800059
0.02399492
0.05198550
0.05203366
0.04800177
0.04800010
0.03999877
0.04002643
0.03999996
0.05198503
0.02399898
0.01999879
0.01999998
0.01999593
0.02399755
0.01999903
0.03200698
0.02400303
0.02398396
0.02399898
0.02399588
0.01999998
0.02399659
0.03203845
0.03200293
0.03200412
0.02800417
0.01600289
0.01600027
0.01599884
0.02400327
0.02799463
0.03199792
0.02799439
0.03199840
0.02797532
0.03199863
0.01999927
0.01999879
0.04399753
0.04399920
0.04799962
0.02800179
0.02718163
0.03599477
0.02799654
0.03199434
0.02800131
0.02397466
0.02002001
0.02402115
0.02000141
0.02799940
0.03200316
0.02800012
0.03200507
0.03599596
0.02520990
0.02799749
0.03199506
0.03200173
0.03599405
0.02800155
0.03200340
0.02800012
0.02523327
0.02000141
0.02802658
0.02799630
0.04399943
0.05197811
0.05199337
0.04397297
0.03999877
0.03599954
0.02200031
0.01599956
0.02000141
0.02000141
0.02399921
0.02399516
0.01999855
0.02800226
0.03200388
0.02799487
0.02571487
0.02799678
0.02903104
0.02395797
0.01999950
0.01999950
0.01999950
0.01597095
0.02801681
0.02799702
0.02800751
0.02799964
0.02400684
0.02799964
0.02000213
0.01999664
0.02800345
0.03199649
0.02400756
0.02000189
0.02800560
0.04399872
0.04000020
0.03614140
0.03999758
0.03999972
0.03999901
0.02000141
0.01998568
0.02400422
0.02399349
0.02400088
0.02398944
0.02000046
0.02001023
0.02400351
0.02799273
0.03199697
0.02000523
0.03600526
0.02800465
0.03199935
0.01999831
0.01999998
0.01599932
0.01996899
0.02367210
0.03200054
0.02799988
0.02800632
0.02400899
0.02991366
0.02399397
0.02524710
0.02801800
0.02799726
0.03200865
0.03200364
0.02800012
0.02800035
0.04400516
0.04399896
0.03999805
0.03999949
0.01602077
0.01599860
0.01600003
0.02000499
0.02400184
0.02800655
0.02399564
0.02000332
0.01999998
0.01620102
0.01599956
0.01599836
0.01599956
0.01599741
0.01866031
0.01599884
0.02000093
0.02119970
0.02624655
0.02397490
0.03200412
0.03085065
0.02797699
0.02799439
0.02800012
0.02800918
0.03200436
0.02400899
0.02399230
0.01598692
0.01599789
0.02803040
0.02406526
0.02400064
0.02530503
0.03200364
0.02799654
0.02799702
0.02800012
0.02798557
0.03600383
0.02399945
0.02400064
0.02399778
0.02399969
0.02623224
0.02000356
0.01998019
0.02122974
0.03226471
0.03199673
0.03201103
0.03199625
0.03199172
0.03222942
0.03600001
0.03198814
0.03600335
0.03600693
0.03197432
0.02399611
0.04002738
0.04000187
0.03999949
0.02401304
0.02000046
0.01999903
0.02000022
0.01602292
0.02000427
0.02797532
0.02399826
0.02001309
0.02000117
0.02000165
0.01999640
0.02725792
0.02800846
0.02399683
0.02799654
0.02399969
0.02799606
0.02400231
0.02400208
0.02799630
0.02800083
0.02399588
0.02399969
0.02437639
0.02398300
0.02401018
0.02803302
0.02399683
0.02403188
0.02799416
0.04800391
0.04800367
0.04799438
0.04266095
0.03597808
0.03199840
0.02001357
0.02800322
0.02799964
0.02799821
0.03199553
0.02799654
0.02799988
0.02799821
0.02399516
0.02800274
0.02799392
0.02803969
0.02801085
0.02397680
0.03200150
0.03199649
0.02799916
0.03199458
0.03600144
0.02800345
0.03514624
0.02799988
0.02927947
0.02399731
0.01999760
0.02400160
0.02000141
0.02400160
0.01999664
0.01999998
0.01999831
0.01998472
0.02400303
0.02400470
0.02399683
0.01601577
0.01996589
0.01997638
0.02198911
0.02000046
0.02000093
0.02799535
0.02799773
0.02799845
0.02799845
0.02799773
0.02800369
0.02799702
0.02799320
0.02800965
0.02401590
0.02400184
0.02822733
0.03999591
0.03719282
0.04400110
0.02402735
0.02401662
0.02799797
0.02400279
0.02798033
0.02490139
0.02399063
0.02520633
0.02799606
0.02800488
0.02799416
0.02000022
0.02399874
0.02313471
0.02800608
0.02400351
0.02402306
0.02001143
0.02399158
0.02000260
0.02399564
0.02400160
0.02399588
0.02799988
0.02797103
0.02000761
0.02399874
0.02236080
0.02001762
0.02800226
0.01998138
0.02002549
0.03596020
0.03600121
0.03599858
0.02799964
0.01602960
0.01600051
0.01999521
0.02400160
0.02800322
0.02800775
0.02797699
0.02399898
0.02800179
0.02398992
0.03196836
0.02399492
0.02000260
0.02400303
0.02399302
0.02800250
0.02800679
0.02000070
0.01999927
0.01599836
0.01598310
0.01998687
0.01602817
0.01996708
0.02000237
0.02000022
0.01599908
0.01914310
0.01600027
0.01999903
0.02399421
0.02400398
0.02799988
0.02800441
0.02400160
0.02400017
0.02797365
0.02799702
0.02799654
0.02799606
0.02399778
0.02799487
0.02799702
0.02799654
0.02399588
0.01991820
0.02400017
0.01999974
0.02000332
0.02000070
0.01999450
0.01999974
0.02400041
0.02773023
0.02397418
0.02799535
0.02799940
0.02400231
0.02400088
0.03999758
0.04128575
0.04400182
0.03999853
0.03999662
0.03199720
0.02400613
0.02401996
0.02400589
0.02799845
0.02292490
0.02398062
0.02528715
0.02400112
0.02399445
0.02389932
0.02400851
0.02399635
0.02399516
0.03199387
0.02400041
0.02799726
0.02397776
0.02400208
0.02400017
0.02400708
0.02399850
0.02400255
0.02400327
0.02399898
0.02399755
0.02399588
0.02000237
0.02399445
0.02400756
0.04396749
0.03999996
0.03649163
0.01999974
0.01459837
0.01999974
0.01599908
0.02001452
0.02000427
0.02001834
0.01601291
0.01600051
0.01999927
0.01674867
0.01999998
0.01599932
0.01600003
0.01999927
0.01601696
0.01599884
0.01600027
0.01599956
0.02002025
0.02399206
0.01599741
0.01599908
0.01598954
0.01600003
0.01599336
0.01999712
0.01999950
0.01602292
0.01598454
0.02001786
0.01799560
0.02404070
0.02399826
0.02521300
0.02799773
0.02800226
0.02800536
0.02399993
0.02399969
0.02400160
0.02400470
0.02400517
0.02400208
0.03200555
0.02800369
0.03199577
0.02800083
0.02398586
0.02399993
0.02400422
0.02800417
0.03200698
0.03200674
0.03200984
0.02799988
0.02401471
0.03200173
0.03199625
0.02800727
0.03203392
0.03204036
0.03600812
0.03600764
0.03999639
0.02800274
0.03176141
0.02800441
0.02800035
0.02921510
0.02398944
0.02799940
0.03200507
0.03199530
0.03200364
0.02800608
0.03200388
0.03600478
0.03599334
0.03683138
0.03600192
0.03172159
0.04398799
0.04634809
0.04799604
0.04123068
0.04399896
0.04399920
0.03200126
0.03199458
0.03199673
0.02777195
0.03599596
0.01999927
0.02799463
0.02504897
0.02399850
0.02524877
0.03199863
0.02800179
0.03484011
0.02799344
0.02799749
0.02522326
0.01999712
0.01999998
0.02399898
0.02799940
0.02399898
0.01599860
0.01600027
0.03199792
0.02347326
0.02001476
0.02400017
0.02799821
0.02901864
0.02799535
0.02799511
0.02397776
0.02000189
0.02399993
0.02399373
0.02400303
0.02399635
0.02398920
0.02400041
0.02399540
0.01999450
0.02002335
0.02115846
0.03204012
0.02800035
0.03199482
0.03200722
0.03200006
0.04000235
0.03201771
0.03201127
0.03601170
0.03200245
0.02799749
0.03199673
0.03199935
0.02719879
0.03599691
0.04526305
0.03999829
0.03999949
0.02001786
0.02034283
0.02397037
0.02129459
0.02399969
0.02399540
0.02400160
0.02801514
0.02799940
0.02399921
0.02399993
0.02400184
0.02400017
0.02799892
0.02400494
0.03200102
0.02801323
0.02800298
0.02799940
0.02799201
0.02800345
0.02799606
0.03199673
0.03599477
0.02800345
0.03198481
0.03598928
0.03199983
0.03999877
0.02001023
0.01597428
0.03999591
0.04000068
0.04000044
0.03200269
0.03199697
0.03199935
0.02398610
0.02801657
0.03199744
0.03199673
0.03199935
0.03200245
0.03599477
0.03196764
0.03201556
0.02459908
0.01999974
0.01715827
0.02399850
0.01999950
0.02001286
0.01999831
0.02400208
0.03201532
0.03199863
0.03200221
0.01999927
0.02002096
0.02399731
0.02399898
0.02802205
0.02399707
0.02399468
0.02000070
0.01599932
0.05200362
0.05199647
0.04399109
0.03999710
0.04792309
0.05200386
0.03600144
0.05599141
0.04400277
0.04399419
0.02797437
0.02398539
0.02591467
0.02400351
0.02828026
0.02802038
0.03199387
0.03199983
0.02399993
0.02399588
0.02399969
0.03200722
0.02399421
0.03200006
0.02800679
0.02400255
0.02911687
0.03999591
0.03199553
0.01599956
0.02000022
0.01998520
0.02800775
0.03198099
0.03200269
0.02799153
0.03599882
0.02801085
0.02800369
0.02399969
0.02400160
0.04400158
0.04400301
0.05197692
0.05200005
0.04801679
0.01999879
0.01863551
0.02400064
0.02519631
0.02399993
0.02800131
0.02802634
0.03200054
0.03202105
0.03600097
0.02289629
0.02000213
0.02400017
0.02400041
0.02402377
0.02400088
0.02399969
0.02528763
0.02400208
0.02399874
0.01998687
0.01999998
0.01999974
0.02400255
0.02399826
0.02397680
0.02801013
0.02400446
0.02900791
0.02799702
0.01999855
0.01999903
0.02000022
0.01999831
0.02399969
0.02400088
0.02401137
0.02800083
0.03200340
0.03600407
0.03599596
0.03201032
0.03999114
0.03598332
0.03601265
0.03600121
0.03600001
0.03600025
0.03599453
0.03599691
0.03998804
0.02939296
0.02399921
0.01999831
0.02390456
0.02400517
0.02399874
0.02799821
0.02798724
0.04399681
0.05199933
0.04800034
0.02800035
0.02799892
0.03198147
0.03199458
0.02687430
0.02400661
0.02516484
0.03601599
0.01997352
0.01999831
0.01999903
0.01999736
0.01999283
0.02000046
0.02572632
0.02799821
0.03200054
0.03600335
0.03600359
0.03599977
0.03199887
0.03199887
0.02399945
0.03142452
0.03199983
0.03201103
0.04399419
0.02400017
0.02400231
0.02400064
0.03200388
0.02799058
0.03197289
0.03203201
0.03196692
0.03200388
0.03259778
0.02800059
0.02399969
0.02399850
0.02400589
0.02378058
0.02401900
0.02397299
0.03200078
0.02799034
0.02400303
0.02399945
0.02400112
0.02399921
0.01999831
0.01999903
0.02400923
0.02399874
0.02400279
0.03601289
0.03200102
0.03202534
0.03198791
0.02399874
0.02399945
0.02797556
0.02799726
0.02399850
0.02797747
0.03674769
0.03200507
0.03202248
0.03199744
0.03600359
0.03599668
0.02799535
0.02400088
0.02800250
0.04799914
0.04804134
0.04800153
0.03998518
0.05200434
0.03200603
0.01802397
0.01730251
0.01599956
0.02000093
0.02399921
0.02799630
0.02399755
0.02481985
0.03199387
0.02800345
0.03199792
0.02400017
0.02000451
0.02000594
0.02399993
0.02399921
0.02399778
0.02400208
0.02396941
0.03199983
0.01999617
0.01999855
0.01999021
0.01999950
0.02799940
0.03200388
0.03197575
0.03200459
0.03199649
0.03200316
0.03200364
0.03200722
0.03322601
0.03203154
0.03200293
0.03599453
0.03199959
0.02399993
0.02401137
0.02399898
0.02802634
0.03600287
0.02399945
0.03978324
0.03197908
0.04923797
0.04799938
0.04399800
0.01999974
0.02400088
0.01999807
0.01999831
0.02802014
0.03888059
0.03203821
0.02800107
0.02797270
0.03199697
0.03201556
0.03199220
0.03200769
0.03198624
0.03600550
0.03200483
0.03599811
0.02400041
0.03200388
0.02799988
0.03600144
0.02000070
0.01999927
0.01999831
0.02400136
0.03200102
0.03200150
