0.03323126
0.05199671
0.03999996
0.03599548
0.03998899
0.03599763
0.01599956
0.01999950
0.02400017
0.02402091
0.02359939
0.02800035
0.02800393
0.02399254
0.02799940
0.02399969
0.01999974
0.02399731
0.02400398
0.02399802
0.02000260
0.02400088
0.02399564
0.01999998
0.02000332
0.02399373
0.02399683
0.02400732
0.02290177
0.02400398
0.04399967
0.04798102
0.04800296
0.03999877
0.04802275
0.03999448
0.04399180
0.04003191
0.04799819
0.04400063
0.04399514
0.04000044
0.04545379
0.04528999
0.04802871
0.04399776
0.04400563
0.04399943
0.04000354
0.04803991
0.03599048
0.03599572
0.04799461
0.04400086
0.04000044
0.04400063
0.04401159
0.03997183
0.04401207
0.04397297
0.03911018
0.04000092
0.03999829
0.03599811
0.01599884
0.01999688
0.01999640
0.02400231
0.02399182
0.01999736
0.01999545
0.02399898
0.02800083
0.02401924
0.02800131
0.02800035
0.02801275
0.02403259
0.02799416
0.02399492
0.02400374
0.02399898
0.02799821
0.02401757
0.02400351
0.02399659
0.02800679
0.04800129
0.04399800
0.04399991
0.04119039
0.04399610
0.04800034
0.04399443
0.03999853
0.04798746
0.04399323
0.04400373
0.04400015
0.04399681
0.04400158
0.04627132
0.03999782
0.04400301
0.04000115
0.04000616
0.04000258
0.04400253
0.04000068
0.03599644
0.03602719
0.02399516
0.02000690
0.02399397
0.02399111
0.02402210
0.02399945
0.01599932
0.01999974
0.02043486
0.02399755
0.02596211
0.02400732
0.02399588
0.01999736
0.01999760
0.01999950
0.02001715
0.02000523
0.01999927
0.02400208
0.02399230
0.01999831
0.02399755
0.01999760
0.02399993
0.02400088
0.02801013
0.04799342
0.04399443
0.03999972
0.04000163
0.04208970
0.04122996
0.03999400
0.03999519
0.04399133
0.03999019
0.04000139
0.04398346
0.04399896
0.03600025
0.01599765
0.01599979
0.02000046
0.02000141
0.01999640
0.02000356
0.02000260
0.02399659
0.02400708
0.02800202
0.01999617
0.02800775
0.02799320
0.02399302
0.02800155
0.02401400
0.02399874
0.02000523
0.02399993
0.02399325
0.02400398
0.02800107
0.01600051
0.01599956
0.01599979
0.01600051
0.01999831
0.02399731
0.04393578
0.04400396
0.04399776
0.04400301
0.04399991
0.03599882
0.03600049
0.03999758
0.04400158
0.04400682
0.04000044
0.04400849
0.04000330
0.03999376
0.01853895
0.02000117
0.02000070
0.02402496
0.02127290
0.02404141
0.02400756
0.02402210
0.02400231
0.02400327
0.02400589
0.02799392
0.02002120
0.02400470
0.02399731
0.02800298
0.02401948
0.02399945
0.02399230
0.01997137
0.02400851
0.02799702
0.01999760
0.02000046
0.02529097
0.02241969
0.04399586
0.03999925
0.03600073
0.03600168
0.04400396
0.04000282
0.04000187
0.04401755
0.03996611
0.04000092
0.03601265
0.03599048
0.02800059
0.02000093
0.02400064
0.02400303
0.02399588
0.02400255
0.02400422
0.02400303
0.02400231
0.02401471
0.02400327
0.02401614
0.02800393
0.01999831
0.02399778
0.01999879
0.01599741
0.01999974
0.01599884
0.01599717
0.01599789
0.02102304
0.02399445
0.02400398
0.02399993
0.02799869
0.04400206
0.04403162
0.04400373
0.03995442
0.04000735
0.03600407
0.03999996
0.04400516
0.04399824
0.04000282
0.04800367
0.04128575
0.04400063
0.03599954
0.03999901
0.04000139
0.03601122
0.02799821
0.01999903
0.02399969
0.02399707
0.02399468
0.02399445
0.02800202
0.02800751
0.02401948
0.02400112
0.02399468
0.02415657
0.02799678
0.02125430
0.02228069
0.02399874
0.02396393
0.02800488
0.02400708
0.03200126
0.02400184
0.02400947
0.02400613
0.02399993
0.02399731
0.02399540
0.04796243
0.04400373
0.03999329
0.04050112
0.04522943
0.04401779
0.04399395
0.04398370
0.04400277
0.04399586
0.04400611
0.04800248
0.04400682
0.02000642
0.02399826
0.02000070
0.02001595
0.01602793
0.01999950
0.02399635
0.02561116
0.02399683
0.02798939
0.01599884
0.01599884
0.01599312
0.01599884
0.01600385
0.02408004
0.02828145
0.02400231
0.02399588
0.01999807
0.02399564
0.02128124
0.01999712
0.02399540
0.02400279
0.02401352
0.01599765
0.01599932
0.02002120
0.02444005
0.02520323
0.02799129
0.02399707
0.02399993
0.02399349
0.02400208
0.02402139
0.02399659
0.02801585
0.04398918
0.03999925
0.03600287
0.03599811
0.03600025
0.02398491
0.01597643
0.02401280
0.02403760
0.02399611
0.02000237
0.02060962
0.02397966
0.02399969
0.01999474
0.01999998
0.01600099
0.01602054
0.01599956
0.02000380
0.02401042
0.02398491
0.01998591
0.02913904
0.02400827
0.02000165
0.02000046
0.02400494
0.02486968
0.01941586
0.02400661
0.02399778
0.01999903
0.04399633
0.04797769
0.04400063
0.03601050
0.04401612
0.03999066
0.04399657
0.04400706
0.04000735
0.04000688
0.01999950
0.01600051
0.02002144
0.01999712
0.01999998
0.02001333
0.02400732
0.01599550
0.01600003
0.01599693
0.01399374
0.01599765
0.02000070
0.01999950
0.02397919
0.01599979
0.01999927
0.01599789
0.01999927
0.01999974
0.02399993
0.02323127
0.01999688
0.02398062
0.02400279
0.01599717
0.01999950
0.01601148
0.01599789
0.01599860
0.01999903
0.01769638
0.02000189
0.01999998
0.02397370
0.02400684
0.02800012
0.02799845
0.02399874
0.03199601
0.02399945
0.02399039
0.02400470
0.02798295
0.03999424
0.04000211
0.03864741
0.02527809
0.02399325
0.02402902
0.02400780
0.02399659
0.02399683
0.02400327
0.02798796
0.02799726
0.02002215
0.01599741
0.01998901
0.02401900
0.02402091
0.02399564
0.02797580
0.02400804
0.02399683
0.02400017
0.02000999
0.01599932
0.01599884
0.02001977
0.02398014
0.02399230
0.01999879
0.01599979
0.01999879
0.03999734
0.03602862
0.04253268
0.04135942
0.03999352
0.04461050
0.04400373
0.03995514
0.04000068
0.04400301
0.04399681
0.03600955
0.02399874
0.02399659
0.02000308
0.01999879
0.01999998
0.02000165
0.01999998
0.01996326
0.02397323
0.02063870
0.02000022
0.02000022
0.02000213
0.01602983
0.01600051
0.01599932
0.01599765
0.01998782
0.02399898
0.02400303
0.02400804
0.02400780
0.02399921
0.02401876
0.02000165
0.02400517
0.01599526
0.01999545
0.01599884
0.01996040
0.02060986
0.03999543
0.03599715
0.04000497
0.04370189
0.04399490
0.02399206
0.02396297
0.02800775
0.02396297
0.02800536
0.02799869
0.02800155
0.01997304
0.02400064
0.01999521
0.01599717
0.02000046
0.02000642
0.01999998
0.02002358
0.01599932
0.02000022
0.02800012
0.02801013
0.02400017
0.02527452
0.02798319
0.02799845
0.02799916
0.02400112
0.01999521
0.02401805
0.02400041
0.02398586
0.02801991
0.02572417
0.03999972
0.03600144
0.03600287
0.02000046
0.01999903
0.01999974
0.01999998
0.01999903
0.01600051
0.01600122
0.01999903
0.01599932
0.02162910
0.01999950
0.02000117
0.02399755
0.02400017
0.01599860
0.02000833
0.02000308
0.01599908
0.01599979
0.01999807
0.01599884
0.02400017
0.02399874
0.02400208
0.02799463
0.02399969
0.02399707
0.02002335
0.02000308
0.02798343
0.02399325
0.01599860
0.01999927
0.02146721
0.02799463
0.02124310
0.02400804
0.02399850
0.02798891
0.03599787
0.02800179
0.02800322
0.03199339
0.04400420
0.04799652
0.04000044
0.03599954
0.03599834
0.02800059
0.01794195
0.01997423
0.02800775
0.02399421
0.02639842
0.02396584
0.02797031
0.02400708
0.02399421
0.02399611
0.02400136
0.03200006
0.02400136
0.01999974
0.01999903
0.02000189
0.02400184
0.02400994
0.01999879
0.02000237
0.02400017
0.02800417
0.02800465
0.02128625
0.02399445
0.03737593
0.04400468
0.04399800
0.04399967
0.04398537
0.04396868
0.04400301
0.04000044
0.02399731
0.03202939
0.02399659
0.01603770
0.02398109
0.02400374
0.02399969
0.02798915
0.01999831
0.02369571
0.02800441
0.02400756
0.02399993
0.02400756
0.02400422
0.02800131
0.02799797
0.02399993
0.02400446
0.01999760
0.02399755
0.02400064
0.02400303
0.02798223
0.02800059
0.02400041
0.02399993
0.02399969
0.04400396
0.03999972
0.04000306
0.03999805
0.04000044
0.04000950
0.03998876
0.04000354
0.02400422
0.02403879
0.02399993
0.02000070
0.02799344
0.02397418
0.02401567
0.02399659
0.02400351
0.02001929
0.01600003
0.01600122
0.01999927
0.01997113
0.02400017
0.02398801
0.02400899
0.02400589
0.02397656
0.02400088
0.01999784
0.02001095
0.02000546
0.01600003
0.02000046
0.02800703
0.01999664
0.01599669
0.01999998
0.02000237
0.02399421
0.03999805
0.04000211
0.04400706
0.02399707
0.01599908
0.01999903
0.02000356
0.02458692
0.01999331
0.01999831
0.01999903
0.01978731
0.02001524
0.01999950
0.02399850
0.01600099
0.01600027
0.01600790
0.01999950
0.01603770
0.01998711
0.02000117
0.01999855
0.02000117
0.01999855
0.01999736
0.01999974
0.01602459
0.01599908
0.02000093
0.01999640
0.02798247
0.02399659
0.02400827
0.02399826
0.02273178
0.02403474
0.02502322
0.02799726
0.02799654
0.01998901
0.01999044
0.01999807
0.01999736
0.02400064
0.03200078
0.02800751
0.02799726
0.02799702
0.02799654
0.02800679
0.03202581
0.02798009
0.02399850
0.02401519
0.03197169
0.02399635
0.02799988
0.04320073
0.04526067
0.03999734
0.02000070
0.02001119
0.03199649
0.02399182
0.01999903
0.02091384
0.02000022
0.02002215
0.01998281
0.02399182
0.02400541
0.02399683
0.02400160
0.02399564
0.01999998
0.01999927
0.01999760
0.01999807
0.02800465
0.02400398
0.02000022
0.01999998
0.03200531
0.02399468
0.01599693
0.02000070
0.01999617
0.02002239
0.02000141
0.02399850
0.02799964
0.02000213
0.02399993
0.01999903
0.02799892
0.03602433
0.03999472
0.03599644
0.02001405
0.01599836
0.01999974
0.01999259
0.02399778
0.02401471
0.02399278
0.02212644
0.02000022
0.02000594
0.02800298
0.02401996
0.02400112
0.01999593
0.02400780
0.02399683
0.02400327
0.02400064
0.01999259
0.01599121
0.02000046
0.01599860
0.02000117
0.01999998
0.02419639
0.02000093
0.01999974
0.01999998
0.02000213
0.04040074
0.03999567
0.03720784
0.02397060
0.02000141
0.02400041
0.01999331
0.02402186
0.01999712
0.02000260
0.02400112
0.02398562
0.02399516
0.01999664
0.02000523
0.02399731
0.02000427
0.01599908
0.01599956
0.02002525
0.01999712
0.01999092
0.02000213
0.01999807
0.02399707
0.02400041
0.01981091
0.02401018
0.02431583
0.02399778
0.02000594
0.02000022
0.01999927
0.02399874
0.02002001
0.01999807
0.02400613
0.01997709
0.02796698
0.02800226
0.02815843
0.02400112
0.02398515
0.02399969
0.03200769
0.02800298
0.03200269
0.02799749
0.04399490
0.03597546
0.03598356
0.02320671
0.02000427
0.01999760
0.01600051
0.01999283
0.02002025
0.02000165
0.01601934
0.02000070
0.02400351
0.02800393
0.02176070
0.02399373
0.02528358
0.02399778
0.02400541
0.01999998
0.01999331
0.01600099
0.01600003
0.01999950
0.02400017
0.02396703
0.01599813
0.01599836
0.02000022
0.01599979
0.02519560
0.02403164
0.02526665
0.02002382
0.01999521
0.02000117
0.02399731
0.02000070
0.01999950
0.02399993
0.02398348
0.02399683
0.02400017
0.02399969
0.02399921
0.01997447
0.01999927
0.02000785
0.02399778
0.02000213
0.02400136
0.01999712
0.01999855
0.01999974
0.01998639
0.01999879
0.02399993
0.01999998
0.02400446
0.02800512
0.02798891
0.02800179
0.02797389
0.02799606
0.02401972
0.02002668
0.01999855
0.02400041
0.01999831
0.01999998
0.02400041
0.02399898
0.02399898
0.02399802
0.02400279
0.02400184
0.02397847
0.02799535
0.02399540
0.02400136
0.02400160
0.02399898
0.02400184
0.01999831
0.02400088
0.02799869
0.02799606
0.02799582
0.02399969
0.02679014
0.02802134
0.02932692
0.02800369
0.02800179
0.02802229
0.02799797
0.01999712
0.02399921
0.02401829
0.01843119
0.01999879
0.02399850
0.01997685
0.02800250
0.02400088
0.02799845
0.03600168
0.03600121
0.04647064
0.03998828
0.03998995
0.03599882
0.04000092
0.03999686
0.01599693
0.01998830
0.02000046
0.02400374
0.02399826
0.02000308
0.01999283
0.01999378
0.02400041
0.01199794
0.01600051
0.01600051
0.01597643
0.01600027
0.02000070
0.02402449
0.02000117
0.02000403
0.01997852
0.02129126
0.01999831
0.02400088
0.02000117
0.01999950
0.01599932
0.01999879
0.01999664
0.01999044
0.01999760
0.02400899
0.02400684
0.02400470
0.02799320
0.03999496
0.04000139
0.03599954
0.01999950
0.02000022
0.01999664
0.02000022
0.01999688
0.02400613
0.02800059
0.02529001
0.02399588
0.02396631
0.02800179
0.02402449
0.02800727
0.02400637
0.02799368
0.02399755
0.02400064
0.02400517
0.02399468
0.02400637
0.02400160
0.02399993
0.02401114
0.01599956
0.01600051
0.01599884
0.02000475
0.02400088
0.02399993
0.02397680
0.02413106
0.02399564
0.02501965
0.02399731
0.02397752
0.02400208
0.02797842
0.02799320
0.02400088
0.01999950
0.02399373
0.02002382
0.02000070
0.02000070
0.02400017
0.02800655
0.02799702
0.02799344
0.02399945
0.02577996
0.02800322
0.04524493
0.04095101
0.03999996
0.02599192
0.02400708
0.02401233
0.02399802
0.02399278
0.02399731
0.02400589
0.02400088
0.02799082
0.01599455
0.02000403
0.02000070
0.01599979
0.01599956
0.01999784
0.01599860
0.01600003
0.01602745
0.02399755
0.01999998
0.02800202
0.02399993
0.02799392
0.01999903
0.02001858
0.02400017
0.02800417
0.02398992
0.02400184
0.02399659
0.02397680
0.02798748
0.02399349
0.02399802
0.01999950
0.02400041
0.02802014
0.02799821
0.02803254
0.03200245
0.02800107
0.02400208
0.02400327
0.02399707
0.01998329
0.02399278
0.01996160
0.02001333
0.02769732
0.02800274
0.04120350
0.04000282
0.04399729
0.04399514
0.04399991
0.02399993
0.02396798
0.02002573
0.02401829
0.02400684
0.02403259
0.01999855
0.01999688
0.01999974
0.01999974
0.02799559
0.02002478
0.02796984
0.01998043
0.01600099
0.02440739
0.02797627
0.02123904
0.02399683
0.02400398
0.02400088
0.03199983
0.02399731
0.02400875
0.02053690
0.02400041
0.02123189
0.02799821
0.01599622
0.02000046
0.02799869
0.03199697
0.02799463
0.02803540
0.03199410
0.02399826
0.02385831
0.02800059
0.01999855
0.01999950
0.02399874
0.02003098
0.02399588
0.02400112
0.02400303
0.03200293
0.02799964
0.02399850
0.02400017
0.02399540
0.02399707
0.02002716
0.01999807
0.02000046
0.02000141
0.02097607
0.02401209
0.02400184
0.02127218
0.02400637
0.02399111
0.02399755
0.02621913
0.02399969
0.02800822
0.03599262
0.03600025
0.03596854
0.02399993
0.01599956
0.01600027
0.01600051
0.01602340
0.01599860
0.01597404
0.01598167
0.01600146
0.01999617
0.01999998
0.02399945
0.02399087
0.01998305
0.01999760
0.02397513
0.01600099
0.01999974
0.01997924
0.02002692
0.02400780
0.02400017
0.02400279
0.01997447
0.02800655
0.01999784
0.01600027
0.01600099
0.01599956
0.02000284
0.01998997
0.01600122
0.02800179
0.02401471
0.02800655
0.02000022
0.02400374
0.02800417
0.02399349
0.02799511
0.01999998
0.01999998
0.02400136
0.02399373
0.02799797
0.02319074
0.01999974
0.02119327
0.02399826
0.01964736
0.02400184
0.02000427
0.02399993
0.02399755
0.02399969
0.02399802
0.02402568
0.03203273
0.02800059
0.02799916
0.02397299
0.02799416
0.02400136
0.02399850
0.02397394
0.02000117
0.01999998
0.02001214
0.02400184
0.02399850
0.02799702
0.01999974
0.01999879
0.02421641
0.02399850
0.02800012
0.01999855
0.02399874
0.02399373
0.01999784
0.02383041
0.02399945
0.01999974
0.01999688
0.01999903
0.02002907
0.02113342
0.02400684
0.02397490
0.02000046
0.02399874
0.02400303
0.02000403
0.02399945
0.02400041
0.02400279
0.03199625
0.02799630
0.02396607
0.02400589
0.03599715
0.04400778
0.03999972
0.02397680
0.02000165
0.02400398
0.01597595
0.01600003
0.01599979
0.01599884
0.01599813
0.01599550
0.02000022
0.02001047
0.01999211
0.01597595
0.02399993
0.02400374
0.02400422
0.02401185
0.02399874
0.02400637
0.02400398
0.02451754
0.02400136
0.02536607
0.02399850
0.01599932
0.01999927
0.01999784
0.02000284
0.02399969
0.02002931
0.01597857
0.01599145
0.01996732
0.01999855
0.02000165
0.01999712
0.01999688
0.02400017
0.01999950
0.01999950
0.01999807
0.02399969
0.02399898
0.02399945
0.02399731
0.02399755
0.02594995
0.02800560
0.02928233
0.02801681
0.01999807
0.01999927
0.01999903
0.02007174
0.02400112
0.01999593
0.02121663
0.02001047
0.01997089
0.02400041
0.02398324
0.02399802
0.02399707
0.02799845
0.02400208
0.02802610
0.02400565
0.02745509
0.02398562
0.02798605
0.02399158
0.01599979
0.01599956
0.02000713
0.02400279
0.02398491
0.03200364
0.02799916
0.04402399
0.04402518
0.03999424
0.01599884
0.01999736
0.01514626
0.01999640
0.02000642
0.02002263
0.02400947
0.01997066
0.02000260
0.01999831
0.02399755
0.01999831
0.02400064
0.02400589
0.02398968
0.02799726
0.01599598
0.01536345
0.02000046
0.02803802
0.02000666
0.02397990
0.01999712
0.01600122
0.02400160
0.01999950
0.03199768
0.02400422
0.02399182
0.02400088
0.02400064
0.02000237
0.02000165
0.02399659
0.03600001
0.04399657
0.04399896
0.04001641
0.04797268
0.04399109
0.04799771
0.03599524
0.03601742
0.03598166
0.02398491
0.02399778
0.02400303
0.02400470
0.02397513
0.01999497
0.01999712
0.02400327
0.02399445
0.02399778
0.01999998
0.02400041
0.02401066
0.02400136
0.01999760
0.01999974
0.02397370
0.01753712
0.01999760
0.01998925
0.02400041
0.02399969
0.02799964
0.02395964
0.02810073
0.02000809
0.01999974
0.02116513
0.01600194
0.01999974
0.02400351
0.02397227
0.02400303
0.01603484
0.01600003
0.01999950
0.01599956
0.01998615
0.01998043
0.02000093
0.01998663
0.02400017
0.02800035
0.02000046
0.02399254
0.01728129
0.01999879
0.01999998
0.01999831
0.02399659
0.02800989
0.02399778
0.02000165
0.02400255
0.02398682
0.02400231
0.02400279
0.02399993
0.02800059
0.02402020
0.02399397
0.02000260
0.02397752
0.02800226
0.02400160
0.02799392
0.02400351
