270.000,294.000,49.000,35.000
262.914,293.835,49.000,35.000
256.159,293.670,49.000,35.000
248.414,293.506,49.000,35.000
241.328,293.341,49.000,35.000
233.913,292.847,49.000,35.000
227.157,293.671,49.000,35.000
272.261,292.087,50.084,35.774
307.462,292.255,50.084,35.774
307.294,291.750,50.084,35.774
297.693,290.908,50.084,35.774
290.114,291.750,50.084,35.774
283.883,291.244,50.084,35.774
276.640,291.750,50.084,35.774
269.398,290.571,50.084,35.774
263.166,292.087,50.084,35.774
256.261,290.571,50.084,35.774
249.355,291.750,50.084,35.774
242.450,290.234,50.084,35.774
235.545,291.076,50.084,35.774
227.965,289.897,50.084,35.774
221.397,290.402,50.084,35.774
214.828,290.908,50.084,35.774
207.249,289.392,50.084,35.774
201.017,290.571,50.084,35.774
193.775,290.402,50.084,35.774
186.870,289.560,50.084,35.774
179.964,290.402,50.084,35.774
173.396,289.560,50.084,35.774
166.827,289.392,50.084,35.774
159.585,289.560,50.084,35.774
152.679,289.392,50.084,35.774
145.774,289.223,50.084,35.774
138.869,288.718,50.084,35.774
136.679,287.876,50.084,35.774
172.217,288.381,50.084,35.774
212.470,288.886,50.084,35.774
248.345,287.708,50.084,35.774
265.693,287.876,50.084,35.774
255.756,287.708,50.084,35.774
247.503,287.202,50.084,35.774
240.934,288.044,50.084,35.774
234.366,287.539,50.084,35.774
227.797,288.381,50.084,35.774
220.555,287.539,50.084,35.774
213.312,288.381,50.084,35.774
207.081,287.539,50.084,35.774
200.175,288.044,50.084,35.774
246.277,285.377,51.192,36.566
258.604,293.234,50.101,35.786
304.721,306.996,51.209,36.578
307.192,305.341,52.342,37.387
355.372,285.387,53.500,38.214
364.907,287.366,53.500,38.214
358.970,288.266,53.500,38.214
351.593,287.726,53.500,38.214
344.937,287.186,53.500,38.214
337.200,289.166,53.500,38.214
330.184,288.626,53.500,38.214
322.808,288.446,53.500,38.214
315.431,289.345,53.500,38.214
308.774,290.605,53.500,38.214
301.038,289.345,53.500,38.214
294.022,291.324,53.500,38.214
286.645,292.224,53.500,38.214
279.988,291.324,53.500,38.214
272.252,292.944,53.500,38.214
265.236,292.764,53.500,38.214
257.859,293.304,53.500,38.214
250.483,294.563,53.500,38.214
243.466,293.663,53.500,38.214
292.712,294.921,54.684,39.060
343.048,295.824,55.894,39.924
358.273,296.012,55.894,39.924
349.439,296.576,55.894,39.924
340.604,296.012,55.894,39.924
332.898,297.704,55.894,39.924
325.943,297.516,55.894,39.924
318.989,298.831,55.894,39.924
312.034,298.267,55.894,39.924
304.704,299.583,55.894,39.924
297.373,298.267,55.894,39.924
290.795,299.959,55.894,39.924
283.088,300.523,55.894,39.924
276.134,301.087,55.894,39.924
269.302,300.607,54.702,39.073
262.128,301.894,54.702,39.073
255.689,302.078,54.702,39.073
248.147,300.791,54.702,39.073
241.341,302.814,54.702,39.073
233.431,302.630,54.702,39.073
225.889,302.446,54.702,39.073
219.083,302.998,54.702,39.073
212.276,302.078,54.702,39.073
204.366,302.998,54.702,39.073
204.715,303.520,55.912,39.937
212.875,283.376,57.149,40.821
214.038,279.933,58.413,41.724
216.041,276.007,59.706,42.647
215.172,273.661,61.027,43.591
214.284,272.965,62.377,44.555
212.941,273.996,63.757,45.541
210.234,275.049,65.168,46.548
206.557,276.126,66.610,47.578
207.912,273.973,68.083,48.631
270.582,300.752,69.590,49.707
282.048,299.114,69.590,49.707
276.666,301.220,69.590,49.707
268.943,299.114,69.590,49.707
263.595,301.223,68.106,48.647
255.579,300.078,68.106,48.647
249.854,302.139,68.106,48.647
242.754,300.994,68.106,48.647
236.570,302.139,68.106,48.647
230.453,302.437,66.653,47.610
224.034,303.593,65.232,46.594
217.673,302.934,65.232,46.594
212.659,304.911,63.841,45.601
224.467,303.409,63.841,45.601
218.638,294.217,65.253,46.610
278.703,302.581,66.697,47.641
296.348,299.494,68.173,48.695
301.065,296.815,69.681,49.772
299.078,298.452,71.223,50.873
301.521,295.653,72.799,51.999
299.446,297.363,74.409,53.149
296.286,298.073,76.055,54.325
298.894,295.084,77.738,55.527
370.451,307.218,79.458,56.756
384.433,304.475,77.764,55.546
379.988,304.213,77.764,55.546
374.496,305.521,77.764,55.546
367.958,303.167,77.764,55.546
362.467,304.998,77.764,55.546
355.986,303.826,76.105,54.361
350.631,304.159,74.482,53.202
344.907,304.967,72.894,52.067
339.269,305.703,72.894,52.067
331.179,303.987,72.894,52.067
326.522,305.723,71.340,50.957
319.085,305.004,71.340,50.957
313.567,305.723,71.340,50.957
305.651,304.524,71.340,50.957
301.093,306.686,69.818,49.870
292.875,305.512,69.818,49.870
287.945,306.686,69.818,49.870
280.666,305.981,69.818,49.870
274.327,307.155,69.818,49.870
267.049,305.042,69.818,49.870
261.179,307.625,69.818,49.870
253.431,305.981,69.818,49.870
247.561,307.155,69.818,49.870
246.857,305.512,69.818,49.870
279.962,307.625,69.818,49.870
320.580,306.451,69.818,49.870
356.033,307.155,69.818,49.870
367.414,307.461,68.329,48.807
361.210,308.150,68.329,48.807
355.465,307.001,68.329,48.807
348.442,309.515,66.872,47.766
343.270,308.390,66.872,47.766
336.299,309.065,66.872,47.766
329.777,309.740,66.872,47.766
321.906,308.615,66.872,47.766
316.284,309.740,66.872,47.766
309.763,309.515,66.872,47.766
302.342,309.740,66.872,47.766
297.169,310.414,66.872,47.766
290.296,310.273,65.446,46.747
284.354,310.494,65.446,46.747
277.091,311.154,65.446,46.747
270.268,310.494,65.446,46.747
264.326,311.594,65.446,46.747
257.504,311.374,65.446,46.747
251.121,311.594,65.446,46.747
262.786,312.694,65.446,46.747
302.621,312.034,65.446,46.747
342.456,313.575,65.446,46.747
379.651,312.914,65.446,46.747
424.259,314.898,64.050,45.750
418.013,313.821,64.050,45.750
410.044,314.467,64.050,45.750
404.228,315.113,64.050,45.750
397.551,315.329,64.050,45.750
389.581,315.544,64.050,45.750
383.766,316.621,64.050,45.750
377.089,316.836,64.050,45.750
370.842,315.759,64.050,45.750
363.304,316.406,64.050,45.750
357.488,317.483,64.050,45.750
350.074,317.763,62.685,44.775
343.540,316.709,62.685,44.775
337.005,317.763,62.685,44.775
329.205,317.130,62.685,44.775
322.671,318.606,62.685,44.775
314.871,316.287,62.685,44.775
308.336,297.948,62.685,44.775
302.223,281.295,62.685,44.775
294.845,283.192,62.685,44.775
287.467,284.246,62.685,44.775
281.776,283.613,62.685,44.775
274.114,284.294,61.348,43.820
274.733,286.151,61.348,43.820
306.710,285.119,61.348,43.820
348.177,285.738,61.348,43.820
377.266,286.404,60.040,42.885
350.412,287.010,60.040,42.885
342.942,287.616,60.040,42.885
335.472,287.818,60.040,42.885
329.213,288.423,60.040,42.885
321.338,287.010,60.040,42.885
315.079,288.827,60.040,42.885
307.205,289.433,60.040,42.885
300.139,288.019,60.040,42.885
293.072,289.837,60.040,42.885
285.601,289.635,60.040,42.885
278.131,289.433,60.040,42.885
271.468,289.635,60.040,42.885
264.402,290.644,60.040,42.885
257.841,290.518,58.759,41.971
250.135,290.320,58.759,41.971
242.429,292.098,58.759,41.971
237.094,291.506,58.759,41.971
257.051,292.889,58.759,41.971
297.559,292.296,58.759,41.971
333.719,293.284,58.759,41.971
369.089,292.296,58.759,41.971
360.592,294.074,58.759,41.971
352.491,294.272,58.759,41.971
345.180,293.679,58.759,41.971
337.473,294.272,58.759,41.971
330.162,295.655,58.759,41.971
322.456,293.877,58.759,41.971
315.540,295.260,58.759,41.971
308.229,296.248,58.759,41.971
300.523,295.260,58.759,41.971
293.211,295.853,58.759,41.971
285.505,296.050,58.759,41.971
278.589,295.853,58.759,41.971
271.278,290.913,58.759,41.971
263.177,269.770,58.759,41.971
255.470,248.232,58.759,41.971
240.650,243.687,58.759,41.971
271.278,241.909,58.759,41.971
311.786,243.687,58.759,41.971
347.156,244.675,58.759,41.971
341.030,244.082,58.759,41.971
334.114,245.465,58.759,41.971
326.408,246.453,58.759,41.971
318.702,246.256,58.759,41.971
310.995,246.849,58.759,41.971
303.684,247.441,58.759,41.971
295.978,248.034,58.759,41.971
288.272,247.441,58.759,41.971
280.170,249.220,58.759,41.971
272.464,248.232,58.759,41.971
264.757,248.825,58.759,41.971
257.446,249.417,58.759,41.971
249.345,250.405,58.759,41.971
241.639,249.417,58.759,41.971
234.327,251.196,58.759,41.971
227.016,250.603,58.759,41.971
246.578,250.010,58.759,41.971
286.691,251.789,58.759,41.971
322.456,251.196,58.759,41.971
376.543,251.756,60.059,42.899
373.513,253.170,60.059,42.899
365.637,251.756,60.059,42.899
358.164,253.170,60.059,42.899
351.212,254.601,58.778,41.985
343.899,253.217,58.778,41.985
336.585,254.601,58.778,41.985
328.876,254.403,58.778,41.985
321.958,255.787,58.778,41.985
314.249,254.008,58.778,41.985
306.145,255.787,58.778,41.985
298.436,255.589,58.778,41.985
291.123,254.601,58.778,41.985
283.414,255.985,58.778,41.985
276.100,256.578,58.778,41.985
269.577,255.589,58.778,41.985
261.473,256.578,58.778,41.985
273.135,257.171,58.778,41.985
312.866,257.764,58.778,41.985
352.200,256.775,58.778,41.985
373.213,258.557,57.525,41.089
368.763,257.976,57.525,41.089
360.445,258.943,57.525,41.089
352.901,259.524,57.525,41.089
346.904,258.557,57.525,41.089
339.359,259.137,57.525,41.089
331.428,260.104,57.525,41.089
324.270,259.524,57.525,41.089
316.726,258.557,57.525,41.089
309.955,259.524,57.525,41.089
303.185,259.330,57.525,41.089
296.027,260.298,57.525,41.089
288.870,260.104,57.525,41.089
281.325,260.298,57.525,41.089
273.394,259.717,57.525,41.089
266.236,259.137,57.525,41.089
272.620,260.878,57.525,41.089
307.634,259.524,57.525,41.089
347.678,259.330,57.525,41.089
354.448,260.684,57.525,41.089
347.291,258.943,57.525,41.089
339.746,259.524,57.525,41.089
332.589,258.557,57.525,41.089
325.044,259.524,57.525,41.089
318.274,258.170,57.525,41.089
309.955,259.524,57.525,41.089
302.798,258.170,57.525,41.089
294.866,259.137,57.525,41.089
287.322,258.170,57.525,41.089
279.004,258.750,57.525,41.089
272.233,257.009,57.525,41.089
264.302,257.976,57.525,41.089
255.983,257.009,57.525,41.089
248.439,257.202,57.525,41.089
240.121,257.009,57.525,41.089
233.835,256.142,56.298,40.213
254.093,257.089,56.298,40.213
292.904,255.385,56.298,40.213
329.443,256.710,56.298,40.213
308.982,298.496,57.544,41.103
305.333,302.257,58.817,42.012
307.351,299.945,60.118,42.942
305.217,301.358,61.448,43.892
305.609,299.801,62.808,44.863
302.942,301.277,64.198,45.855
362.035,249.477,65.618,46.870
371.524,247.933,65.618,46.870
362.477,246.829,65.618,46.870
354.754,246.609,65.618,46.870
347.030,246.388,65.618,46.870
339.748,247.050,65.618,46.870
332.153,246.061,64.219,45.870
325.136,247.175,62.849,44.892
316.471,245.695,62.849,44.892
309.196,247.192,61.509,43.935
302.476,246.265,60.197,42.998
293.771,246.468,60.197,42.998
285.876,245.860,60.197,42.998
277.981,246.468,60.197,42.998
270.086,245.051,60.197,42.998
262.191,244.038,60.197,42.998
253.892,244.241,60.197,42.998
245.997,244.038,60.197,42.998
238.102,243.026,60.197,42.998
230.612,242.824,60.197,42.998
244.580,243.836,60.197,42.998
284.054,242.419,60.197,42.998
321.100,241.407,60.197,42.998
376.510,238.201,61.529,43.949
371.337,237.580,61.529,43.949
362.854,238.201,61.529,43.949
356.929,236.875,60.217,43.012
348.221,237.482,60.217,43.012
340.324,238.090,60.217,43.012
332.426,236.267,60.217,43.012
324.529,236.875,60.217,43.012
316.631,235.862,60.217,43.012
308.734,235.255,60.217,43.012
300.836,235.862,60.217,43.012
292.939,234.850,60.217,43.012
284.231,234.647,60.217,43.012
276.334,233.635,60.217,43.012
274.916,234.242,60.217,43.012
305.089,235.255,60.217,43.012
345.791,233.837,60.217,43.012
320.964,289.456,61.549,43.964
312.338,297.345,62.911,44.936
307.911,297.067,64.303,45.931
302.937,298.130,65.726,46.947
304.273,296.005,67.180,47.986
301.890,298.053,68.666,49.047
304.244,294.875,70.185,50.132
301.264,296.524,71.738,51.242
301.722,294.205,73.325,52.375
369.217,225.319,74.948,53.534
375.014,225.067,74.948,53.534
369.740,225.395,73.350,52.393
360.774,226.192,71.785,51.275
353.774,230.778,71.785,51.275
345.325,251.780,71.785,51.275
337.841,272.782,71.785,51.275
313.459,275.438,71.785,51.275
306.547,273.890,70.254,50.182
298.870,275.109,68.756,49.112
291.358,274.518,67.290,48.064
282.985,275.197,67.290,48.064
276.423,274.065,67.290,48.064
268.634,274.360,65.855,47.039
260.585,275.075,64.451,46.036
253.432,273.991,64.451,46.036
245.413,274.208,64.451,46.036
263.402,275.291,64.451,46.036
303.498,274.641,64.451,46.036
340.561,274.858,64.451,46.036
317.136,291.663,65.877,47.055
305.605,299.187,67.334,48.096
301.806,300.300,68.824,49.160
298.403,300.476,70.347,50.248
296.889,298.202,71.903,51.359
295.843,298.387,73.494,52.496
297.337,296.011,75.120,53.657
366.484,270.519,76.782,54.844
372.529,268.864,75.145,53.675
366.212,268.611,75.145,53.675
358.001,270.401,73.542,52.530
350.829,268.670,73.542,52.530
344.224,271.376,71.974,51.410
335.268,269.197,71.974,51.410
329.737,270.912,70.439,50.314
320.499,270.675,70.439,50.314
313.629,269.964,70.439,50.314
305.339,271.149,70.439,50.314
297.522,270.912,70.439,50.314
289.705,270.201,70.439,50.314
281.888,270.912,70.439,50.314
274.071,270.201,70.439,50.314
266.254,270.912,70.439,50.314
258.911,270.201,70.439,50.314
250.758,270.509,68.937,49.241
244.035,271.205,68.937,49.241
234.994,270.046,68.937,49.241
229.199,270.741,68.937,49.241
237.312,271.900,68.937,49.241
275.100,270.278,68.937,49.241
312.887,272.364,68.937,49.241
325.174,270.741,68.937,49.241
319.378,272.364,68.937,49.241
310.801,271.205,68.937,49.241
304.541,271.437,68.937,49.241
296.427,271.669,68.937,49.241
288.314,272.364,68.937,49.241
281.127,271.205,68.937,49.241
272.550,271.900,68.937,49.241
265.363,271.205,68.937,49.241
256.786,272.364,68.937,49.241
250.063,271.669,68.937,49.241
241.022,273.291,68.937,49.241
234.762,271.669,68.937,49.241
232.676,273.755,68.937,49.241
264.899,273.523,68.937,49.241
288.429,292.941,70.462,50.330
293.796,296.564,72.021,51.444
295.260,297.754,73.615,52.582
296.244,295.374,75.243,53.745
294.099,296.617,76.908,54.934
364.892,273.738,78.610,56.150
371.590,271.534,76.933,54.952
366.176,271.871,75.293,53.780
357.314,273.137,75.293,53.780
351.528,272.490,73.687,52.634
344.432,274.245,72.116,51.511
337.020,275.028,70.578,50.413
329.188,275.740,70.578,50.413
321.476,276.049,69.073,49.338
312.881,276.746,69.073,49.338
308.021,277.944,67.600,48.285
298.700,276.807,67.600,48.285
290.744,277.944,67.600,48.285
282.788,277.716,67.600,48.285
287.561,278.398,67.600,48.285
324.161,277.716,67.600,48.285
363.034,278.853,67.600,48.285
425.258,280.442,69.095,49.354
427.814,277.886,69.095,49.354
422.504,279.084,67.622,48.301
414.090,279.766,67.622,48.301
406.586,278.629,67.622,48.301
399.991,279.766,67.622,48.301
392.164,279.623,66.180,47.271
383.930,279.401,66.180,47.271
376.141,279.623,66.180,47.271
369.242,279.846,66.180,47.271
361.007,279.623,66.180,47.271
353.663,280.291,66.180,47.271
347.209,281.404,66.180,47.271
339.120,279.977,64.768,46.263
332.043,281.940,63.387,45.277
325.435,282.153,63.387,45.277
317.122,281.940,63.387,45.277
310.196,281.807,62.035,44.311
303.417,284.089,60.713,43.366
295.863,282.660,60.713,43.366
288.836,283.712,59.418,42.441
281.043,283.912,59.418,42.441
273.650,284.512,59.418,42.441
266.257,283.113,59.418,42.441
258.464,284.911,59.418,42.441
270.253,284.312,59.418,42.441
309.616,283.712,59.418,42.441
361.671,285.128,58.151,41.536
352.480,285.714,58.151,41.536
344.463,284.737,58.151,41.536
336.836,285.714,58.151,41.536
329.601,285.128,58.151,41.536
321.583,286.106,58.151,41.536
313.957,285.910,58.151,41.536
305.548,286.106,58.151,41.536
297.922,286.301,58.151,41.536
290.686,284.932,58.151,41.536
282.669,286.301,58.151,41.536
274.651,285.323,58.151,41.536
266.633,285.910,58.151,41.536
259.007,286.888,58.151,41.536
250.598,286.301,58.151,41.536
250.012,285.323,58.151,41.536
281.495,287.083,58.151,41.536
321.583,287.670,58.151,41.536
316.679,296.340,59.437,42.455
313.326,298.152,60.752,43.395
310.322,299.155,62.097,44.355
308.552,298.015,63.470,45.336
306.300,299.063,64.875,46.339
307.167,296.966,66.310,47.364
303.888,298.987,67.777,48.412
305.267,295.850,69.277,49.483
304.259,296.995,70.809,50.578
302.240,295.694,72.376,51.697
368.861,283.759,73.977,52.841
381.399,282.165,72.400,51.714
374.427,282.951,70.856,50.611
366.685,284.639,69.345,49.532
359.456,284.405,69.345,49.532
350.980,283.810,67.866,48.476
344.362,284.494,67.866,48.476
336.506,285.231,66.419,47.442
328.388,285.522,65.002,46.430
322.049,286.178,65.002,46.430
314.103,286.041,63.616,45.440
306.328,286.731,62.260,44.471
299.525,287.407,60.932,43.523
291.534,286.793,60.932,43.523
283.952,287.817,60.932,43.523
275.141,286.793,60.932,43.523
279.854,287.817,60.932,43.523
315.302,288.022,60.932,43.523
353.619,287.407,60.932,43.523
369.807,285.973,60.932,43.523
363.455,287.407,60.932,43.523
355.464,285.973,60.932,43.523
347.472,286.997,60.932,43.523
339.481,286.793,60.932,43.523
331.490,286.178,60.932,43.523
323.908,287.202,60.932,43.523
315.507,286.588,60.932,43.523
307.926,285.563,60.932,43.523
299.935,285.768,60.932,43.523
291.943,285.973,60.932,43.523
283.952,285.768,60.932,43.523
275.551,284.744,60.932,43.523
274.527,285.358,60.932,43.523
306.287,284.744,60.932,43.523
346.653,284.948,60.932,43.523
316.004,296.159,62.280,44.486
305.102,300.230,63.658,45.470
303.287,302.170,65.066,46.476
301.887,300.521,66.506,47.504
299.063,301.156,67.977,48.555
299.971,298.958,69.481,49.630
297.990,300.106,71.019,50.728
299.662,297.479,71.019,50.728
297.637,296.670,72.590,51.850
295.568,295.337,74.196,52.997
363.864,276.371,75.838,54.170
369.343,275.720,74.220,53.015
363.158,276.526,72.638,51.884
354.609,276.281,72.638,51.884
347.614,277.541,71.089,50.778
339.846,277.852,69.573,49.695
332.696,277.254,68.089,48.635
325.139,277.483,68.089,48.635
317.700,279.105,66.637,47.598
309.857,278.881,66.637,47.598
308.736,278.209,66.637,47.598
340.781,278.433,66.637,47.598
379.997,277.761,66.637,47.598
374.842,273.282,68.111,48.651
370.049,271.080,69.618,49.727
367.092,269.316,71.159,50.827
432.593,279.429,72.733,51.952
447.278,277.390,71.182,50.844
441.807,277.239,69.664,49.760
433.292,278.447,68.178,48.699
426.185,277.760,68.178,48.699
418.293,278.058,66.724,47.660
410.888,279.629,66.724,47.660
402.733,279.055,65.301,46.644
395.925,280.153,65.301,46.644
386.922,279.495,65.301,46.644
379.363,279.780,63.909,45.649
372.380,280.888,62.546,44.676
364.598,279.837,62.546,44.676
357.358,281.327,61.212,43.723
348.919,281.944,61.212,43.723
340.479,280.915,61.212,43.723
332.863,281.533,61.212,43.723
325.246,282.150,61.212,43.723
316.807,281.533,61.212,43.723
309.190,282.150,61.212,43.723
300.751,281.533,61.212,43.723
293.134,282.562,61.212,43.723
284.695,281.944,61.212,43.723
276.667,281.327,61.212,43.723
268.639,281.944,61.212,43.723
260.199,280.915,61.212,43.723
251.759,281.121,61.212,43.723
243.731,281.327,61.212,43.723
235.703,281.121,61.212,43.723
227.675,280.915,61.212,43.723
219.647,280.709,61.212,43.723
218.206,280.503,61.212,43.723
248.877,282.356,61.212,43.723
290.252,281.327,61.212,43.723
345.213,280.298,61.212,43.723
336.362,280.915,61.212,43.723
327.922,279.886,61.212,43.723
319.483,280.092,61.212,43.723
312.278,280.298,61.212,43.723
304.250,280.503,61.212,43.723
296.222,280.298,61.212,43.723
288.194,280.092,61.212,43.723
279.754,279.886,61.212,43.723
272.138,279.268,61.212,43.723
263.698,280.298,61.212,43.723
255.670,280.092,61.212,43.723
247.642,279.474,61.212,43.723
239.614,280.503,61.212,43.723
231.586,280.298,61.212,43.723
223.558,279.680,61.212,43.723
216.765,279.474,61.212,43.723
235.497,281.327,61.212,43.723
276.461,280.709,61.212,43.723
312.484,280.092,61.212,43.723
359.211,281.121,61.212,43.723
352.830,280.915,61.212,43.723
345.213,280.709,61.212,43.723
337.185,280.915,61.212,43.723
329.569,281.533,61.212,43.723
322.364,282.150,61.212,43.723
314.336,281.533,61.212,43.723
307.132,282.562,61.212,43.723
299.104,281.944,61.212,43.723
291.487,281.327,61.212,43.723
284.283,282.356,61.212,43.723
276.255,282.562,61.212,43.723
268.227,282.356,61.212,43.723
261.022,282.150,61.212,43.723
252.994,282.356,61.212,43.723
245.378,282.562,61.212,43.723
238.173,282.768,61.212,43.723
230.145,281.738,61.212,43.723
222.941,282.356,61.212,43.723
217.046,283.417,59.907,42.791
237.796,284.425,59.907,42.791
277.483,284.626,59.907,42.791
301.617,305.859,58.629,41.878
303.627,301.918,59.926,42.805
300.246,301.654,61.252,43.752
301.065,299.674,62.608,44.720
302.338,300.708,63.993,45.709
304.086,299.086,65.409,46.720
302.222,299.254,66.856,47.754
363.761,283.098,68.335,48.811
373.128,282.068,66.878,47.770
366.606,284.092,66.878,47.770
358.432,283.951,65.451,46.751
352.049,283.731,65.451,46.751
344.897,284.866,64.056,45.754
338.650,284.220,64.056,45.754
331.236,285.746,62.690,44.778
325.122,284.691,62.690,44.778
317.322,285.324,62.690,44.778
310.365,285.956,62.690,44.778
303.408,285.324,62.690,44.778
296.030,286.378,62.690,44.778
288.651,285.746,62.690,44.778
282.959,285.535,62.690,44.778
274.316,286.589,62.690,44.778
268.202,285.956,62.690,44.778
278.532,286.167,62.690,44.778
317.111,286.800,62.690,44.778
307.013,297.896,64.077,45.769
302.950,300.744,65.494,46.782
302.730,300.964,65.494,46.782
300.406,302.046,66.943,47.817
300.366,300.349,68.425,48.875
297.835,301.039,68.425,48.875
296.362,298.828,69.938,49.956
294.856,299.495,71.486,51.061
295.811,297.184,73.068,52.191
363.069,283.096,74.684,53.346
369.850,279.831,74.684,53.346
364.073,279.580,74.684,53.346
358.334,280.390,73.091,52.208
351.769,281.658,71.533,51.095
345.808,281.043,70.007,50.005
340.881,281.350,68.514,48.939
333.395,282.538,67.053,47.895
327.758,282.763,67.053,47.895
321.670,281.185,67.053,47.895
314.680,282.312,67.053,47.895
308.591,281.636,67.053,47.895
301.601,280.959,67.053,47.895
295.964,281.185,67.053,47.895
288.974,280.959,67.053,47.895
282.082,280.818,65.623,46.874
277.006,281.039,65.623,46.874
269.724,280.377,65.623,46.874
263.324,281.480,65.623,46.874
256.042,280.377,65.623,46.874
250.966,280.597,65.623,46.874
244.125,279.494,65.623,46.874
239.082,281.483,64.224,45.874
231.522,279.971,64.224,45.874
225.259,280.187,64.224,45.874
220.292,279.971,64.224,45.874
232.170,280.619,64.224,45.874
291.288,282.128,65.645,46.889
301.221,279.700,65.645,46.889
296.586,279.037,65.645,46.889
290.625,279.700,65.645,46.889
284.223,279.037,65.645,46.889
277.822,279.700,65.645,46.889
272.744,279.037,65.645,46.889
266.342,279.700,65.645,46.889
259.941,278.596,65.645,46.889
254.863,279.258,65.645,46.889
248.020,279.479,65.645,46.889
242.501,279.700,65.645,46.889
235.216,278.596,65.645,46.889
229.698,279.258,65.645,46.889
224.179,279.920,65.645,46.889
236.320,279.258,65.645,46.889
277.159,281.245,65.645,46.889
293.611,298.820,67.097,47.927
298.253,299.928,68.582,48.987
300.126,297.711,70.099,50.071
299.106,295.934,71.650,51.179
365.059,280.619,73.235,52.311
376.522,278.566,71.674,51.195
371.943,278.879,70.145,50.104
367.461,281.005,68.649,49.035
362.185,281.306,67.185,47.990
355.633,281.983,67.185,47.990
350.437,281.306,67.185,47.990
345.709,283.342,65.753,46.966
338.412,282.236,65.753,46.966
333.769,282.899,65.753,46.966
326.472,284.447,65.753,46.966
321.829,283.342,65.753,46.966
315.416,284.005,65.753,46.966
310.331,285.553,65.753,46.966
304.361,284.447,65.753,46.966
299.717,285.111,65.753,46.966
318.954,285.774,65.753,46.966
363.345,286.061,64.350,45.965
421.124,287.143,64.350,45.965
410.088,286.494,64.350,45.965
405.543,288.009,64.350,45.965
400.133,289.091,64.350,45.965
393.858,287.143,64.350,45.965
388.495,288.676,62.978,44.984
383.624,289.735,62.978,44.984
377.482,289.100,62.978,44.984
371.764,288.888,62.978,44.984
366.469,290.794,62.978,44.984
359.904,289.735,62.978,44.984
354.610,290.794,62.978,44.984
348.468,291.006,62.978,44.984
342.750,291.641,62.978,44.984
337.031,291.430,62.978,44.984
329.742,292.113,61.635,44.025
325.804,291.906,61.635,44.025
319.793,293.357,61.635,44.025
314.197,292.735,61.635,44.025
306.942,293.772,61.635,44.025
303.004,293.150,61.635,44.025
296.270,294.618,60.321,43.086
291.604,294.010,60.321,43.086
286.127,295.024,60.321,43.086
279.028,294.415,60.321,43.086
274.362,295.835,60.321,43.086
268.479,294.821,60.321,43.086
263.002,295.430,60.321,43.086
255.903,296.038,60.321,43.086
253.671,295.430,60.321,43.086
283.084,297.255,60.321,43.086
328.725,296.241,60.321,43.086
324.060,297.255,60.321,43.086
318.989,297.458,60.321,43.086
313.917,296.444,60.321,43.086
308.035,297.864,60.321,43.086
302.964,297.255,60.321,43.086
297.487,298.269,60.321,43.086
292.010,298.067,60.321,43.086
285.722,298.675,60.321,43.086
281.056,298.067,60.321,43.086
274.362,299.081,60.321,43.086
269.697,299.689,60.321,43.086
264.625,299.081,60.321,43.086
258.743,300.095,60.321,43.086
253.672,300.298,60.321,43.086
247.789,300.906,60.321,43.086
242.718,300.298,60.321,43.086
236.835,301.718,60.321,43.086
234.198,301.109,60.321,43.086
261.583,302.529,60.321,43.086
283.013,303.105,61.655,44.039
303.627,300.251,63.019,45.014
305.788,298.214,64.414,46.010
303.053,299.279,65.839,47.028
305.770,296.691,67.296,48.068
303.734,297.822,67.296,48.068
301.346,297.995,68.784,49.132
299.385,299.131,70.306,50.219
295.909,299.802,71.862,51.330
362.056,303.497,73.452,52.466
374.160,300.780,73.452,52.466
370.896,301.577,71.885,51.347
365.819,302.302,71.885,51.347
360.259,303.028,71.885,51.347
355.667,301.944,70.352,50.252
351.172,303.620,68.852,49.180
344.457,303.852,68.852,49.180
339.132,304.546,68.852,49.180
333.344,304.315,68.852,49.180
328.481,304.083,68.852,49.180
323.156,304.315,68.852,49.180
317.367,305.472,68.852,49.180
312.042,304.315,68.852,49.180
307.180,305.472,68.852,49.180
300.465,305.704,68.852,49.180
295.603,306.399,68.852,49.180
290.277,305.241,68.852,49.180
284.489,306.862,68.852,49.180
279.164,306.630,68.852,49.180
273.375,306.399,68.852,49.180
268.050,307.093,68.852,49.180
264.097,306.502,67.384,48.131
257.979,307.635,67.384,48.131
253.237,308.366,65.947,47.105
247.693,307.701,65.947,47.105
241.705,308.366,65.947,47.105
236.605,308.588,65.947,47.105
241.262,309.253,65.947,47.105
280.071,308.588,65.947,47.105
283.253,303.235,67.406,48.147
345.299,309.993,68.897,49.212
358.042,307.444,68.897,49.212
354.567,309.066,68.897,49.212
350.165,308.474,67.428,48.163
344.950,309.155,67.428,48.163
338.828,308.021,67.428,48.163
333.613,309.608,67.428,48.163
