346.000,309.000,55.000,21.000
361.019,310.896,55.000,21.000
373.705,311.625,55.000,21.000
372.101,312.062,55.000,21.000
364.373,313.374,55.000,21.000
357.228,314.395,55.000,21.000
350.374,314.541,55.000,21.000
344.104,313.812,55.000,21.000
337.834,314.249,55.000,21.000
331.564,314.687,55.000,21.000
325.003,313.958,55.000,21.000
319.024,314.687,55.000,21.000
313.046,313.958,55.000,21.000
306.776,314.395,55.000,21.000
300.506,314.541,55.000,21.000
294.235,313.520,55.000,21.000
288.840,313.374,55.000,21.000
282.570,314.104,55.000,21.000
276.008,313.083,55.000,21.000
270.613,312.354,55.000,21.000
264.343,311.625,55.000,21.000
269.738,309.437,55.000,21.000
283.883,309.000,55.000,21.000
298.902,306.813,55.000,21.000
313.337,304.917,55.000,21.000
327.773,303.022,55.000,21.000
331.710,301.126,55.000,21.000
324.273,299.230,55.000,21.000
317.420,297.043,55.000,21.000
311.442,295.148,55.000,21.000
305.172,292.960,55.000,21.000
298.318,290.773,55.000,21.000
292.048,288.586,55.000,21.000
285.486,286.399,55.000,21.000
280.383,284.795,55.000,21.000
274.113,282.316,55.000,21.000
268.134,280.129,55.000,21.000
262.448,277.941,55.000,21.000
257.052,275.754,55.000,21.000
251.074,275.025,55.000,21.000
245.679,283.045,55.000,21.000
239.700,290.773,55.000,21.000
233.722,297.626,55.000,21.000
228.327,295.148,55.000,21.000
223.807,292.669,55.000,21.000
217.536,289.607,55.000,21.000
211.558,287.419,55.000,21.000
206.454,286.107,55.000,21.000
201.643,283.920,55.000,21.000
195.373,282.899,55.000,21.000
190.561,290.044,55.000,21.000
184.291,298.939,55.000,21.000
179.770,306.959,55.000,21.000
173.792,315.562,55.000,21.000
168.397,323.873,55.000,21.000
164.168,331.602,55.000,21.000
158.190,330.289,55.000,21.000
153.086,329.560,55.000,21.000
147.399,327.373,55.000,21.000
150.170,326.644,55.000,21.000
164.314,324.165,55.000,21.000
180.499,323.144,55.000,21.000
195.810,321.540,55.000,21.000
209.954,319.353,55.000,21.000
224.973,318.332,55.000,21.000
236.492,317.020,55.000,21.000
234.305,315.124,55.000,21.000
227.160,313.520,55.000,21.000
220.599,311.625,55.000,21.000
214.329,310.021,55.000,21.000
211.558,308.417,55.000,21.000
221.619,307.105,55.000,21.000
237.198,304.603,56.217,21.465
250.463,303.262,56.217,21.465
248.227,301.324,56.217,21.465
241.222,299.387,56.217,21.465
234.814,297.747,56.217,21.465
228.703,296.108,56.217,21.465
223.188,293.872,56.217,21.465
218.270,291.636,56.217,21.465
214.544,290.295,56.217,21.465
222.443,287.761,56.217,21.465
238.689,286.122,56.217,21.465
254.636,283.588,56.217,21.465
267.603,281.949,56.217,21.465
268.050,279.415,56.217,21.465
261.045,277.775,56.217,21.465
255.232,275.242,56.217,21.465
250.612,273.602,56.217,21.465
244.501,275.838,56.217,21.465
239.583,283.141,56.217,21.465
235.261,291.338,56.217,21.465
231.237,299.535,56.217,21.465
226.020,305.944,56.217,21.465
221.102,302.516,56.217,21.465
216.779,299.685,56.217,21.465
211.265,297.449,56.217,21.465
207.539,294.915,56.217,21.465
201.726,292.381,56.217,21.465
197.404,292.531,56.217,21.465
192.486,299.237,56.217,21.465
188.462,306.839,56.217,21.465
183.245,314.738,56.217,21.465
179.519,315.185,56.217,21.465
174.004,311.757,56.217,21.465
170.278,309.223,56.217,21.465
165.956,306.391,56.217,21.465
161.932,304.156,56.217,21.465
166.552,301.324,56.217,21.465
182.202,299.088,56.217,21.465
198.125,296.531,57.461,21.940
214.426,294.551,57.461,21.940
229.507,292.266,57.461,21.940
245.503,289.676,57.461,21.940
261.498,287.391,57.461,21.940
277.494,285.106,57.461,21.940
293.490,282.516,57.461,21.940
309.485,280.231,57.461,21.940
325.176,277.946,57.461,21.940
340.258,276.270,57.461,21.940
341.019,273.681,57.461,21.940
334.164,271.700,57.461,21.940
329.137,269.415,57.461,21.940
324.719,271.700,57.461,21.940
319.692,279.165,57.461,21.940
315.579,286.325,57.461,21.940
311.161,289.524,57.461,21.940
307.353,286.934,57.461,21.940
302.325,283.735,57.461,21.940
298.517,280.841,57.461,21.940
294.708,278.251,57.461,21.940
290.291,275.356,57.461,21.940
285.568,273.071,57.461,21.940
281.455,270.177,57.461,21.940
277.342,267.892,57.461,21.940
273.229,271.091,57.461,21.940
269.725,277.641,57.461,21.940
264.698,285.715,57.461,21.940
260.889,288.915,57.461,21.940
257.081,286.325,57.461,21.940
252.967,282.821,57.461,21.940
248.854,280.231,57.461,21.940
244.436,277.337,57.461,21.940
239.714,274.747,57.461,21.940
235.601,273.071,57.461,21.940
231.792,278.708,57.461,21.940
227.984,286.477,57.461,21.940
224.175,293.942,57.461,21.940
220.367,302.016,57.461,21.940
215.340,301.559,57.461,21.940
210.922,297.750,57.461,21.940
207.418,294.856,57.461,21.940
203.610,292.266,57.461,21.940
210.465,289.067,57.461,21.940
227.679,286.782,57.461,21.940
244.589,284.801,57.461,21.940
260.889,282.212,57.461,21.940
277.189,279.622,57.461,21.940
284.349,277.642,57.461,21.940
278.103,275.661,57.461,21.940
273.990,273.681,57.461,21.940
268.963,271.396,57.461,21.940
264.850,268.806,57.461,21.940
260.127,266.825,57.461,21.940
256.624,264.236,57.461,21.940
251.292,261.646,57.461,21.940
254.186,259.361,57.461,21.940
271.096,256.466,57.461,21.940
288.006,254.181,57.461,21.940
304.306,251.287,57.461,21.940
319.001,248.989,58.732,22.425
331.614,246.965,58.732,22.425
330.524,244.318,58.732,22.425
323.828,242.294,58.732,22.425
318.690,239.958,58.732,22.425
315.108,237.311,58.732,22.425
311.216,235.287,58.732,22.425
307.323,232.951,58.732,22.425
303.430,230.304,58.732,22.425
299.538,228.280,58.732,22.425
295.645,232.796,58.732,22.425
290.195,240.114,58.732,22.425
286.925,248.055,58.732,22.425
283.032,255.685,58.732,22.425
279.140,264.249,58.732,22.425
274.935,271.567,58.732,22.425
270.731,270.477,58.732,22.425
266.527,267.519,58.732,22.425
262.946,264.560,58.732,22.425
258.742,261.602,58.732,22.425
255.160,258.955,58.732,22.425
264.659,255.996,58.732,22.425
281.320,253.349,58.732,22.425
298.292,251.014,58.732,22.425
314.641,248.367,58.732,22.425
330.368,245.720,58.732,22.425
337.686,243.695,58.732,22.425
332.237,241.048,58.732,22.425
328.655,238.401,58.732,22.425
323.828,236.066,58.732,22.425
319.936,233.107,58.732,22.425
315.731,233.886,58.732,22.425
311.527,240.270,58.732,22.425
307.946,247.899,58.732,22.425
302.807,255.218,58.732,22.425
299.226,262.848,58.732,22.425
295.645,270.166,58.732,22.425
289.884,277.796,58.732,22.425
286.614,285.114,58.732,22.425
283.032,286.516,58.732,22.425
278.205,283.246,58.732,22.425
274.313,279.664,58.732,22.425
270.108,276.706,58.732,22.425
265.904,278.730,58.732,22.425
261.700,285.737,58.732,22.425
257.496,293.367,58.732,22.425
253.915,300.374,58.732,22.425
249.088,303.955,58.732,22.425
245.195,300.685,58.732,22.425
241.302,297.727,58.732,22.425
237.409,294.768,58.732,22.425
232.894,291.810,58.732,22.425
228.067,287.917,58.732,22.425
231.337,284.958,58.732,22.425
247.998,281.689,58.732,22.425
264.659,279.353,58.732,22.425
280.074,276.394,58.732,22.425
283.344,273.436,58.732,22.425
277.583,270.789,58.732,22.425
272.756,267.519,58.732,22.425
266.994,264.872,58.732,22.425
263.102,261.913,58.732,22.425
258.586,258.643,58.732,22.425
256.250,255.996,58.732,22.425
267.617,252.727,58.732,22.425
285.212,250.079,58.732,22.425
296.268,247.121,58.732,22.425
292.064,244.162,58.732,22.425
285.057,241.204,58.732,22.425
281.475,238.868,58.732,22.425
277.894,236.221,58.732,22.425
271.821,234.508,58.732,22.425
267.929,233.419,58.732,22.425
263.724,232.329,58.732,22.425
259.520,231.550,58.732,22.425
261.233,232.329,58.732,22.425
275.403,230.616,58.732,22.425
289.261,232.017,58.732,22.425
287.548,230.616,58.732,22.425
281.787,231.394,58.732,22.425
277.271,231.239,58.732,22.425
273.378,230.771,58.732,22.425
268.551,236.844,58.732,22.425
264.970,245.720,58.732,22.425
260.454,256.464,58.732,22.425
256.873,265.962,58.732,22.425
252.980,275.460,58.732,22.425
249.088,282.778,58.732,22.425
244.884,282.311,58.732,22.425
240.679,279.976,58.732,22.425
237.409,278.263,58.732,22.425
247.842,277.796,58.732,22.425
258.586,278.574,58.732,22.425
255.939,286.515,58.732,22.425
249.555,296.014,58.732,22.425
246.285,296.481,58.732,22.425
242.704,294.457,58.732,22.425
238.188,293.367,58.732,22.425
234.918,291.965,58.732,22.425
245.039,290.875,58.732,22.425
262.012,290.408,58.732,22.425
278.673,290.253,58.732,22.425
293.465,289.785,58.732,22.425
294.866,290.564,58.732,22.425
287.548,289.163,58.732,22.425
283.967,289.007,58.732,22.425
278.205,288.540,58.732,22.425
274.313,289.318,58.732,22.425
270.108,288.540,58.732,22.425
266.216,288.695,58.732,22.425
262.012,288.540,58.732,22.425
258.430,288.695,58.732,22.425
267.929,287.917,58.732,22.425
284.590,287.138,58.732,22.425
300.628,288.540,58.732,22.425
302.029,287.761,58.732,22.425
294.088,288.851,58.732,22.425
289.884,287.138,58.732,22.425
284.434,287.605,58.732,22.425
280.853,288.073,58.732,22.425
275.091,286.671,58.732,22.425
271.510,287.761,58.732,22.425
267.929,287.605,58.732,22.425
262.479,287.138,58.732,22.425
258.897,286.671,58.732,22.425
254.070,287.761,58.732,22.425
250.489,287.294,58.732,22.425
246.596,286.827,58.732,22.425
242.392,286.360,58.732,22.425
237.877,286.827,58.732,22.425
235.230,286.048,58.732,22.425
246.908,286.204,58.732,22.425
263.569,286.360,58.732,22.425
280.230,286.515,58.732,22.425
295.956,286.048,58.732,22.425
311.372,285.581,58.732,22.425
314.953,286.671,58.732,22.425
308.257,285.893,58.732,22.425
302.496,285.114,58.732,22.425
298.915,285.581,58.732,22.425
292.219,285.426,58.732,22.425
288.638,285.581,58.732,22.425
282.254,285.114,58.732,22.425
278.673,284.336,58.732,22.425
272.600,285.426,58.732,22.425
269.330,284.647,58.732,22.425
263.880,285.114,58.732,22.425
259.676,284.024,58.732,22.425
265.126,283.868,58.732,22.425
281.164,283.713,58.732,22.425
297.202,285.114,58.732,22.425
312.929,283.401,58.732,22.425
328.033,284.491,58.732,22.425
343.448,283.401,58.732,22.425
359.175,283.557,58.732,22.425
365.559,284.336,58.732,22.425
359.175,283.246,58.732,22.425
352.479,283.090,58.732,22.425
348.586,282.934,58.732,22.425
342.825,282.467,58.732,22.425
336.752,283.246,58.732,22.425
332.237,282.779,58.732,22.425
327.721,283.246,58.732,22.425
321.648,282.467,58.732,22.425
317.756,283.246,58.732,22.425
312.617,282.156,58.732,22.425
309.347,282.934,58.732,22.425
314.797,281.844,58.732,22.425
329.901,282.000,58.732,22.425
346.251,282.467,58.732,22.425
356.995,282.623,58.732,22.425
352.790,282.778,58.732,22.425
345.161,283.246,58.732,22.425
341.268,281.844,58.732,22.425
336.129,282.000,58.732,22.425
330.680,282.156,58.732,22.425
325.853,282.000,58.732,22.425
321.960,281.844,58.732,22.425
316.821,281.377,58.732,22.425
312.617,282.156,58.732,22.425
309.036,281.377,58.732,22.425
303.275,281.533,58.732,22.425
299.693,281.377,58.732,22.425
293.932,280.910,58.732,22.425
290.351,279.820,58.732,22.425
286.147,279.664,58.732,22.425
281.320,280.443,58.732,22.425
287.704,278.730,58.732,22.425
303.430,279.509,58.732,22.425
320.403,277.796,58.732,22.425
333.015,276.706,58.732,22.425
330.680,278.107,58.732,22.425
323.984,275.772,58.732,22.425
320.091,276.550,58.732,22.425
314.953,275.149,58.732,22.425
310.749,273.747,58.732,22.425
306.233,274.214,58.732,22.425
302.652,272.502,58.732,22.425
298.136,272.035,58.732,22.425
294.555,270.945,58.732,22.425
290.974,270.166,58.732,22.425
285.835,270.010,58.732,22.425
281.942,269.232,58.732,22.425
278.050,268.765,58.732,22.425
274.157,269.543,58.732,22.425
270.576,268.142,58.732,22.425
266.994,267.052,58.732,22.425
262.479,267.208,58.732,22.425
259.209,266.740,58.732,22.425
255.316,267.519,58.732,22.425
251.423,266.740,58.732,22.425
247.531,267.519,58.732,22.425
243.638,266.740,58.732,22.425
238.811,267.830,58.732,22.425
235.230,266.118,58.732,22.425
232.582,267.208,58.732,22.425
243.326,267.052,58.732,22.425
260.299,266.585,58.732,22.425
271.666,268.297,58.732,22.425
267.461,267.519,58.732,22.425
261.700,268.297,58.732,22.425
257.496,268.453,58.732,22.425
253.915,268.609,58.732,22.425
249.399,269.387,58.732,22.425
245.818,269.232,58.732,22.425
241.302,269.076,58.732,22.425
237.721,269.855,58.732,22.425
235.385,269.699,58.732,22.425
247.998,271.100,58.732,22.425
265.281,270.322,58.732,22.425
276.960,271.723,58.732,22.425
273.378,272.190,58.732,22.425
267.306,272.346,58.732,22.425
264.036,273.124,58.732,22.425
259.832,272.969,58.732,22.425
255.627,273.747,58.732,22.425
252.358,274.837,58.732,22.425
248.465,273.747,58.732,22.425
244.572,275.772,58.732,22.425
240.991,276.239,58.732,22.425
236.787,276.394,58.732,22.425
232.894,277.484,58.732,22.425
229.313,277.951,58.732,22.425
225.731,278.107,58.732,22.425
221.527,278.886,58.732,22.425
218.257,279.041,58.732,22.425
214.364,280.443,58.732,22.425
210.783,281.221,58.732,22.425
205.956,281.377,58.732,22.425
202.375,282.467,58.732,22.425
198.793,282.934,58.732,22.425
194.278,282.778,58.732,22.425
190.697,284.491,58.732,22.425
185.870,284.336,58.732,22.425
181.977,285.425,58.732,22.425
177.773,285.581,58.732,22.425
173.257,286.360,58.732,22.425
169.676,286.204,58.732,22.425
164.226,286.048,58.732,22.425
160.645,286.827,58.732,22.425
157.375,286.671,58.732,22.425
160.956,288.073,58.732,22.425
166.717,287.605,58.732,22.425
172.478,289.007,58.732,22.425
176.060,287.917,58.732,22.425
171.544,289.007,58.732,22.425
164.849,289.163,58.732,22.425
158.776,289.630,58.732,22.425
153.949,290.720,58.732,22.425
149.745,290.564,58.732,22.425
149.589,290.720,58.732,22.425
155.662,291.187,58.732,22.425
160.800,290.097,58.732,22.425
166.562,290.564,58.732,22.425
172.946,291.342,58.732,22.425
178.707,290.564,58.732,22.425
184.468,291.342,58.732,22.425
190.852,290.564,58.732,22.425
196.613,291.031,58.732,22.425
202.998,289.941,58.732,22.425
208.759,289.785,58.732,22.425
214.520,290.875,58.732,22.425
220.904,289.474,58.732,22.425
226.354,289.941,58.732,22.425
232.738,288.851,58.732,22.425
238.188,289.007,58.732,22.425
244.261,288.540,58.732,22.425
250.333,289.318,58.732,22.425
256.406,287.917,58.732,22.425
262.790,287.138,58.732,22.425
268.240,287.605,58.732,22.425
274.624,287.138,58.732,22.425
281.008,286.048,58.732,22.425
287.081,286.515,58.732,22.425
293.465,285.737,58.732,22.425
299.849,286.204,58.732,22.425
299.693,284.803,58.732,22.425
293.309,284.024,58.732,22.425
289.105,284.180,58.732,22.425
283.032,283.713,58.732,22.425
279.140,284.180,58.732,22.425
274.624,282.778,58.732,22.425
271.666,283.557,58.732,22.425
273.690,282.467,58.732,22.425
279.762,282.311,58.732,22.425
286.147,281.533,58.732,22.425
292.842,282.311,58.732,22.425
299.538,281.221,58.732,22.425
306.233,281.377,58.732,22.425
312.617,281.533,58.732,22.425
318.379,281.377,58.732,22.425
314.486,280.910,58.732,22.425
308.102,280.754,58.732,22.425
303.586,281.844,58.732,22.425
299.693,280.443,58.732,22.425
293.621,281.844,58.732,22.425
290.662,280.443,58.732,22.425
286.147,281.533,58.732,22.425
282.565,281.377,58.732,22.425
278.984,281.221,58.732,22.425
274.780,281.377,58.732,22.425
270.887,281.844,58.732,22.425
266.994,281.066,58.732,22.425
263.413,282.156,58.732,22.425
260.766,281.688,58.732,22.425
264.036,282.778,58.732,22.425
270.731,282.623,58.732,22.425
277.427,282.467,58.732,22.425
284.745,282.623,58.732,22.425
290.818,283.401,58.732,22.425
287.548,282.623,58.732,22.425
283.344,284.024,58.732,22.425
277.894,282.934,58.732,22.425
274.313,283.401,58.732,22.425
270.731,284.491,58.732,22.425
267.150,284.336,58.732,22.425
264.192,284.803,58.732,22.425
261.233,284.336,58.732,22.425
258.586,285.426,58.732,22.425
256.250,286.204,58.732,22.425
253.915,286.048,58.732,22.425
251.890,286.515,58.732,22.425
255.472,287.605,58.732,22.425
263.413,287.450,58.732,22.425
272.600,287.605,58.732,22.425
282.721,288.384,58.732,22.425
290.351,287.917,58.732,22.425
301.095,288.073,58.732,22.425
309.659,288.851,58.732,22.425
316.666,288.073,58.732,22.425
315.264,289.163,58.732,22.425
313.240,289.007,58.732,22.425
311.527,289.474,58.732,22.425
310.437,290.252,58.732,22.425
309.347,289.474,58.732,22.425
308.880,290.564,58.732,22.425
307.167,290.720,58.732,22.425
307.946,291.498,58.732,22.425
306.545,291.031,58.732,22.425
307.635,291.187,58.732,22.425
305.299,291.965,58.732,22.425
306.389,291.498,58.732,22.425
304.987,292.900,58.732,22.425
304.209,292.432,58.732,22.425
304.365,293.834,58.732,22.425
303.586,293.055,58.732,22.425
303.430,294.457,58.732,22.425
302.340,294.924,58.732,22.425
305.299,294.768,58.732,22.425
313.863,296.169,58.732,22.425
322.738,295.702,58.732,22.425
328.811,297.415,58.732,22.425
326.164,297.571,58.732,22.425
324.140,298.661,58.732,22.425
322.738,299.128,58.732,22.425
321.337,298.972,58.732,22.425
321.804,299.751,58.732,22.425
320.091,301.152,58.732,22.425
320.870,300.685,58.732,22.425
319.468,302.086,58.732,22.425
320.558,301.619,58.732,22.425
320.091,303.021,58.732,22.425
319.313,302.242,58.732,22.425
319.780,303.644,58.732,22.425
318.379,304.422,58.732,22.425
319.468,303.955,58.732,22.425
319.001,303.799,58.732,22.425
317.911,304.266,58.732,22.425
318.379,305.356,58.732,22.425
318.223,305.201,58.732,22.425
317.444,305.979,58.732,22.425
318.223,305.512,58.732,22.425
316.821,306.913,58.732,22.425
316.977,306.135,58.732,22.425
316.199,307.536,58.732,22.425
316.977,308.315,58.732,22.425
315.887,308.159,58.732,22.425
316.666,308.626,58.732,22.425
315.264,309.716,58.732,22.425
316.354,310.183,58.732,22.425
315.576,309.716,58.732,22.425
316.354,311.429,58.732,22.425
314.953,311.273,58.732,22.425
314.797,312.052,58.732,22.425
314.019,311.585,58.732,22.425
314.797,313.298,58.732,22.425
313.084,312.830,58.732,22.425
314.174,312.675,58.732,22.425
312.773,314.388,58.732,22.425
312.929,313.920,58.732,22.425
312.461,314.388,58.732,22.425
313.240,315.166,58.732,22.425
311.527,315.322,58.732,22.425
312.929,315.789,58.732,22.425
311.216,315.322,58.732,22.425
312.306,316.412,58.732,22.425
310.904,316.879,58.732,22.425
311.372,316.412,58.732,22.425
310.593,317.502,58.732,22.425
311.372,317.657,58.732,22.425
309.970,318.436,58.732,22.425
310.437,317.969,58.732,22.425
310.593,317.813,58.732,22.425
312.617,317.969,58.732,22.425
319.936,318.747,58.732,22.425
328.811,319.837,58.732,22.425
336.752,318.436,58.732,22.425
337.219,319.837,58.732,22.425
335.195,318.747,58.732,22.425
333.171,320.460,58.732,22.425
332.081,319.059,58.732,22.425
332.548,313.920,58.732,22.425
332.081,309.093,58.732,22.425
331.302,308.626,58.732,22.425
332.081,310.028,58.732,22.425
330.680,309.560,58.732,22.425
330.212,310.962,58.732,22.425
331.302,309.560,58.732,22.425
330.212,310.962,58.732,22.425
331.302,309.872,58.732,22.425
329.901,310.339,58.732,22.425
330.368,310.806,58.732,22.425
330.212,310.028,58.732,22.425
329.434,310.495,58.732,22.425
330.212,310.962,58.732,22.425
328.811,309.872,58.732,22.425
328.655,310.339,58.732,22.425
328.188,310.806,58.732,22.425
328.967,309.405,58.732,22.425
327.565,310.495,58.732,22.425
328.967,309.716,58.732,22.425
327.254,310.183,58.732,22.425
328.344,309.093,58.732,22.425
327.254,308.938,58.732,22.425
328.032,308.471,58.732,22.425
326.631,309.561,58.732,22.425
328.032,308.782,58.732,22.425
326.631,309.249,58.732,22.425
328.032,308.159,58.732,22.425
326.320,308.315,58.732,22.425
327.410,307.848,58.732,22.425
326.320,307.381,58.732,22.425
326.787,308.159,58.732,22.425
325.074,307.381,58.732,22.425
327.410,308.159,58.732,22.425
335.662,307.381,58.732,22.425
339.244,308.159,58.732,22.425
338.465,307.069,58.732,22.425
336.752,307.536,58.732,22.425
335.039,308.003,58.732,22.425
334.261,306.913,58.732,22.425
333.794,307.069,58.732,22.425
332.081,307.536,58.732,22.425
332.548,307.692,58.732,22.425
331.770,308.471,58.732,22.425
329.745,308.003,58.732,22.425
328.033,308.159,58.732,22.425
326.320,308.938,58.732,22.425
324.607,308.782,58.732,22.425
321.960,310.183,58.732,22.425
319.001,309.093,58.732,22.425
316.043,309.249,58.732,22.425
313.084,309.093,58.732,22.425
309.814,308.626,58.732,22.425
306.233,309.093,58.732,22.425
302.963,307.692,58.732,22.425
299.070,308.470,58.732,22.425
295.178,307.069,58.732,22.425
291.285,306.291,58.732,22.425
287.081,306.446,58.732,22.425
281.942,305.668,58.732,22.425
277.738,305.823,58.732,22.425
272.600,304.111,58.732,22.425
269.330,304.578,58.732,22.425
264.192,304.733,58.732,22.425
259.676,304.266,58.732,22.425
253.603,303.799,58.732,22.425
250.333,303.021,58.732,22.425
245.506,303.799,58.732,22.425
240.991,303.021,58.732,22.425
236.164,303.799,58.732,22.425
237.565,303.021,58.732,22.425
241.769,304.111,58.732,22.425
246.908,303.643,58.732,22.425
252.669,305.045,58.732,22.425
256.873,304.266,58.732,22.425
262.946,305.356,58.732,22.425
268.707,306.135,58.732,22.425
272.600,306.291,58.732,22.425
270.264,307.381,58.732,22.425
262.946,307.848,58.732,22.425
255.939,307.692,58.732,22.425
250.178,309.405,58.732,22.425
244.728,310.183,58.732,22.425
241.458,310.650,58.732,22.425
244.416,312.052,58.732,22.425
249.866,311.585,58.732,22.425
254.070,312.986,58.732,22.425
260.455,313.142,58.732,22.425
266.527,314.232,58.732,22.425
272.288,315.010,58.732,22.425
277.738,315.477,58.732,22.425
281.631,316.567,58.732,22.425
288.015,317.346,58.732,22.425
293.154,317.502,58.732,22.425
298.915,318.592,58.732,22.425
303.430,318.747,58.732,22.425
309.503,319.837,58.732,22.425
311.839,318.747,58.732,22.425
304.832,320.460,58.732,22.425
297.825,320.304,58.732,22.425
291.752,320.772,58.732,22.425
286.302,321.550,58.732,22.425
282.098,321.706,58.732,22.425
275.714,322.796,58.732,22.425
273.067,321.706,58.732,22.425
276.026,323.419,58.732,22.425
281.787,323.574,58.732,22.425
287.548,324.664,58.732,22.425
293.621,324.820,58.732,22.425
298.759,324.041,58.732,22.425
295.178,325.443,58.732,22.425
287.859,326.221,58.732,22.425
281.787,326.066,58.732,22.425
276.337,326.533,58.732,22.425
272.756,327.623,58.732,22.425
273.846,327.778,58.732,22.425
278.050,328.557,58.732,22.425
284.434,328.090,58.732,22.425
290.818,328.246,58.732,22.425
291.908,328.401,58.732,22.425
284.901,328.557,58.732,22.425
278.828,329.024,58.732,22.425
274.313,327.934,58.732,22.425
269.797,328.090,58.732,22.425
263.724,328.557,58.732,22.425
288.482,328.713,58.732,22.425
294.555,328.557,58.732,22.425
290.974,328.401,58.732,22.425
283.967,328.557,58.732,22.425
279.763,328.401,58.732,22.425
274.624,328.246,58.732,22.425
271.666,328.090,58.732,22.425
272.756,327.934,58.732,22.425
278.828,327.778,58.732,22.425
285.212,328.868,58.732,22.425
289.105,327.467,58.732,22.425
285.524,328.557,58.732,22.425
280.385,328.401,58.732,22.425
276.493,328.246,58.732,22.425
272.600,328.401,58.732,22.425
268.707,328.557,58.732,22.425
263.880,329.024,58.732,22.425
260.610,328.246,58.732,22.425
262.634,329.336,58.732,22.425
268.396,329.180,58.732,22.425
275.403,329.024,58.732,22.425
282.721,329.180,58.732,22.425
288.171,329.958,58.732,22.425
284.901,329.180,58.732,22.425
279.451,329.958,58.732,22.425
276.181,330.114,58.732,22.425
272.600,330.270,58.732,22.425
269.330,330.737,58.732,22.425
266.060,331.204,58.732,22.425
262.790,330.425,58.732,22.425
259.832,331.827,58.732,22.425
257.185,330.737,58.732,22.425
254.849,332.450,58.732,22.425
252.825,332.294,58.732,22.425
257.029,332.761,58.732,22.425
264.347,333.851,58.732,22.425
273.223,333.384,58.732,22.425
281.787,334.785,58.732,22.425
289.728,335.875,58.732,22.425
291.752,335.408,58.732,22.425
288.794,336.810,58.732,22.425
286.147,336.654,58.732,22.425
284.122,338.367,58.732,22.425
282.410,338.522,58.732,22.425
281.320,339.612,58.732,22.425
280.541,340.079,58.732,22.425
279.763,339.612,58.732,22.425
278.361,341.014,58.732,22.425
278.828,340.547,58.732,22.425
277.116,341.637,58.732,22.425
277.894,341.792,58.732,22.425
276.493,340.702,58.732,22.425
277.271,342.415,58.732,22.425
275.558,341.637,58.732,22.425
276.337,342.415,58.732,22.425
274.936,341.948,58.732,22.425
274.157,341.481,58.732,22.425
274.624,342.259,58.732,22.425
274.157,341.792,58.732,22.425
273.067,341.325,58.732,22.425
273.223,342.415,58.732,22.425
273.378,341.948,58.732,22.425
272.911,341.481,58.732,22.425
271.821,342.571,58.732,22.425
272.288,342.415,58.732,22.425
272.133,342.571,58.732,22.425
271.354,343.038,58.732,22.425
271.821,342.259,58.732,22.425
270.109,343.349,58.732,22.425
270.887,343.505,58.732,22.425
269.797,343.972,58.732,22.425
269.641,343.816,58.732,22.425
269.174,343.972,58.732,22.425
269.953,344.751,58.732,22.425
268.863,345.841,58.732,22.425
269.330,345.062,58.732,22.425
269.797,345.841,58.732,22.425
268.396,346.308,58.732,22.425
269.486,347.086,58.732,22.425
269.019,346.931,58.732,22.425
268.551,347.398,58.732,22.425
269.641,348.176,58.732,22.425
267.929,348.021,58.732,22.425
268.707,348.488,58.732,22.425
267.929,349.266,58.732,22.425
269.019,349.111,58.732,22.425
268.240,349.266,58.732,22.425
269.019,349.733,58.732,22.425
268.240,350.512,58.732,22.425
269.330,350.045,58.732,22.425
269.174,349.889,58.732,22.425
269.330,349.733,58.732,22.425
268.863,351.135,58.732,22.425
268.707,350.045,58.732,22.425
268.240,350.512,58.732,22.425
269.019,351.291,58.732,22.425
268.551,350.823,58.732,22.425
269.641,350.356,58.732,22.425
267.617,351.758,58.732,22.425
269.019,351.913,58.732,22.425
267.929,351.135,58.732,22.425
268.396,351.913,58.732,22.425
269.174,351.446,58.732,22.425
268.084,352.536,58.732,22.425
268.863,353.003,58.732,22.425
268.084,352.536,58.732,22.425
268.863,353.626,58.732,22.425
268.084,354.093,58.732,22.425
269.174,353.315,58.732,22.425
268.707,354.716,58.732,22.425
268.863,355.495,58.732,22.425
269.330,355.028,58.732,22.425
270.109,355.495,58.732,22.425
269.330,356.273,58.732,22.425
270.420,356.429,58.732,22.425
270.264,357.207,58.732,22.425
270.420,357.363,58.732,22.425
270.576,358.142,58.732,22.425
271.043,358.297,58.732,22.425
269.953,359.076,58.732,22.425
270.420,359.543,58.732,22.425
271.198,360.633,58.732,22.425
270.420,361.100,58.732,22.425
271.510,360.633,58.732,22.425
270.731,362.346,58.732,22.425
270.264,362.190,58.732,22.425
271.354,362.657,58.732,22.425
271.199,363.747,58.732,22.425
271.043,363.903,58.732,22.425
271.199,363.124,58.732,22.425
271.666,363.903,58.732,22.425
270.264,364.059,58.732,22.425
271.666,364.214,58.732,22.425
270.576,364.681,58.732,22.425
271.977,365.149,58.732,22.425
271.199,364.370,58.732,22.425
272.289,364.837,58.732,22.425
272.133,363.747,58.732,22.425
272.289,364.837,58.732,22.425
272.444,363.124,58.732,22.425
272.911,362.969,58.732,22.425
271.821,362.190,58.732,22.425
272.600,362.034,58.732,22.425
273.378,360.944,58.732,22.425
272.600,360.477,58.732,22.425
273.378,360.322,58.732,22.425
272.911,359.543,58.732,22.425
272.444,359.076,58.732,22.425
273.534,357.675,58.732,22.425
272.756,357.830,58.732,22.425
271.977,356.117,58.732,22.425
272.756,355.339,58.732,22.425
271.977,354.872,58.732,22.425
272.756,353.470,58.732,22.425
271.977,353.626,58.732,22.425
272.756,352.536,58.732,22.425
272.288,351.758,58.732,22.425
273.378,350.979,58.732,22.425
272.600,349.578,58.732,22.425
273.690,349.733,58.732,22.425
272.288,348.955,58.732,22.425
273.378,347.242,58.732,22.425
273.534,346.775,58.732,22.425
274.001,346.619,58.732,22.425
272.911,345.841,58.732,22.425
273.378,344.128,58.732,22.425
274.157,343.661,58.732,22.425
273.378,343.816,58.732,22.425
274.157,341.792,58.732,22.425
274.001,341.014,58.732,22.425
273.534,340.547,58.732,22.425
274.624,340.079,58.732,22.425
275.091,338.367,58.732,22.425
274.001,336.965,58.732,22.425
274.780,334.318,58.732,22.425
273.690,331.671,58.732,22.425
274.157,327.778,58.732,22.425
275.247,322.640,58.732,22.425
274.468,316.256,58.732,22.425
275.558,309.560,58.732,22.425
274.780,303.176,58.732,22.425
274.001,295.858,58.732,22.425
275.091,288.228,58.732,22.425
274.313,280.910,58.732,22.425
275.091,273.280,58.732,22.425
274.001,265.962,58.732,22.425
274.468,262.692,58.732,22.425
274.936,259.733,58.732,22.425
273.534,256.463,58.732,22.425
274.936,252.882,58.732,22.425
273.534,249.301,58.732,22.425
274.936,246.342,58.732,22.425
273.534,243.384,58.732,22.425
274.936,240.425,58.732,22.425
273.846,237.155,58.732,22.425
274.624,233.885,58.732,22.425
275.403,230.615,58.732,22.425
274.313,227.968,58.732,22.425
275.714,224.699,58.732,22.425
274.001,222.051,58.732,22.425
275.403,218.470,58.732,22.425
275.870,215.512,58.732,22.425
275.091,212.553,58.732,22.425
276.181,209.906,58.732,22.425
276.337,206.948,58.732,22.425
277.116,204.612,58.732,22.425
276.026,203.522,58.732,22.425
277.427,202.121,58.732,22.425
278.517,200.096,58.732,22.425
278.050,199.629,58.732,22.425
278.517,199.162,58.732,22.425
279.295,197.761,58.732,22.425
279.140,198.851,58.732,22.425
279.607,197.138,58.732,22.425
280.385,198.539,58.732,22.425
279.607,199.941,58.732,22.425
281.008,200.096,58.732,22.425
279.918,201.498,58.732,22.425
281.008,203.211,58.732,22.425
281.787,203.055,58.732,22.425
280.697,202.899,58.732,22.425
281.787,201.498,58.732,22.425
281.320,200.096,58.732,22.425
283.032,197.138,58.732,22.425
282.877,193.868,58.732,22.425
283.655,189.352,58.732,22.425
283.188,184.837,58.732,22.425
284.278,178.453,58.732,22.425
284.745,174.249,58.732,22.425
283.967,167.553,58.732,22.425
284.745,162.103,58.732,22.425
284.901,155.719,58.732,22.425
285.057,150.581,58.732,22.425
285.524,144.508,58.732,22.425
286.302,138.747,58.732,22.425
285.168,133.168,60.031,22.921
284.690,143.194,60.031,22.921
283.531,98.853,61.360,23.428
284.034,94.037,62.717,23.947
283.167,90.149,64.105,24.476
283.340,86.881,65.523,25.018
283.156,83.180,66.973,25.571
283.688,75.900,66.973,25.571
282.763,67.327,68.455,26.137
283.308,60.612,68.455,26.137
282.400,54.623,68.455,26.137
283.308,49.360,68.455,26.137
282.763,47.727,68.455,26.137
284.034,48.271,68.455,26.137
283.489,47.727,68.455,26.137
285.123,49.360,68.455,26.137
285.667,49.904,68.455,26.137
286.937,51.901,68.455,26.137
285.667,53.897,68.455,26.137
287.300,55.894,68.455,26.137
287.119,58.253,68.455,26.137
287.663,60.249,68.455,26.137
288.208,62.609,68.455,26.137
287.663,65.694,68.455,26.137
288.571,68.416,68.455,26.137
288.752,70.412,68.455,26.137
286.677,72.948,69.969,26.716
287.604,74.246,69.969,26.716
285.098,75.298,71.517,27.307
286.046,77.384,71.517,27.307
286.615,77.952,71.517,27.307
284.447,79.421,73.100,27.911
285.416,81.165,73.100,27.911
285.610,82.522,73.100,27.911
285.416,84.266,73.100,27.911
284.835,86.010,73.100,27.911
285.416,87.754,73.100,27.911
283.672,89.498,73.100,27.911
284.253,92.018,73.100,27.911
