1.000,174.000,17.000,21.000
4.511,174.822,17.000,21.000
6.827,176.839,17.000,21.000
10.337,178.557,17.000,21.000
12.653,180.275,17.000,21.000
16.015,181.843,17.000,21.000
18.031,184.458,17.000,21.000
20.945,185.578,17.000,21.000
24.605,187.147,17.000,21.000
26.771,188.566,17.000,21.000
30.133,190.434,17.000,21.000
32.000,192.003,17.000,21.000
34.914,193.273,17.000,21.000
38.574,194.841,17.000,21.000
40.591,197.008,17.000,21.000
43.504,197.979,17.000,21.000
45.969,200.444,17.000,21.000
49.032,201.265,17.000,21.000
50.600,202.386,17.000,21.000
53.962,203.805,17.000,21.000
57.025,205.374,17.000,21.000
58.593,206.494,17.000,21.000
61.805,207.764,17.000,21.000
64.569,209.184,17.000,21.000
66.885,210.155,17.000,21.000
70.097,211.425,17.000,21.000
71.815,212.694,17.000,21.000
75.475,214.263,17.000,21.000
77.492,215.384,17.000,21.000
80.406,216.504,17.000,21.000
83.020,217.774,17.000,21.000
85.336,219.044,17.000,21.000
88.548,219.716,17.000,21.000
91.461,221.285,17.000,21.000
93.627,222.405,17.000,21.000
96.541,223.675,17.000,21.000
99.155,224.945,17.000,21.000
101.172,226.365,17.000,21.000
103.936,227.186,17.000,21.000
107.297,228.008,17.000,21.000
109.165,228.979,17.000,21.000
111.331,230.847,17.000,21.000
114.244,232.116,17.000,21.000
116.261,232.789,17.000,21.000
119.025,234.208,17.000,21.000
120.743,235.179,17.000,21.000
124.105,236.150,17.000,21.000
125.823,237.271,17.000,21.000
128.885,238.541,17.000,21.000
131.052,239.960,17.000,21.000
132.620,241.379,17.000,21.000
135.534,242.201,17.000,21.000
137.551,243.172,17.000,21.000
140.165,244.293,17.000,21.000
141.734,245.562,17.000,21.000
144.796,246.982,17.000,21.000
147.262,248.550,17.000,21.000
148.830,249.372,17.000,21.000
151.100,250.964,16.637,20.552
153.073,251.768,16.637,20.552
155.193,252.865,16.637,20.552
157.314,254.108,16.637,20.552
159.434,255.497,16.637,20.552
161.408,257.032,16.637,20.552
163.089,258.275,16.637,20.552
164.770,259.810,16.637,20.552
166.452,260.614,16.637,20.552
168.391,262.172,16.283,20.114
170.180,263.388,16.283,20.114
171.825,264.891,16.283,20.114
173.861,266.278,15.935,19.685
175.611,267.468,15.935,19.685
177.222,268.658,15.935,19.685
178.552,269.849,15.935,19.685
180.163,271.459,15.935,19.685
181.213,272.510,15.935,19.685
182.543,273.700,15.935,19.685
184.154,275.030,15.935,19.685
185.344,276.361,15.935,19.685
186.535,277.271,15.935,19.685
188.005,278.321,15.935,19.685
189.616,279.512,15.935,19.685
190.806,280.702,15.935,19.685
192.136,282.032,15.935,19.685
192.767,283.363,15.935,19.685
194.237,284.273,15.935,19.685
195.147,285.183,15.935,19.685
196.198,286.234,15.935,19.685
197.388,287.564,15.935,19.685
198.438,288.895,15.935,19.685
199.349,290.505,15.935,19.685
200.259,291.695,15.935,19.685
201.029,293.026,15.935,19.685
202.360,294.776,15.935,19.685
202.149,295.967,15.935,19.685
203.200,297.297,15.935,19.685
203.550,298.067,15.935,19.685
204.600,299.678,15.935,19.685
205.230,300.728,15.935,19.685
205.300,302.059,15.935,19.685
206.211,303.669,15.935,19.685
206.701,304.720,15.935,19.685
207.611,305.910,15.935,19.685
208.101,307.240,15.935,19.685
207.751,308.291,15.935,19.685
209.082,309.621,15.935,19.685
208.731,311.092,15.935,19.685
210.062,312.702,15.935,19.685
209.712,313.892,15.935,19.685
211.042,315.363,15.935,19.685
210.552,316.133,15.935,19.685
211.882,317.884,15.935,19.685
213.073,319.074,15.935,19.685
212.303,320.544,15.935,19.685
213.633,321.455,15.935,19.685
214.403,322.505,15.935,19.685
214.753,323.415,15.935,19.685
215.524,324.466,15.935,19.685
216.154,325.516,15.935,19.685
216.224,326.426,15.935,19.685
216.854,327.196,15.935,19.685
218.044,327.827,15.935,19.685
217.694,329.017,15.935,19.685
218.885,329.927,15.935,19.685
219.935,330.558,15.935,19.685
220.845,330.347,15.935,19.685
221.335,330.698,15.935,19.685
221.265,331.748,15.935,19.685
222.036,332.098,15.935,19.685
222.386,333.008,15.935,19.685
223.436,333.358,15.935,19.685
224.346,332.728,15.935,19.685
224.836,333.638,15.935,19.685
225.887,334.269,15.935,19.685
226.797,333.778,15.935,19.685
227.287,334.689,15.935,19.685
227.077,335.319,15.935,19.685
227.707,334.969,15.935,19.685
228.898,336.019,15.935,19.685
229.808,336.509,15.935,19.685
230.578,335.879,15.935,19.685
230.368,336.789,15.935,19.685
231.138,336.859,15.935,19.685
231.488,337.350,15.935,19.685
232.399,336.859,15.935,19.685
232.749,337.770,15.935,19.685
233.379,337.980,15.935,19.685
233.589,338.330,15.935,19.685
234.219,337.560,15.935,19.685
233.869,338.470,15.935,19.685
234.920,338.260,15.935,19.685
235.550,338.610,15.935,19.685
235.060,339.100,15.935,19.685
234.849,339.730,15.935,19.685
235.760,339.520,15.935,19.685
235.970,339.450,15.935,19.685
236.600,339.800,15.935,19.685
236.163,340.483,15.596,19.265
236.923,340.226,15.263,18.854
235.917,340.829,15.263,18.854
236.253,341.701,15.263,18.854
236.722,341.366,15.263,18.854
237.192,341.567,15.263,18.854
236.320,342.037,15.263,18.854
236.655,342.774,15.263,18.854
236.990,342.707,15.263,18.854
236.118,343.042,15.263,18.854
236.320,343.378,15.263,18.854
236.521,342.908,15.263,18.854
236.454,343.780,15.263,18.854
236.253,344.116,15.263,18.854
235.783,343.378,15.263,18.854
236.387,343.981,15.263,18.854
235.649,344.853,15.263,18.854
235.984,345.054,15.263,18.854
234.844,345.524,15.263,18.854
235.582,344.920,15.263,18.854
234.978,345.792,15.263,18.854
234.106,345.993,15.263,18.854
234.308,346.329,15.263,18.854
234.375,345.591,15.263,18.854
234.039,346.195,15.263,18.854
233.436,345.859,15.263,18.854
234.039,346.999,15.263,18.854
233.168,347.335,15.263,18.854
233.100,346.597,15.263,18.854
232.765,347.201,15.263,18.854
233.503,346.597,15.263,18.854
232.765,347.201,15.263,18.854
232.698,346.731,15.263,18.854
232.229,347.469,15.263,18.854
231.625,347.268,15.263,18.854
232.094,347.066,15.263,18.854
231.288,348.108,14.938,18.452
231.747,347.255,14.938,18.452
230.957,347.515,14.619,18.059
230.556,347.521,14.307,17.674
230.116,347.584,14.307,17.674
230.814,347.712,14.002,17.297
230.074,347.600,13.704,16.928
230.736,346.576,13.704,16.928
229.833,346.275,13.704,16.928
229.532,347.058,13.704,16.928
228.869,346.516,13.704,16.928
229.291,346.697,13.704,16.928
228.388,345.673,13.704,16.928
228.087,345.131,13.704,16.928
228.749,345.432,13.704,16.928
227.846,345.613,13.704,16.928
227.424,344.469,13.704,16.928
226.882,345.011,13.704,16.928
227.304,344.108,13.704,16.928
226.160,343.686,13.704,16.928
225.497,343.265,13.704,16.928
225.919,343.445,13.704,16.928
225.738,343.144,13.704,16.928
225.196,342.723,13.704,16.928
224.413,341.940,13.704,16.928
224.112,342.000,13.704,16.928
224.775,341.819,13.704,16.928
224.166,341.361,13.411,16.567
223.571,341.140,13.125,16.214
222.937,341.313,13.125,16.214
223.225,340.910,13.125,16.214
222.706,340.275,13.125,16.214
221.956,340.333,13.125,16.214
222.129,339.814,13.125,16.214
221.610,340.448,13.125,16.214
220.860,339.699,13.125,16.214
221.033,339.526,13.125,16.214
220.514,339.122,13.125,16.214
219.820,338.683,12.845,15.868
219.576,339.124,12.571,15.529
219.521,338.296,12.571,15.529
219.024,338.020,12.571,15.529
219.190,337.412,12.571,15.529
218.803,337.467,12.571,15.529
218.245,337.154,12.303,15.198
217.650,336.775,12.303,15.198
217.704,336.180,12.303,15.198
217.326,336.235,12.303,15.198
216.780,336.032,12.041,14.874
216.198,335.873,12.041,14.874
216.145,335.397,12.041,14.874
215.774,334.603,12.041,14.874
215.138,334.711,11.784,14.557
214.361,334.763,11.784,14.557
214.102,333.468,11.784,14.557
214.672,333.624,11.784,14.557
213.895,333.365,11.784,14.557
213.533,332.691,11.784,14.557
212.756,332.950,11.784,14.557
212.704,331.759,11.784,14.557
212.281,331.166,11.533,14.247
211.723,331.825,11.533,14.247
212.078,330.963,11.533,14.247
211.014,330.811,11.533,14.247
210.456,330.355,11.533,14.247
210.811,330.406,11.533,14.247
209.646,329.443,11.533,14.247
210.102,328.886,11.533,14.247
209.139,328.734,11.533,14.247
208.725,328.348,11.287,13.943
208.278,327.902,11.287,13.943
208.625,328.249,11.287,13.943
207.782,327.108,11.287,13.943
207.472,326.635,11.046,13.645
207.230,327.072,11.046,13.645
206.599,326.053,11.046,13.645
206.841,325.422,11.046,13.645
206.502,325.665,11.046,13.645
205.871,325.422,11.046,13.645
206.016,324.694,11.046,13.645
204.900,323.772,11.046,13.645
205.337,323.238,11.046,13.645
204.414,323.286,11.046,13.645
204.075,322.946,11.046,13.645
203.347,322.218,11.046,13.645
203.492,321.879,11.046,13.645
203.055,321.345,11.046,13.645
202.327,321.587,11.046,13.645
202.570,321.248,11.046,13.645
202.133,320.714,11.046,13.645
201.502,319.889,11.046,13.645
201.454,319.549,11.046,13.645
201.114,320.083,11.046,13.645
200.483,319.452,11.046,13.645
200.726,319.597,11.046,13.645
200.422,319.322,10.811,13.354
199.805,318.609,10.811,13.354
199.416,318.065,10.580,13.070
199.835,318.297,10.580,13.070
198.858,318.158,10.580,13.070
198.440,317.646,10.580,13.070
198.951,316.763,10.580,13.070
198.254,316.531,10.580,13.070
197.929,315.926,10.580,13.070
197.231,315.973,10.580,13.070
197.557,315.554,10.580,13.070
197.324,314.764,10.580,13.070
196.813,314.253,10.580,13.070
196.023,314.485,10.580,13.070
196.628,313.863,10.355,12.791
195.764,313.362,10.355,12.791
195.263,312.498,10.355,12.791
195.764,311.906,10.355,12.791
195.304,311.385,10.134,12.518
194.547,311.340,10.134,12.518
194.097,310.487,9.918,12.251
194.402,309.746,9.918,12.251
194.097,309.266,9.918,12.251
193.618,309.484,9.918,12.251
192.877,307.785,9.918,12.251
193.445,308.293,9.706,11.990
193.061,307.568,9.706,11.990
192.507,306.331,9.706,11.990
192.720,306.374,9.706,11.990
191.654,305.734,9.706,11.990
191.184,304.753,9.706,11.990
191.568,304.028,9.706,11.990
191.440,303.730,9.706,11.990
190.927,303.077,9.499,11.734
190.635,303.369,9.499,11.734
190.092,302.158,9.499,11.734
190.385,301.198,9.499,11.734
189.508,300.739,9.499,11.734
189.216,300.614,9.499,11.734
189.675,299.988,9.499,11.734
188.882,299.612,9.499,11.734
188.590,298.903,9.499,11.734
188.168,298.746,9.297,11.484
187.637,298.297,9.297,11.484
188.168,297.602,9.297,11.484
187.474,297.153,9.297,11.484
187.433,296.295,9.297,11.484
187.099,295.906,9.098,11.239
187.080,295.370,8.904,10.999
186.337,294.862,8.904,10.999
186.141,294.588,8.904,10.999
185.711,294.001,8.904,10.999
186.219,292.866,8.904,10.999
185.554,293.140,8.904,10.999
185.672,291.614,8.904,10.999
185.632,291.419,8.904,10.999
185.437,290.832,8.904,10.999
184.850,290.480,8.904,10.999
185.280,289.658,8.904,10.999
184.615,289.228,8.904,10.999
184.889,288.250,8.904,10.999
185.006,287.663,8.904,10.999
185.046,287.310,8.904,10.999
184.928,286.645,8.904,10.999
184.654,286.528,8.904,10.999
184.302,285.941,8.904,10.999
183.872,285.745,8.904,10.999
184.537,285.159,8.904,10.999
184.028,283.867,8.904,10.999
184.615,283.750,8.904,10.999
184.107,283.163,8.904,10.999
183.676,282.028,8.904,10.999
184.185,281.363,8.904,10.999
183.676,281.089,8.904,10.999
184.263,280.268,8.904,10.999
183.754,279.759,8.904,10.999
184.263,279.955,8.904,10.999
183.833,279.524,8.904,10.999
184.420,278.859,8.904,10.999
184.067,278.351,8.904,10.999
183.823,277.676,8.714,10.765
184.617,277.163,8.529,10.535
185.105,276.734,8.347,10.311
184.555,276.404,8.347,10.311
185.179,275.560,8.347,10.311
184.849,275.157,8.347,10.311
184.739,274.460,8.347,10.311
185.729,274.056,8.347,10.311
186.132,273.286,8.347,10.311
185.582,272.663,8.347,10.311
186.059,272.773,8.347,10.311
185.656,272.223,8.347,10.311
186.426,271.452,8.347,10.311
186.609,270.976,8.347,10.311
187.013,269.839,8.347,10.311
186.389,270.389,8.347,10.311
187.086,269.545,8.347,10.311
186.903,269.142,8.347,10.311
187.086,268.298,8.347,10.311
187.563,267.821,8.347,10.311
188.186,267.565,8.347,10.311
188.076,267.088,8.347,10.311
188.406,265.658,8.347,10.311
188.810,266.061,8.347,10.311
189.360,265.071,8.347,10.311
189.103,264.521,8.347,10.311
189.864,264.171,8.169,10.091
190.187,263.561,8.169,10.091
189.720,263.381,8.169,10.091
190.618,262.915,8.169,10.091
191.012,262.520,8.169,10.091
190.474,261.766,8.169,10.091
191.012,261.443,8.169,10.091
191.264,260.761,8.169,10.091
191.802,260.223,8.169,10.091
192.412,259.254,8.169,10.091
192.592,258.715,8.169,10.091
193.058,258.320,8.169,10.091
192.520,257.638,8.169,10.091
193.345,257.172,8.169,10.091
193.597,256.418,8.169,10.091
193.992,255.879,8.169,10.091
193.669,255.987,8.169,10.091
194.709,254.659,8.169,10.091
195.104,254.767,8.169,10.091
194.638,254.300,8.169,10.091
195.607,253.546,8.169,10.091
196.002,252.936,8.169,10.091
195.535,253.116,8.169,10.091
196.719,251.500,8.169,10.091
197.114,251.177,8.169,10.091
196.719,250.495,8.169,10.091
197.545,250.101,8.169,10.091
197.940,249.347,8.169,10.091
197.646,249.143,7.995,9.876
198.173,248.757,7.995,9.876
198.841,248.300,7.995,9.876
199.227,248.124,7.995,9.876
199.895,247.527,7.995,9.876
200.070,247.351,7.995,9.876
200.457,246.965,7.995,9.876
201.054,245.946,7.995,9.876
201.159,245.490,7.995,9.876
201.546,245.665,7.995,9.876
201.159,244.295,7.995,9.876
201.752,243.960,7.824,9.665
202.543,244.064,7.824,9.665
202.853,243.754,7.824,9.665
203.368,243.032,7.824,9.665
203.609,242.654,7.824,9.665
203.987,241.932,7.824,9.665
204.640,241.760,7.824,9.665
204.950,241.176,7.824,9.665
205.465,240.247,7.824,9.665
205.225,239.869,7.824,9.665
205.534,239.972,7.824,9.665
205.981,239.594,7.824,9.665
206.772,239.010,7.824,9.665
207.012,238.769,7.824,9.665
207.459,238.185,7.824,9.665
207.907,237.791,7.657,9.459
207.605,236.613,7.657,9.459
208.446,237.118,7.657,9.459
208.748,236.142,7.657,9.459
208.378,235.503,7.657,9.459
209.085,235.469,7.657,9.459
209.253,234.830,7.657,9.459
209.556,233.652,7.657,9.459
210.263,234.157,7.657,9.459
209.858,233.771,7.494,9.257
210.022,233.409,7.494,9.257
210.450,232.586,7.494,9.257
211.076,232.224,7.494,9.257
211.043,231.598,7.494,9.257
211.142,231.433,7.494,9.257
211.636,231.005,7.494,9.257
212.196,230.314,7.494,9.257
212.360,230.083,7.494,9.257
212.657,229.326,7.494,9.257
213.216,228.898,7.494,9.257
212.854,228.272,7.494,9.257
213.019,228.042,7.494,9.257
213.184,227.416,7.494,9.257
213.480,227.120,7.494,9.257
214.106,226.560,7.494,9.257
213.941,226.264,7.494,9.257
214.040,225.704,7.494,9.257
214.270,225.407,7.494,9.257
214.698,224.848,7.494,9.257
215.258,224.946,7.494,9.257
215.093,223.728,7.494,9.257
215.456,224.024,7.494,9.257
215.884,222.806,7.494,9.257
215.456,223.168,7.494,9.257
215.950,221.950,7.494,9.257
215.982,221.324,7.494,9.257
216.015,220.962,7.494,9.257
216.378,220.205,7.494,9.257
216.872,219.777,7.494,9.257
216.378,219.678,7.494,9.257
217.003,218.920,7.494,9.257
216.970,217.636,7.494,9.257
217.201,217.537,7.494,9.257
217.497,217.044,7.494,9.257
217.794,215.891,7.494,9.257
217.234,215.265,7.494,9.257
217.859,215.232,7.494,9.257
217.958,214.541,7.494,9.257
218.189,214.179,7.494,9.257
218.617,212.960,7.494,9.257
219.045,212.401,7.494,9.257
218.814,212.631,7.494,9.257
218.650,212.005,7.494,9.257
219.868,210.524,7.494,9.257
219.177,210.161,7.494,9.257
219.670,209.009,7.494,9.257
220.362,208.581,7.494,9.257
220.527,208.746,7.494,9.257
220.823,208.252,7.494,9.257
220.427,207.557,7.334,9.060
220.652,206.880,7.334,9.060
221.136,206.590,7.334,9.060
221.941,205.269,7.334,9.060
221.554,204.899,7.178,8.867
222.216,204.679,7.178,8.867
222.374,204.206,7.178,8.867
222.658,202.912,7.178,8.867
222.941,202.755,7.178,8.867
222.595,202.219,7.178,8.867
223.635,200.989,7.178,8.867
223.982,201.336,7.178,8.867
223.446,199.853,7.178,8.867
224.172,200.011,7.178,8.867
224.392,199.601,7.178,8.867
224.739,198.623,7.178,8.867
225.149,197.519,7.178,8.867
224.802,196.983,7.178,8.867
225.969,196.699,7.178,8.867
225.370,195.785,7.178,8.867
225.780,194.933,7.178,8.867
226.379,194.460,7.178,8.867
226.537,193.230,7.178,8.867
226.821,192.568,7.178,8.867
227.294,192.158,7.178,8.867
227.389,191.432,7.178,8.867
227.735,191.211,7.178,8.867
228.145,190.549,7.178,8.867
227.988,190.265,7.178,8.867
228.209,189.918,7.178,8.867
228.745,190.076,7.178,8.867
229.785,188.783,7.178,8.867
230.006,189.193,7.178,8.867
229.407,188.467,7.178,8.867
230.069,188.751,7.178,8.867
230.227,188.972,7.178,8.867
230.826,188.688,7.178,8.867
231.359,188.327,7.025,8.677
232.130,188.790,7.025,8.677
232.347,188.265,7.025,8.677
232.933,188.913,7.025,8.677
232.593,188.512,7.025,8.677
232.810,189.160,7.025,8.677
233.273,189.253,7.025,8.677
233.982,189.407,7.025,8.677
234.260,189.870,7.025,8.677
234.847,189.531,7.025,8.677
234.569,190.364,7.025,8.677
234.908,190.889,7.025,8.677
235.433,190.549,7.025,8.677
236.205,191.259,7.025,8.677
236.668,191.599,7.025,8.677
236.328,192.062,7.025,8.677
237.594,191.660,7.025,8.677
237.193,192.309,7.025,8.677
238.211,192.154,7.025,8.677
238.674,192.494,7.025,8.677
238.335,192.957,7.025,8.677
239.662,192.802,7.025,8.677
239.322,193.019,7.025,8.677
240.526,193.728,7.025,8.677
240.187,193.451,7.025,8.677
241.205,194.716,7.025,8.677
241.730,194.191,7.025,8.677
241.576,194.840,7.025,8.677
241.915,194.747,7.025,8.677
242.625,195.210,7.025,8.677
242.965,195.858,7.025,8.677
243.489,196.074,7.025,8.677
243.273,196.537,7.025,8.677
244.724,197.186,7.025,8.677
244.755,197.463,7.025,8.677
245.156,197.865,7.025,8.677
245.990,197.525,7.025,8.677
246.514,198.791,7.025,8.677
246.237,198.328,7.025,8.677
247.626,199.099,7.025,8.677
247.348,199.254,7.025,8.677
248.675,199.593,7.025,8.677
248.459,200.118,7.025,8.677
249.848,200.025,7.025,8.677
249.694,200.426,7.025,8.677
249.786,200.889,7.025,8.677
250.373,200.612,7.025,8.677
251.268,201.569,7.025,8.677
251.854,202.155,7.025,8.677
251.638,202.001,7.025,8.677
252.163,201.908,7.025,8.677
253.243,202.309,7.025,8.677
253.768,203.019,7.025,8.677
253.861,202.865,7.025,8.677
254.385,203.204,7.025,8.677
255.095,203.791,7.025,8.677
255.682,204.130,7.025,8.677
255.836,204.532,7.025,8.677
256.546,205.180,7.025,8.677
256.762,204.964,7.025,8.677
257.287,205.365,7.025,8.677
258.552,205.952,7.025,8.677
258.275,206.168,7.025,8.677
259.787,206.507,7.025,8.677
259.386,207.094,7.025,8.677
260.651,206.816,7.025,8.677
260.929,207.032,7.025,8.677
261.577,207.495,7.025,8.677
262.040,208.143,7.025,8.677
263.182,208.112,7.025,8.677
263.644,208.770,6.875,8.492
264.097,208.317,6.875,8.492
265.577,208.891,6.875,8.492
265.728,208.861,6.875,8.492
266.302,209.193,6.875,8.492
267.722,209.767,6.875,8.492
267.994,209.314,6.875,8.492
268.749,209.948,6.875,8.492
269.384,209.737,6.875,8.492
270.924,210.613,6.875,8.492
271.196,210.885,6.875,8.492
272.314,210.432,6.875,8.492
272.888,211.006,6.875,8.492
273.341,211.157,6.875,8.492
274.821,211.006,6.875,8.492
275.153,211.338,6.875,8.492
276.090,211.791,6.875,8.492
276.785,211.398,6.875,8.492
277.238,212.637,6.875,8.492
278.537,212.909,6.875,8.492
279.836,212.335,6.875,8.492
280.168,212.788,6.875,8.492
281.165,212.274,6.875,8.492
281.920,212.788,6.875,8.492
282.494,212.818,6.875,8.492
283.854,212.788,6.875,8.492
283.944,213.181,6.875,8.492
285.122,213.754,6.875,8.492
285.998,213.483,6.875,8.492
286.814,214.177,6.875,8.492
287.569,214.449,6.875,8.492
288.083,214.721,6.875,8.492
289.442,215.114,6.875,8.492
290.681,214.721,6.875,8.492
290.530,215.416,6.875,8.492
292.372,215.265,6.875,8.492
292.946,215.356,6.875,8.492
293.520,215.567,6.875,8.492
294.880,215.778,6.875,8.492
295.333,215.084,6.875,8.492
296.692,215.537,6.875,8.492
297.024,216.050,6.875,8.492
297.961,215.597,6.875,8.492
298.595,216.171,6.875,8.492
299.230,216.081,6.875,8.492
300.589,216.050,6.875,8.492
300.982,216.383,6.875,8.492
302.220,216.715,6.875,8.492
303.278,217.108,6.875,8.492
303.852,216.534,6.875,8.492
304.486,217.108,6.875,8.492
305.845,216.715,6.875,8.492
306.238,217.470,6.875,8.492
306.872,217.561,6.875,8.492
307.446,218.135,6.875,8.492
308.745,217.923,6.875,8.492
309.078,217.772,6.875,8.492
310.074,218.286,6.875,8.492
310.709,219.162,6.875,8.492
311.041,219.071,6.875,8.492
312.159,219.524,6.875,8.492
312.733,220.219,6.875,8.492
313.065,220.672,6.875,8.492
313.881,221.186,6.875,8.492
314.274,221.216,6.875,8.492
314.968,221.609,6.875,8.492
315.482,222.606,6.875,8.492
316.177,223.119,6.875,8.492
316.388,222.908,6.875,8.492
317.022,223.240,6.875,8.492
317.536,223.874,6.875,8.492
318.291,223.965,6.875,8.492
318.624,224.358,6.875,8.492
318.291,225.113,6.875,8.492
319.349,225.385,6.875,8.492
319.862,226.080,6.875,8.492
319.590,226.412,6.875,8.492
319.560,226.865,6.875,8.492
320.919,227.197,6.875,8.492
320.647,227.892,6.875,8.492
320.617,228.164,6.875,8.492
321.010,228.859,6.875,8.492
321.524,229.070,6.875,8.492
322.400,229.463,6.875,8.492
322.188,230.701,6.875,8.492
322.339,231.396,6.875,8.492
322.792,231.185,6.875,8.492
322.400,231.638,6.875,8.492
323.094,232.333,6.875,8.492
322.883,232.121,6.875,8.492
322.913,232.091,6.875,8.492
323.185,232.182,6.875,8.492
323.699,232.574,6.875,8.492
323.245,233.088,6.875,8.492
323.759,232.574,6.875,8.492
323.366,233.088,6.875,8.492
324.001,232.635,6.875,8.492
323.789,233.088,6.875,8.492
324.121,232.635,6.875,8.492
324.393,233.148,6.875,8.492
324.846,232.695,6.875,8.492
324.454,233.269,6.875,8.492
325.028,232.876,6.875,8.492
324.816,232.363,6.875,8.492
325.028,232.816,6.875,8.492
325.239,232.303,6.875,8.492
325.572,232.574,6.875,8.492
324.998,232.846,6.875,8.492
325.511,231.789,6.875,8.492
326.085,231.578,6.875,8.492
325.632,232.333,6.875,8.492
326.084,231.754,6.728,8.311
326.409,232.079,6.728,8.311
325.847,232.227,6.728,8.311
326.291,232.256,6.728,8.311
325.788,232.049,6.728,8.311
326.291,231.783,6.728,8.311
325.965,231.399,6.728,8.311
326.764,230.837,6.728,8.311
326.793,231.221,6.728,8.311
326.823,231.606,6.728,8.311
327.089,230.512,6.728,8.311
327.414,230.305,6.728,8.311
326.734,231.044,6.728,8.311
327.000,230.778,6.728,8.311
327.325,230.275,6.728,8.311
326.764,230.660,6.728,8.311
327.148,230.098,6.728,8.311
326.586,230.305,6.728,8.311
326.971,230.275,6.728,8.311
327.355,230.009,6.728,8.311
326.793,229.743,6.728,8.311
327.237,229.182,6.728,8.311
326.675,229.625,6.728,8.311
327.059,229.063,6.728,8.311
327.444,228.797,6.728,8.311
326.882,228.590,6.728,8.311
327.266,228.442,6.728,8.311
326.705,228.117,6.728,8.311
327.148,228.738,6.728,8.311
326.646,228.354,6.728,8.311
327.148,227.910,6.728,8.311
326.705,228.176,6.728,8.311
327.266,228.442,6.728,8.311
326.823,227.289,6.728,8.311
327.385,228.265,6.728,8.311
327.059,228.176,6.728,8.311
327.388,227.724,6.585,8.134
327.243,227.521,6.585,8.134
327.214,227.261,6.585,8.134
327.243,227.810,6.585,8.134
327.272,227.261,6.585,8.134
327.359,227.637,6.585,8.134
327.619,226.971,6.585,8.134
327.995,227.174,6.585,8.134
328.314,227.029,6.585,8.134
327.764,226.827,6.585,8.134
328.140,226.508,6.585,8.134
328.458,226.074,6.585,8.134
327.908,226.393,6.585,8.134
328.400,226.190,6.585,8.134
327.908,225.756,6.585,8.134
328.400,225.033,6.585,8.134
327.908,224.657,6.585,8.134
328.400,224.165,6.585,8.134
327.908,224.309,6.585,8.134
328.453,224.034,6.444,7.961
328.708,222.929,6.444,7.961
328.962,223.297,6.444,7.961
328.198,221.910,6.444,7.961
328.453,221.881,6.444,7.961
328.708,221.513,6.444,7.961
328.962,220.352,6.444,7.961
328.255,219.588,6.444,7.961
328.566,219.050,6.444,7.961
328.934,217.775,6.444,7.961
328.339,217.974,6.444,7.961
328.708,217.492,6.444,7.961
329.189,216.275,6.444,7.961
328.764,215.567,6.444,7.961
329.246,214.802,6.444,7.961
328.821,214.377,6.444,7.961
328.396,212.990,6.444,7.961
328.821,212.678,6.444,7.961
328.453,211.404,6.444,7.961
329.047,210.243,6.444,7.961
328.679,209.762,6.444,7.961
329.217,209.337,6.444,7.961
328.793,208.346,6.444,7.961
328.424,207.298,6.444,7.961
328.906,206.647,6.444,7.961
328.481,206.279,6.444,7.961
328.849,205.005,6.444,7.961
328.368,204.863,6.444,7.961
328.793,203.589,6.444,7.961
328.198,202.881,6.444,7.961
328.509,202.286,6.444,7.961
328.764,200.785,6.444,7.961
328.679,200.417,6.444,7.961
328.877,199.426,6.444,7.961
328.113,198.209,6.444,7.961
328.255,197.104,6.444,7.961
328.339,196.000,6.444,7.961
328.424,196.028,6.444,7.961
328.396,194.414,6.444,7.961
328.481,193.933,6.444,7.961
328.283,193.508,6.444,7.961
328.198,192.120,6.444,7.961
328.056,190.903,6.444,7.961
327.915,191.384,6.444,7.961
328.338,190.295,6.307,7.791
328.643,189.104,6.307,7.791
328.061,188.134,6.307,7.791
328.421,187.164,6.307,7.791
327.729,186.139,6.307,7.791
327.978,185.557,6.307,7.791
328.283,185.196,6.307,7.791
328.588,184.005,6.307,7.791
327.950,182.868,6.307,7.791
328.311,181.400,6.307,7.791
328.726,180.984,6.307,7.791
328.255,179.737,6.307,7.791
328.671,178.490,6.307,7.791
328.391,178.226,6.172,7.625
328.689,177.548,6.172,7.625
328.065,176.815,6.172,7.625
328.472,175.269,6.172,7.625
327.848,174.700,6.172,7.625
328.092,173.262,6.172,7.625
328.445,172.693,6.172,7.625
327.875,171.255,6.172,7.625
328.174,170.740,6.172,7.625
328.472,169.248,6.172,7.625
327.957,168.787,6.172,7.625
328.364,167.350,6.172,7.625
328.771,166.997,6.172,7.625
328.309,165.777,6.172,7.625
328.716,164.502,6.172,7.625
328.255,163.878,6.172,7.625
328.662,161.952,6.172,7.625
328.092,160.949,6.172,7.625
328.445,159.783,6.172,7.625
327.876,158.833,6.172,7.625
328.337,157.667,6.172,7.625
328.798,157.206,6.172,7.625
328.282,155.335,6.172,7.625
328.798,154.548,6.172,7.625
328.391,153.545,6.172,7.625
328.852,152.487,6.172,7.625
328.337,151.429,6.172,7.625
328.743,149.937,6.172,7.625
328.282,148.500,6.172,7.625
328.743,147.334,6.172,7.625
328.445,146.276,6.172,7.625
328.092,144.893,6.172,7.625
328.608,143.618,6.172,7.625
328.255,142.886,6.172,7.625
329.042,140.797,6.172,7.625
328.689,139.468,6.172,7.625
328.282,138.845,6.172,7.625
329.232,136.702,6.172,7.625
329.367,135.373,6.172,7.625
329.449,134.803,6.172,7.625
328.662,132.986,6.172,7.625
328.798,131.711,6.172,7.625
328.879,130.111,6.172,7.625
329.015,129.379,6.172,7.625
329.204,128.158,6.172,7.625
329.232,126.884,6.172,7.625
329.530,125.067,6.172,7.625
328.852,124.063,6.172,7.625
329.150,123.005,6.172,7.625
329.503,121.785,6.172,7.625
328.879,120.619,6.172,7.625
329.232,120.320,6.172,7.625
329.584,119.317,6.172,7.625
329.069,118.259,6.172,7.625
329.530,117.798,6.172,7.625
329.069,116.577,6.172,7.625
329.638,116.876,6.172,7.625
329.880,115.525,6.309,7.793
329.575,115.276,6.309,7.793
329.214,114.693,6.309,7.793
329.576,114.003,6.449,7.966
329.944,113.692,6.449,7.966
329.519,113.040,6.449,7.966
329.944,111.935,6.449,7.966
329.519,112.360,6.449,7.966
330.001,111.821,6.449,7.966
329.689,112.020,6.449,7.966
330.341,110.858,6.449,7.966
330.029,111.453,6.449,7.966
329.718,111.028,6.449,7.966
330.313,110.603,6.449,7.966
330.001,111.028,6.449,7.966
329.689,110.490,6.449,7.966
330.284,110.858,6.449,7.966
329.973,111.226,6.449,7.966
329.718,110.745,6.449,7.966
330.369,111.226,6.449,7.966
330.171,110.971,6.449,7.966
329.973,111.963,6.449,7.966
329.831,112.048,6.449,7.966
329.689,111.453,6.449,7.966
330.851,112.275,6.449,7.966
330.200,112.473,6.449,7.966
330.341,112.955,6.449,7.966
330.596,113.947,6.449,7.966
330.908,114.372,6.449,7.966
330.313,114.627,6.449,7.966
330.851,115.278,6.449,7.966
330.426,115.590,6.449,7.966
330.965,116.695,6.449,7.966
330.540,117.290,6.449,7.966
331.078,117.829,6.449,7.966
330.710,119.557,6.449,7.966
331.305,119.925,6.449,7.966
330.993,121.144,6.449,7.966
330.681,121.285,6.449,7.966
331.276,122.051,6.449,7.966
330.965,122.872,6.449,7.966
330.653,124.827,6.449,7.966
331.305,126.046,6.449,7.966
330.936,126.527,6.449,7.966
330.568,127.803,6.449,7.966
331.163,129.191,6.449,7.966
330.851,129.446,6.449,7.966
330.540,130.721,6.449,7.966
331.248,132.336,6.449,7.966
330.993,133.328,6.449,7.966
330.795,134.490,6.449,7.966
330.596,135.878,6.449,7.966
331.248,137.437,6.449,7.966
330.936,138.088,6.449,7.966
330.625,138.910,6.449,7.966
331.220,141.035,6.449,7.966
330.851,141.574,6.449,7.966
330.540,143.302,6.449,7.966
331.135,144.010,6.449,7.966
330.823,145.739,6.449,7.966
330.511,146.957,6.449,7.966
331.106,148.232,6.449,7.966
330.738,149.111,6.449,7.966
331.333,150.216,6.449,7.966
330.965,151.491,6.449,7.966
330.540,152.936,6.449,7.966
331.078,154.664,6.449,7.966
330.596,155.713,6.449,7.966
330.965,157.101,6.449,7.966
330.370,158.093,6.449,7.966
330.625,159.481,6.449,7.966
330.823,160.870,6.449,7.966
330.058,162.315,6.449,7.966
330.256,163.137,6.449,7.966
330.171,164.355,6.449,7.966
330.030,165.914,6.449,7.966
329.831,168.039,6.449,7.966
329.576,168.464,6.449,7.966
330.285,170.249,6.449,7.966
329.973,171.014,6.449,7.966
329.775,173.366,6.449,7.966
330.483,173.847,6.449,7.966
330.001,175.519,6.449,7.966
329.576,176.794,6.449,7.966
330.001,178.183,6.449,7.966
329.293,178.778,6.449,7.966
329.435,181.016,6.449,7.966
329.463,182.461,6.449,7.966
329.491,183.226,6.449,7.966
329.293,184.445,6.449,7.966
329.038,185.890,6.449,7.966
328.896,187.278,6.449,7.966
328.528,188.497,6.449,7.966
329.066,190.169,6.449,7.966
328.641,191.160,6.449,7.966
329.010,192.549,6.449,7.966
328.471,194.051,6.449,7.966
328.783,194.702,6.449,7.966
328.075,196.771,6.449,7.966
328.216,198.273,6.449,7.966
328.301,199.378,6.449,7.966
328.216,200.766,6.449,7.966
328.075,202.154,6.449,7.966
328.046,202.806,6.449,7.966
327.848,205.045,6.449,7.966
327.593,205.356,6.449,7.966
328.245,207.255,6.449,7.966
327.933,208.360,6.449,7.966
327.621,209.465,6.449,7.966
327.990,210.967,6.449,7.966
327.395,212.752,6.449,7.966
327.593,214.140,6.449,7.966
327.735,214.679,6.449,7.966
327.706,216.577,6.449,7.966
327.508,217.569,6.449,7.966
327.253,219.014,6.449,7.966
326.885,220.629,6.449,7.966
326.516,221.394,6.449,7.966
327.055,222.783,6.449,7.966
326.573,224.228,6.449,7.966
327.055,225.276,6.449,7.966
326.573,226.551,6.449,7.966
327.055,228.223,6.449,7.966
326.403,229.045,6.449,7.966
326.715,230.546,6.449,7.966
327.026,232.105,6.449,7.966
326.148,232.983,6.449,7.966
325.949,234.995,6.449,7.966
325.808,236.270,6.449,7.966
325.553,236.922,6.449,7.966
326.261,238.934,6.449,7.966
325.950,240.322,6.449,7.966
325.638,240.974,6.449,7.966
326.290,242.986,6.449,7.966
325.921,244.204,6.449,7.966
325.496,244.629,6.449,7.966
326.148,246.471,6.449,7.966
325.780,247.519,6.449,7.966
325.241,248.794,6.449,7.966
325.553,250.409,6.449,7.966
325.808,251.288,6.449,7.966
324.873,252.676,6.449,7.966
324.958,254.348,6.449,7.966
325.099,255.567,6.449,7.966
324.958,256.898,6.449,7.966
324.873,258.457,6.449,7.966
324.618,259.108,6.449,7.966
325.326,260.497,6.449,7.966
324.958,261.829,6.449,7.966
324.533,263.670,6.449,7.966
325.184,264.832,6.449,7.966
324.816,266.164,6.449,7.966
324.391,266.702,6.449,7.966
324.759,268.884,6.449,7.966
325.184,270.329,6.449,7.966
324.646,271.208,6.449,7.966
325.014,272.483,6.449,7.966
324.476,273.758,6.449,7.966
324.844,275.373,6.449,7.966
324.193,276.591,6.449,7.966
324.448,278.093,6.449,7.966
324.703,278.745,6.449,7.966
324.844,280.757,6.449,7.966
324.023,281.975,6.449,7.966
324.221,282.740,6.449,7.966
324.193,283.902,6.449,7.966
324.334,285.404,6.449,7.966
324.533,286.339,6.449,7.966
324.561,287.444,6.449,7.966
324.476,288.889,6.449,7.966
324.561,290.844,6.449,7.966
324.646,291.779,6.449,7.966
324.674,292.941,6.449,7.966
324.759,294.386,6.449,7.966
324.618,295.548,6.449,7.966
324.703,296.766,6.449,7.966
324.731,298.098,6.449,7.966
324.759,298.749,6.449,7.966
324.731,300.931,6.449,7.966
324.816,302.320,6.449,7.966
323.881,303.085,6.449,7.966
323.966,304.076,6.449,7.966
323.938,305.408,6.449,7.966
323.909,306.853,6.449,7.966
323.938,309.092,6.449,7.966
323.909,309.460,6.449,7.966
323.938,311.359,6.449,7.966
324.079,312.634,6.449,7.966
324.108,313.909,6.449,7.966
324.249,315.524,6.449,7.966
324.391,316.402,6.449,7.966
324.589,317.847,6.449,7.966
324.618,319.576,6.449,7.966
324.533,320.851,6.449,7.966
324.448,322.069,6.449,7.966
324.363,322.721,6.449,7.966
324.504,324.733,6.449,7.966
324.589,326.178,6.449,7.966
324.504,327.283,6.449,7.966
324.589,328.615,6.449,7.966
324.618,330.287,6.449,7.966
324.167,331.710,6.311,7.796
324.639,332.791,6.311,7.796
324.112,334.095,6.311,7.796
324.528,335.564,6.311,7.796
323.890,337.533,6.311,7.796
324.306,338.892,6.311,7.796
324.611,339.364,6.311,7.796
324.029,341.443,6.311,7.796
323.749,342.088,6.176,7.630
324.311,344.236,6.045,7.467
323.860,345.590,6.045,7.467
324.365,346.626,6.045,7.467
323.966,347.875,6.045,7.467
324.524,349.229,6.045,7.467
323.385,350.512,5.916,7.308
323.723,351.682,5.916,7.308
324.009,352.956,5.916,7.308
324.347,354.541,5.916,7.308
323.749,355.763,5.916,7.308
323.931,357.037,5.916,7.308
323.618,358.342,5.790,7.152
323.288,359.640,5.790,7.152
323.873,361.293,5.790,7.152
323.593,361.675,5.790,7.152
324.229,363.074,5.790,7.152
323.898,363.456,5.790,7.152
323.567,364.753,5.790,7.152
323.948,365.344,5.666,6.999
324.272,366.714,5.666,6.999
323.898,366.589,5.666,6.999
324.371,367.112,5.666,6.999
323.998,368.183,5.666,6.999
324.219,368.338,5.792,7.154
324.550,368.770,5.792,7.154
325.033,369.508,5.792,7.154
324.601,369.279,5.792,7.154
325.084,369.559,5.792,7.154
324.652,370.043,5.792,7.154
324.168,369.559,5.792,7.154
324.652,369.992,5.792,7.154
324.372,369.610,5.792,7.154
325.161,370.196,5.792,7.154
324.881,369.865,5.792,7.154
324.550,370.297,5.792,7.154
325.237,369.356,5.792,7.154
324.637,369.849,5.668,7.002
324.911,369.226,5.668,7.002
325.234,368.952,5.668,7.002
324.412,368.479,5.668,7.002
324.587,368.753,5.668,7.002
324.761,367.583,5.668,7.002
324.985,366.910,5.668,7.002
324.734,367.393,5.547,6.852
325.002,366.930,5.547,6.852
324.880,365.784,5.547,6.852
324.389,365.329,5.670,7.004
324.164,364.906,5.670,7.004
324.386,364.544,5.795,7.159
324.080,363.466,5.672,7.006
324.653,363.790,5.672,7.006
324.179,362.519,5.672,7.006
323.357,361.398,5.672,7.006
323.781,361.772,5.672,7.006
324.105,360.600,5.672,7.006
324.329,359.628,5.672,7.006
323.407,359.304,5.672,7.006
323.581,359.130,5.672,7.006
324.010,357.837,5.797,7.161
323.424,358.219,5.797,7.161
323.500,356.920,5.797,7.161
323.169,355.927,5.797,7.161
322.940,355.494,5.797,7.161
322.507,355.213,5.797,7.161
323.144,354.271,5.797,7.161
322.660,353.685,5.797,7.161
322.227,353.150,5.797,7.161
322.558,352.106,5.797,7.161
322.150,351.947,5.926,7.320
321.655,350.932,5.926,7.320
321.994,350.541,5.926,7.320
322.280,349.317,5.926,7.320
321.681,349.239,5.926,7.320
321.368,348.238,5.799,7.164
322.158,347.142,5.799,7.164
321.827,346.505,5.799,7.164
321.648,346.123,5.799,7.164
321.419,344.875,5.799,7.164
322.158,345.308,5.799,7.164
321.776,344.059,5.799,7.164
321.343,343.065,5.799,7.164
321.980,342.071,5.799,7.164
321.597,341.587,5.799,7.164
322.540,341.256,5.799,7.164
322.668,340.058,5.799,7.164
321.725,339.472,5.799,7.164
322.005,339.039,5.799,7.164
322.336,337.994,5.799,7.164
322.719,337.408,5.799,7.164
322.285,337.077,5.799,7.164
322.719,335.930,5.799,7.164
322.285,335.497,5.799,7.164
322.872,335.013,5.799,7.164
322.948,333.968,5.799,7.164
322.821,333.025,5.799,7.164
322.591,332.643,5.799,7.164
323.840,332.363,5.799,7.164
323.305,331.624,5.799,7.164
323.738,331.242,5.799,7.164
323.305,330.095,5.799,7.164
323.738,329.152,5.799,7.164
323.356,328.617,5.799,7.164
323.942,328.337,5.799,7.164
324.421,328.094,5.675,7.011
323.848,327.071,5.675,7.011
324.272,326.248,5.675,7.011
323.798,325.824,5.675,7.011
324.421,324.852,5.675,7.011
324.097,323.779,5.675,7.011
324.671,323.305,5.675,7.011
324.396,323.031,5.675,7.011
324.722,321.686,5.801,7.166
324.186,321.354,5.801,7.166
323.990,320.931,5.929,7.325
324.954,320.071,5.929,7.325
324.928,319.524,5.929,7.325
325.110,318.352,5.929,7.325
324.146,317.284,5.929,7.325
324.328,317.518,5.929,7.325
324.511,315.773,5.929,7.325
324.850,315.277,5.929,7.325
325.136,314.887,5.929,7.325
324.745,314.287,5.929,7.325
325.240,313.792,5.929,7.325
324.797,312.464,5.929,7.325
325.345,311.395,5.929,7.325
325.110,310.327,5.929,7.325
324.824,310.718,5.929,7.325
325.683,308.972,5.929,7.325
325.269,307.920,5.803,7.168
325.703,307.283,5.803,7.168
325.218,306.390,5.803,7.168
325.652,305.957,5.803,7.168
325.167,304.606,5.803,7.168
325.754,304.274,5.803,7.168
325.371,303.637,5.803,7.168
325.958,302.846,5.803,7.168
325.728,302.413,5.803,7.168
325.601,300.908,5.803,7.168
325.473,300.475,5.803,7.168
326.417,299.021,5.803,7.168
326.544,297.874,5.803,7.168
326.723,297.746,5.803,7.168
325.779,296.701,5.803,7.168
326.060,296.013,5.803,7.168
326.391,294.253,5.803,7.168
326.672,293.616,5.803,7.168
325.932,292.927,5.803,7.168
326.315,291.015,5.803,7.168
326.697,290.479,5.803,7.168
326.162,289.893,5.803,7.168
326.493,289.357,5.803,7.168
326.825,287.955,5.803,7.168
326.238,286.553,5.803,7.168
326.519,286.068,5.803,7.168
326.850,284.615,5.803,7.168
326.315,283.977,5.803,7.168
326.646,282.524,5.803,7.168
326.162,282.039,5.803,7.168
326.544,280.586,5.803,7.168
326.927,280.152,5.803,7.168
326.391,278.750,5.803,7.168
326.723,278.265,5.803,7.168
326.187,276.863,5.803,7.168
326.570,276.379,5.803,7.168
326.748,275.027,5.803,7.168
325.856,273.574,5.803,7.168
326.085,272.987,5.803,7.168
326.366,271.636,5.803,7.168
326.595,271.304,5.803,7.168
326.825,270.004,5.803,7.168
325.932,268.601,5.803,7.168
326.009,268.117,5.803,7.168
325.779,266.868,5.803,7.168
325.550,266.740,5.803,7.168
326.289,265.644,5.803,7.168
326.009,264.547,5.803,7.168
325.626,263.502,5.803,7.168
325.397,262.456,5.803,7.168
325.932,261.411,5.803,7.168
325.448,260.416,5.803,7.168
325.932,259.473,5.803,7.168
325.601,258.479,5.803,7.168
325.218,257.688,5.803,7.168
325.754,257.357,5.803,7.168
325.320,256.056,5.803,7.168
325.856,254.909,5.803,7.168
325.626,254.781,5.803,7.168
325.295,253.685,5.803,7.168
326.136,253.047,5.803,7.168
325.958,251.951,5.803,7.168
325.677,251.364,5.803,7.168
325.499,250.982,5.803,7.168
326.391,250.395,5.803,7.168
326.213,250.166,5.803,7.168
326.442,249.732,5.803,7.168
326.570,249.911,5.803,7.168
326.748,249.580,5.803,7.168
326.009,249.044,5.803,7.168
326.289,248.407,5.803,7.168
326.570,248.636,5.803,7.168
326.901,248.611,5.803,7.168
326.315,248.636,5.803,7.168
326.646,248.560,5.803,7.168
325.958,248.177,5.803,7.168
326.238,247.795,5.803,7.168
326.468,248.177,5.803,7.168
326.595,247.693,5.803,7.168
326.519,248.126,5.803,7.168
326.340,247.642,5.803,7.168
325.703,248.177,5.803,7.168
324.963,247.693,5.803,7.168
324.734,248.075,5.803,7.168
324.300,247.489,5.803,7.168
324.479,247.871,5.803,7.168
323.926,247.677,5.679,7.015
323.652,247.253,5.679,7.015
323.128,247.927,5.679,7.015
323.153,247.602,5.679,7.015
322.679,247.278,5.679,7.015
321.606,248.052,5.679,7.015
320.982,247.827,5.679,7.015
320.607,247.652,5.679,7.015
319.534,247.478,5.679,7.015
318.711,248.101,5.679,7.015
318.137,247.977,5.679,7.015
317.563,248.052,5.679,7.015
316.340,248.027,5.679,7.015
315.167,247.902,5.679,7.015
314.194,247.727,5.679,7.015
313.171,247.453,5.679,7.015
312.198,248.476,5.679,7.015
311.374,248.351,5.679,7.015
310.301,248.326,5.679,7.015
309.228,248.201,5.679,7.015
308.155,248.326,5.679,7.015
307.880,248.451,5.679,7.015
306.658,248.576,5.679,7.015
305.185,247.552,5.679,7.015
303.763,247.627,5.679,7.015
302.889,247.852,5.679,7.015
301.567,247.977,5.679,7.015
299.995,248.101,5.679,7.015
299.321,248.226,5.679,7.015
297.300,248.401,5.679,7.015
295.927,248.725,5.679,7.015
295.104,248.002,5.679,7.015
293.681,248.376,5.679,7.015
292.009,248.351,5.679,7.015
290.836,248.476,5.679,7.015
289.264,248.551,5.679,7.015
287.243,247.627,5.679,7.015
285.471,247.852,5.679,7.015
284.248,248.126,5.679,7.015
282.327,248.351,5.679,7.015
281.004,248.675,5.679,7.015
279.981,247.802,5.679,7.015
278.608,248.077,5.679,7.015
276.238,248.401,5.679,7.015
274.216,248.775,5.679,7.015
272.794,248.251,5.679,7.015
271.521,248.376,5.679,7.015
269.500,248.601,5.679,7.015
267.628,247.977,5.679,7.015
265.757,248.301,5.679,7.015
264.384,248.626,5.679,7.015
262.263,248.052,5.679,7.015
259.992,248.376,5.679,7.015
258.969,248.650,5.679,7.015
257.097,248.176,5.679,7.015
255.126,248.501,5.679,7.015
253.154,247.977,5.679,7.015
251.283,248.551,5.679,7.015
248.413,248.176,5.679,7.015
246.442,248.750,5.679,7.015
244.570,248.276,5.679,7.015
242.599,248.800,5.679,7.015
240.777,248.426,5.679,7.015
238.755,248.900,5.679,7.015
236.784,248.476,5.679,7.015
234.763,248.900,5.679,7.015
232.592,248.476,5.679,7.015
230.321,249.000,5.679,7.015
227.601,248.476,5.679,7.015
225.729,248.900,5.679,7.015
223.808,248.426,5.679,7.015
221.387,248.850,5.679,7.015
218.916,248.326,5.679,7.015
217.145,248.700,5.679,7.015
215.123,248.077,5.679,7.015
213.002,248.351,5.679,7.015
210.581,248.675,5.679,7.015
207.911,247.702,5.679,7.015
205.940,247.827,5.679,7.015
203.769,247.952,5.679,7.015
201.049,248.077,5.679,7.015
199.077,248.101,5.679,7.015
197.106,247.977,5.679,7.015
194.535,248.002,5.679,7.015
191.865,247.927,5.679,7.015
189.544,247.652,5.679,7.015
186.824,247.378,5.679,7.015
184.853,248.301,5.679,7.015
182.532,247.927,5.679,7.015
179.862,247.652,5.679,7.015
177.891,247.228,5.679,7.015
175.670,247.752,5.679,7.015
172.850,247.328,5.679,7.015
170.579,247.702,5.679,7.015
167.859,247.078,5.679,7.015
165.538,247.503,5.679,7.015
162.768,246.979,5.679,7.015
160.647,247.303,5.679,7.015
158.076,247.727,5.679,7.015
155.955,247.253,5.679,7.015
153.335,247.577,5.679,7.015
150.415,246.854,5.679,7.015
147.945,247.128,5.679,7.015
145.923,247.453,5.679,7.015
143.503,247.228,5.679,7.015
140.633,246.904,5.679,7.015
138.661,246.579,5.679,7.015
136.441,246.255,5.679,7.015
133.621,246.529,5.679,7.015
131.599,245.356,5.679,7.015
129.278,246.030,5.679,7.015
126.558,245.656,5.679,7.015
124.637,244.832,5.679,7.015
122.665,244.508,5.679,7.015
120.644,243.984,5.679,7.015
118.573,244.308,5.679,7.015
116.452,244.533,5.679,7.015
114.331,243.310,5.679,7.015
112.309,243.734,5.679,7.015
110.288,242.811,5.679,7.015
108.366,242.537,5.679,7.015
106.694,241.963,5.679,7.015
105.372,242.037,5.679,7.015
103.550,241.913,5.679,7.015
101.828,241.538,5.679,7.015
100.705,241.064,5.679,7.015
99.133,241.189,5.679,7.015
97.910,240.964,5.679,7.015
96.588,240.540,5.679,7.015
94.766,240.116,5.679,7.015
93.593,240.490,5.679,7.015
92.320,240.865,5.679,7.015
90.798,239.891,5.679,7.015
90.124,239.717,5.679,7.015
89.550,239.442,5.679,7.015
88.078,239.866,5.679,7.015
87.504,239.442,5.679,7.015
85.782,239.866,5.679,7.015
85.358,239.342,5.679,7.015
84.285,239.717,5.679,7.015
83.312,239.043,5.679,7.015
82.788,239.367,5.679,7.015
82.713,239.692,5.679,7.015
81.939,238.868,5.679,7.015
81.515,239.043,5.679,7.015
80.592,239.317,5.679,7.015
80.367,239.792,5.679,7.015
79.893,239.267,5.679,7.015
80.217,239.692,5.679,7.015
79.294,239.317,5.679,7.015
79.019,240.091,5.679,7.015
79.493,240.116,5.679,7.015
79.019,240.341,5.679,7.015
79.444,240.665,5.679,7.015
78.969,240.191,5.679,7.015
79.394,240.815,5.679,7.015
78.969,240.540,5.679,7.015
79.993,240.865,5.679,7.015
80.167,241.239,5.679,7.015
79.593,241.863,5.679,7.015
80.367,242.287,5.679,7.015
80.641,242.761,5.679,7.015
81.116,242.636,5.679,7.015
82.189,242.661,5.679,7.015
81.764,242.936,5.679,7.015
83.037,243.460,5.679,7.015
83.861,244.433,5.679,7.015
84.335,244.658,5.679,7.015
84.509,244.034,5.679,7.015
85.682,245.007,5.679,7.015
86.755,245.332,5.679,7.015
87.579,245.806,5.679,7.015
88.203,245.481,5.679,7.015
88.577,246.355,5.679,7.015
89.950,246.030,5.679,7.015
91.622,246.554,5.679,7.015
92.146,246.380,5.679,7.015
93.518,247.353,5.679,7.015
94.242,247.677,5.679,7.015
95.415,246.954,5.679,7.015
96.488,247.378,5.679,7.015
