374.000,375.000,30.000,15.000
377.756,375.786,30.000,15.000
383.084,375.873,30.000,15.000
387.364,376.135,30.000,15.000
393.390,376.747,30.000,15.000
398.020,376.834,30.000,15.000
404.221,377.096,30.000,15.000
410.772,377.708,30.000,15.000
417.497,377.271,30.000,15.000
424.048,377.882,30.000,15.000
430.599,377.795,30.000,15.000
438.023,378.232,30.000,15.000
444.923,378.843,30.000,15.000
452.697,378.406,30.000,15.000
460.296,379.193,30.000,15.000
467.545,378.931,30.000,15.000
476.367,379.018,30.000,15.000
484.839,379.105,30.000,15.000
492.613,379.717,30.000,15.000
499.513,378.931,30.000,15.000
509.009,379.006,29.360,14.680
515.762,378.921,29.360,14.680
515.506,378.322,29.360,14.680
512.172,381.314,29.360,14.680
512.941,382.426,29.360,14.680
512.172,383.195,29.360,14.680
512.941,384.477,29.360,14.680
512.348,386.034,28.734,14.367
513.436,386.620,28.734,14.367
513.178,386.370,28.121,14.061
514.078,386.943,28.121,14.061
513.341,387.025,28.121,14.061
514.509,386.465,27.522,13.761
513.468,387.506,27.522,13.761
510.182,390.471,27.522,13.761
505.638,390.901,28.131,14.065
491.469,412.768,28.131,14.065
479.857,414.567,28.753,14.376
462.193,415.655,28.753,14.376
445.534,416.576,28.753,14.376
428.541,415.990,28.753,14.376
411.882,416.911,28.753,14.376
394.106,416.318,29.389,14.695
378.961,417.430,29.389,14.695
360.793,418.244,30.039,15.020
344.438,417.107,30.039,15.020
326.049,418.302,30.704,15.352
309.511,416.961,30.704,15.352
293.509,415.978,30.704,15.352
281.263,416.961,30.704,15.352
272.055,418.481,30.704,15.352
265.708,419.106,30.704,15.352
263.652,419.911,30.704,15.352
262.311,419.643,30.704,15.352
261.864,418.838,30.704,15.352
261.238,419.464,30.704,15.352
261.135,418.680,30.049,15.025
262.383,417.238,29.408,14.704
261.612,416.810,29.408,14.704
262.669,415.729,28.781,14.391
261.915,416.818,28.781,14.391
262.948,416.406,28.167,14.084
262.537,416.793,27.567,13.783
263.260,416.071,27.567,13.783
262.858,416.793,27.567,13.783
262.297,416.071,27.567,13.783
263.019,415.991,27.567,13.783
261.333,416.071,27.567,13.783
258.364,415.509,27.567,13.783
249.982,416.273,28.177,14.088
240.384,417.339,28.177,14.088
225.177,415.736,28.800,14.400
207.547,415.838,29.437,14.719
190.771,413.986,30.089,15.044
174.351,413.001,30.754,15.377
157.382,411.995,31.435,15.717
139.658,410.967,32.130,16.065
123.101,412.557,32.130,16.065
105.761,411.118,32.841,16.421
89.793,410.640,32.841,16.421
73.251,409.779,32.841,16.421
56.123,410.689,33.568,16.784
39.020,411.959,33.568,16.784
23.541,409.441,34.310,17.155
6.268,407.490,35.070,17.535
-6.903,405.958,35.070,17.535
15.060,383.624,35.846,17.923
-0.387,377.904,36.639,18.319
-7.913,367.304,35.857,17.929
-13.183,385.193,36.651,18.325
-11.583,381.458,36.651,18.325
-8.702,365.559,36.651,18.325
-10.089,359.263,36.651,18.325
-10.409,357.449,36.651,18.325
-10.704,361.786,37.462,18.731
-11.461,359.988,36.663,18.331
-10.427,367.870,37.474,18.737
-11.190,369.724,37.474,18.737
-10.813,393.401,38.303,19.151
-9.867,393.283,37.486,18.743
-9.758,393.392,37.486,18.743
-10.085,393.283,37.486,18.743
-9.321,393.392,37.486,18.743
-9.868,392.856,36.687,18.343
-8.907,393.176,36.687,18.343
-9.236,393.063,35.904,17.952
-8.086,392.331,35.904,17.952
-8.409,393.429,35.139,17.569
-7.693,393.327,35.139,17.569
-8.613,393.429,35.139,17.569
-7.897,393.736,35.139,17.569
-8.818,392.406,35.139,17.569
-8.102,393.532,35.139,17.569
-7.181,394.043,35.139,17.569
-8.102,393.122,35.139,17.569
-7.386,393.838,35.139,17.569
-8.307,392.918,35.139,17.569
-7.386,393.429,35.139,17.569
-8.307,393.941,35.139,17.569
-7.795,393.020,35.139,17.569
-7.716,394.489,34.389,17.195
-7.216,393.989,34.389,17.195
-8.117,393.688,34.389,17.195
-7.653,394.740,33.656,16.828
-9.319,394.054,33.656,16.828
-11.181,393.368,33.656,16.828
-10.299,373.869,33.656,16.828
-10.601,377.165,32.938,16.469
-10.122,384.357,32.938,16.469
-10.601,385.029,32.938,16.469
-10.697,385.124,32.938,16.469
-10.985,389.248,32.938,16.469
-9.163,393.372,32.938,16.469
-8.904,394.009,32.236,16.118
-10.527,398.602,32.949,16.475
-11.198,401.960,32.949,16.475
-9.759,406.277,32.949,16.475
-9.870,407.285,32.246,16.123
-9.589,407.379,32.246,16.123
-9.516,409.451,31.559,15.779
10.821,434.729,32.257,16.128
0.574,436.077,31.569,15.785
-6.088,437.043,30.896,15.448
-7.977,436.233,30.896,15.448
-9.345,435.782,31.579,15.790
-5.208,423.554,31.579,15.790
-6.036,423.462,31.579,15.790
-5.944,423.370,31.579,15.790
-6.404,422.918,30.906,15.453
-5.121,422.303,30.247,15.123
-5.732,423.058,29.602,14.801
-4.956,423.489,29.602,14.801
-5.732,422.886,29.602,14.801
-5.129,423.316,29.602,14.801
-5.904,422.713,29.602,14.801
-4.509,422.622,28.971,14.485
-4.607,423.345,28.353,14.176
-5.184,423.428,28.353,14.176
-4.007,423.340,27.748,13.874
-4.572,423.098,27.748,13.874
-3.845,423.179,27.748,13.874
-4.411,423.098,27.748,13.874
-3.684,423.017,27.748,13.874
-4.400,423.399,27.156,13.578
-4.492,423.162,26.577,13.289
-3.640,423.395,26.577,13.289
-4.177,423.014,26.011,13.005
-3.193,423.393,26.011,13.005
-3.420,423.469,26.011,13.005
-3.647,423.544,26.011,13.005
-4.026,422.560,26.011,13.005
-3.530,423.209,25.456,12.728
-3.901,423.131,24.913,12.457
-3.538,423.639,24.913,12.457
-2.504,423.981,24.382,12.191
-3.427,423.342,24.382,12.191
-3.072,423.839,24.382,12.191
-2.717,423.484,24.382,12.191
-2.788,422.987,24.382,12.191
-2.596,423.733,23.862,11.931
-2.543,423.392,23.353,11.676
-3.019,423.596,23.353,11.676
-2.271,423.800,23.353,11.676
-3.291,424.140,23.353,11.676
-4.718,421.896,23.353,11.676
-3.919,415.912,23.870,11.935
-7.046,413.340,23.870,11.935
11.509,402.847,23.870,11.935
-6.121,397.682,23.361,11.680
-4.556,415.706,23.361,11.680
-3.615,417.623,23.877,11.939
14.946,427.286,23.877,11.939
33.091,445.304,23.368,11.684
21.049,436.255,23.368,11.684
11.728,428.295,23.368,11.684
5.809,423.192,23.368,11.684
2.515,420.310,23.885,11.943
1.055,416.902,23.885,11.943
-0.545,413.356,23.885,11.943
-1.727,409.809,23.885,11.943
-2.353,408.627,23.885,11.943
-2.005,407.306,23.885,11.943
-1.379,404.733,23.885,11.943
-2.581,403.374,24.414,12.207
-2.226,402.734,24.414,12.207
-1.871,403.801,24.414,12.207
-2.652,404.298,24.414,12.207
-2.155,402.806,24.414,12.207
-2.652,403.019,24.414,12.207
-2.155,402.095,24.414,12.207
-2.795,402.450,24.414,12.207
-2.439,402.663,24.414,12.207
-2.084,402.166,24.414,12.207
-2.723,401.526,24.414,12.207
-2.368,402.024,24.414,12.207
-2.013,401.242,24.414,12.207
-2.937,401.597,24.414,12.207
-2.060,401.385,23.893,11.947
-1.851,401.733,23.893,11.947
-2.755,402.080,23.893,11.947
-2.547,401.454,23.893,11.947
-2.338,401.941,23.893,11.947
-2.129,402.567,23.893,11.947
-0.669,402.915,23.893,11.947
4.131,403.541,23.893,11.947
9.569,402.615,24.422,12.211
20.143,402.849,24.962,12.481
23.712,397.810,25.514,12.757
36.917,398.054,26.079,13.039
20.896,415.745,26.079,13.039
6.611,416.982,25.523,12.761
19.274,416.903,24.978,12.489
35.872,417.667,24.446,12.223
50.605,418.735,24.446,12.223
65.907,418.806,24.446,12.223
80.924,419.304,24.446,12.223
95.660,419.503,23.924,11.962
106.052,419.966,23.414,11.707
113.070,419.762,22.915,11.457
115.693,420.206,22.426,11.213
117.506,419.508,21.948,10.974
117.442,420.594,21.948,10.974
118.107,419.787,21.480,10.740
117.919,420.475,21.480,10.740
118.812,420.650,21.022,10.511
119.567,420.113,20.574,10.287
120.421,420.165,20.135,10.067
121.031,420.668,19.705,9.853
120.744,420.165,19.285,9.643
121.220,421.079,18.874,9.437
120.835,421.024,18.874,9.437
121.937,420.966,18.472,9.236
121.771,421.531,18.078,9.039
122.116,421.475,17.692,8.846
122.950,421.818,17.315,8.657
122.503,421.667,16.946,8.473
123.397,421.995,16.584,8.292
123.248,421.199,16.231,8.115
123.831,421.787,15.884,7.942
123.600,421.833,15.884,7.942
123.369,421.972,15.884,7.942
123.045,421.926,15.884,7.942
123.739,421.787,15.884,7.942
123.415,421.556,15.884,7.942
122.999,421.694,15.884,7.942
123.926,421.913,15.546,7.773
123.524,421.428,15.214,7.607
124.156,421.979,14.890,7.445
123.593,421.416,14.890,7.445
124.070,421.893,14.890,7.445
123.506,421.242,14.890,7.445
123.983,421.632,14.890,7.445
124.373,422.023,14.890,7.445
123.809,421.372,14.890,7.445
124.200,421.762,14.890,7.445
123.636,422.153,14.890,7.445
124.286,421.762,14.890,7.445
123.896,422.326,14.890,7.445
124.633,421.849,14.890,7.445
124.243,421.372,14.890,7.445
123.853,421.676,14.890,7.445
124.503,421.979,14.890,7.445
124.026,421.242,14.890,7.445
124.590,421.546,14.890,7.445
124.026,421.849,14.890,7.445
124.503,421.112,14.890,7.445
124.113,421.329,14.890,7.445
123.809,421.546,14.890,7.445
124.460,421.936,14.890,7.445
123.983,421.286,14.890,7.445
124.546,421.676,14.890,7.445
124.070,422.066,14.890,7.445
123.506,421.416,14.890,7.445
124.070,421.719,14.890,7.445
123.506,422.023,14.890,7.445
124.070,421.286,14.890,7.445
123.506,421.676,14.890,7.445
124.070,422.066,14.890,7.445
123.593,421.416,14.890,7.445
124.243,421.806,14.890,7.445
123.853,421.242,14.890,7.445
124.503,421.633,14.890,7.445
124.026,422.023,14.890,7.445
124.676,421.372,14.890,7.445
124.113,421.763,14.890,7.445
123.636,422.239,14.890,7.445
124.113,421.502,14.890,7.445
123.636,421.806,14.890,7.445
124.113,421.069,14.890,7.445
123.549,421.459,14.890,7.445
124.026,421.763,14.890,7.445
124.416,422.066,14.890,7.445
123.853,421.416,14.890,7.445
124.243,421.806,14.890,7.445
123.593,421.242,14.890,7.445
124.070,421.719,14.890,7.445
123.506,422.196,14.890,7.445
123.896,421.546,14.890,7.445
124.200,421.936,14.890,7.445
123.723,421.372,14.890,7.445
124.286,421.936,14.890,7.445
123.809,421.459,14.890,7.445
124.373,422.023,14.890,7.445
123.896,421.546,14.890,7.445
124.373,422.196,14.890,7.445
123.723,421.806,14.890,7.445
124.113,421.329,14.890,7.445
123.376,421.893,14.890,7.445
123.333,421.329,14.890,7.445
123.289,421.893,14.890,7.445
123.159,421.416,14.890,7.445
123.549,421.979,14.890,7.445
124.026,421.503,14.890,7.445
124.590,422.066,14.890,7.445
124.113,421.589,14.890,7.445
123.636,422.153,14.890,7.445
124.113,421.676,14.890,7.445
123.549,422.239,14.890,7.445
124.026,421.763,14.890,7.445
124.503,422.326,14.890,7.445
124.026,421.849,14.890,7.445
124.503,421.372,14.890,7.445
123.939,421.936,14.890,7.445
124.416,421.459,14.890,7.445
123.853,422.023,14.890,7.445
124.243,421.546,14.890,7.445
123.593,422.109,14.890,7.445
123.896,421.633,14.890,7.445
124.113,422.109,14.890,7.445
123.463,421.546,14.890,7.445
124.026,422.109,14.890,7.445
124.590,421.546,14.890,7.445
124.026,422.023,14.890,7.445
124.416,421.459,14.890,7.445
123.766,421.936,14.890,7.445
124.070,421.286,14.890,7.445
123.333,421.676,14.890,7.445
123.463,422.153,14.890,7.445
123.766,421.589,14.890,7.445
124.070,421.979,14.890,7.445
123.506,421.416,14.890,7.445
123.983,421.893,14.890,7.445
124.460,421.329,14.890,7.445
123.983,421.893,14.890,7.445
124.460,421.416,14.890,7.445
123.896,421.979,14.890,7.445
124.460,421.503,14.890,7.445
123.983,422.066,14.890,7.445
124.460,421.589,14.890,7.445
123.983,422.153,14.890,7.445
124.460,421.589,14.890,7.445
123.983,422.066,14.890,7.445
124.373,421.503,14.890,7.445
123.809,421.979,14.890,7.445
124.200,421.503,14.890,7.445
123.723,422.066,14.890,7.445
124.200,421.676,14.890,7.445
123.636,422.239,14.890,7.445
124.026,421.763,14.890,7.445
124.416,422.326,14.890,7.445
123.853,421.936,14.890,7.445
124.243,421.546,14.890,7.445
123.593,422.196,14.890,7.445
123.896,421.806,14.890,7.445
123.766,421.329,14.890,7.445
123.896,421.893,14.890,7.445
124.026,421.416,14.890,7.445
124.330,421.979,14.890,7.445
123.679,421.502,14.890,7.445
124.070,422.066,14.890,7.445
123.506,421.676,14.890,7.445
123.896,422.326,14.890,7.445
124.286,421.849,14.890,7.445
123.723,421.459,14.890,7.445
124.113,422.109,14.890,7.445
123.636,421.719,14.890,7.445
124.113,422.369,14.890,7.445
123.549,422.066,14.890,7.445
124.026,421.763,14.890,7.445
124.503,422.500,14.890,7.445
123.853,421.936,14.890,7.445
124.070,421.372,14.890,7.445
123.419,421.763,14.890,7.445
123.289,422.066,14.890,7.445
123.593,421.416,14.890,7.445
123.723,421.719,14.890,7.445
123.853,422.109,14.890,7.445
123.723,421.459,14.890,7.445
123.679,421.936,14.890,7.445
123.636,421.286,14.890,7.445
123.506,421.763,14.890,7.445
123.723,422.153,14.890,7.445
123.853,421.676,14.890,7.445
123.983,422.153,14.890,7.445
124.200,421.589,14.890,7.445
123.549,422.066,14.890,7.445
123.853,421.502,14.890,7.445
124.156,421.979,14.890,7.445
123.506,421.416,14.890,7.445
123.896,421.893,14.890,7.445
124.373,421.416,14.890,7.445
123.809,421.979,14.890,7.445
124.200,421.502,14.890,7.445
123.636,422.066,14.890,7.445
124.026,421.589,14.890,7.445
124.330,422.239,14.890,7.445
123.679,421.936,14.890,7.445
123.983,421.719,14.890,7.445
124.286,422.456,14.890,7.445
123.636,422.239,14.890,7.445
123.939,421.936,14.890,7.445
124.243,421.632,14.890,7.445
123.593,422.196,14.890,7.445
123.896,421.719,14.890,7.445
124.113,422.283,14.890,7.445
123.463,421.893,14.890,7.445
123.766,421.502,14.890,7.445
123.983,422.066,14.890,7.445
124.113,421.589,14.890,7.445
123.289,422.153,14.890,7.445
123.246,421.589,14.890,7.445
123.549,422.153,14.890,7.445
123.679,421.763,14.890,7.445
123.809,422.413,14.890,7.445
123.766,422.109,14.890,7.445
123.723,421.806,14.890,7.445
123.679,421.589,14.890,7.445
123.809,422.066,14.890,7.445
124.026,421.502,14.890,7.445
124.243,421.893,14.890,7.445
123.593,421.329,14.890,7.445
123.983,421.719,14.890,7.445
124.373,422.109,14.890,7.445
123.723,421.459,14.890,7.445
124.113,421.849,14.890,7.445
123.376,421.199,14.890,7.445
123.419,421.502,14.890,7.445
123.723,421.893,14.890,7.445
124.026,421.242,14.890,7.445
124.243,421.632,14.890,7.445
123.593,422.196,14.890,7.445
123.723,421.719,14.890,7.445
124.026,422.283,14.890,7.445
124.330,421.806,14.890,7.445
123.679,421.329,14.890,7.445
123.983,421.806,14.890,7.445
124.200,421.242,14.890,7.445
123.636,421.719,14.890,7.445
123.939,422.196,14.890,7.445
124.243,421.632,14.890,7.445
123.679,422.109,14.890,7.445
124.070,421.546,14.890,7.445
123.506,421.763,14.890,7.445
123.723,421.979,14.890,7.445
123.766,421.069,14.890,7.445
123.723,421.286,14.890,7.445
123.766,421.502,14.890,7.445
124.070,421.719,14.890,7.445
123.419,422.023,14.890,7.445
123.723,421.372,14.890,7.445
124.026,421.676,14.890,7.445
124.330,421.979,14.890,7.445
123.593,421.242,14.890,7.445
123.896,421.459,14.890,7.445
124.286,421.763,14.890,7.445
123.636,422.066,14.890,7.445
123.939,421.329,14.890,7.445
124.243,421.633,14.890,7.445
123.593,421.936,14.890,7.445
123.896,421.199,14.890,7.445
124.286,421.503,14.890,7.445
123.636,421.719,14.890,7.445
123.939,422.023,14.890,7.445
124.243,421.373,14.890,7.445
123.506,421.763,14.890,7.445
123.723,422.066,14.890,7.445
123.853,421.416,14.890,7.445
124.330,421.893,14.890,7.445
123.766,421.329,14.890,7.445
124.156,421.719,14.890,7.445
123.506,422.196,14.890,7.445
123.636,421.633,14.890,7.445
123.853,422.023,14.890,7.445
124.070,421.373,14.890,7.445
123.246,421.676,14.890,7.445
123.376,421.980,14.890,7.445
123.506,421.243,14.890,7.445
123.723,421.546,14.890,7.445
124.026,421.936,14.890,7.445
124.069,421.199,14.890,7.445
123.333,421.503,14.890,7.445
123.202,421.806,14.890,7.445
123.072,421.156,14.890,7.445
123.202,421.546,14.890,7.445
123.419,421.936,14.890,7.445
123.636,421.286,14.890,7.445
123.939,421.676,14.890,7.445
124.330,422.066,14.890,7.445
123.679,421.416,14.890,7.445
123.983,421.806,14.890,7.445
124.373,421.156,14.890,7.445
123.809,421.633,14.890,7.445
124.286,422.110,14.890,7.445
123.723,421.546,14.890,7.445
124.286,422.023,14.890,7.445
123.809,421.459,14.890,7.445
124.373,421.850,14.890,7.445
123.983,421.113,14.890,7.445
124.460,421.243,14.890,7.445
123.896,421.373,14.890,7.445
124.373,421.676,14.890,7.445
123.723,421.980,14.890,7.445
124.113,421.243,14.890,7.445
123.549,421.546,14.890,7.445
123.853,421.763,14.890,7.445
124.156,421.980,14.890,7.445
123.506,421.243,14.890,7.445
123.896,421.459,14.890,7.445
124.200,421.676,14.890,7.445
123.549,421.980,14.890,7.445
123.939,421.156,14.890,7.445
124.243,421.373,14.890,7.445
125.934,422.110,14.890,7.445
132.111,411.818,15.219,7.610
124.445,408.406,15.219,7.610
123.863,406.989,15.556,7.778
121.825,416.454,15.556,7.778
134.199,421.866,15.900,7.950
143.689,425.801,15.900,7.950
141.159,432.485,16.252,8.126
137.705,430.639,16.252,8.126
136.887,431.482,16.611,8.306
143.900,436.754,16.611,8.306
146.657,440.671,16.611,8.306
148.745,442.857,16.257,8.129
149.455,445.177,16.257,8.129
150.260,447.496,16.257,8.129
150.875,448.585,16.257,8.129
150.638,449.673,16.257,8.129
150.780,449.910,16.257,8.129
150.165,449.579,16.257,8.129
150.496,449.058,16.257,8.129
149.976,449.957,16.257,8.129
150.686,450.005,16.257,8.129
150.165,449.957,16.257,8.129
150.591,449.626,16.257,8.129
149.881,449.389,16.257,8.129
150.118,450.099,16.257,8.129
150.260,449.863,16.257,8.129
150.591,449.721,16.257,8.129
149.881,449.484,16.257,8.129
151.916,449.342,16.257,8.129
154.425,449.863,16.257,8.129
167.258,452.081,16.617,8.308
175.356,451.537,16.984,8.492
180.453,465.141,17.360,8.680
181.514,463.979,17.360,8.680
168.019,453.617,17.360,8.680
181.514,453.971,17.360,8.680
195.218,453.403,17.744,8.872
209.012,453.041,17.744,8.872
223.127,452.354,18.137,9.068
223.748,448.035,18.538,9.269
217.103,460.756,18.948,9.474
232.176,461.166,19.368,9.684
247.582,460.181,19.796,9.898
241.084,460.849,20.234,10.117
243.733,458.354,20.682,10.341
252.312,458.802,21.139,10.570
262.837,459.725,21.139,10.570
265.483,459.048,21.139,10.570
266.530,459.602,21.139,10.570
267.699,460.279,21.139,10.570
268.622,460.709,21.139,10.570
269.422,461.386,21.139,10.570
270.222,460.709,21.139,10.570
270.161,461.263,21.139,10.570
269.976,462.064,21.139,10.570
269.669,461.510,21.139,10.570
269.238,462.187,21.139,10.570
270.284,461.633,21.139,10.570
270.961,462.310,21.139,10.570
270.653,461.633,21.139,10.570
270.469,462.063,21.139,10.570
270.161,461.510,21.139,10.570
270.961,462.187,21.139,10.570
270.776,461.633,21.139,10.570
270.592,462.310,21.139,10.570
270.407,461.633,21.139,10.570
271.453,462.187,21.139,10.570
271.023,461.633,21.139,10.570
270.838,462.310,21.139,10.570
270.776,461.756,21.139,10.570
270.715,461.202,21.139,10.570
270.653,461.756,21.139,10.570
270.838,461.079,21.139,10.570
270.653,461.633,21.139,10.570
270.346,462.063,21.139,10.570
271.392,461.386,21.139,10.570
271.207,461.940,21.139,10.570
271.023,461.386,21.139,10.570
270.961,462.063,21.139,10.570
272.007,460.648,21.139,10.570
272.529,461.176,20.689,10.344
272.469,460.513,20.689,10.344
272.288,461.176,20.689,10.344
272.831,460.272,20.689,10.344
272.409,460.574,20.689,10.344
272.469,461.116,20.689,10.344
272.891,460.333,20.689,10.344
272.469,460.875,20.689,10.344
272.770,460.453,20.689,10.344
272.469,461.236,20.689,10.344
272.529,461.778,20.689,10.344
272.469,462.441,20.689,10.344
272.650,461.658,20.689,10.344
272.228,462.441,20.689,10.344
271.807,461.899,20.689,10.344
271.746,461.236,20.689,10.344
271.325,461.899,20.689,10.344
271.746,461.357,20.689,10.344
271.204,461.899,20.689,10.344
271.505,461.236,20.689,10.344
271.668,462.101,20.247,10.124
271.491,462.396,20.247,10.124
271.314,462.691,20.247,10.124
271.845,461.924,20.247,10.124
272.611,461.158,20.247,10.124
271.727,462.160,20.247,10.124
270.843,462.573,20.247,10.124
270.312,462.160,20.247,10.124
267.895,462.337,20.247,10.124
265.596,462.042,20.247,10.124
264.712,461.630,20.247,10.124
264.189,461.226,19.816,9.908
263.678,460.943,19.393,9.697
253.599,463.495,18.979,9.490
253.002,463.969,18.575,9.287
252.731,463.703,18.179,9.089
253.282,464.361,17.791,8.895
252.919,463.999,17.791,8.895
253.593,463.843,17.791,8.895
253.334,463.688,17.791,8.895
253.075,463.532,17.791,8.895
254.113,464.376,17.412,8.706
253.761,463.736,17.040,8.520
253.991,464.448,16.677,8.338
254.525,463.720,16.677,8.338
253.991,464.060,16.677,8.338
254.525,464.400,16.677,8.338
253.894,463.672,16.677,8.338
254.428,464.011,16.677,8.338
253.894,463.769,16.677,8.338
254.428,463.526,16.677,8.338
253.894,463.380,16.677,8.338
254.428,463.332,16.677,8.338
253.894,463.186,16.677,8.338
254.525,464.011,16.677,8.338
253.991,464.157,16.677,8.338
254.525,464.109,16.677,8.338
253.991,464.157,16.677,8.338
254.622,464.303,16.677,8.338
254.282,464.546,16.677,8.338
253.845,463.720,16.677,8.338
254.574,463.866,16.677,8.338
254.719,464.303,16.677,8.338
254.768,464.740,16.677,8.338
254.525,464.011,16.677,8.338
254.185,464.351,16.677,8.338
253.748,463.526,16.677,8.338
254.476,463.769,16.677,8.338
254.039,464.109,16.677,8.338
254.671,464.448,16.677,8.338
254.234,463.720,16.677,8.338
253.797,464.157,16.677,8.338
254.525,464.594,16.677,8.338
254.088,463.769,16.677,8.338
254.719,464.109,16.677,8.338
254.282,464.448,16.677,8.338
253.942,463.526,16.677,8.338
254.574,463.574,16.677,8.338
254.234,463.623,16.677,8.338
253.797,464.060,16.677,8.338
254.428,464.497,16.677,8.338
253.894,463.769,16.677,8.338
254.525,464.109,16.677,8.338
254.088,464.448,16.677,8.338
254.622,463.526,16.677,8.338
254.192,463.849,16.321,8.161
254.809,464.086,16.321,8.161
254.287,464.324,16.321,8.161
254.904,464.562,16.321,8.161
254.382,463.754,16.321,8.161
253.859,464.181,16.321,8.161
254.477,464.514,16.321,8.161
253.954,463.801,16.321,8.161
254.667,464.134,16.321,8.161
254.144,464.562,16.321,8.161
254.762,463.849,16.321,8.161
254.334,464.277,16.321,8.161
254.857,464.704,16.321,8.161
254.239,464.087,16.321,8.161
254.857,464.419,16.321,8.161
254.524,464.847,16.321,8.161
254.096,464.039,16.321,8.161
254.809,464.372,16.321,8.161
254.572,464.799,16.321,8.161
254.239,464.182,16.321,8.161
254.952,464.609,16.321,8.161
254.619,463.896,16.321,8.161
254.286,464.324,16.321,8.161
254.999,464.752,16.321,8.161
254.952,464.134,16.321,8.161
254.999,464.657,16.321,8.161
254.857,464.039,16.321,8.161
254.809,464.562,16.321,8.161
254.952,463.944,16.321,8.161
254.999,464.372,16.321,8.161
254.857,464.799,16.321,8.161
254.524,464.087,16.321,8.161
254.286,464.419,16.321,8.161
255.094,464.942,16.321,8.161
254.952,464.324,16.321,8.161
254.809,464.847,16.321,8.161
254.762,464.229,16.321,8.161
254.714,464.752,16.321,8.161
254.382,464.134,16.321,8.161
253.859,464.562,16.321,8.161
254.477,463.944,16.321,8.161
254.429,464.467,16.321,8.161
254.191,463.754,16.321,8.161
254.999,464.087,16.321,8.161
254.667,464.419,16.321,8.161
254.239,464.752,16.321,8.161
254.857,464.134,16.321,8.161
254.334,464.562,16.321,8.161
255.047,463.659,16.321,8.161
255.094,463.992,16.321,8.161
254.952,464.324,16.321,8.161
254.714,464.562,16.321,8.161
254.286,463.944,16.321,8.161
255.094,464.562,16.321,8.161
254.762,464.039,16.321,8.161
254.524,464.562,16.321,8.161
254.381,463.849,16.321,8.161
254.429,464.277,16.321,8.161
254.381,464.800,16.321,8.161
254.239,464.182,16.321,8.161
254.952,464.514,16.321,8.161
254.619,463.707,16.321,8.161
254.191,464.039,16.321,8.161
254.904,464.372,16.321,8.161
254.762,463.659,16.321,8.161
254.334,463.231,16.321,8.161
254.952,463.754,16.321,8.161
254.334,463.136,16.321,8.161
254.857,463.659,16.321,8.161
254.239,463.136,16.321,8.161
254.857,463.659,16.321,8.161
254.334,463.231,16.321,8.161
254.952,464.134,16.321,8.161
254.439,463.718,15.973,7.987
254.764,464.322,15.973,7.987
254.253,463.718,15.973,7.987
250.579,464.136,15.973,7.987
242.719,463.438,15.973,7.987
242.952,459.951,15.973,7.987
240.121,460.586,16.327,8.163
229.426,461.014,16.327,8.163
223.476,460.184,16.688,8.344
218.471,460.524,16.688,8.344
218.035,460.784,17.057,8.529
217.290,460.039,17.057,8.529
217.935,460.486,17.057,8.529
217.389,461.132,17.057,8.529
217.737,460.784,17.057,8.529
217.091,461.132,17.057,8.529
216.644,461.976,17.057,8.529
216.098,461.728,17.057,8.529
216.446,462.473,17.057,8.529
216.992,462.225,17.057,8.529
216.446,461.976,17.057,8.529
216.793,461.728,17.057,8.529
216.148,462.374,17.057,8.529
216.595,462.622,17.057,8.529
216.148,462.473,17.057,8.529
216.694,462.324,17.057,8.529
216.660,461.972,17.434,8.717
217.046,462.349,17.820,8.910
217.202,461.986,17.820,8.910
216.527,462.453,17.820,8.910
216.787,462.816,17.820,8.910
215.593,462.142,17.820,8.910
213.155,461.675,17.820,8.910
217.773,461.831,17.820,8.910
219.277,461.571,17.820,8.910
231.262,447.719,17.820,8.910
240.653,453.270,17.820,8.910
226.083,453.764,18.214,9.107
224.727,452.177,18.617,9.309
209.618,451.906,19.029,9.515
201.585,452.847,19.029,9.515
190.855,463.031,19.450,9.725
206.327,452.525,19.881,9.940
190.073,452.715,20.321,10.160
174.277,452.301,20.321,10.160
158.480,452.951,20.321,10.160
142.684,452.537,20.321,10.160
133.040,451.768,20.321,10.160
124.529,452.208,20.770,10.385
120.849,451.654,21.230,10.615
117.820,452.334,21.230,10.615
114.956,451.640,21.699,10.850
112.113,451.071,21.699,10.850
111.545,451.640,21.699,10.850
112.240,451.071,21.699,10.850
112.429,451.766,21.699,10.850
113.303,450.794,22.179,11.090
113.104,451.348,21.706,10.853
112.544,451.037,21.244,10.622
111.863,451.099,21.244,10.622
109.451,450.171,21.244,10.622
106.915,449.243,21.244,10.622
105.864,448.563,21.244,10.622
106.421,449.243,21.244,10.622
105.493,448.563,21.244,10.622
106.049,449.243,21.244,10.622
105.616,448.068,21.244,10.622
104.936,447.512,21.244,10.622
105.616,448.192,21.244,10.622
104.936,447.512,21.244,10.622
105.493,448.192,21.244,10.622
104.565,447.512,21.244,10.622
104.998,448.192,21.244,10.622
105.307,447.635,21.244,10.622
105.740,447.945,21.244,10.622
108.400,445.656,21.244,10.622
116.749,443.120,21.244,10.622
129.305,440.584,21.244,10.622
141.860,439.533,21.244,10.622
158.374,436.502,21.244,10.622
175.272,430.931,21.714,10.857
192.413,423.924,22.194,11.097
207.081,419.207,22.194,11.097
189.829,412.551,22.194,11.097
182.915,405.249,22.194,11.097
197.165,396.212,21.721,10.860
214.049,387.549,21.721,10.860
230.934,378.126,21.721,10.860
247.819,368.071,21.721,10.860
264.325,357.032,21.258,10.629
272.928,350.039,21.258,10.629
279.537,345.320,20.804,10.402
283.087,339.418,20.361,10.180
285.280,332.364,20.361,10.180
286.051,327.088,20.361,10.180
286.584,322.405,20.361,10.180
286.169,319.144,20.361,10.180
286.110,317.900,20.361,10.180
285.932,313.335,20.361,10.180
286.466,309.245,20.361,10.180
285.932,307.170,20.361,10.180
286.229,306.281,20.361,10.180
286.762,304.918,20.361,10.180
286.229,303.436,20.361,10.180
286.762,302.546,20.361,10.180
286.347,302.487,20.361,10.180
285.932,302.309,20.361,10.180
286.466,302.843,20.361,10.180
285.932,302.072,20.361,10.180
286.466,302.724,20.361,10.180
285.932,301.954,20.361,10.180
286.584,302.369,20.361,10.180
286.051,302.665,20.361,10.180
286.821,301.776,20.361,10.180
286.169,302.309,20.361,10.180
286.703,302.843,20.361,10.180
286.881,302.428,20.361,10.180
287.177,301.894,20.361,10.180
287.474,302.428,20.361,10.180
286.466,302.013,20.361,10.180
286.406,302.665,20.361,10.180
286.110,302.250,20.361,10.180
286.881,303.021,20.361,10.180
286.584,302.606,20.361,10.180
286.051,302.072,20.361,10.180
286.703,302.724,20.361,10.180
286.288,302.191,20.361,10.180
286.821,302.843,20.361,10.180
286.407,302.191,20.361,10.180
286.466,302.606,20.361,10.180
289.368,301.400,19.926,9.963
294.334,297.313,19.501,9.751
305.541,293.312,19.086,9.543
316.832,290.147,18.679,9.339
331.689,288.182,19.092,9.546
346.198,283.837,18.685,9.342
354.086,278.016,18.685,9.342
360.342,275.241,18.685,9.342
362.246,274.643,18.685,9.342
362.707,273.642,18.286,9.143
363.718,271.885,18.286,9.143
364.411,270.873,18.286,9.143
363.733,271.535,17.896,8.948
364.476,271.178,17.515,8.757
364.833,270.822,17.515,8.757
364.381,270.866,17.141,8.571
365.130,270.217,17.141,8.571
364.880,271.126,16.776,8.388
365.388,271.922,16.418,8.209
365.056,271.042,16.068,8.034
365.273,271.263,15.725,7.863
365.043,270.949,15.390,7.695
365.357,271.532,15.390,7.695
365.737,272.002,15.062,7.531
365.433,271.787,14.740,7.370
365.476,272.001,14.740,7.370
365.509,271.542,14.426,7.213
366.055,271.500,14.426,7.213
365.593,271.122,14.426,7.213
366.139,271.752,14.426,7.213
365.847,271.789,14.118,7.059
365.970,272.241,14.118,7.059
366.012,271.542,14.118,7.059
366.135,271.912,14.118,7.059
366.258,272.364,14.118,7.059
366.464,271.830,14.118,7.059
365.683,272.118,14.118,7.059
365.888,271.254,14.118,7.059
366.094,271.295,14.118,7.059
366.299,271.337,14.118,7.059
366.505,271.213,14.118,7.059
365.806,271.172,14.118,7.059
364.649,272.634,13.817,6.909
361.310,276.053,13.817,6.909
350.569,281.565,13.817,6.909
339.828,283.858,13.817,6.909
328.532,285.493,14.123,7.061
335.234,277.310,14.123,7.061
344.932,281.370,14.435,7.218
352.119,278.386,14.435,7.218
343.251,281.370,14.435,7.218
345.983,274.099,14.435,7.218
345.256,285.662,14.755,7.377
348.347,281.702,15.081,7.541
336.623,290.792,15.081,7.541
331.662,295.665,15.081,7.541
319.331,307.745,15.415,7.707
325.633,310.128,15.756,7.878
315.607,316.085,16.105,8.052
308.570,322.758,16.461,8.230
306.150,328.584,16.825,8.413
302.966,333.928,17.197,8.599
295.243,342.405,17.578,8.789
280.872,349.900,17.967,8.983
279.459,353.300,17.967,8.983
278.675,357.956,17.967,8.983
278.936,360.833,17.967,8.983
279.407,363.396,17.967,8.983
278.623,365.750,17.967,8.983
278.989,366.221,17.967,8.983
279.250,367.738,17.967,8.983
278.466,367.790,17.967,8.983
277.890,367.947,17.967,8.983
277.733,368.522,17.967,8.983
277.367,368.052,17.967,8.983
277.106,368.732,17.967,8.983
276.530,368.993,17.967,8.983
278.256,369.255,17.967,8.983
277.244,369.644,18.364,9.182
278.259,370.339,18.364,9.182
279.168,370.820,18.364,9.182
277.190,369.483,18.364,9.182
276.602,368.895,18.364,9.182
277.190,368.842,18.364,9.182
276.388,368.788,18.364,9.182
274.196,368.414,18.364,9.182
273.394,368.467,18.364,9.182
272.470,368.310,18.771,9.385
273.339,368.717,19.186,9.593
273.996,368.437,19.610,9.805
273.711,368.722,19.610,9.805
274.225,367.980,19.610,9.805
274.853,368.266,19.610,9.805
274.225,368.551,19.610,9.805
274.624,368.951,19.610,9.805
273.768,368.437,19.610,9.805
289.367,384.144,20.044,10.022
291.999,378.008,19.617,9.808
280.634,376.922,19.617,9.808
296.238,360.993,20.051,10.025
280.768,360.351,20.051,10.025
265.181,361.226,20.051,10.025
248.788,361.782,20.494,10.247
264.967,364.825,20.948,10.474
247.967,364.140,21.411,10.706
239.427,365.200,21.411,10.706
230.886,348.556,21.411,10.706
228.206,349.117,21.411,10.706
227.021,349.304,21.411,10.706
226.460,348.743,21.411,10.706
226.149,349.428,21.411,10.706
225.587,348.992,21.411,10.706
225.899,349.678,21.411,10.706
225.213,349.366,21.411,10.706
226.223,349.660,20.955,10.477
225.430,349.111,20.955,10.477
225.857,349.782,20.955,10.477
226.406,349.599,20.955,10.477
225.613,349.172,20.955,10.477
225.674,349.965,20.955,10.477
225.857,350.026,20.955,10.477
226.162,350.209,20.955,10.477
225.369,350.392,20.955,10.477
225.430,349.477,20.955,10.477
225.125,349.172,20.955,10.477
225.308,350.087,20.955,10.477
225.613,350.148,20.955,10.477
226.040,350.453,20.955,10.477
225.381,349.683,20.508,10.254
226.038,350.221,20.508,10.254
225.620,349.564,20.508,10.254
226.157,350.101,20.508,10.254
225.858,349.577,20.071,10.035
226.804,350.079,19.643,9.821
226.061,350.136,19.643,9.821
226.461,350.422,19.643,9.821
226.404,350.822,19.643,9.821
226.232,349.964,19.643,9.821
225.946,349.678,19.643,9.821
225.775,349.507,19.643,9.821
225.718,350.250,19.643,9.821
225.889,350.422,19.643,9.821
226.175,350.708,19.643,9.821
226.232,349.850,19.643,9.821
226.518,350.022,19.643,9.821
226.461,349.507,19.643,9.821
226.175,350.136,19.643,9.821
225.661,349.621,19.643,9.821
226.404,349.106,19.643,9.821
225.889,349.850,19.643,9.821
225.375,349.450,19.643,9.821
226.232,350.079,19.643,9.821
225.946,349.678,19.643,9.821
225.546,349.278,19.643,9.821
226.175,350.021,19.643,9.821
225.775,349.507,19.643,9.821
225.260,350.250,19.643,9.821
226.232,350.422,19.643,9.821
226.518,350.479,19.643,9.821
226.232,350.307,19.643,9.821
226.277,350.247,19.224,9.612
226.892,349.631,19.224,9.612
226.277,350.247,19.224,9.612
226.892,349.743,19.224,9.612
226.277,350.359,19.224,9.612
226.780,349.967,19.224,9.612
226.277,350.694,19.224,9.612
226.892,350.415,19.224,9.612
226.277,349.799,19.224,9.612
227.004,350.303,19.224,9.612
226.388,349.687,19.224,9.612
225.885,350.303,19.224,9.612
226.500,349.799,19.224,9.612
225.885,350.303,19.224,9.612
226.612,349.575,19.224,9.612
225.997,350.079,19.224,9.612
226.612,350.582,19.224,9.612
226.109,349.631,19.224,9.612
226.612,350.135,19.224,9.612
226.109,350.527,19.224,9.612
226.612,349.687,19.224,9.612
225.885,350.191,19.224,9.612
226.388,350.582,19.224,9.612
225.773,349.855,19.224,9.612
226.388,350.359,19.224,9.612
225.661,349.743,19.224,9.612
226.388,350.359,19.224,9.612
225.885,349.855,19.224,9.612
226.612,350.359,19.224,9.612
225.997,349.631,19.224,9.612
226.724,350.135,19.224,9.612
226.333,350.638,19.224,9.612
227.060,349.911,19.224,9.612
226.444,350.415,19.224,9.612
225.829,349.799,19.224,9.612
226.444,350.415,19.224,9.612
225.829,349.687,19.224,9.612
226.444,350.191,19.224,9.612
225.829,350.582,19.224,9.612
226.444,349.855,19.224,9.612
225.829,350.359,19.224,9.612
226.444,349.631,19.224,9.612
225.941,350.135,19.224,9.612
226.668,350.527,19.224,9.612
226.165,349.799,19.224,9.612
226.668,350.079,19.224,9.612
226.053,350.359,19.224,9.612
223.646,349.183,19.224,9.612
218.665,350.023,19.224,9.612
209.568,365.421,19.649,9.825
201.502,365.935,19.649,9.825
189.473,364.580,20.084,10.042
174.873,363.923,20.528,10.264
158.090,364.120,20.982,10.491
140.935,364.447,21.447,10.723
123.401,363.746,21.921,10.961
105.612,363.161,22.406,11.203
108.547,355.789,22.406,11.203
98.160,354.966,21.928,10.964
91.074,355.285,21.928,10.964
88.115,355.097,22.413,11.207
85.633,355.718,22.909,11.455
84.899,355.918,22.909,11.455
85.767,355.718,22.909,11.455
86.367,356.719,22.909,11.455
85.900,356.652,22.909,11.455
86.723,356.838,22.421,11.210
86.396,355.859,22.421,11.210
86.195,356.545,21.943,10.971
86.983,355.738,21.475,10.737
87.296,356.426,21.475,10.737
86.862,357.083,21.017,10.508
87.657,356.655,21.017,10.508
86.862,356.104,21.017,10.508
87.657,356.777,21.017,10.508
86.984,356.349,21.017,10.508
87.780,356.043,21.017,10.508
88.698,356.716,21.017,10.508
88.392,356.899,21.017,10.508
87.841,357.083,21.017,10.508
88.759,357.267,21.017,10.508
87.841,356.104,21.017,10.508
87.535,356.777,21.017,10.508
87.228,356.594,20.569,10.284
88.007,357.013,20.569,10.284
87.348,356.115,20.569,10.284
88.486,356.415,20.569,10.284
88.070,356.813,20.130,10.065
87.894,356.403,20.130,10.065
87.953,357.165,20.130,10.065
88.715,357.340,20.130,10.065
88.305,357.399,20.130,10.065
88.715,356.989,20.130,10.065
87.719,356.461,20.130,10.065
87.426,356.989,20.130,10.065
88.305,356.461,20.130,10.065
88.129,356.989,20.130,10.065
87.836,356.461,20.130,10.065
87.894,356.989,20.130,10.065
87.484,356.344,20.130,10.065
87.308,356.871,20.130,10.065
88.187,356.344,20.130,10.065
88.363,356.989,20.130,10.065
87.953,356.696,20.130,10.065
87.426,356.403,20.130,10.065
87.250,356.930,20.130,10.065
86.840,356.285,20.130,10.065
86.781,356.696,20.130,10.065
86.840,356.168,20.130,10.065
87.367,356.813,20.130,10.065
88.129,356.285,20.130,10.065
87.484,356.813,20.130,10.065
87.074,356.168,20.130,10.065
87.836,356.696,20.130,10.065
87.426,356.051,20.130,10.065
88.187,356.578,20.130,10.065
87.660,355.817,20.130,10.065
87.836,356.344,20.130,10.065
88.129,356.871,20.130,10.065
88.422,356.344,20.130,10.065
88.598,356.989,20.130,10.065
87.719,356.813,20.130,10.065
88.246,356.989,20.130,10.065
88.656,357.047,20.130,10.065
87.894,356.754,20.130,10.065
88.187,356.344,20.130,10.065
87.894,356.871,20.130,10.065
87.484,356.344,20.130,10.065
87.201,356.901,20.575,10.288
103.567,352.872,21.031,10.515
105.588,353.178,21.031,10.515
110.302,353.240,21.031,10.515
117.589,353.546,21.031,10.515
131.243,352.995,21.031,10.515
145.509,353.301,21.031,10.515
161.857,352.750,21.031,10.515
177.839,352.449,20.582,10.291
191.442,351.670,20.582,10.291
207.441,350.771,20.582,10.291
223.441,349.153,20.582,10.291
239.440,347.775,20.582,10.291
253.163,347.955,20.582,10.291
247.775,364.440,21.037,10.519
264.509,365.531,21.503,10.751
281.225,364.968,21.503,10.751
297.815,365.406,21.503,10.751
308.645,365.218,21.503,10.751
319.100,364.905,21.503,10.751
324.171,365.844,21.503,10.751
326.488,366.283,21.503,10.751
327.802,365.970,21.503,10.751
327.239,367.409,21.503,10.751
327.928,366.971,21.503,10.751
327.364,367.785,21.503,10.751
328.178,367.222,21.503,10.751
327.990,366.783,21.503,10.751
327.677,367.472,21.503,10.751
328.616,366.783,21.503,10.751
328.804,367.222,21.503,10.751
328.115,366.658,21.503,10.751
328.554,367.096,21.503,10.751
329.242,367.409,21.503,10.751
328.804,366.721,21.503,10.751
329.117,366.533,21.503,10.751
328.679,366.721,21.503,10.751
329.367,366.658,21.503,10.751
328.929,366.596,21.503,10.751
328.366,366.658,21.503,10.751
328.804,366.971,21.503,10.751
328.366,367.159,21.503,10.751
328.679,366.470,21.503,10.751
329.242,366.658,21.503,10.751
328.804,366.596,21.503,10.751
328.616,366.408,21.503,10.751
329.180,366.470,21.503,10.751
328.741,366.408,21.503,10.751
329.555,367.096,21.503,10.751
330.369,366.909,21.503,10.751
330.056,366.971,21.503,10.751
329.743,367.034,21.503,10.751
330.432,367.096,21.503,10.751
329.868,367.159,21.503,10.751
329.054,366.345,21.503,10.751
329.367,366.408,21.503,10.751
329.681,366.595,21.503,10.751
330.119,366.533,21.503,10.751
329.305,366.721,21.503,10.751
329.743,366.658,21.503,10.751
330.432,366.470,21.503,10.751
329.493,366.157,21.503,10.751
329.555,365.969,21.503,10.751
328.992,366.909,21.503,10.751
329.305,366.596,21.503,10.751
329.743,366.157,21.503,10.751
330.181,365.844,21.503,10.751
329.367,366.783,21.503,10.751
329.680,366.596,21.503,10.751
330.119,366.032,21.503,10.751
329.430,366.846,21.503,10.751
329.994,366.282,21.503,10.751
329.180,365.969,21.503,10.751
329.242,366.909,21.503,10.751
329.555,366.721,21.503,10.751
329.868,366.533,21.503,10.751
328.929,366.596,21.503,10.751
329.117,366.533,21.503,10.751
329.305,366.596,21.503,10.751
329.493,366.783,21.503,10.751
329.806,366.721,21.503,10.751
328.992,367.034,21.503,10.751
329.430,367.096,21.503,10.751
329.868,367.284,21.503,10.751
329.054,366.470,21.503,10.751
329.242,366.282,21.503,10.751
329.430,366.095,21.503,10.751
329.242,367.034,21.503,10.751
329.430,366.846,21.503,10.751
329.618,366.658,21.503,10.751
329.931,366.345,21.503,10.751
328.992,366.408,21.503,10.751
329.305,366.095,21.503,10.751
328.992,367.159,21.503,10.751
328.299,366.455,21.979,10.989
328.619,367.159,21.979,10.989
329.195,366.583,21.979,10.989
329.151,366.528,22.465,11.232
328.693,365.940,22.465,11.232
329.413,366.267,22.465,11.232
328.955,366.724,22.465,11.232
328.628,366.136,22.465,11.232
329.347,366.594,22.465,11.232
328.759,366.005,22.465,11.232
329.347,366.463,22.465,11.232
328.759,366.005,22.465,11.232
329.347,366.463,22.465,11.232
328.759,365.874,22.465,11.232
328.935,366.813,21.986,10.993
329.024,366.360,22.472,11.236
328.435,366.818,22.472,11.236
329.155,366.098,22.472,11.236
328.566,366.425,22.472,11.236
329.155,365.705,22.472,11.236
329.079,366.771,21.993,10.997
328.637,366.583,22.480,11.240
329.095,365.994,22.480,11.240
328.375,366.452,22.480,11.240
328.833,365.863,22.480,11.240
329.009,366.803,22.000,11.000
328.567,366.482,22.487,11.243
329.287,365.893,22.487,11.243
328.829,366.351,22.487,11.243
327.847,367.071,22.487,11.243
327.937,366.471,22.985,11.492
328.540,366.672,22.985,11.492
327.804,367.007,22.985,11.492
328.272,366.271,22.985,11.492
327.937,366.587,22.494,11.247
328.618,367.022,22.015,11.007
314.829,353.363,21.545,10.773
315.120,353.055,21.086,10.543
316.114,353.700,20.636,10.318
317.550,353.752,20.196,10.098
318.502,353.123,19.765,9.883
319.323,352.840,19.344,9.672
320.343,353.540,18.931,9.466
320.704,353.375,18.528,9.264
321.890,352.590,18.132,9.066
322.154,353.065,18.132,9.066
322.805,352.602,17.746,8.873
322.857,352.344,17.746,8.873
323.012,353.016,17.746,8.873
323.167,352.654,17.746,8.873
322.185,352.189,17.746,8.873
321.823,352.654,17.746,8.873
322.185,352.189,17.746,8.873
321.410,352.757,17.746,8.873
320.325,352.189,17.746,8.873
319.447,352.654,17.746,8.873
318.672,352.499,17.746,8.873
318.313,353.241,17.367,8.684
317.454,352.887,17.367,8.684
316.810,353.516,16.997,8.499
316.068,353.070,16.997,8.499
314.039,353.615,16.997,8.499
312.901,353.268,16.997,8.499
312.159,353.120,16.997,8.499
310.130,354.159,16.997,8.499
308.200,354.209,16.997,8.499
307.161,354.258,16.997,8.499
305.033,353.813,16.997,8.499
303.103,354.654,16.997,8.499
301.569,354.802,16.997,8.499
300.529,355.248,16.997,8.499
298.401,355.891,16.997,8.499
296.570,356.139,16.997,8.499
295.333,356.683,16.997,8.499
292.909,356.534,16.997,8.499
290.781,356.485,16.997,8.499
288.752,357.029,16.997,8.499
286.624,357.870,16.997,8.499
285.090,357.821,16.997,8.499
282.566,358.068,16.997,8.499
280.834,358.712,16.997,8.499
279.300,358.365,16.997,8.499
277.073,358.118,16.997,8.499
275.341,358.959,16.997,8.499
274.104,358.910,16.997,8.499
272.075,359.058,16.997,8.499
270.937,359.404,16.997,8.499
270.293,358.959,16.997,8.499
268.364,359.602,16.997,8.499
267.324,359.454,16.997,8.499
266.582,359.701,16.997,8.499
266.038,360.246,16.997,8.499
265.196,360.889,16.997,8.499
264.850,360.741,16.997,8.499
265.394,360.988,16.997,8.499
264.850,361.334,16.997,8.499
265.394,360.889,16.997,8.499
264.751,361.631,16.997,8.499
265.196,361.582,16.997,8.499
264.652,361.829,16.997,8.499
265.394,362.077,16.997,8.499
265.246,362.522,16.997,8.499
265.790,361.978,16.997,8.499
266.829,362.819,16.997,8.499
267.473,362.769,16.997,8.499
267.819,362.819,16.997,8.499
268.811,362.480,16.635,8.317
269.925,363.207,16.635,8.317
271.136,362.771,16.635,8.317
272.347,363.304,16.635,8.317
273.848,362.674,16.635,8.317
274.574,363.013,16.635,8.317
276.270,362.480,16.635,8.317
277.287,363.207,16.635,8.317
278.497,362.868,16.635,8.317
280.580,362.529,16.635,8.317
282.469,363.255,16.635,8.317
283.873,363.013,16.635,8.317
284.600,362.771,16.635,8.317
286.682,363.691,16.635,8.317
287.893,363.449,16.635,8.317
288.426,363.013,16.635,8.317
289.636,362.771,16.635,8.317
291.331,363.110,16.635,8.317
292.155,362.480,16.635,8.317
293.947,362.819,16.635,8.317
294.867,363.449,16.635,8.317
296.025,362.744,16.280,8.140
299.200,362.128,16.280,8.140
301.807,362.270,16.280,8.140
303.031,361.580,15.933,7.966
304.006,361.812,15.933,7.966
304.701,362.137,15.933,7.966
304.933,361.256,15.933,7.966
305.258,361.395,15.933,7.966
304.841,361.070,15.933,7.966
305.722,360.745,15.933,7.966
305.212,361.256,15.933,7.966
304.609,360.560,15.933,7.966
305.397,360.792,15.933,7.966
304.794,361.024,15.933,7.966
305.212,360.235,15.933,7.966
304.330,360.467,15.933,7.966
302.428,360.142,15.933,7.966
300.155,359.446,15.933,7.966
298.254,359.307,15.933,7.966
296.723,358.890,15.933,7.966
295.656,359.215,15.933,7.966
294.125,358.611,15.933,7.966
291.667,358.936,15.933,7.966
289.765,359.354,15.933,7.966
287.863,358.658,15.933,7.966
285.590,358.890,15.933,7.966
282.946,359.215,15.933,7.966
280.673,358.611,15.933,7.966
278.122,359.215,15.933,7.966
274.643,358.797,15.933,7.966
272.184,359.493,15.933,7.966
268.798,359.168,15.933,7.966
266.525,358.936,15.933,7.966
263.046,359.910,15.933,7.966
259.659,359.957,15.933,7.966
257.294,360.189,15.933,7.966
254.093,359.400,15.933,7.966
251.171,360.003,15.933,7.966
248.434,360.792,15.933,7.966
246.161,360.838,15.933,7.966
242.682,361.534,15.933,7.966
240.594,361.395,15.933,7.966
238.043,360.884,15.933,7.966
235.585,361.673,15.933,7.966
233.683,361.998,15.933,7.966
231.781,362.508,15.933,7.966
229.601,362.276,15.933,7.966
227.235,362.230,15.933,7.966
224.776,361.812,15.933,7.966
223.988,362.601,15.933,7.966
223.106,362.462,15.933,7.966
220.926,362.508,15.933,7.966
221.065,363.018,15.933,7.966
219.906,362.694,15.933,7.966
220.230,363.760,15.933,7.966
219.256,363.714,15.933,7.966
217.633,363.297,15.933,7.966
217.586,362.786,15.933,7.966
218.097,363.482,15.933,7.966
218.848,364.059,15.593,7.796
220.458,364.623,15.260,7.630
220.769,364.757,15.260,7.630
222.146,365.334,15.260,7.630
223.879,365.290,15.260,7.630
224.723,365.601,15.260,7.630
225.745,365.912,15.260,7.630
229.034,366.334,15.598,7.799
231.259,366.016,15.598,7.799
233.211,365.335,15.598,7.799
235.346,365.472,15.598,7.799
237.117,365.517,15.598,7.799
239.251,365.290,15.598,7.799
241.477,365.608,15.598,7.799
243.793,364.927,15.598,7.799
244.928,365.245,15.598,7.799
246.881,365.744,15.598,7.799
249.015,365.335,15.598,7.799
253.148,366.017,15.598,7.799
255.282,365.699,15.598,7.799
257.235,365.562,15.598,7.799
