625.000,359.000,8.000,7.000
624.439,360.505,8.000,7.000
623.760,360.003,8.000,7.000
622.373,360.151,8.000,7.000
622.108,360.417,8.000,7.000
620.780,360.918,8.000,7.000
619.452,361.361,8.000,7.000
618.950,361.095,8.000,7.000
617.606,361.477,8.177,7.155
615.982,361.930,8.358,7.313
614.965,362.146,8.358,7.313
614.133,362.300,8.358,7.313
613.238,362.762,8.358,7.313
612.468,362.362,8.358,7.313
611.758,362.331,8.358,7.313
610.994,363.561,8.543,7.475
609.702,363.530,8.543,7.475
608.410,363.939,8.543,7.475
607.118,363.467,8.543,7.475
606.708,364.129,8.543,7.475
605.927,364.536,8.732,7.640
604.800,364.053,8.732,7.640
603.479,365.116,8.732,7.640
603.189,365.470,8.732,7.640
601.869,364.923,8.732,7.640
600.741,365.535,8.732,7.640
600.001,365.309,8.732,7.640
599.324,365.084,8.732,7.640
598.390,366.340,8.732,7.640
597.649,365.921,8.732,7.640
595.942,366.533,8.732,7.640
595.459,366.243,8.732,7.640
595.233,366.405,8.732,7.640
594.170,366.630,8.732,7.640
593.301,366.920,8.732,7.640
592.431,367.467,8.732,7.640
591.175,367.178,8.732,7.640
589.641,367.594,8.925,7.809
589.213,368.088,8.925,7.809
587.863,367.726,8.925,7.809
587.699,367.430,8.925,7.809
586.349,368.319,8.925,7.809
585.526,368.549,8.925,7.809
584.834,368.977,8.925,7.809
584.275,368.615,8.925,7.809
582.727,368.516,8.925,7.809
582.233,369.537,8.925,7.809
580.884,369.833,8.925,7.809
580.456,369.142,8.925,7.809
579.106,369.570,8.925,7.809
577.690,369.998,8.925,7.809
577.196,369.701,8.925,7.809
575.978,369.800,8.925,7.809
575.748,370.097,8.925,7.809
574.990,370.459,8.925,7.809
574.365,370.953,8.925,7.809
572.883,370.525,8.925,7.809
572.192,370.953,8.925,7.809
570.513,370.722,8.925,7.809
569.821,371.018,8.925,7.809
569.393,371.446,8.925,7.809
568.109,372.006,8.925,7.809
566.628,371.710,8.925,7.809
566.200,371.348,8.925,7.809
564.718,372.039,8.925,7.809
564.290,372.335,8.925,7.809
563.072,372.698,8.925,7.809
561.986,372.335,8.925,7.809
561.821,373.027,8.925,7.809
560.669,372.862,8.925,7.809
559.516,372.961,8.925,7.809
558.825,373.191,8.925,7.809
558.199,373.488,8.925,7.809
556.652,373.982,8.925,7.809
556.158,373.488,8.925,7.809
554.479,373.982,8.925,7.809
553.985,373.751,8.925,7.809
553.426,373.916,8.925,7.809
551.878,374.080,8.925,7.809
551.384,374.311,8.925,7.809
550.034,374.673,8.925,7.809
549.606,374.047,8.925,7.809
548.125,374.410,8.925,7.809
546.907,374.903,8.925,7.809
546.545,374.541,8.925,7.809
545.261,375.364,8.925,7.809
544.372,375.397,8.925,7.809
543.417,375.825,8.925,7.809
542.594,375.266,8.925,7.809
542.034,375.760,8.925,7.809
541.540,375.397,8.925,7.809
539.993,376.023,8.925,7.809
539.499,375.661,8.925,7.809
538.017,375.299,8.925,7.809
537.589,375.990,8.925,7.809
536.240,375.891,8.925,7.809
535.021,375.924,8.925,7.809
534.791,376.286,8.925,7.809
533.507,376.648,8.925,7.809
532.091,376.155,8.925,7.809
530.873,376.780,8.925,7.809
530.840,376.418,8.925,7.809
529.951,377.109,8.925,7.809
529.260,376.747,8.925,7.809
527.778,376.385,8.925,7.809
527.219,377.076,8.925,7.809
525.803,376.846,8.925,7.809
525.112,376.550,8.925,7.809
523.630,377.241,8.925,7.809
523.136,376.945,8.925,7.809
521.720,376.648,8.925,7.809
521.358,376.418,8.925,7.809
520.074,377.307,8.925,7.809
518.724,377.340,8.925,7.809
518.560,377.504,8.925,7.809
517.605,377.735,8.925,7.809
516.848,377.044,8.925,7.809
516.091,377.208,8.925,7.809
514.411,377.504,8.925,7.809
513.918,377.932,8.925,7.809
513.424,377.504,8.925,7.809
511.942,378.196,8.925,7.809
511.580,378.031,8.925,7.809
510.098,377.998,8.925,7.809
508.749,377.900,8.925,7.809
508.255,378.064,8.925,7.809
506.839,378.295,8.925,7.809
506.345,378.459,8.925,7.809
504.929,378.690,8.925,7.809
504.567,377.998,8.925,7.809
503.678,378.229,8.925,7.809
503.053,378.723,8.925,7.809
501.571,378.295,8.925,7.809
501.209,378.854,8.925,7.809
499.859,378.558,8.925,7.809
499.431,379.381,8.925,7.809
497.950,379.348,8.925,7.809
497.719,379.513,8.925,7.809
496.830,379.743,8.925,7.809
495.678,378.986,8.925,7.809
495.118,379.414,8.925,7.809
493.703,379.842,8.925,7.809
493.340,379.348,8.925,7.809
492.517,379.842,8.925,7.809
491.892,379.414,8.925,7.809
491.530,380.040,8.925,7.809
490.377,379.612,8.925,7.809
489.752,379.184,8.925,7.809
489.390,379.809,8.925,7.809
488.303,379.447,8.925,7.809
487.941,380.138,8.925,7.809
488.040,379.908,8.925,7.809
486.822,380.270,8.925,7.809
486.920,380.501,8.925,7.809
486.690,380.863,8.925,7.809
486.130,380.369,8.925,7.809
484.978,380.928,8.925,7.809
485.472,380.566,8.925,7.809
484.714,381.192,8.925,7.809
484.484,380.830,8.925,7.809
483.990,380.599,8.925,7.809
484.286,380.303,8.925,7.809
483.068,380.994,8.925,7.809
482.772,380.764,8.925,7.809
483.332,380.731,8.925,7.809
482.838,380.896,8.925,7.809
483.134,381.126,8.925,7.809
482.114,381.488,8.925,7.809
481.883,381.982,8.925,7.809
482.509,381.488,8.925,7.809
482.081,382.114,8.925,7.809
481.455,381.817,8.925,7.809
481.554,381.587,8.925,7.809
481.389,382.344,8.925,7.809
481.159,382.245,8.925,7.809
480.862,382.542,8.925,7.809
481.488,382.838,8.925,7.809
481.192,382.212,8.925,7.809
480.895,382.640,8.925,7.809
481.587,382.147,8.925,7.809
481.290,382.706,8.925,7.809
480.928,382.344,8.925,7.809
481.488,383.101,8.925,7.809
480.928,382.871,8.925,7.809
481.159,382.640,8.925,7.809
480.467,382.608,8.925,7.809
480.698,382.706,8.925,7.809
480.862,382.805,8.925,7.809
480.961,382.970,8.925,7.809
480.928,383.200,8.925,7.809
480.895,383.431,8.925,7.809
480.731,383.661,8.925,7.809
480.500,382.970,8.925,7.809
480.270,383.266,8.925,7.809
480.039,383.628,8.925,7.809
479.809,382.937,8.925,7.809
480.500,383.233,8.925,7.809
480.204,383.595,8.925,7.809
479.908,383.957,8.925,7.809
480.533,383.332,8.925,7.809
480.171,383.760,8.925,7.809
479.809,383.200,8.925,7.809
480.369,383.628,8.925,7.809
479.940,383.069,8.925,7.809
480.434,383.431,8.925,7.809
479.875,383.793,8.925,7.809
480.237,383.167,8.925,7.809
479.545,383.464,8.925,7.809
479.710,383.694,8.925,7.809
479.809,382.937,8.925,7.809
479.908,383.036,8.925,7.809
479.809,382.871,8.925,7.809
479.710,382.641,8.925,7.809
479.545,382.278,8.925,7.809
479.315,382.838,8.925,7.809
479.019,382.278,8.925,7.809
479.710,382.575,8.925,7.809
479.348,382.542,8.925,7.809
478.920,382.377,8.925,7.809
479.414,382.081,8.925,7.809
478.854,381.719,8.925,7.809
479.282,381.291,8.925,7.809
478.722,381.719,8.925,7.809
478.953,380.961,8.925,7.809
479.117,380.731,8.925,7.809
478.228,380.435,8.925,7.809
478.130,380.994,8.925,7.809
477.965,380.369,8.925,7.809
478.722,380.468,8.925,7.809
478.492,380.171,8.925,7.809
478.196,379.677,8.925,7.809
477.833,379.052,8.925,7.809
478.327,379.085,8.925,7.809
477.833,378.854,8.925,7.809
478.261,378.492,8.925,7.809
477.570,378.854,8.925,7.809
477.603,378.031,8.925,7.809
477.438,377.735,8.925,7.809
477.208,377.307,8.925,7.809
476.977,377.669,8.925,7.809
477.603,376.385,8.925,7.809
477.241,376.945,8.925,7.809
476.879,376.253,8.925,7.809
477.504,375.957,8.925,7.809
477.010,375.266,8.925,7.809
477.570,375.035,8.925,7.809
477.010,374.541,8.925,7.809
477.438,374.311,8.925,7.809
476.747,373.751,8.925,7.809
476.912,372.467,8.925,7.809
477.142,372.697,8.925,7.809
476.253,371.282,8.925,7.809
476.286,371.249,8.925,7.809
476.121,370.557,8.925,7.809
475.957,370.129,8.925,7.809
476.582,369.043,8.925,7.809
476.286,368.417,8.925,7.809
475.990,367.989,8.925,7.809
476.615,366.771,8.925,7.809
476.187,365.948,8.925,7.809
475.891,365.388,8.925,7.809
476.582,365.026,8.925,7.809
476.154,363.611,8.925,7.809
475.858,362.392,8.925,7.809
476.549,362.294,8.925,7.809
476.187,361.536,8.925,7.809
475.759,360.845,8.925,7.809
476.385,359.232,8.925,7.809
476.023,358.606,8.925,7.809
476.648,356.993,8.925,7.809
476.418,356.499,8.925,7.809
476.121,355.939,8.925,7.809
475.759,354.326,8.925,7.809
476.319,353.371,8.925,7.809
475.957,352.680,8.925,7.809
476.582,351.001,8.925,7.809
476.220,350.309,8.925,7.809
475.792,349.289,8.925,7.809
476.286,348.071,8.925,7.809
475.792,347.050,8.925,7.809
476.220,345.766,8.925,7.809
475.660,344.482,8.925,7.809
476.023,344.120,8.925,7.809
476.187,342.638,8.925,7.809
475.496,341.091,8.925,7.809
475.858,340.597,8.925,7.809
476.088,338.984,8.925,7.809
475.265,338.358,8.925,7.809
475.035,337.667,8.925,7.809
475.660,335.790,8.925,7.809
475.298,334.572,8.925,7.809
474.936,334.276,8.925,7.809
475.627,333.057,8.925,7.809
475.331,331.773,8.925,7.809
475.101,330.292,8.925,7.809
474.739,329.798,8.925,7.809
475.364,328.185,8.925,7.809
474.936,327.559,8.925,7.809
475.496,326.868,8.925,7.809
475.134,325.189,8.925,7.809
474.706,324.102,8.925,7.809
475.199,322.818,8.925,7.809
474.706,321.534,8.925,7.809
475.331,321.238,8.925,7.809
475.101,319.888,8.925,7.809
474.739,318.472,8.925,7.809
475.298,317.978,8.925,7.809
474.936,317.221,8.925,7.809
475.496,316.266,8.925,7.809
475.068,315.048,8.925,7.809
474.640,313.962,8.925,7.809
475.331,313.139,8.925,7.809
475.035,311.986,8.925,7.809
475.990,310.702,8.925,7.809
475.759,309.418,8.925,7.809
475.858,309.188,8.925,7.809
476.154,307.970,8.925,7.809
475.463,306.554,8.925,7.809
475.693,306.192,8.925,7.809
476.121,304.908,8.925,7.809
475.627,303.624,8.925,7.809
476.055,302.406,8.925,7.809
475.562,302.043,8.925,7.809
475.990,300.957,8.925,7.809
476.418,299.607,8.925,7.809
475.924,298.323,8.925,7.809
476.418,297.961,8.925,7.809
475.990,296.611,8.925,7.809
476.549,295.261,8.925,7.809
476.121,294.833,8.925,7.809
475.627,293.417,8.925,7.809
476.187,293.055,8.925,7.809
475.759,291.837,8.925,7.809
476.394,290.810,8.735,7.643
476.145,289.556,8.548,7.480
476.681,289.146,8.548,7.480
476.208,287.790,8.548,7.480
476.744,286.497,8.548,7.480
476.334,286.150,8.548,7.480
475.861,284.794,8.548,7.480
476.397,283.564,8.548,7.480
475.988,283.217,8.548,7.480
476.587,281.924,8.548,7.480
476.240,280.695,8.548,7.480
475.893,280.348,8.548,7.480
476.492,279.307,8.548,7.480
476.978,277.958,8.366,7.320
476.392,277.495,8.366,7.320
476.855,276.107,8.366,7.320
476.330,275.705,8.366,7.320
476.793,274.317,8.366,7.320
477.318,273.854,8.366,7.320
476.732,272.712,8.366,7.320
477.133,271.879,8.366,7.320
476.546,270.860,8.366,7.320
476.824,270.274,8.366,7.320
476.114,269.687,8.366,7.320
476.269,268.175,8.366,7.320
476.299,267.836,8.366,7.320
476.835,267.408,8.188,7.164
476.684,266.834,8.188,7.164
476.593,265.415,8.188,7.164
476.321,264.962,8.188,7.164
475.808,264.146,8.188,7.164
476.019,263.391,8.188,7.164
475.204,262.938,8.188,7.164
475.053,261.639,8.188,7.164
474.781,261.005,8.188,7.164
475.295,260.491,8.188,7.164
474.600,259.253,8.188,7.164
474.250,258.951,8.013,7.011
474.753,259.158,8.013,7.011
474.073,257.591,8.013,7.011
473.748,257.266,8.013,7.011
473.305,256.350,8.013,7.011
473.807,255.847,8.013,7.011
472.772,255.463,8.013,7.011
472.388,254.783,8.013,7.011
472.832,254.221,8.013,7.011
472.270,253.069,8.013,7.011
471.945,252.507,8.013,7.011
471.560,252.182,8.013,7.011
470.999,251.561,8.013,7.011
470.851,251.177,8.013,7.011
470.467,250.438,8.013,7.011
470.851,250.172,8.013,7.011
469.698,249.433,8.013,7.011
469.314,248.989,8.013,7.011
469.521,249.255,8.013,7.011
468.250,247.984,8.013,7.011
468.811,248.369,8.013,7.011
468.013,247.038,8.013,7.011
467.629,246.477,8.013,7.011
467.008,246.625,8.013,7.011
466.683,246.063,8.013,7.011
466.240,245.324,8.013,7.011
466.506,245.176,8.013,7.011
465.176,244.319,8.013,7.011
465.560,244.053,8.013,7.011
464.348,243.491,8.013,7.011
464.791,243.639,8.013,7.011
463.698,243.196,8.013,7.011
463.254,242.575,8.013,7.011
463.579,242.664,8.013,7.011
462.308,242.102,8.013,7.011
462.693,241.422,8.013,7.011
461.422,241.215,8.013,7.011
461.806,240.654,8.013,7.011
461.407,240.244,7.842,6.862
461.031,239.926,7.842,6.862
460.423,240.418,7.842,6.862
459.989,239.463,7.842,6.862
459.208,239.145,7.842,6.862
458.985,238.744,7.675,6.716
458.844,238.376,7.675,6.716
458.192,238.574,7.675,6.716
457.145,238.376,7.675,6.716
457.400,237.951,7.675,6.716
456.409,237.300,7.675,6.716
455.871,237.102,7.675,6.716
455.899,236.620,7.675,6.716
455.418,236.875,7.675,6.716
455.145,236.592,7.511,6.572
454.286,235.955,7.511,6.572
453.981,235.705,7.511,6.572
452.901,235.290,7.511,6.572
452.485,234.431,7.511,6.572
452.568,234.292,7.511,6.572
452.097,233.821,7.511,6.572
451.072,234.126,7.511,6.572
450.767,234.154,7.511,6.572
450.074,233.960,7.511,6.572
449.659,233.433,7.511,6.572
449.465,232.741,7.511,6.572
449.105,232.491,7.511,6.572
448.079,232.076,7.511,6.572
447.664,232.380,7.511,6.572
447.470,231.244,7.511,6.572
447.054,230.940,7.511,6.572
445.807,231.411,7.511,6.572
445.392,230.773,7.511,6.572
445.031,230.469,7.511,6.572
444.339,230.053,7.511,6.572
444.034,230.358,7.511,6.572
443.563,229.665,7.511,6.572
443.203,229.305,7.511,6.572
442.510,228.778,7.511,6.572
442.150,228.972,7.511,6.572
441.883,228.642,7.351,6.432
440.717,228.181,7.351,6.432
440.744,228.425,7.351,6.432
440.174,227.367,7.351,6.432
439.008,227.069,7.351,6.432
438.547,227.530,7.351,6.432
438.249,226.852,7.351,6.432
437.988,226.424,7.194,6.295
436.811,226.056,7.041,6.161
436.889,226.602,7.041,6.161
436.551,225.900,7.041,6.161
435.382,225.615,7.041,6.161
434.785,225.173,7.041,6.161
434.499,225.459,7.041,6.161
433.798,224.498,7.041,6.161
433.460,224.108,7.041,6.161
432.499,224.446,7.041,6.161
432.110,223.589,7.041,6.161
430.941,223.355,7.041,6.161
431.486,223.797,7.041,6.161
430.369,223.095,7.041,6.161
429.616,223.017,7.041,6.161
429.279,222.680,7.041,6.161
428.214,222.134,7.041,6.161
427.720,222.004,7.041,6.161
427.434,221.615,7.041,6.161
426.681,221.017,7.041,6.161
426.344,221.147,7.041,6.161
425.486,220.965,7.041,6.161
424.993,220.576,7.041,6.161
423.876,219.823,7.041,6.161
424.214,219.797,7.041,6.161
422.993,219.459,7.041,6.161
422.240,219.017,7.041,6.161
421.798,219.199,7.041,6.161
421.564,218.914,7.041,6.161
421.019,218.472,7.041,6.161
419.850,217.927,7.041,6.161
419.980,218.160,7.041,6.161
418.655,217.875,7.041,6.161
418.318,217.381,7.041,6.161
417.668,217.771,7.041,6.161
417.331,217.069,7.041,6.161
416.370,217.199,7.041,6.161
415.980,216.914,7.041,6.161
414.863,216.368,7.041,6.161
415.045,216.602,7.041,6.161
413.824,215.589,7.041,6.161
413.747,215.355,7.041,6.161
413.201,215.745,7.041,6.161
411.980,215.044,7.041,6.161
410.864,215.018,7.041,6.161
411.201,214.680,7.041,6.161
410.032,214.238,7.041,6.161
409.123,214.524,7.041,6.161
408.682,213.459,7.041,6.161
408.396,213.173,7.041,6.161
407.383,213.615,7.041,6.161
406.993,212.966,7.041,6.161
405.877,213.147,7.041,6.161
406.110,212.810,7.041,6.161
404.682,212.316,7.041,6.161
404.396,212.602,7.041,6.161
403.591,211.693,7.041,6.161
403.201,211.459,7.041,6.161
402.033,211.070,7.041,6.161
401.279,211.407,7.041,6.161
400.786,211.485,7.041,6.161
400.448,210.368,7.041,6.161
399.435,210.966,7.041,6.161
398.994,210.524,7.041,6.161
397.721,209.771,7.041,6.161
397.799,209.641,7.041,6.161
397.357,209.355,7.041,6.161
396.189,209.797,7.041,6.161
395.228,209.148,7.041,6.161
394.682,209.018,7.041,6.161
394.293,208.680,7.041,6.161
393.280,208.135,7.041,6.161
392.734,208.368,7.041,6.161
392.396,208.550,7.041,6.161
391.228,207.381,7.041,6.161
390.578,207.823,7.041,6.161
390.137,207.174,7.041,6.161
389.020,207.200,7.041,6.161
388.163,206.966,7.041,6.161
387.669,206.680,7.041,6.161
387.332,206.290,7.041,6.161
386.319,206.732,7.041,6.161
385.825,206.031,7.041,6.161
385.488,206.213,7.041,6.161
384.475,205.979,7.041,6.161
383.877,205.589,7.041,6.161
383.540,205.200,7.041,6.161
382.423,205.641,7.041,6.161
381.566,205.096,7.041,6.161
381.176,205.433,7.041,6.161
380.007,204.784,7.041,6.161
379.046,205.018,7.041,6.161
378.553,204.888,7.041,6.161
378.215,204.602,7.041,6.161
377.306,204.213,7.041,6.161
376.709,204.706,7.041,6.161
376.371,204.213,7.041,6.161
375.358,204.602,7.041,6.161
374.657,204.057,7.041,6.161
374.267,204.342,7.041,6.161
373.150,204.628,7.041,6.161
372.449,203.927,7.041,6.161
372.059,204.161,7.041,6.161
370.891,204.394,7.041,6.161
370.968,204.628,7.041,6.161
370.423,203.719,7.041,6.161
369.202,203.849,7.041,6.161
368.293,203.927,7.041,6.161
367.800,204.057,7.041,6.161
367.514,204.239,7.041,6.161
366.449,204.316,7.041,6.161
365.904,204.342,7.041,6.161
365.514,204.420,7.041,6.161
364.345,203.355,7.041,6.161
363.436,204.316,7.041,6.161
363.047,204.342,7.041,6.161
361.878,204.265,7.041,6.161
362.008,204.083,7.041,6.161
360.579,203.901,7.041,6.161
360.190,203.719,7.041,6.161
359.125,203.485,7.041,6.161
358.579,203.200,7.041,6.161
358.138,203.901,7.041,6.161
356.917,203.563,7.041,6.161
357.203,203.174,7.041,6.161
355.878,203.615,7.041,6.161
355.540,203.122,7.041,6.161
354.683,203.563,7.041,6.161
354.190,203.070,7.041,6.161
352.865,203.459,7.041,6.161
352.891,202.914,7.041,6.161
352.294,203.252,7.041,6.161
350.917,203.433,7.041,6.161
350.735,202.576,7.041,6.161
350.138,202.550,7.041,6.161
348.813,202.420,7.041,6.161
348.683,202.291,7.041,6.161
348.086,203.200,7.041,6.161
346.761,202.966,7.041,6.161
346.476,202.732,7.041,6.161
345.826,202.446,7.041,6.161
345.437,202.109,7.041,6.161
344.164,202.706,7.041,6.161
343.567,202.265,7.041,6.161
343.177,202.758,7.041,6.161
341.956,202.368,7.041,6.161
342.034,202.810,7.041,6.161
340.658,202.368,7.041,6.161
340.320,202.758,7.041,6.161
339.619,202.109,7.041,6.161
339.177,202.394,7.041,6.161
337.956,202.576,7.041,6.161
338.086,201.667,7.041,6.161
336.606,201.745,7.041,6.161
336.268,201.459,7.041,6.161
335.359,201.174,7.041,6.161
334.970,201.719,7.041,6.161
334.684,201.381,7.041,6.161
333.983,201.875,7.041,6.161
332.554,201.381,7.041,6.161
332.268,201.771,7.041,6.161
331.411,201.226,7.041,6.161
330.918,201.563,7.041,6.161
330.580,201.018,7.041,6.161
329.619,201.355,7.041,6.161
329.126,201.641,7.041,6.161
327.905,201.044,7.041,6.161
328.087,201.330,7.041,6.161
326.658,201.615,7.041,6.161
326.372,201.018,7.041,6.161
325.775,201.252,7.041,6.161
325.385,201.537,7.041,6.161
324.165,200.992,7.041,6.161
323.411,201.330,7.041,6.161
323.022,201.719,7.041,6.161
321.905,201.278,7.041,6.161
322.139,201.823,7.041,6.161
320.814,201.433,7.041,6.161
320.632,201.200,7.041,6.161
320.035,202.161,7.041,6.161
318.762,202.187,7.041,6.161
318.840,202.420,7.041,6.161
318.399,201.771,7.041,6.161
317.230,202.109,7.041,6.161
316.528,202.446,7.041,6.161
316.139,201.849,7.041,6.161
315.334,202.187,7.041,6.161
314.892,202.524,7.041,6.161
314.658,201.979,7.041,6.161
314.061,202.316,7.041,6.161
312.892,202.654,7.041,6.161
313.178,202.057,7.041,6.161
312.061,202.394,7.041,6.161
311.412,202.680,7.041,6.161
311.126,202.135,7.041,6.161
310.529,202.420,7.041,6.161
310.295,201.771,7.041,6.161
309.698,202.057,7.041,6.161
309.568,202.290,7.041,6.161
309.074,202.472,7.041,6.161
308.009,201.407,7.041,6.161
307.620,202.420,7.041,6.161
307.750,201.252,7.041,6.161
307.516,201.745,7.041,6.161
307.022,201.252,7.041,6.161
306.009,201.589,7.041,6.161
305.672,200.992,7.041,6.161
305.905,201.226,7.041,6.161
305.776,201.407,7.041,6.161
305.386,201.278,7.041,6.161
304.529,200.940,7.041,6.161
304.295,200.394,7.041,6.161
303.957,200.628,7.041,6.161
304.295,199.511,7.041,6.161
303.386,199.226,7.041,6.161
303.204,199.771,7.041,6.161
302.815,199.330,7.041,6.161
303.152,199.615,7.041,6.161
302.191,198.550,7.041,6.161
302.009,198.213,7.041,6.161
301.724,198.758,7.041,6.161
302.269,198.369,7.041,6.161
301.776,198.862,7.041,6.161
302.113,198.420,7.041,6.161
301.152,197.927,7.041,6.161
300.970,198.369,7.041,6.161
301.568,198.810,7.041,6.161
301.178,198.420,7.041,6.161
300.685,198.135,7.041,6.161
300.918,198.992,7.041,6.161
300.996,199.174,7.041,6.161
299.983,199.459,7.041,6.161
299.750,198.966,7.041,6.161
300.295,199.407,7.041,6.161
299.906,200.161,7.041,6.161
300.295,200.239,7.041,6.161
299.698,200.628,7.041,6.161
299.931,200.239,7.041,6.161
299.906,201.096,7.041,6.161
299.828,201.070,7.041,6.161
299.698,201.252,7.041,6.161
299.516,201.537,7.041,6.161
299.282,201.096,7.041,6.161
298.996,201.797,7.041,6.161
298.711,201.875,7.041,6.161
299.256,202.213,7.041,6.161
298.867,202.602,7.041,6.161
299.360,202.213,7.041,6.161
298.971,202.862,7.041,6.161
299.516,202.888,7.041,6.161
299.126,203.174,7.041,6.161
298.685,203.615,7.041,6.161
299.178,203.226,7.041,6.161
298.737,203.771,7.041,6.161
299.178,203.485,7.041,6.161
298.685,203.407,7.041,6.161
299.178,204.732,7.041,6.161
298.789,204.394,7.041,6.161
299.230,205.199,7.041,6.161
298.789,205.070,7.041,6.161
299.230,205.148,7.041,6.161
298.789,205.277,7.041,6.161
299.282,205.511,7.041,6.161
298.841,204.966,7.041,6.161
299.334,205.459,7.041,6.161
298.945,205.174,7.041,6.161
299.438,206.186,7.041,6.161
299.100,206.368,7.041,6.161
298.659,206.602,7.041,6.161
299.204,205.901,7.041,6.161
298.815,206.238,7.041,6.161
299.360,206.628,7.041,6.161
298.971,206.238,7.041,6.161
299.568,207.044,7.041,6.161
299.230,207.173,7.041,6.161
298.841,207.459,7.041,6.161
299.386,206.914,7.041,6.161
298.997,207.303,7.041,6.161
298.555,207.745,7.041,6.161
299.049,207.355,7.041,6.161
298.607,207.901,7.041,6.161
299.100,207.615,7.041,6.161
298.659,207.589,7.041,6.161
299.152,207.823,7.041,6.161
298.763,208.160,7.041,6.161
299.152,208.550,7.041,6.161
298.659,208.057,7.041,6.161
299.048,208.550,7.041,6.161
298.555,208.316,7.041,6.161
298.945,209.225,7.041,6.161
299.334,209.044,7.041,6.161
298.789,209.121,7.041,6.161
299.178,209.407,7.041,6.161
298.633,209.797,7.041,6.161
299.022,209.407,7.041,6.161
298.529,210.057,7.041,6.161
298.919,209.875,7.041,6.161
299.204,210.108,7.041,6.161
298.555,210.290,7.041,6.161
298.789,210.472,7.041,6.161
299.074,209.823,7.041,6.161
298.425,210.160,7.041,6.161
298.711,210.498,7.041,6.161
298.996,209.953,7.041,6.161
298.399,210.446,7.041,6.161
298.789,210.108,7.041,6.161
299.178,211.069,7.041,6.161
298.633,211.199,7.041,6.161
299.022,211.433,7.041,6.161
298.477,210.784,7.041,6.161
298.919,211.121,7.041,6.161
299.308,211.511,7.041,6.161
298.815,211.018,7.041,6.161
299.204,211.407,7.041,6.161
298.711,211.797,7.041,6.161
299.152,211.303,7.041,6.161
298.711,211.745,7.041,6.161
299.152,211.303,7.041,6.161
298.711,211.797,7.041,6.161
299.204,211.407,7.041,6.161
298.867,212.108,7.041,6.161
299.412,211.875,7.041,6.161
299.126,211.693,7.041,6.161
298.893,211.511,7.041,6.161
299.594,211.433,7.041,6.161
299.412,211.459,7.041,6.161
299.490,211.641,7.041,6.161
299.724,211.927,7.041,6.161
300.009,212.264,7.041,6.161
299.360,212.602,7.041,6.161
299.698,212.056,7.041,6.161
300.087,212.394,7.041,6.161
299.542,212.836,7.041,6.161
299.931,212.446,7.041,6.161
300.373,212.056,7.041,6.161
299.931,212.602,7.041,6.161
300.477,212.212,7.041,6.161
300.087,212.810,7.041,6.161
299.750,212.472,7.041,6.161
300.399,212.134,7.041,6.161
300.165,212.836,7.041,6.161
300.035,212.550,7.041,6.161
300.113,212.316,7.041,6.161
300.243,213.225,7.041,6.161
300.425,213.043,7.041,6.161
300.711,213.173,7.041,6.161
300.996,213.407,7.041,6.161
300.347,213.693,7.041,6.161
300.685,213.095,7.041,6.161
301.074,213.485,7.041,6.161
300.633,213.043,7.041,6.161
301.178,213.641,7.041,6.161
300.892,213.511,7.041,6.161
301.802,213.745,7.041,6.161
301.879,214.082,7.041,6.161
302.165,214.472,7.041,6.161
301.620,214.030,7.041,6.161
302.061,214.680,7.041,6.161
301.672,214.498,7.041,6.161
302.581,214.680,7.041,6.161
302.763,215.017,7.041,6.161
303.100,215.459,7.041,6.161
302.555,215.017,7.041,6.161
303.048,215.563,7.041,6.161
302.866,215.329,7.041,6.161
303.983,216.342,7.041,6.161
303.438,216.628,7.041,6.161
303.931,216.186,7.041,6.161
304.633,216.680,7.041,6.161
304.503,216.342,7.041,6.161
304.737,216.939,7.041,6.161
305.074,216.654,7.041,6.161
304.633,216.576,7.041,6.161
305.126,216.654,7.041,6.161
304.788,216.887,7.041,6.161
305.698,217.121,7.041,6.161
305.827,217.407,7.041,6.161
306.113,217.693,7.041,6.161
305.568,217.147,7.041,6.161
306.009,217.693,7.041,6.161
305.568,217.355,7.041,6.161
306.165,217.952,7.041,6.161
305.879,217.771,7.041,6.161
306.685,217.641,7.041,6.161
306.555,217.771,7.041,6.161
306.736,217.952,7.041,6.161
307.126,218.342,7.041,6.161
306.581,218.732,7.041,6.161
307.022,218.186,7.041,6.161
306.529,218.576,7.041,6.161
307.022,218.030,7.041,6.161
306.633,218.472,7.041,6.161
307.438,218.030,7.041,6.161
307.256,218.576,7.041,6.161
307.230,218.238,7.041,6.161
307.308,218.887,7.041,6.161
307.438,218.602,7.041,6.161
307.723,218.316,7.041,6.161
308.009,219.329,7.041,6.161
307.360,219.407,7.041,6.161
307.749,219.589,7.041,6.161
308.243,218.680,7.041,6.161
307.801,219.017,7.041,6.161
308.399,219.459,7.041,6.161
308.113,218.965,7.041,6.161
307.827,219.407,7.041,6.161
308.840,219.848,7.041,6.161
308.918,219.407,7.041,6.161
309.100,219.952,7.041,6.161
308.295,219.615,7.041,6.161
308.581,219.329,7.041,6.161
308.918,220.030,7.041,6.161
309.360,219.900,7.041,6.161
308.918,220.082,7.041,6.161
309.516,220.420,7.041,6.161
309.230,219.874,7.041,6.161
309.048,220.368,7.041,6.161
309.022,220.965,7.041,6.161
309.100,220.628,7.041,6.161
309.282,220.394,7.041,6.161
309.619,221.355,7.041,6.161
310.113,221.277,7.041,6.161
309.671,221.199,7.041,6.161
310.165,221.381,7.041,6.161
309.723,221.615,7.041,6.161
310.217,220.913,7.041,6.161
309.827,221.303,7.041,6.161
310.425,221.796,7.041,6.161
310.191,221.459,7.041,6.161
310.061,221.173,7.041,6.161
309.983,222.134,7.041,6.161
310.113,222.108,7.041,6.161
310.347,222.342,7.041,6.161
310.632,222.731,7.041,6.161
311.022,222.238,7.041,6.161
310.529,222.731,7.041,6.161
311.022,222.342,7.041,6.161
310.684,222.939,7.041,6.161
311.541,222.706,7.041,6.161
311.516,222.524,7.041,6.161
311.541,222.498,7.041,6.161
311.619,222.628,7.041,6.161
311.801,222.861,7.041,6.161
312.087,223.095,7.041,6.161
311.593,223.433,7.041,6.161
312.087,222.991,7.041,6.161
311.645,223.485,7.041,6.161
312.087,223.043,7.041,6.161
311.697,223.589,7.041,6.161
312.347,223.251,7.041,6.161
312.113,224.160,7.041,6.161
311.931,223.978,7.041,6.161
312.944,223.848,7.041,6.161
313.022,223.822,7.041,6.161
312.009,223.900,7.041,6.161
312.139,224.030,7.041,6.161
312.321,224.212,7.041,6.161
312.554,224.446,7.041,6.161
312.788,223.693,7.041,6.161
313.126,223.978,7.041,6.161
312.580,224.368,7.041,6.161
312.970,224.757,7.041,6.161
313.412,224.264,7.041,6.161
313.022,224.809,7.041,6.161
312.736,224.472,7.041,6.161
313.593,224.134,7.041,6.161
313.412,224.783,7.041,6.161
313.230,224.498,7.041,6.161
313.256,224.212,7.041,6.161
313.489,224.965,7.041,6.161
313.775,224.731,7.041,6.161
314.009,224.498,7.041,6.161
313.308,224.316,7.041,6.161
313.645,225.329,7.041,6.161
314.035,225.251,7.041,6.161
313.541,225.173,7.041,6.161
313.983,225.147,7.041,6.161
313.489,225.069,7.041,6.161
313.983,225.043,7.041,6.161
313.593,225.017,7.041,6.161
314.087,225.095,7.041,6.161
313.697,225.173,7.041,6.161
314.191,225.355,7.041,6.161
313.749,225.537,7.041,6.161
314.347,224.680,7.041,6.161
314.009,224.861,7.041,6.161
313.671,224.939,7.041,6.161
314.165,224.965,7.041,6.161
313.775,225.043,7.041,6.161
314.269,225.069,7.041,6.161
313.931,225.251,7.041,6.161
314.580,225.433,7.041,6.161
314.295,224.731,7.041,6.161
314.061,225.069,7.041,6.161
313.879,225.303,7.041,6.161
314.788,225.589,7.041,6.161
314.606,224.835,7.041,6.161
314.373,225.121,7.041,6.161
314.191,225.459,7.041,6.161
314.009,224.809,7.041,6.161
313.827,225.095,7.041,6.161
314.736,225.433,7.041,6.161
314.554,224.783,7.041,6.161
314.528,225.121,7.041,6.161
314.554,225.459,7.041,6.161
314.684,224.705,7.041,6.161
314.866,224.991,7.041,6.161
315.048,225.277,7.041,6.161
314.347,225.563,7.041,6.161
314.632,224.913,7.041,6.161
314.970,225.199,7.041,6.161
315.359,225.433,7.041,6.161
314.814,224.679,7.041,6.161
315.204,224.965,7.041,6.161
314.762,225.147,7.041,6.161
315.307,225.329,7.041,6.161
315.074,225.666,7.041,6.161
315.048,224.965,7.041,6.161
314.970,225.251,7.041,6.161
315.931,225.589,7.041,6.161
315.801,224.887,7.041,6.161
315.671,225.225,7.041,6.161
315.593,225.511,7.041,6.161
315.515,224.705,7.041,6.161
315.541,224.939,7.041,6.161
315.567,225.173,7.041,6.161
315.697,225.407,7.041,6.161
315.827,225.692,7.041,6.161
316.009,224.835,7.041,6.161
315.204,225.069,7.041,6.161
315.437,225.251,7.041,6.161
315.671,225.433,7.041,6.161
315.905,224.472,7.041,6.161
316.139,224.550,7.041,6.161
315.437,224.679,7.041,6.161
315.671,224.809,7.041,6.161
315.957,224.939,7.041,6.161
316.191,225.069,7.041,6.161
315.489,225.199,7.041,6.161
315.723,225.381,7.041,6.161
315.905,225.614,7.041,6.161
316.035,224.861,7.041,6.161
315.022,225.147,7.041,6.161
315.100,225.433,7.041,6.161
315.178,224.679,7.041,6.161
315.048,224.965,7.041,6.161
314.866,225.303,7.041,6.161
315.775,225.640,7.041,6.161
315.593,224.991,7.041,6.161
315.463,225.329,7.041,6.161
315.333,225.718,7.041,6.161
315.152,225.121,7.041,6.161
315.022,225.511,7.041,6.161
315.152,224.861,7.041,6.161
314.970,225.303,7.041,6.161
315.723,225.692,7.041,6.161
315.333,225.043,7.041,6.161
314.944,225.329,7.041,6.161
315.489,225.666,7.041,6.161
315.100,225.017,7.041,6.161
314.710,225.147,7.041,6.161
315.100,225.225,7.041,6.161
314.502,225.407,7.041,6.161
314.736,225.537,7.041,6.161
314.918,224.420,7.041,6.161
315.152,224.186,7.041,6.161
314.243,224.991,7.041,6.161
314.373,224.757,7.041,6.161
314.398,224.524,7.041,6.161
314.476,224.238,7.041,6.161
314.502,224.835,7.041,6.161
314.580,224.446,7.041,6.161
314.554,224.004,7.041,6.161
314.528,224.446,7.041,6.161
314.295,223.900,7.041,6.161
314.061,224.186,7.041,6.161
313.671,224.264,7.041,6.161
314.269,224.134,7.041,6.161
313.879,223.900,7.041,6.161
314.113,223.770,7.041,6.161
313.671,223.485,7.041,6.161
314.113,223.043,7.041,6.161
313.567,223.485,7.041,6.161
313.853,222.887,7.041,6.161
314.139,223.173,7.041,6.161
313.437,223.251,7.041,6.161
313.671,223.121,7.041,6.161
313.905,222.887,7.041,6.161
314.191,222.550,7.041,6.161
313.541,222.160,7.041,6.161
313.827,222.602,7.041,6.161
314.113,222.056,7.041,6.161
313.463,222.394,7.041,6.161
313.801,222.627,7.041,6.161
314.087,221.615,7.041,6.161
313.489,221.485,7.041,6.161
313.827,221.199,7.041,6.161
314.113,221.692,7.041,6.161
313.515,221.095,7.041,6.161
313.905,221.381,7.041,6.161
314.295,221.615,7.041,6.161
313.801,220.602,7.041,6.161
314.243,220.420,7.041,6.161
313.749,220.134,7.041,6.161
314.243,220.628,7.041,6.161
313.853,220.030,7.041,6.161
314.295,220.056,7.041,6.161
313.853,219.978,7.041,6.161
314.398,219.693,7.041,6.161
314.061,219.355,7.041,6.161
313.775,219.848,7.041,6.161
314.424,219.303,7.041,6.161
314.243,219.589,7.041,6.161
314.061,218.732,7.041,6.161
313.983,218.550,7.041,6.161
314.061,218.160,7.041,6.161
314.191,218.602,7.041,6.161
314.476,218.056,7.041,6.161
314.762,218.446,7.041,6.161
314.996,217.900,7.041,6.161
314.347,218.030,7.041,6.161
314.632,217.797,7.041,6.161
314.970,217.511,7.041,6.161
315.308,217.173,7.041,6.161
314.710,217.719,7.041,6.161
315.048,217.329,7.041,6.161
314.502,217.771,7.041,6.161
314.892,217.277,7.041,6.161
315.282,217.667,7.041,6.161
314.736,217.069,7.041,6.161
315.074,217.303,7.041,6.161
314.528,217.485,7.041,6.161
314.970,216.576,7.041,6.161
315.463,216.758,7.041,6.161
315.126,216.887,7.041,6.161
314.840,217.017,7.041,6.161
315.645,217.147,7.041,6.161
315.463,217.225,7.041,6.161
315.230,217.355,7.041,6.161
314.996,217.485,7.041,6.161
314.866,216.576,7.041,6.161
315.931,216.758,7.041,6.161
316.009,216.939,7.041,6.161
315.048,217.173,7.041,6.161
315.230,217.459,7.041,6.161
315.411,216.861,7.041,6.161
315.697,217.251,7.041,6.161
315.931,217.693,7.041,6.161
316.269,217.303,7.041,6.161
315.723,217.900,7.041,6.161
316.113,217.563,7.041,6.161
315.515,217.277,7.041,6.161
315.905,217.978,7.041,6.161
316.346,217.693,7.041,6.161
315.905,217.407,7.041,6.161
316.346,218.368,7.041,6.161
315.853,218.238,7.041,6.161
316.294,218.160,7.041,6.161
315.801,218.238,7.041,6.161
316.294,218.420,7.041,6.161
315.905,217.719,7.041,6.161
316.450,218.004,7.041,6.161
316.113,218.290,7.041,6.161
315.775,218.628,7.041,6.161
316.372,218.030,7.041,6.161
316.035,218.368,7.041,6.161
315.697,218.757,7.041,6.161
316.346,218.316,7.041,6.161
316.061,218.757,7.041,6.161
315.775,218.264,7.041,6.161
316.580,218.706,7.041,6.161
316.346,218.264,7.041,6.161
316.165,218.757,7.041,6.161
316.035,218.316,7.041,6.161
315.905,218.809,7.041,6.161
316.866,218.368,7.041,6.161
316.788,218.913,7.041,6.161
316.658,218.524,7.041,6.161
316.476,218.186,7.041,6.161
316.295,218.887,7.041,6.161
316.113,218.602,7.041,6.161
315.931,218.368,7.041,6.161
316.580,219.173,7.041,6.161
316.295,218.939,7.041,6.161
316.009,218.706,7.041,6.161
315.671,218.524,7.041,6.161
316.320,218.394,7.041,6.161
316.035,219.407,7.041,6.161
315.749,219.277,7.041,6.161
316.346,219.199,7.041,6.161
316.009,219.121,7.041,6.161
315.671,219.043,7.041,6.161
316.165,219.173,7.041,6.161
315.723,219.355,7.041,6.161
316.165,219.537,7.041,6.161
315.723,218.628,7.041,6.161
316.165,218.861,7.041,6.161
315.723,219.043,7.041,6.161
316.165,219.277,7.041,6.161
315.671,219.511,7.041,6.161
316.113,218.861,7.041,6.161
315.671,219.199,7.041,6.161
316.113,219.589,7.041,6.161
315.619,219.043,7.041,6.161
316.009,219.433,7.041,6.161
315.463,218.887,7.041,6.161
315.853,219.277,7.041,6.161
316.243,219.667,7.041,6.161
315.749,219.173,7.041,6.161
316.191,219.667,7.041,6.161
315.749,219.225,7.041,6.161
316.191,219.718,7.041,6.161
315.749,219.329,7.041,6.161
316.243,219.926,7.041,6.161
315.853,219.589,7.041,6.161
316.398,219.303,7.041,6.161
316.009,220.004,7.041,6.161
315.619,219.770,7.041,6.161
316.165,219.537,7.041,6.161
315.775,219.355,7.041,6.161
316.321,220.316,7.041,6.161
315.931,220.186,7.041,6.161
316.476,220.108,7.041,6.161
316.087,220.134,7.041,6.161
315.801,220.368,7.041,6.161
316.554,220.602,7.041,6.161
316.321,219.952,7.041,6.161
316.139,220.290,7.041,6.161
315.957,220.679,7.041,6.161
316.918,220.186,7.041,6.161
316.788,220.628,7.041,6.161
316.710,220.186,7.041,6.161
316.736,220.679,7.041,6.161
316.762,220.290,7.041,6.161
316.944,220.835,7.041,6.161
317.230,220.446,7.041,6.161
316.632,220.108,7.041,6.161
317.022,220.913,7.041,6.161
316.580,220.679,7.041,6.161
317.074,220.446,7.041,6.161
316.632,220.264,7.041,6.161
317.126,221.225,7.041,6.161
316.788,221.355,7.041,6.161
317.489,221.485,7.041,6.161
317.256,220.576,7.041,6.161
317.178,220.861,7.041,6.161
317.100,221.199,7.041,6.161
317.074,221.537,7.041,6.161
317.100,220.991,7.041,6.161
317.282,221.329,7.041,6.161
317.567,221.718,7.041,6.161
317.853,221.225,7.041,6.161
318.139,221.666,7.041,6.161
317.385,221.173,7.041,6.161
317.671,221.614,7.041,6.161
317.957,221.121,7.041,6.161
318.295,221.563,7.041,6.161
317.593,221.069,7.041,6.161
317.879,221.563,7.041,6.161
318.165,221.121,7.041,6.161
317.515,221.614,7.041,6.161
317.801,221.225,7.041,6.161
318.087,221.770,7.041,6.161
317.334,221.433,7.041,6.161
317.567,221.095,7.041,6.161
317.749,221.692,7.041,6.161
317.931,221.355,7.041,6.161
318.113,222.004,7.041,6.161
317.256,221.718,7.041,6.161
317.437,221.381,7.041,6.161
317.723,222.030,7.041,6.161
317.853,221.744,7.041,6.161
317.931,221.511,7.041,6.161
317.957,221.225,7.041,6.161
317.983,221.926,7.041,6.161
316.918,221.640,7.041,6.161
317.879,221.355,7.041,6.161
317.749,221.952,7.041,6.161
317.567,221.615,7.041,6.161
317.334,221.277,7.041,6.161
317.100,221.874,7.041,6.161
316.866,221.537,7.041,6.161
317.515,221.199,7.041,6.161
317.178,221.692,7.041,6.161
316.840,221.303,7.041,6.161
317.437,221.848,7.041,6.161
317.048,221.459,7.041,6.161
316.606,221.017,7.041,6.161
316.996,221.459,7.041,6.161
316.450,220.913,7.041,6.161
316.788,221.303,7.041,6.161
317.126,221.641,7.041,6.161
316.528,220.991,7.041,6.161
316.866,221.329,7.041,6.161
317.204,221.666,7.041,6.161
316.502,220.913,7.041,6.161
316.788,221.147,7.041,6.161
316.970,221.381,7.041,6.161
317.204,221.563,7.041,6.161
316.398,220.550,7.041,6.161
316.632,220.628,7.041,6.161
316.814,220.705,7.041,6.161
316.996,220.835,7.041,6.161
316.087,220.913,7.041,6.161
316.269,220.887,7.041,6.161
316.450,220.809,7.041,6.161
316.632,220.731,7.041,6.161
316.814,220.602,7.041,6.161
316.996,220.524,7.041,6.161
316.035,220.446,7.041,6.161
316.165,220.264,7.041,6.161
316.243,221.121,7.041,6.161
316.321,220.887,7.041,6.161
316.398,220.653,7.041,6.161
316.373,220.420,7.041,6.161
316.295,220.238,7.041,6.161
316.321,221.043,7.041,6.161
316.398,220.809,7.041,6.161
316.528,220.524,7.041,6.161
316.606,220.238,7.041,6.161
316.736,220.887,7.041,6.161
316.814,220.602,7.041,6.161
316.892,220.368,7.041,6.161
316.918,221.173,7.041,6.161
317.048,220.887,7.041,6.161
316.139,220.550,7.041,6.161
316.269,220.212,7.041,6.161
316.450,220.757,7.041,6.161
316.632,220.368,7.041,6.161
316.866,220.913,7.041,6.161
317.048,220.524,7.041,6.161
316.139,220.082,7.041,6.161
316.165,220.472,7.041,6.161
316.139,219.874,7.041,6.161
316.165,220.108,7.041,6.161
316.243,220.238,7.041,6.161
316.372,220.264,7.041,6.161
316.606,220.134,7.041,6.161
316.944,219.900,7.041,6.161
317.282,219.563,7.041,6.161
316.684,219.121,7.041,6.161
317.022,219.615,7.041,6.161
316.580,219.017,7.041,6.161
317.074,219.407,7.041,6.161
316.892,219.744,7.041,6.161
317.853,218.732,7.041,6.161
317.827,218.602,7.041,6.161
317.749,218.316,7.041,6.161
317.723,218.809,7.041,6.161
317.697,218.316,7.041,6.161
317.775,218.654,7.041,6.161
317.905,217.693,7.041,6.161
318.139,217.719,7.041,6.161
317.385,217.433,7.041,6.161
317.775,217.095,7.041,6.161
318.268,217.589,7.041,6.161
317.827,217.043,7.041,6.161
318.372,217.329,7.041,6.161
318.139,217.355,7.041,6.161
318.061,217.121,7.041,6.161
318.191,216.784,7.041,6.161
318.476,216.238,7.041,6.161
318.866,216.524,7.041,6.161
319.307,215.459,7.041,6.161
318.866,215.277,7.041,6.161
319.411,215.874,7.041,6.161
319.281,215.381,7.041,6.161
319.307,215.667,7.041,6.161
319.541,214.550,7.041,6.161
319.827,214.160,7.041,6.161
320.216,214.602,7.041,6.161
319.775,213.952,7.041,6.161
320.320,214.082,7.041,6.161
320.087,213.952,7.041,6.161
319.957,213.667,7.041,6.161
321.022,213.173,7.041,6.161
320.372,213.407,7.041,6.161
320.814,213.121,7.041,6.161
321.307,212.784,7.041,6.161
320.970,212.186,7.041,6.161
321.723,212.316,7.041,6.161
321.593,212.082,7.041,6.161
321.723,211.693,7.041,6.161
322.061,211.199,7.041,6.161
321.515,211.537,7.041,6.161
322.009,210.420,7.041,6.161
321.671,210.134,7.041,6.161
322.476,210.576,7.041,6.161
322.710,209.978,7.041,6.161
323.100,209.901,7.041,6.161
322.710,209.615,7.041,6.161
323.307,209.173,7.041,6.161
323.126,209.459,7.041,6.161
323.203,208.394,7.041,6.161
323.541,208.888,7.041,6.161
324.035,208.394,7.041,6.161
323.749,208.680,7.041,6.161
324.606,207.511,7.041,6.161
324.944,207.121,7.041,6.161
325.333,207.459,7.041,6.161
325.048,206.446,7.041,6.161
324.970,206.160,7.041,6.161
326.294,206.654,7.041,6.161
325.853,206.005,7.041,6.161
326.658,205.875,7.041,6.161
326.736,205.485,7.041,6.161
327.021,204.784,7.041,6.161
326.424,204.498,7.041,6.161
326.918,204.108,7.041,6.161
327.515,204.498,7.041,6.161
327.645,203.433,7.041,6.161
328.086,203.096,7.041,6.161
327.801,203.485,7.041,6.161
328.814,202.472,7.041,6.161
328.995,202.135,7.041,6.161
328.502,202.576,7.041,6.161
329.151,202.031,7.041,6.161
329.333,202.109,7.041,6.161
329.671,201.823,7.041,6.161
330.112,201.329,7.041,6.161
329.775,201.563,7.041,6.161
330.892,200.394,7.041,6.161
331.229,200.836,7.041,6.161
330.892,200.187,7.041,6.161
331.697,200.057,7.041,6.161
331.930,199.667,7.041,6.161
332.372,199.070,7.041,6.161
331.982,198.888,7.041,6.161
331.853,198.602,7.041,6.161
333.021,198.109,7.041,6.161
332.684,198.342,7.041,6.161
333.593,198.057,7.041,6.161
333.879,197.563,7.041,6.161
334.372,196.862,7.041,6.161
334.294,196.836,7.041,6.161
334.632,196.394,7.041,6.161
335.073,196.680,7.041,6.161
334.891,195.563,7.041,6.161
336.164,195.174,7.041,6.161
335.827,195.563,7.041,6.161
336.736,194.602,7.041,6.161
337.125,194.265,7.041,6.161
336.736,194.706,7.041,6.161
337.749,194.109,7.041,6.161
338.138,193.771,7.041,6.161
337.749,193.330,7.041,6.161
338.710,193.667,7.041,6.161
338.995,192.550,7.041,6.161
338.606,192.213,7.041,6.161
339.619,192.602,7.041,6.161
340.060,191.589,7.041,6.161
339.775,191.304,7.041,6.161
340.891,191.641,7.041,6.161
341.333,190.576,7.041,6.161
341.047,190.239,7.041,6.161
341.385,190.576,7.041,6.161
341.930,189.719,7.041,6.161
342.839,189.486,7.041,6.161
343.073,189.096,7.041,6.161
342.580,189.434,7.041,6.161
343.645,188.369,7.041,6.161
344.034,188.914,7.041,6.161
343.645,188.369,7.041,6.161
344.865,188.239,7.041,6.161
345.307,187.953,7.041,6.161
345.073,187.512,7.041,6.161
345.463,186.551,7.041,6.161
345.956,186.473,7.041,6.161
347.021,186.187,7.041,6.161
346.580,186.525,7.041,6.161
347.541,185.512,7.041,6.161
347.826,185.122,7.041,6.161
348.268,185.615,7.041,6.161
348.034,185.122,7.041,6.161
348.268,184.836,7.041,6.161
348.709,184.395,7.041,6.161
349.722,184.732,7.041,6.161
350.112,183.564,7.041,6.161
349.878,183.174,7.041,6.161
351.099,183.460,7.041,6.161
350.709,182.551,7.041,6.161
351.774,182.265,7.041,6.161
352.216,182.706,7.041,6.161
352.086,181.901,7.041,6.161
352.216,181.719,7.041,6.161
352.605,181.278,7.041,6.161
353.203,181.616,7.041,6.161
353.229,180.706,7.041,6.161
353.618,180.317,7.041,6.161
354.164,180.655,7.041,6.161
354.294,179.590,7.041,6.161
354.787,179.044,7.041,6.161
355.540,179.330,7.041,6.161
355.566,179.044,7.041,6.161
356.060,178.603,7.041,6.161
355.878,178.005,7.041,6.161
356.995,178.135,7.041,6.161
356.501,177.746,7.041,6.161
357.099,177.096,7.041,6.161
356.969,176.810,7.041,6.161
358.138,176.317,7.041,6.161
357.696,176.447,7.041,6.161
358.605,175.226,7.041,6.161
358.735,175.616,7.041,6.161
359.125,174.655,7.041,6.161
358.839,174.317,7.041,6.161
359.852,174.707,7.041,6.161
360.086,173.486,7.041,6.161
359.592,172.992,7.041,6.161
360.086,172.811,7.041,6.161
359.852,172.473,7.041,6.161
360.657,171.927,7.041,6.161
360.943,171.538,7.041,6.161
361.280,170.941,7.041,6.161
360.839,170.707,7.041,6.161
361.384,170.265,7.041,6.161
361.306,170.551,7.041,6.161
361.696,169.278,7.041,6.161
362.138,169.408,7.041,6.161
361.748,169.018,7.041,6.161
362.241,168.473,7.041,6.161
361.956,167.408,7.041,6.161
363.021,167.798,7.041,6.161
362.371,166.733,7.041,6.161
362.813,166.239,7.041,6.161
363.306,166.421,7.041,6.161
363.021,165.148,7.041,6.161
362.787,165.486,7.041,6.161
363.800,164.213,7.041,6.161
363.722,163.980,7.041,6.161
364.112,163.486,7.041,6.161
363.618,162.629,7.041,6.161
364.112,162.187,7.041,6.161
363.618,162.421,7.041,6.161
364.215,161.356,7.041,6.161
363.826,161.746,7.041,6.161
364.098,161.274,7.197,6.297
364.496,160.344,7.197,6.297
364.151,159.893,7.197,6.297
364.656,158.964,7.197,6.297
364.364,158.619,7.197,6.297
365.293,158.911,7.197,6.297
365.001,157.663,7.197,6.297
365.134,158.167,7.197,6.297
365.213,157.132,7.197,6.297
