398.000,68.000,21.000,24.000
398.443,67.203,21.000,24.000
398.177,67.115,21.000,24.000
397.734,66.672,21.000,24.000
398.177,66.229,21.000,24.000
397.557,66.495,21.000,24.000
398.000,66.761,21.000,24.000
398.620,65.787,21.000,24.000
398.000,65.344,21.000,24.000
398.443,66.141,21.000,24.000
398.177,65.698,21.000,24.000
397.911,65.433,21.000,24.000
398.885,66.761,21.000,24.000
398.620,66.318,21.000,24.000
398.885,67.115,21.000,24.000
399.505,66.495,21.000,24.000
398.813,67.056,21.465,24.531
398.361,66.604,21.465,24.531
399.356,66.151,21.465,24.531
399.025,66.537,21.940,25.074
400.061,66.002,21.472,24.539
399.428,66.455,21.472,24.539
400.424,66.002,21.472,24.539
399.904,66.012,21.947,25.082
399.997,65.550,21.947,25.082
400.644,66.012,21.947,25.082
399.997,65.550,21.947,25.082
401.015,66.567,21.947,25.082
400.676,69.074,22.432,25.637
400.133,72.617,22.929,26.204
399.980,75.035,23.436,26.784
401.067,77.900,23.436,26.784
400.770,82.149,23.436,26.784
400.474,87.188,23.436,26.784
399.980,92.622,23.436,26.784
400.869,94.894,23.436,26.784
400.770,98.155,23.436,26.784
400.408,101.036,23.954,27.376
399.298,105.379,23.954,27.376
398.928,106.647,24.484,27.982
398.205,107.783,24.484,27.982
398.515,108.505,24.484,27.982
399.031,108.609,24.484,27.982
398.515,109.744,24.484,27.982
399.237,110.054,24.484,27.982
398.515,109.331,24.484,27.982
398.825,109.641,24.484,27.982
398.102,109.951,24.484,27.982
397.999,110.467,24.484,27.982
397.276,110.363,24.484,27.982
398.205,109.847,24.484,27.982
397.276,110.363,24.484,27.982
397.792,110.467,24.484,27.982
396.863,110.570,24.484,27.982
397.173,110.467,24.484,27.982
397.483,110.157,24.484,27.982
397.792,110.054,24.484,27.982
396.657,109.951,24.484,27.982
397.999,110.260,24.484,27.982
396.863,110.157,24.484,27.982
397.173,109.847,24.484,27.982
397.931,110.643,23.962,27.385
398.235,110.542,23.962,27.385
397.123,110.441,23.962,27.385
397.628,110.340,23.962,27.385
397.931,110.239,23.962,27.385
398.674,111.018,23.451,26.801
397.586,110.919,23.451,26.801
398.081,110.820,23.451,26.801
398.575,110.721,23.451,26.801
397.487,110.622,23.451,26.801
397.982,110.524,23.451,26.801
398.708,111.476,22.951,26.230
397.644,111.186,22.951,26.230
397.934,111.089,22.951,26.230
398.418,111.186,22.951,26.230
398.708,111.283,22.951,26.230
397.644,111.186,22.951,26.230
398.293,111.197,23.459,26.810
397.206,111.098,23.459,26.810
398.491,110.999,23.459,26.810
397.601,110.900,23.459,26.810
398.096,110.999,23.459,26.810
398.590,111.098,23.459,26.810
397.700,110.999,23.459,26.810
398.195,110.900,23.459,26.810
398.689,110.802,23.459,26.810
397.601,110.703,23.459,26.810
398.096,110.802,23.459,26.810
398.590,110.900,23.459,26.810
397.502,110.802,23.459,26.810
397.997,110.900,23.459,26.810
398.491,110.999,23.459,26.810
397.403,110.900,23.459,26.810
397.898,110.802,23.459,26.810
398.392,110.703,23.459,26.810
397.305,110.604,23.459,26.810
397.799,110.505,23.459,26.810
398.294,110.999,23.459,26.810
397.403,110.703,23.459,26.810
397.898,110.604,23.459,26.810
398.392,110.703,23.459,26.810
397.305,110.604,23.459,26.810
397.799,110.703,23.459,26.810
398.294,110.802,23.459,26.810
397.206,110.703,23.459,26.810
398.491,110.604,23.459,26.810
397.601,110.505,23.459,26.810
398.294,110.999,23.459,26.810
397.404,110.703,23.459,26.810
397.898,110.802,23.459,26.810
398.393,110.900,23.459,26.810
397.305,110.802,23.459,26.810
397.799,110.703,23.459,26.810
398.294,110.604,23.459,26.810
397.206,110.505,23.459,26.810
398.491,110.999,23.459,26.810
397.601,110.900,23.459,26.810
398.096,110.999,23.459,26.810
398.590,110.900,23.459,26.810
397.502,110.802,23.459,26.810
397.997,110.703,23.459,26.810
398.491,110.604,23.459,26.810
397.404,110.505,23.459,26.810
398.130,111.458,22.959,26.239
398.614,111.361,22.959,26.239
397.550,111.071,22.959,26.239
398.227,110.780,22.959,26.239
398.905,111.264,22.959,26.239
398.034,110.974,22.959,26.239
398.518,110.684,22.959,26.239
399.001,111.168,22.959,26.239
397.937,110.684,22.959,26.239
398.614,111.168,22.959,26.239
397.550,110.877,22.959,26.239
398.227,111.361,22.959,26.239
398.711,111.264,22.959,26.239
397.646,110.974,22.959,26.239
398.130,110.877,22.959,26.239
398.614,111.361,22.959,26.239
397.550,111.071,22.959,26.239
398.199,111.082,23.467,26.819
398.694,110.983,23.467,26.819
397.606,110.884,23.467,26.819
398.101,110.983,23.467,26.819
398.595,111.082,23.467,26.819
397.507,110.983,23.467,26.819
398.002,111.082,23.467,26.819
398.496,111.181,23.467,26.819
397.408,111.082,23.467,26.819
397.903,111.181,23.467,26.819
398.397,111.280,23.467,26.819
397.507,111.379,23.467,26.819
398.002,111.478,23.467,26.819
398.496,111.576,23.467,26.819
397.606,111.675,23.467,26.819
398.333,110.912,22.966,26.247
398.817,111.009,22.966,26.247
397.752,110.912,22.966,26.247
398.236,111.009,22.966,26.247
398.720,111.106,22.966,26.247
397.849,111.009,22.966,26.247
398.333,111.106,22.966,26.247
398.817,111.203,22.966,26.247
397.752,110.912,22.966,26.247
398.201,110.923,23.474,26.828
398.696,111.022,23.474,26.828
397.805,110.923,23.474,26.828
398.300,111.022,23.474,26.828
397.409,110.923,23.474,26.828
397.904,111.022,23.474,26.828
398.399,111.121,23.474,26.828
397.508,111.022,23.474,26.828
398.201,111.121,23.474,26.828
398.894,111.220,23.474,26.828
398.003,111.121,23.474,26.828
398.498,111.220,23.474,26.828
397.607,111.121,23.474,26.828
398.102,111.220,23.474,26.828
398.829,111.029,22.974,26.256
397.957,107.640,22.974,26.256
398.809,103.832,23.482,26.837
398.200,100.969,22.981,26.264
398.878,97.966,22.981,26.264
398.006,94.575,22.981,26.264
398.491,90.603,22.981,26.264
398.975,84.886,22.981,26.264
398.103,80.914,22.981,26.264
398.782,78.104,22.981,26.264
397.910,74.132,22.981,26.264
398.394,68.997,22.981,26.264
398.919,64.141,22.491,25.704
398.066,61.770,22.491,25.704
398.729,59.400,22.491,25.704
399.204,57.029,22.491,25.704
398.350,55.228,22.491,25.704
398.824,53.236,22.491,25.704
397.781,53.331,22.491,25.704
398.615,53.342,22.989,26.273
397.742,53.439,22.989,26.273
398.227,53.536,22.989,26.273
398.711,53.439,22.989,26.273
397.645,53.730,22.989,26.273
397.936,54.020,22.989,26.273
398.648,53.647,22.499,25.713
399.123,53.362,22.499,25.713
398.079,53.078,22.499,25.713
398.553,53.742,22.499,25.713
398.838,53.836,22.499,25.713
397.795,53.742,22.499,25.713
398.431,52.571,22.996,26.282
398.722,53.056,22.996,26.282
397.656,53.153,22.996,26.282
397.753,53.250,22.996,26.282
397.850,53.153,22.996,26.282
397.947,53.250,22.996,26.282
398.044,53.541,22.996,26.282
397.947,53.638,22.996,26.282
398.044,53.735,22.996,26.282
397.947,53.832,22.996,26.282
397.850,53.929,22.996,26.282
398.188,53.181,22.506,25.721
398.094,53.086,22.506,25.721
398.188,53.750,22.506,25.721
398.629,52.777,23.004,26.290
397.562,53.262,23.004,26.290
397.271,53.359,23.004,26.290
398.338,53.262,23.004,26.290
398.435,53.359,23.004,26.290
398.338,53.456,23.004,26.290
398.241,53.553,23.004,26.290
398.338,53.650,23.004,26.290
398.435,53.747,23.004,26.290
398.532,53.844,23.004,26.290
397.465,53.747,23.004,26.290
398.532,53.650,23.004,26.290
397.271,53.553,23.004,26.290
398.338,53.456,23.004,26.290
398.435,53.553,23.004,26.290
398.532,53.650,23.004,26.290
397.271,53.553,23.004,26.290
398.338,53.456,23.004,26.290
398.435,53.553,23.004,26.290
398.532,53.650,23.004,26.290
397.271,53.553,23.004,26.290
398.338,53.456,23.004,26.290
398.241,53.553,23.004,26.290
398.338,53.650,23.004,26.290
398.435,53.747,23.004,26.290
398.532,53.844,23.004,26.290
397.271,53.553,23.004,26.290
398.144,53.262,23.004,26.290
398.047,53.165,23.004,26.290
397.950,52.874,23.004,26.290
397.853,52.389,23.004,26.290
398.338,51.128,23.004,26.290
398.822,47.540,23.004,26.290
397.756,43.757,23.004,26.290
398.241,41.139,23.004,26.290
397.950,37.939,23.004,26.290
398.475,33.639,22.513,25.730
398.570,28.798,22.513,25.730
399.235,24.147,22.513,25.730
398.191,20.825,22.513,25.730
398.631,17.094,23.011,26.299
397.564,12.728,23.011,26.299
398.277,8.614,22.521,25.738
397.141,4.094,23.019,26.307
398.014,0.503,23.019,26.307
397.792,-2.490,22.528,25.746
396.937,-6.764,22.528,25.746
398.734,-5.117,22.048,25.197
399.417,-7.804,21.578,24.660
396.227,-7.805,21.117,24.134
391.331,-5.401,21.117,24.134
389.712,-7.053,21.585,24.668
371.421,17.243,21.585,24.668
369.692,16.970,21.585,24.668
369.055,14.149,21.585,24.668
369.510,9.508,21.585,24.668
369.237,5.049,21.585,24.668
368.600,0.591,21.585,24.668
367.963,-0.956,21.585,24.668
368.952,0.187,22.062,25.214
370.533,-0.650,22.062,25.214
370.499,-1.547,21.592,24.676
369.940,-3.126,21.131,24.150
370.079,-6.046,20.681,23.635
366.504,-4.046,21.138,24.158
365.438,-5.330,21.606,24.692
380.603,19.629,22.084,25.239
378.834,19.536,22.084,25.239
378.182,16.464,22.084,25.239
377.789,13.951,21.613,24.700
377.516,9.851,21.613,24.700
376.878,6.297,21.613,24.700
377.021,1.906,21.152,24.174
377.160,-1.361,20.701,23.658
376.624,-4.221,20.259,23.154
375.770,-5.703,19.827,22.660
377.372,-7.775,20.266,23.161
386.100,-8.651,20.715,23.674
392.971,-10.671,20.273,23.169
399.530,-9.189,19.840,22.675
421.863,6.118,19.840,22.675
421.384,2.136,20.279,23.176
420.785,-0.857,20.279,23.176
419.585,-3.508,20.728,23.689
420.896,-4.644,20.728,23.689
419.760,-5.430,20.728,23.689
418.973,-5.168,20.728,23.689
419.410,-4.906,20.728,23.689
420.372,-4.644,20.728,23.689
419.760,-5.605,20.728,23.689
418.973,-5.343,20.728,23.689
419.585,-5.081,20.728,23.689
420.546,-4.819,20.728,23.689
420.109,-5.955,20.728,23.689
419.498,-4.993,20.728,23.689
418.634,-5.709,21.187,24.213
418.902,-5.620,21.187,24.213
417.277,-5.053,21.655,24.749
412.775,-1.822,22.135,25.297
409.863,-0.383,21.663,24.757
411.233,-0.475,21.663,24.757
411.690,-1.479,21.663,24.757
412.329,-3.945,21.663,24.757
408.585,-1.662,21.663,24.757
407.303,-1.652,22.142,25.305
407.348,-3.384,22.632,25.865
407.791,-2.582,23.132,26.437
407.636,-4.999,23.644,27.022
408.099,-4.574,24.167,27.620
408.148,-3.928,24.702,28.231
407.983,-3.052,25.249,28.856
408.302,-4.010,25.249,28.856
407.983,-5.606,25.249,28.856
407.664,-5.074,25.249,28.856
407.770,-4.329,25.249,28.856
407.877,-4.010,25.249,28.856
407.983,-5.394,25.249,28.856
408.302,-5.074,25.249,28.856
408.835,-4.329,25.249,28.856
407.341,-5.863,25.807,29.494
407.449,-5.102,25.807,29.494
406.905,-6.516,25.807,29.494
407.449,-5.754,25.807,29.494
407.123,-5.210,25.807,29.494
406.579,-6.190,25.807,29.494
407.123,-5.863,25.807,29.494
406.579,-5.537,25.807,29.494
406.253,-6.734,25.807,29.494
406.144,-5.972,25.807,29.494
406.253,-5.428,25.807,29.494
406.579,-6.190,25.807,29.494
406.470,-5.646,25.807,29.494
405.926,-6.842,25.807,29.494
406.688,-6.081,25.807,29.494
406.797,-5.754,25.807,29.494
406.905,-5.210,25.807,29.494
406.579,-6.407,25.807,29.494
406.253,-5.863,25.807,29.494
406.361,-5.537,25.807,29.494
406.253,-6.951,25.807,29.494
405.926,-6.190,25.807,29.494
406.657,-5.951,26.378,30.147
406.545,-7.397,26.378,30.147
406.657,-6.396,26.378,30.147
406.616,-5.968,25.816,29.504
406.507,-5.423,25.816,29.504
405.963,-6.838,25.816,29.504
406.468,-6.374,26.387,30.156
405.570,-5.517,25.824,29.513
405.243,-4.319,25.824,29.513
404.917,-3.557,25.824,29.513
406.550,-5.190,25.824,29.513
406.005,-4.428,25.824,29.513
405.833,-4.641,26.396,30.166
405.425,-3.705,26.980,30.834
405.084,-5.411,26.980,30.834
404.743,-4.615,26.980,30.834
405.767,-4.501,26.980,30.834
405.425,-3.933,26.980,30.834
405.312,-3.364,26.980,30.834
405.425,-5.070,26.980,30.834
405.603,-4.193,26.404,30.176
405.992,-3.764,25.841,29.533
406.537,-4.745,25.841,29.533
405.992,-4.636,25.841,29.533
406.537,-4.527,25.841,29.533
406.210,-4.418,25.841,29.533
405.883,-3.873,25.841,29.533
405.992,-3.328,25.841,29.533
406.537,-4.745,25.841,29.533
406.210,-4.418,25.841,29.533
405.883,-3.873,25.841,29.533
405.992,-3.328,25.841,29.533
405.883,-4.745,25.841,29.533
406.428,-4.418,25.841,29.533
406.319,-3.655,25.841,29.533
405.774,-3.546,25.841,29.533
406.101,-4.091,25.841,29.533
406.154,-3.174,26.413,30.186
406.671,-1.082,26.997,30.854
406.963,0.584,27.595,31.537
407.502,0.839,28.205,32.234
407.859,1.909,28.205,32.234
409.879,-2.447,27.604,31.547
411.624,-4.192,27.604,31.547
412.439,-4.774,27.604,31.547
413.743,-6.120,27.015,30.874
412.381,-4.689,27.613,31.557
413.428,-5.970,27.613,31.557
413.485,-1.850,28.224,32.256
414.318,-1.493,28.224,32.256
413.389,-1.727,28.848,32.969
412.439,-1.208,29.486,33.699
412.314,-1.332,29.486,33.699
412.439,-1.457,29.486,33.699
412.563,-1.581,29.486,33.699
412.108,-1.051,30.139,34.444
412.235,-0.924,30.139,34.444
412.616,-0.543,30.139,34.444
411.981,-1.432,30.139,34.444
412.362,-1.559,30.139,34.444
412.489,-1.178,30.139,34.444
411.854,-2.067,30.139,34.444
412.489,-0.924,30.139,34.444
411.854,-1.813,30.139,34.444
411.981,-1.178,30.139,34.444
412.108,-1.051,30.139,34.444
412.489,-0.924,30.139,34.444
412.108,-1.559,30.139,34.444
412.235,-1.432,30.139,34.444
412.362,-1.051,30.139,34.444
412.743,-0.924,30.139,34.444
412.362,-1.305,30.139,34.444
412.743,-1.178,30.139,34.444
411.854,-1.305,30.139,34.444
412.235,-1.178,30.139,34.444
412.616,-1.051,30.139,34.444
411.981,-1.686,30.139,34.444
412.362,-1.559,30.139,34.444
412.743,-1.432,30.139,34.444
413.677,-2.167,29.496,33.710
414.830,-3.366,28.867,32.991
412.617,-1.332,29.506,33.721
413.239,-1.954,29.506,33.721
413.861,-1.829,29.506,33.721
412.115,-1.557,30.158,34.467
412.496,-1.430,30.158,34.467
413.676,-2.165,29.515,33.732
412.805,-1.294,29.515,33.732
413.178,-1.917,29.515,33.732
413.800,-1.543,29.515,33.732
412.054,-1.013,30.168,34.478
412.181,-0.631,30.168,34.478
412.562,-1.521,30.168,34.478
413.497,-2.257,29.525,33.743
412.626,-1.386,29.525,33.743
412.945,-0.855,30.178,34.489
411.423,-1.897,30.846,35.252
412.378,-1.897,30.188,34.501
413.015,-1.006,30.188,34.501
411.492,-1.784,30.856,35.264
412.198,-1.784,30.198,34.512
412.580,-1.147,30.198,34.512
412.198,-1.784,30.198,34.512
412.834,-0.893,30.198,34.512
412.452,-1.529,30.198,34.512
411.722,-1.779,30.866,35.276
412.678,-1.779,30.208,34.523
412.551,-1.652,30.208,34.523
412.423,-2.543,30.208,34.523
412.041,-2.670,30.208,34.523
412.678,-2.034,30.208,34.523
412.551,-1.652,30.208,34.523
412.169,-2.288,30.208,34.523
412.806,-1.652,30.208,34.523
412.339,-2.166,30.876,35.287
412.469,-2.036,30.876,35.287
412.600,-1.905,30.876,35.287
411.428,-1.775,30.876,35.287
412.339,-1.385,30.876,35.287
412.209,-2.036,30.876,35.287
412.079,-1.905,30.876,35.287
411.949,-1.775,30.876,35.287
413.156,-2.528,30.218,34.535
411.632,-1.985,30.886,35.299
412.840,-2.738,30.228,34.546
412.458,-2.611,30.228,34.546
412.076,-2.738,30.228,34.546
412.713,-3.120,30.228,34.546
412.330,-1.719,30.228,34.546
412.968,-2.356,30.228,34.546
412.585,-2.483,30.228,34.546
411.948,-2.611,30.228,34.546
412.330,-1.719,30.228,34.546
412.968,-2.101,30.228,34.546
411.443,-2.880,30.897,35.310
412.652,-2.629,30.238,34.557
412.269,-2.501,30.238,34.557
413.161,-2.374,30.238,34.557
413.034,-2.501,30.238,34.557
412.907,-2.629,30.238,34.557
412.779,-2.756,30.238,34.557
412.652,-2.629,30.238,34.557
412.524,-2.501,30.238,34.557
412.397,-2.374,30.238,34.557
412.014,-1.991,30.238,34.557
412.907,-1.609,30.238,34.557
412.779,-2.756,30.238,34.557
412.652,-2.629,30.238,34.557
412.524,-2.756,30.238,34.557
412.397,-2.884,30.238,34.557
412.269,-1.482,30.238,34.557
413.162,-2.374,30.238,34.557
412.779,-2.246,30.238,34.557
412.397,-2.374,30.238,34.557
412.269,-2.756,30.238,34.557
413.161,-2.884,30.238,34.557
412.779,-1.482,30.238,34.557
412.397,-2.629,30.238,34.557
411.759,-2.246,30.238,34.557
412.397,-2.119,30.238,34.557
412.014,-1.991,30.238,34.557
412.652,-1.864,30.238,34.557
412.269,-1.736,30.238,34.557
412.906,-2.884,30.238,34.557
412.524,-1.482,30.238,34.557
412.142,-2.629,30.238,34.557
412.779,-2.756,30.238,34.557
412.397,-2.629,30.238,34.557
412.269,-2.756,30.238,34.557
412.906,-2.629,30.238,34.557
412.524,-2.501,30.238,34.557
412.142,-2.374,30.238,34.557
412.779,-2.501,30.238,34.557
412.651,-2.629,30.238,34.557
412.524,-2.756,30.238,34.557
412.397,-2.884,30.238,34.557
412.269,-1.736,30.238,34.557
413.161,-2.884,30.238,34.557
413.034,-1.736,30.238,34.557
412.906,-3.139,30.238,34.557
412.779,-1.991,30.238,34.557
412.906,-2.629,30.238,34.557
413.034,-3.011,30.238,34.557
412.906,-1.864,30.238,34.557
413.034,-2.501,30.238,34.557
413.161,-3.139,30.238,34.557
413.034,-1.991,30.238,34.557
413.161,-2.629,30.238,34.557
413.289,-3.521,30.238,34.557
413.416,-2.629,30.238,34.557
412.014,-3.521,30.238,34.557
412.906,-2.374,30.238,34.557
413.034,-3.266,30.238,34.557
413.161,-2.374,30.238,34.557
413.289,-3.266,30.238,34.557
413.161,-2.374,30.238,34.557
413.289,-3.011,30.238,34.557
413.161,-1.864,30.238,34.557
413.289,-2.756,30.238,34.557
413.416,-3.394,30.238,34.557
412.014,-2.246,30.238,34.557
412.906,-3.139,30.238,34.557
412.779,-2.246,30.238,34.557
412.906,-2.884,30.238,34.557
412.779,-1.991,30.238,34.557
412.906,-2.629,30.238,34.557
412.779,-3.266,30.238,34.557
412.396,-1.864,30.238,34.557
412.014,-1.736,30.238,34.557
412.906,-2.884,30.238,34.557
412.524,-1.227,30.238,34.557
412.141,-2.119,30.238,34.557
413.034,-2.501,30.238,34.557
412.651,-2.374,30.238,34.557
412.269,-2.246,30.238,34.557
412.906,-2.629,30.238,34.557
412.524,-2.756,30.238,34.557
412.141,-2.884,30.238,34.557
413.034,-1.736,30.238,34.557
412.651,-2.884,30.238,34.557
412.269,-1.736,30.238,34.557
412.906,-2.884,30.238,34.557
412.524,-1.482,30.238,34.557
412.141,-2.629,30.238,34.557
412.779,-3.266,30.238,34.557
412.396,-2.119,30.238,34.557
412.014,-2.246,30.238,34.557
412.651,-3.139,30.238,34.557
412.269,-1.991,30.238,34.557
413.161,-2.884,30.238,34.557
412.779,-1.736,30.238,34.557
412.396,-2.884,30.238,34.557
412.014,-1.482,30.238,34.557
412.651,-2.374,30.238,34.557
412.269,-2.246,30.238,34.557
412.906,-2.119,30.238,34.557
412.269,-1.482,30.238,34.557
412.906,-2.119,30.238,34.557
412.269,-1.482,30.238,34.557
412.906,-2.119,30.238,34.557
412.269,-1.482,30.238,34.557
412.906,-2.119,30.238,34.557
412.524,-1.736,30.238,34.557
412.141,-2.374,30.238,34.557
413.034,-2.501,30.238,34.557
412.906,-2.629,30.238,34.557
412.779,-2.756,30.238,34.557
412.651,-3.139,30.238,34.557
412.269,-1.991,30.238,34.557
413.161,-2.629,30.238,34.557
413.034,-3.011,30.238,34.557
412.906,-1.864,30.238,34.557
412.524,-1.991,30.238,34.557
412.141,-2.119,30.238,34.557
413.034,-2.501,30.238,34.557
412.906,-2.884,30.238,34.557
412.524,-1.736,30.238,34.557
411.886,-1.864,30.238,34.557
412.524,-1.482,30.238,34.557
411.886,-1.609,30.238,34.557
412.269,-1.736,30.238,34.557
412.906,-2.374,30.238,34.557
412.524,-1.991,30.238,34.557
412.141,-1.864,30.238,34.557
412.779,-1.736,30.238,34.557
412.396,-2.629,30.238,34.557
412.014,-2.246,30.238,34.557
412.906,-2.629,30.238,34.557
412.524,-2.246,30.238,34.557
412.141,-2.119,30.238,34.557
413.033,-2.246,30.238,34.557
412.651,-2.119,30.238,34.557
412.269,-1.991,30.238,34.557
413.161,-2.629,30.238,34.557
413.033,-3.011,30.238,34.557
412.906,-1.864,30.238,34.557
412.778,-2.501,30.238,34.557
412.906,-3.139,30.238,34.557
412.778,-1.991,30.238,34.557
412.651,-2.629,30.238,34.557
412.524,-3.011,30.238,34.557
412.141,-1.864,30.238,34.557
413.033,-2.246,30.238,34.557
413.161,-2.884,30.238,34.557
412.778,-1.482,30.238,34.557
412.651,-2.629,30.238,34.557
412.778,-3.266,30.238,34.557
412.651,-2.119,30.238,34.557
412.778,-2.756,30.238,34.557
412.906,-3.394,30.238,34.557
412.523,-2.246,30.238,34.557
412.396,-2.884,30.238,34.557
412.268,-1.991,30.238,34.557
413.161,-2.629,30.238,34.557
413.033,-3.011,30.238,34.557
412.651,-1.864,30.238,34.557
412.523,-2.501,30.238,34.557
412.396,-3.139,30.238,34.557
412.014,-1.991,30.238,34.557
412.906,-2.629,30.238,34.557
412.778,-3.011,30.238,34.557
412.396,-1.864,30.238,34.557
412.268,-2.501,30.238,34.557
412.906,-2.884,30.238,34.557
412.523,-1.736,30.238,34.557
412.141,-2.884,30.238,34.557
412.778,-1.736,30.238,34.557
412.651,-2.629,30.238,34.557
412.268,-2.246,30.238,34.557
412.906,-2.119,30.238,34.557
412.523,-1.991,30.238,34.557
412.396,-2.374,30.238,34.557
412.013,-2.501,30.238,34.557
412.651,-2.884,30.238,34.557
412.268,-1.736,30.238,34.557
412.906,-2.629,30.238,34.557
412.778,-3.011,30.238,34.557
412.396,-1.864,30.238,34.557
412.013,-1.736,30.238,34.557
412.651,-2.629,30.238,34.557
412.268,-2.501,30.238,34.557
412.906,-2.374,30.238,34.557
412.523,-2.246,30.238,34.557
412.141,-2.119,30.238,34.557
412.778,-1.991,30.238,34.557
412.651,-2.119,30.238,34.557
412.523,-2.246,30.238,34.557
412.396,-2.374,30.238,34.557
412.268,-2.501,30.238,34.557
412.906,-2.884,30.238,34.557
412.778,-1.991,30.238,34.557
412.651,-2.374,30.238,34.557
412.523,-2.246,30.238,34.557
412.396,-2.374,30.238,34.557
412.268,-2.246,30.238,34.557
412.906,-1.864,30.238,34.557
412.778,-1.736,30.238,34.557
412.651,-2.884,30.238,34.557
412.268,-1.482,30.238,34.557
412.906,-2.119,30.238,34.557
412.778,-1.991,30.238,34.557
412.651,-2.119,30.238,34.557
412.268,-1.991,30.238,34.557
412.906,-2.119,30.238,34.557
412.523,-1.991,30.238,34.557
412.396,-2.119,30.238,34.557
412.013,-1.991,30.238,34.557
412.906,-2.374,30.238,34.557
412.523,-2.246,30.238,34.557
412.141,-2.119,30.238,34.557
412.778,-2.501,30.238,34.557
412.396,-2.374,30.238,34.557
412.013,-2.246,30.238,34.557
412.651,-2.374,30.238,34.557
412.268,-2.246,30.238,34.557
412.906,-2.629,30.238,34.557
412.523,-2.501,30.238,34.557
411.886,-1.864,30.238,34.557
412.268,-1.227,30.238,34.557
412.906,-1.864,30.238,34.557
412.268,-1.482,30.238,34.557
412.906,-2.119,30.238,34.557
412.268,-1.482,30.238,34.557
412.906,-2.374,30.238,34.557
412.268,-1.991,30.238,34.557
412.906,-2.374,30.238,34.557
412.523,-2.246,30.238,34.557
412.141,-2.119,30.238,34.557
412.778,-2.246,30.238,34.557
412.396,-2.119,30.238,34.557
412.013,-1.991,30.238,34.557
412.651,-2.374,30.238,34.557
412.268,-2.501,30.238,34.557
412.906,-2.884,30.238,34.557
412.268,-1.482,30.238,34.557
412.906,-2.374,30.238,34.557
412.523,-2.501,30.238,34.557
412.141,-2.884,30.238,34.557
412.778,-1.482,30.238,34.557
412.141,-2.374,30.238,34.557
412.778,-2.756,30.238,34.557
412.396,-3.139,30.238,34.557
412.013,-1.482,30.238,34.557
412.651,-2.119,30.238,34.557
412.268,-1.736,30.238,34.557
412.906,-2.374,30.238,34.557
412.523,-1.991,30.238,34.557
412.141,-1.609,30.238,34.557
412.778,-2.246,30.238,34.557
412.396,-1.864,30.238,34.557
412.013,-1.482,30.238,34.557
412.651,-2.119,30.238,34.557
412.268,-1.991,30.238,34.557
412.906,-2.374,30.238,34.557
412.778,-2.756,30.238,34.557
412.651,-3.139,30.238,34.557
412.268,-1.991,30.238,34.557
413.160,-2.629,30.238,34.557
413.033,-3.266,30.238,34.557
412.651,-2.119,30.238,34.557
412.523,-2.501,30.238,34.557
412.396,-2.884,30.238,34.557
412.013,-1.736,30.238,34.557
412.651,-2.629,30.238,34.557
412.523,-2.756,30.238,34.557
412.396,-3.139,30.238,34.557
412.013,-1.991,30.238,34.557
412.905,-2.374,30.238,34.557
412.778,-2.756,30.238,34.557
412.651,-3.394,30.238,34.557
412.268,-1.991,30.238,34.557
413.160,-2.374,30.238,34.557
413.033,-2.756,30.238,34.557
412.905,-3.139,30.238,34.557
412.523,-1.991,30.238,34.557
412.396,-2.629,30.238,34.557
412.268,-3.011,30.238,34.557
412.905,-1.609,30.238,34.557
412.523,-2.756,30.238,34.557
412.141,-3.139,30.238,34.557
413.033,-1.991,30.238,34.557
412.905,-2.629,30.238,34.557
412.778,-3.266,30.238,34.557
412.396,-2.119,30.238,34.557
412.268,-2.756,30.238,34.557
413.160,-3.649,30.238,34.557
412.778,-2.501,30.238,34.557
412.650,-3.139,30.238,34.557
412.268,-1.991,30.238,34.557
412.905,-2.629,30.238,34.557
412.778,-3.266,30.238,34.557
412.396,-2.119,30.238,34.557
412.013,-2.246,30.238,34.557
412.905,-2.884,30.238,34.557
412.523,-1.482,30.238,34.557
412.141,-2.374,30.238,34.557
412.778,-2.501,30.238,34.557
412.395,-2.629,30.238,34.557
412.013,-2.501,30.238,34.557
412.650,-2.884,30.238,34.557
412.013,-1.482,30.238,34.557
412.650,-2.374,30.238,34.557
412.013,-2.246,30.238,34.557
412.650,-2.629,30.238,34.557
412.268,-2.756,30.238,34.557
412.905,-3.139,30.238,34.557
412.268,-1.736,30.238,34.557
412.905,-2.629,30.238,34.557
412.778,-3.266,30.238,34.557
412.395,-2.119,30.238,34.557
412.013,-2.501,30.238,34.557
412.650,-3.139,30.238,34.557
412.268,-1.991,30.238,34.557
413.160,-2.884,30.238,34.557
412.778,-1.736,30.238,34.557
412.395,-2.884,30.238,34.557
412.013,-1.736,30.238,34.557
412.905,-2.629,30.238,34.557
412.778,-2.501,30.238,34.557
412.905,-3.139,30.238,34.557
412.523,-1.736,30.238,34.557
412.140,-2.629,30.238,34.557
413.033,-3.266,30.238,34.557
412.650,-1.864,30.238,34.557
412.523,-1.991,30.238,34.557
412.395,-2.374,30.238,34.557
412.013,-2.246,30.238,34.557
412.905,-3.139,30.238,34.557
412.523,-1.991,30.238,34.557
412.395,-2.629,30.238,34.557
412.268,-3.011,30.238,34.557
412.905,-1.609,30.238,34.557
412.523,-2.501,30.238,34.557
412.650,-3.394,30.238,34.557
412.268,-2.246,30.238,34.557
413.160,-2.884,30.238,34.557
412.778,-1.736,30.238,34.557
412.395,-2.629,30.238,34.557
412.268,-3.011,30.238,34.557
413.160,-1.609,30.238,34.557
412.778,-2.501,30.238,34.557
412.650,-3.139,30.238,34.557
412.268,-1.736,30.238,34.557
412.905,-2.374,30.238,34.557
412.778,-2.756,30.238,34.557
412.650,-3.394,30.238,34.557
412.268,-2.246,30.238,34.557
413.160,-3.139,30.238,34.557
412.778,-1.991,30.238,34.557
412.905,-2.884,30.238,34.557
412.523,-1.736,30.238,34.557
412.140,-2.629,30.238,34.557
413.033,-3.266,30.238,34.557
412.650,-2.119,30.238,34.557
412.778,-3.011,30.238,34.557
412.395,-1.864,30.238,34.557
412.523,-2.756,30.238,34.557
412.650,-3.649,30.238,34.557
412.268,-2.501,30.238,34.557
413.160,-3.394,30.238,34.557
412.777,-2.246,30.238,34.557
412.650,-3.139,30.238,34.557
412.268,-1.991,30.238,34.557
413.160,-2.884,30.238,34.557
413.032,-1.991,30.238,34.557
413.160,-2.884,30.238,34.557
413.032,-1.736,30.238,34.557
412.650,-2.629,30.238,34.557
412.522,-3.521,30.238,34.557
412.395,-2.629,30.238,34.557
412.268,-3.521,30.238,34.557
412.905,-2.119,30.238,34.557
412.777,-3.011,30.238,34.557
412.395,-2.119,30.238,34.557
412.268,-3.011,30.238,34.557
413.160,-1.864,30.238,34.557
413.032,-2.756,30.238,34.557
413.160,-3.904,30.238,34.557
412.777,-1.991,30.238,34.557
412.905,-3.139,30.238,34.557
412.777,-2.246,30.238,34.557
412.905,-3.394,30.238,34.557
412.522,-2.501,30.238,34.557
413.951,-3.484,29.593,33.820
413.077,-2.112,29.593,33.820
413.951,-3.235,29.593,33.820
413.077,-1.863,29.593,33.820
413.701,-3.484,29.593,33.820
412.828,-2.112,29.593,33.820
413.701,-3.235,29.593,33.820
412.986,-2.703,30.248,34.569
413.113,-3.851,30.248,34.569
412.730,-1.683,30.248,34.569
412.348,-2.575,30.248,34.569
413.241,-3.213,30.248,34.569
412.858,-2.065,30.248,34.569
412.730,-2.448,30.248,34.569
412.603,-3.086,30.248,34.569
412.220,-1.938,30.248,34.569
412.858,-2.575,30.248,34.569
412.730,-3.213,30.248,34.569
412.348,-2.320,30.248,34.569
412.985,-2.958,30.248,34.569
412.603,-2.065,30.248,34.569
412.475,-2.703,30.248,34.569
412.348,-3.596,30.248,34.569
412.985,-2.448,30.248,34.569
412.858,-3.341,30.248,34.569
412.475,-2.448,30.248,34.569
412.348,-3.341,30.248,34.569
412.985,-2.193,30.248,34.569
412.858,-3.086,30.248,34.569
412.730,-2.448,30.248,34.569
412.603,-3.341,30.248,34.569
412.220,-2.448,30.248,34.569
413.113,-3.341,30.248,34.569
412.985,-2.703,30.248,34.569
413.113,-3.596,30.248,34.569
412.985,-2.958,30.248,34.569
412.858,-2.065,30.248,34.569
412.985,-2.958,30.248,34.569
412.858,-2.320,30.248,34.569
412.985,-3.213,30.248,34.569
413.113,-2.575,30.248,34.569
413.240,-3.468,30.248,34.569
413.368,-2.831,30.248,34.569
413.240,-1.938,30.248,34.569
413.368,-2.831,30.248,34.569
413.240,-1.938,30.248,34.569
413.368,-2.831,30.248,34.569
413.240,-1.938,30.248,34.569
413.368,-2.831,30.248,34.569
413.240,-1.938,30.248,34.569
413.113,-2.575,30.248,34.569
412.985,-3.213,30.248,34.569
412.858,-2.320,30.248,34.569
412.730,-2.958,30.248,34.569
412.603,-2.065,30.248,34.569
412.475,-2.703,30.248,34.569
412.348,-3.341,30.248,34.569
413.240,-2.193,30.248,34.569
413.113,-2.831,30.248,34.569
412.730,-1.683,30.248,34.569
412.348,-2.575,30.248,34.569
413.240,-3.213,30.248,34.569
412.858,-2.065,30.248,34.569
412.730,-2.703,30.248,34.569
412.603,-3.086,30.248,34.569
412.475,-1.938,30.248,34.569
412.348,-2.320,30.248,34.569
413.240,-2.703,30.248,34.569
413.113,-3.341,30.248,34.569
412.730,-2.193,30.248,34.569
412.603,-2.831,30.248,34.569
412.220,-1.683,30.248,34.569
412.858,-2.575,30.248,34.569
412.730,-2.958,30.248,34.569
412.348,-1.810,30.248,34.569
413.240,-2.193,30.248,34.569
413.113,-2.575,30.248,34.569
413.240,-3.213,30.248,34.569
413.113,-2.320,30.248,34.569
413.240,-2.958,30.248,34.569
413.113,-2.065,30.248,34.569
413.240,-2.703,30.248,34.569
413.368,-3.596,30.248,34.569
413.240,-2.703,30.248,34.569
413.113,-3.086,30.248,34.569
412.730,-1.938,30.248,34.569
412.603,-2.575,30.248,34.569
412.220,-2.703,30.248,34.569
412.858,-3.086,30.248,34.569
412.475,-1.938,30.248,34.569
412.347,-2.575,30.248,34.569
412.985,-2.958,30.248,34.569
412.603,-1.810,30.248,34.569
412.220,-1.938,30.248,34.569
412.858,-2.320,30.248,34.569
412.475,-2.703,30.248,34.569
412.092,-3.086,30.248,34.569
412.730,-1.683,30.248,34.569
412.347,-2.831,30.248,34.569
412.985,-1.428,30.248,34.569
412.602,-2.575,30.248,34.569
412.220,-2.958,30.248,34.569
412.858,-1.555,30.248,34.569
412.220,-2.448,30.248,34.569
412.858,-2.831,30.248,34.569
412.475,-1.938,30.248,34.569
412.092,-2.320,30.248,34.569
412.730,-2.703,30.248,34.569
412.347,-3.086,30.248,34.569
412.985,-1.683,30.248,34.569
412.602,-2.831,30.248,34.569
412.220,-1.683,30.248,34.569
412.857,-2.575,30.248,34.569
412.475,-2.958,30.248,34.569
412.092,-1.810,30.248,34.569
412.730,-2.193,30.248,34.569
412.347,-2.831,30.248,34.569
412.985,-1.428,30.248,34.569
412.602,-2.575,30.248,34.569
412.220,-2.958,30.248,34.569
412.857,-1.555,30.248,34.569
412.475,-2.448,30.248,34.569
412.092,-3.086,30.248,34.569
412.730,-1.938,30.248,34.569
412.347,-2.575,30.248,34.569
412.985,-2.958,30.248,34.569
412.602,-2.065,30.248,34.569
412.220,-2.448,30.248,34.569
412.857,-3.086,30.248,34.569
412.475,-2.193,30.248,34.569
412.092,-2.575,30.248,34.569
412.730,-2.958,30.248,34.569
412.347,-1.810,30.248,34.569
412.985,-2.193,30.248,34.569
412.602,-2.575,30.248,34.569
412.220,-2.958,30.248,34.569
412.857,-1.555,30.248,34.569
412.475,-2.703,30.248,34.569
412.092,-2.831,30.248,34.569
412.730,-1.428,30.248,34.569
412.092,-2.320,30.248,34.569
412.730,-2.703,30.248,34.569
412.347,-2.831,30.248,34.569
412.985,-1.428,30.248,34.569
412.602,-2.575,30.248,34.569
412.220,-2.448,30.248,34.569
412.857,-2.831,30.248,34.569
412.475,-1.683,30.248,34.569
412.092,-2.831,30.248,34.569
412.730,-1.428,30.248,34.569
412.347,-2.575,30.248,34.569
412.985,-2.958,30.248,34.569
412.602,-2.065,30.248,34.569
412.220,-2.448,30.248,34.569
412.857,-3.086,30.248,34.569
412.475,-1.938,30.248,34.569
412.347,-2.575,30.248,34.569
412.985,-2.958,30.248,34.569
412.602,-2.065,30.248,34.569
412.220,-1.938,30.248,34.569
412.857,-2.575,30.248,34.569
412.730,-3.213,30.248,34.569
412.347,-2.065,30.248,34.569
412.985,-2.448,30.248,34.569
412.857,-3.086,30.248,34.569
412.475,-2.193,30.248,34.569
412.347,-2.831,30.248,34.569
412.985,-1.428,30.248,34.569
412.602,-2.575,30.248,34.569
412.220,-2.958,30.248,34.569
412.857,-1.555,30.248,34.569
412.475,-2.703,30.248,34.569
412.347,-3.341,30.248,34.569
412.985,-1.938,30.248,34.569
412.857,-2.575,30.248,34.569
412.475,-2.958,30.248,34.569
412.092,-1.810,30.248,34.569
412.730,-2.193,30.248,34.569
412.602,-2.831,30.248,34.569
412.220,-1.938,30.248,34.569
412.857,-2.065,30.248,34.569
412.475,-2.448,30.248,34.569
412.092,-2.831,30.248,34.569
412.730,-1.428,30.248,34.569
412.092,-2.065,30.248,34.569
412.730,-1.938,30.248,34.569
412.347,-2.065,30.248,34.569
412.985,-1.938,30.248,34.569
412.602,-2.065,30.248,34.569
412.220,-2.193,30.248,34.569
412.857,-2.320,30.248,34.569
412.475,-2.448,30.248,34.569
412.092,-2.831,30.248,34.569
412.730,-1.173,30.248,34.569
412.347,-2.065,30.248,34.569
412.985,-2.193,30.248,34.569
412.857,-2.831,30.248,34.569
412.475,-1.683,30.248,34.569
412.092,-2.831,30.248,34.569
412.730,-1.173,30.248,34.569
412.347,-2.320,30.248,34.569
412.985,-2.448,30.248,34.569
412.857,-2.831,30.248,34.569
412.475,-1.683,30.248,34.569
412.092,-2.575,30.248,34.569
412.730,-2.703,30.248,34.569
412.602,-3.086,30.248,34.569
412.219,-1.938,30.248,34.569
412.857,-2.065,30.248,34.569
412.474,-2.193,30.248,34.569
412.092,-2.575,30.248,34.569
412.730,-2.703,30.248,34.569
412.347,-2.831,30.248,34.569
412.730,-1.173,30.248,34.569
412.092,-1.810,30.248,34.569
412.474,-1.683,30.248,34.569
411.837,-2.575,30.248,34.569
412.219,-2.448,30.248,34.569
412.602,-2.575,30.248,34.569
412.219,-2.703,30.248,34.569
412.602,-2.831,30.248,34.569
411.964,-1.683,30.248,34.569
412.347,-2.320,30.248,34.569
412.730,-2.448,30.248,34.569
412.092,-2.831,30.248,34.569
412.475,-1.428,30.248,34.569
411.837,-2.320,30.248,34.569
412.219,-2.448,30.248,34.569
412.602,-2.831,30.248,34.569
411.964,-1.938,30.248,34.569
412.347,-2.320,30.248,34.569
412.730,-2.448,30.248,34.569
412.092,-2.830,30.248,34.569
412.475,-1.428,30.248,34.569
411.837,-2.320,30.248,34.569
412.220,-2.193,30.248,34.569
412.602,-2.065,30.248,34.569
411.964,-1.938,30.248,34.569
413.622,-0.535,30.248,34.569
416.555,2.143,30.248,34.569
422.804,6.861,30.248,34.569
428.032,11.324,30.248,34.569
432.495,13.237,30.248,34.569
437.213,17.700,30.248,34.569
442.952,22.163,30.248,34.569
446.650,27.647,30.248,34.569
452.388,30.325,30.248,34.569
456.341,31.982,30.248,34.569
456.724,36.701,30.248,34.569
457.315,40.420,30.917,35.333
457.967,41.332,30.917,35.333
456.794,42.766,30.917,35.333
456.142,43.417,30.917,35.333
457.837,42.244,30.917,35.333
456.664,43.417,30.917,35.333
456.533,43.809,30.917,35.333
457.967,42.635,30.917,35.333
457.055,42.244,30.917,35.333
457.707,43.417,30.917,35.333
456.794,42.244,30.917,35.333
457.185,43.678,30.917,35.333
457.055,44.591,30.917,35.333
457.446,43.157,30.917,35.333
457.837,44.330,30.917,35.333
458.543,43.073,30.257,34.580
457.140,44.477,30.257,34.580
457.778,44.094,30.257,34.580
457.395,44.987,30.257,34.580
459.575,43.943,30.927,35.345
462.052,46.941,30.927,35.345
468.441,51.766,30.927,35.345
473.916,54.215,31.611,36.127
477.299,55.613,32.311,36.926
483.157,58.746,32.311,36.926
489.147,65.048,31.622,36.139
492.480,69.981,31.622,36.139
498.077,71.932,32.321,36.939
502.029,75.611,32.321,36.939
501.893,78.473,32.321,36.939
502.574,82.152,32.321,36.939
504.345,84.196,32.321,36.939
503.664,84.877,32.321,36.939
502.600,84.893,33.036,37.756
504.132,84.753,33.036,37.756
502.878,85.171,33.036,37.756
503.853,85.310,33.036,37.756
503.992,85.728,33.036,37.756
502.460,84.196,33.036,37.756
504.289,85.539,32.332,36.951
503.608,85.402,32.332,36.951
502.826,85.418,33.047,37.768
503.801,85.557,33.047,37.768
503.662,86.254,33.047,37.768
503.343,85.448,32.342,36.963
504.025,86.402,32.342,36.963
503.343,86.539,32.342,36.963
503.752,85.584,32.342,36.963
503.253,85.600,33.058,37.781
502.834,86.296,33.058,37.781
503.810,85.600,33.058,37.781
503.671,86.296,33.058,37.781
502.293,84.577,33.789,38.616
503.614,85.401,33.069,37.793
503.475,86.098,33.069,37.793
503.335,85.680,33.069,37.793
503.196,85.261,33.069,37.793
503.057,85.680,33.069,37.793
502.546,84.538,33.800,38.629
503.544,84.966,33.800,38.629
502.831,84.823,33.800,38.629
503.829,84.396,33.800,38.629
503.116,84.823,33.800,38.629
502.404,84.396,33.800,38.629
503.401,84.538,33.800,38.629
502.689,84.966,33.800,38.629
503.686,84.253,33.800,38.629
502.974,84.681,33.800,38.629
503.971,84.823,33.800,38.629
503.096,85.647,33.080,37.805
502.585,84.216,33.812,38.642
503.583,84.359,33.812,38.642
502.870,84.786,33.812,38.642
503.868,84.074,33.812,38.642
502.992,85.447,33.090,37.818
503.131,85.587,33.090,37.818
502.992,86.005,33.090,37.818
502.481,84.574,33.823,38.654
503.479,84.717,33.823,38.654
502.481,84.289,33.823,38.654
501.483,85.002,33.823,38.654
498.203,84.859,33.823,38.654
491.787,83.861,33.823,38.654
487.652,84.574,33.823,38.654
482.946,85.002,33.823,38.654
477.394,83.539,34.571,39.510
472.565,84.662,33.834,38.667
467.858,85.375,33.834,38.667
462.307,84.825,33.112,37.843
457.740,84.841,33.845,38.680
452.461,83.842,33.845,38.680
448.038,83.985,33.845,38.680
442.760,85.360,33.123,37.855
438.133,84.822,32.417,37.048
434.513,84.554,33.134,37.867
432.553,83.700,33.867,38.705
432.981,84.128,33.867,38.705
432.103,85.229,33.145,37.880
431.964,84.251,33.145,37.880
432.662,84.391,33.145,37.880
431.684,83.971,33.145,37.880
431.824,84.670,33.145,37.880
432.762,83.526,33.878,38.718
431.609,84.627,33.156,37.892
431.749,84.488,33.156,37.892
431.889,84.348,33.156,37.892
432.308,84.208,33.156,37.892
432.727,84.068,33.156,37.892
431.749,83.649,33.156,37.892
431.889,84.348,33.156,37.892
432.308,84.208,33.156,37.892
431.506,83.644,33.889,38.731
431.279,82.474,34.639,39.587
431.351,81.582,35.405,40.463
430.721,83.020,34.650,39.600
430.793,82.128,35.417,40.477
431.314,82.991,34.662,39.613
431.385,82.098,35.429,40.490
430.755,82.098,34.673,39.626
430.524,81.811,35.440,40.503
430.907,80.588,36.224,41.399
430.031,79.654,37.026,42.315
429.459,78.377,37.845,43.251
429.299,78.217,37.845,43.251
429.046,78.235,38.682,44.208
427.772,75.885,39.538,45.187
427.508,76.942,40.413,46.186
426.997,74.045,40.413,46.186
428.141,74.772,41.307,47.208
428.749,77.121,40.426,46.201
428.359,76.793,39.564,45.216
429.193,77.960,39.564,45.216
428.359,76.459,39.564,45.216
429.193,77.627,39.564,45.216
428.359,76.125,39.564,45.216
429.193,77.627,39.564,45.216
428.359,76.459,39.564,45.216
429.193,77.960,39.564,45.216
428.359,76.459,39.564,45.216
429.193,77.627,39.564,45.216
428.359,76.125,39.564,45.216
429.193,77.293,39.564,45.216
428.359,76.125,39.564,45.216
429.193,77.627,39.564,45.216
428.359,76.793,39.564,45.216
429.193,78.294,39.564,45.216
428.359,76.793,39.564,45.216
429.193,78.294,39.564,45.216
428.359,76.793,39.564,45.216
427.402,74.043,40.439,46.217
428.254,76.600,40.439,46.217
428.084,74.043,40.439,46.217
428.936,76.600,40.439,46.217
428.874,77.586,39.577,45.231
428.040,76.752,39.577,45.231
428.468,73.655,40.453,46.232
428.077,76.942,39.590,45.246
428.505,74.190,40.466,46.247
428.114,77.150,39.603,45.261
428.542,74.397,40.479,46.262
428.481,77.687,39.616,45.275
428.648,75.850,39.616,45.275
428.383,77.255,40.493,46.277
428.321,78.571,39.629,45.290
428.488,77.067,39.629,45.290
428.989,75.564,39.629,45.290
428.488,78.404,39.629,45.290
428.655,76.900,39.629,45.290
428.822,75.062,39.629,45.290
428.321,77.903,39.629,45.290
428.154,76.399,39.629,45.290
428.235,73.298,40.506,46.292
428.065,75.860,40.506,46.292
428.577,77.055,40.506,46.292
428.515,78.042,39.642,45.305
428.348,76.538,39.642,45.305
429.184,78.377,39.642,45.305
428.348,76.872,39.642,45.305
428.515,75.034,39.642,45.305
429.743,78.578,38.797,44.339
428.598,77.760,38.797,44.339
429.357,75.063,39.655,45.320
429.296,78.286,38.809,44.354
428.018,75.928,39.668,45.335
428.447,76.294,40.546,46.338
428.385,78.600,39.681,45.350
428.218,77.764,39.681,45.350
427.716,76.593,39.681,45.350
428.145,73.835,40.559,46.353
428.658,76.742,40.559,46.353
428.596,78.060,39.694,45.365
428.094,76.889,39.694,45.365
428.523,74.477,40.572,46.368
428.461,77.774,39.707,45.380
427.958,76.602,39.707,45.380
428.040,73.842,40.586,46.384
428.211,76.409,40.586,46.384
428.149,77.398,39.720,45.394
427.647,76.226,39.720,45.394
428.076,76.593,40.599,46.399
427.563,74.710,40.599,46.399
428.761,76.593,40.599,46.399
428.699,77.582,39.733,45.409
428.196,76.410,39.733,45.409
428.364,77.582,39.733,45.409
427.861,76.410,39.733,45.409
427.943,73.648,40.612,46.414
427.429,76.559,40.612,46.414
428.285,73.991,40.612,46.414
427.893,76.961,39.746,45.424
427.280,73.503,40.625,46.429
428.136,75.387,40.625,46.429
427.965,77.271,40.625,46.429
426.627,73.736,41.524,47.456
427.502,74.962,41.524,47.456
427.327,76.187,41.524,47.456
426.802,74.262,41.524,47.456
427.677,75.487,41.524,47.456
428.626,77.174,40.639,46.444
428.234,77.504,39.772,45.454
427.731,76.331,39.772,45.454
427.117,72.870,40.652,46.460
427.974,74.756,40.652,46.460
428.145,76.984,40.652,46.460
427.631,75.098,40.652,46.460
428.488,75.955,40.652,46.460
428.426,78.268,39.785,45.469
428.258,77.429,39.785,45.469
427.420,75.920,39.785,45.469
427.850,75.939,40.665,46.475
426.992,74.053,40.665,46.475
428.193,75.939,40.665,46.475
427.678,74.396,40.665,46.475
427.507,76.624,40.665,46.475
428.021,74.053,40.665,46.475
428.193,76.624,40.665,46.475
428.791,78.607,39.798,45.484
428.624,77.768,39.798,45.484
428.120,77.265,39.798,45.484
427.617,76.762,39.798,45.484
428.791,75.251,39.798,45.484
428.624,78.439,39.798,45.484
428.456,77.600,39.798,45.484
427.617,76.426,39.798,45.484
427.699,76.793,40.679,46.490
426.841,74.907,40.679,46.490
427.699,76.107,40.679,46.490
428.298,78.091,39.811,45.499
427.459,76.916,39.811,45.499
428.585,73.800,40.692,46.505
428.414,76.031,40.692,46.505
429.013,78.015,39.824,45.514
428.174,76.839,39.824,45.514
428.006,78.015,39.824,45.514
428.509,75.832,39.824,45.514
428.342,77.679,39.824,45.514
427.502,76.504,39.824,45.514
428.629,75.129,40.705,46.521
428.114,76.330,40.705,46.521
428.383,77.323,39.837,45.529
427.543,75.811,39.837,45.529
428.671,74.436,40.719,46.536
428.842,78.041,40.719,46.536
432.845,79.485,41.620,47.565
440.740,82.468,41.620,47.565
443.011,83.581,42.541,48.618
447.786,87.038,41.633,47.581
455.504,94.481,40.746,46.566
459.799,100.493,40.746,46.566
462.734,101.226,41.647,47.597
466.099,101.974,42.568,48.650
474.337,109.585,41.661,47.612
478.025,111.868,41.661,47.612
483.470,118.016,41.661,47.612
486.807,120.299,41.661,47.612
494.008,123.285,41.661,47.612
498.399,129.081,41.661,47.612
501.034,131.715,41.661,47.612
503.668,136.458,41.661,47.612
502.790,138.741,41.661,47.612
504.019,141.024,41.661,47.612
502.647,142.502,42.582,48.666
501.990,142.522,43.525,49.742
500.176,140.259,44.488,50.843
501.864,141.571,44.488,50.843
501.301,142.134,44.488,50.843
499.447,137.874,45.472,51.968
498.347,137.896,46.478,53.118
499.256,137.105,47.506,54.293
498.255,137.706,47.506,54.293
496.853,135.103,47.506,54.293
496.119,135.125,48.557,55.494
495.795,135.149,49.632,56.722
498.515,135.358,49.632,56.722
500.354,135.382,50.730,57.977
559.037,193.985,51.852,59.260
564.939,199.013,51.852,59.260
569.967,202.292,51.852,59.260
574.610,204.585,52.999,60.571
578.892,206.465,54.172,61.911
583.231,211.261,54.172,61.911
579.805,215.143,54.172,61.911
581.404,218.569,54.172,61.911
584.403,220.770,53.017,60.591
586.862,226.358,53.017,60.591
588.426,230.157,53.017,60.591
586.415,233.510,53.017,60.591
587.979,235.522,53.017,60.591
590.053,235.521,51.886,59.298
588.959,239.240,51.886,59.298
588.303,241.209,51.886,59.298
588.084,240.115,51.886,59.298
587.865,239.021,51.886,59.298
589.396,240.553,51.886,59.298
588.303,242.521,51.886,59.298
588.084,240.553,51.886,59.298
588.303,239.896,51.886,59.298
588.521,239.678,51.886,59.298
588.303,241.646,51.886,59.298
587.646,240.553,51.886,59.298
588.740,239.459,51.886,59.298
588.521,240.553,51.886,59.298
588.303,239.459,51.886,59.298
588.084,240.990,51.886,59.298
588.303,239.896,51.886,59.298
588.084,241.865,51.886,59.298
588.303,239.896,51.886,59.298
588.521,241.428,51.886,59.298
588.303,239.896,51.886,59.298
588.521,241.865,51.886,59.298
588.303,240.334,51.886,59.298
588.521,241.865,51.886,59.298
588.303,240.334,51.886,59.298
588.521,241.865,51.886,59.298
588.303,240.334,51.886,59.298
588.084,241.428,51.886,59.298
587.865,239.459,51.886,59.298
589.834,237.928,51.886,59.298
589.177,240.771,51.886,59.298
588.521,240.553,51.886,59.298
589.177,239.021,51.886,59.298
588.521,241.865,51.886,59.298
588.740,239.896,51.886,59.298
588.959,240.990,51.886,59.298
589.177,239.459,51.886,59.298
588.521,241.865,51.886,59.298
590.550,239.756,50.780,58.034
589.322,241.113,51.903,59.318
589.103,240.457,51.903,59.318
588.885,239.800,51.903,59.318
589.541,239.582,51.903,59.318
589.322,241.989,51.903,59.318
588.666,240.457,51.903,59.318
589.322,238.925,51.903,59.318
588.666,241.332,51.903,59.318
589.322,239.800,51.903,59.318
589.103,242.645,51.903,59.318
588.447,240.238,51.903,59.318
589.103,240.019,51.903,59.318
588.885,242.426,51.903,59.318
589.541,240.019,51.903,59.318
589.322,242.864,51.903,59.318
588.666,240.895,51.903,59.318
