139.000,194.000,8.000,8.000
139.271,192.964,8.177,8.177
139.625,189.906,8.177,8.177
139.835,188.245,8.358,8.358
140.263,186.567,8.358,8.358
140.559,184.494,8.358,8.358
139.868,182.618,8.358,8.358
140.033,180.743,8.358,8.358
140.263,178.867,8.358,8.358
140.625,176.531,8.358,8.358
139.868,174.129,8.358,8.358
140.033,172.780,8.358,8.358
140.263,170.378,8.358,8.358
140.427,168.305,8.358,8.358
139.671,166.890,8.358,8.358
139.901,164.356,8.358,8.358
140.197,161.691,8.358,8.358
140.427,159.881,8.358,8.358
139.671,158.269,8.358,8.358
139.835,156.525,8.358,8.358
140.000,153.794,8.358,8.358
140.164,151.984,8.358,8.358
140.197,149.713,8.358,8.358
140.427,147.245,8.358,8.358
139.671,145.699,8.358,8.358
139.769,143.099,8.358,8.358
139.868,141.487,8.358,8.358
139.704,138.756,8.358,8.358
139.671,137.078,8.358,8.358
139.309,135.136,8.358,8.358
139.934,132.668,8.358,8.358
140.033,130.266,8.358,8.358
139.802,128.720,8.358,8.358
139.835,126.384,8.358,8.358
139.868,123.916,8.358,8.358
139.769,122.369,8.358,8.358
139.802,119.770,8.358,8.358
139.440,118.026,8.358,8.358
139.276,116.216,8.358,8.358
139.967,114.406,8.358,8.358
139.671,111.675,8.358,8.358
139.440,109.865,8.358,8.358
139.407,107.990,8.358,8.358
139.177,105.982,8.358,8.358
140.197,103.580,8.358,8.358
140.427,101.507,8.358,8.358
139.736,99.039,8.358,8.358
140.098,97.559,8.358,8.358
140.263,95.420,8.358,8.358
140.756,93.544,8.358,8.358
140.395,91.010,8.358,8.358
139.835,89.398,8.358,8.358
140.395,86.996,8.358,8.358
139.835,86.371,8.358,8.358
140.460,83.706,8.358,8.358
139.967,82.093,8.358,8.358
140.395,80.415,8.358,8.358
139.769,77.750,8.358,8.358
140.131,75.940,8.358,8.358
140.691,74.196,8.358,8.358
140.197,72.518,8.358,8.358
140.822,69.984,8.358,8.358
140.592,68.372,8.358,8.358
140.493,65.838,8.358,8.358
140.395,64.489,8.358,8.358
140.559,62.021,8.358,8.358
140.329,60.409,8.358,8.358
140.427,57.941,8.358,8.358
140.789,56.328,8.358,8.358
141.217,54.453,8.358,8.358
141.513,52.511,8.358,8.358
140.954,50.702,8.358,8.358
141.118,48.892,8.358,8.358
141.349,47.148,8.358,8.358
140.789,45.470,8.358,8.358
141.020,42.870,8.358,8.358
141.250,41.521,8.358,8.358
141.480,39.711,8.358,8.358
140.592,38.033,8.358,8.358
140.756,36.289,8.358,8.358
140.855,34.677,8.358,8.358
140.691,32.275,8.358,8.358
140.329,31.123,8.358,8.358
139.901,29.445,8.358,8.358
140.329,26.977,8.358,8.358
140.362,25.299,8.358,8.358
140.165,23.897,8.180,8.180
140.584,22.448,8.180,8.180
141.013,20.332,8.005,8.005
141.675,18.078,7.835,7.835
142.138,16.505,7.835,7.835
141.798,14.253,7.835,7.835
142.323,12.187,7.835,7.835
141.860,10.490,7.835,7.835
142.446,8.917,7.835,7.835
142.107,7.406,7.835,7.835
141.891,5.031,7.835,7.835
142.662,3.643,7.835,7.835
142.508,1.453,7.835,7.835
143.216,0.198,7.667,7.667
142.977,-1.669,7.504,7.504
143.769,-3.155,7.344,7.344
144.203,-4.514,7.344,7.344
144.637,-5.526,7.344,7.344
144.687,-7.371,7.187,7.187
144.637,-7.715,7.346,7.346
144.666,-7.975,7.346,7.346
144.695,-8.235,7.346,7.346
144.724,-7.744,7.346,7.346
144.753,-8.004,7.346,7.346
144.782,-8.264,7.346,7.346
144.811,-7.773,7.346,7.346
144.839,-8.033,7.346,7.346
144.868,-8.293,7.346,7.346
144.897,-7.801,7.346,7.346
144.926,-8.062,7.346,7.346
144.955,-8.322,7.346,7.346
144.984,-7.830,7.346,7.346
145.013,-8.091,7.346,7.346
145.042,-8.351,7.346,7.346
145.071,-7.859,7.346,7.346
145.100,-8.120,7.346,7.346
145.129,-8.380,7.346,7.346
145.158,-7.888,7.346,7.346
145.186,-8.149,7.346,7.346
145.215,-8.409,7.346,7.346
145.244,-7.917,7.346,7.346
145.273,-8.177,7.346,7.346
145.302,-7.686,7.346,7.346
145.331,-7.946,7.346,7.346
145.360,-8.206,7.346,7.346
145.389,-7.715,7.346,7.346
145.418,-7.975,7.346,7.346
145.447,-8.235,7.346,7.346
145.476,-7.744,7.346,7.346
145.504,-8.004,7.346,7.346
145.533,-8.264,7.346,7.346
145.562,-7.773,7.346,7.346
145.591,-8.033,7.346,7.346
145.620,-8.293,7.346,7.346
145.649,-7.801,7.346,7.346
145.678,-8.062,7.346,7.346
145.707,-8.322,7.346,7.346
145.736,-7.830,7.346,7.346
145.707,-8.091,7.346,7.346
145.678,-8.351,7.346,7.346
145.707,-7.859,7.346,7.346
145.678,-8.120,7.346,7.346
145.649,-8.380,7.346,7.346
145.678,-7.888,7.346,7.346
145.707,-8.149,7.346,7.346
145.736,-8.409,7.346,7.346
145.765,-7.917,7.346,7.346
145.794,-8.177,7.346,7.346
145.823,-7.686,7.346,7.346
145.851,-7.946,7.346,7.346
145.823,-8.206,7.346,7.346
145.851,-7.715,7.346,7.346
145.823,-8.033,7.346,7.346
145.851,-8.293,7.346,7.346
145.880,-7.801,7.346,7.346
145.851,-8.062,7.346,7.346
145.823,-8.322,7.346,7.346
145.851,-7.830,7.346,7.346
145.823,-8.091,7.346,7.346
145.851,-8.351,7.346,7.346
145.880,-7.859,7.346,7.346
145.909,-8.120,7.346,7.346
145.880,-8.380,7.346,7.346
145.909,-7.888,7.346,7.346
145.880,-8.149,7.346,7.346
145.851,-8.409,7.346,7.346
145.880,-7.917,7.346,7.346
145.909,-8.177,7.346,7.346
145.938,-7.686,7.346,7.346
145.909,-7.946,7.346,7.346
145.880,-8.206,7.346,7.346
145.851,-7.715,7.346,7.346
145.740,-8.066,7.509,7.509
145.626,-8.425,7.675,7.675
142.998,-5.313,7.675,7.675
142.544,-4.134,7.675,7.675
141.910,-2.835,7.675,7.675
141.577,-2.442,7.675,7.675
141.064,-0.962,7.675,7.675
141.457,0.579,7.675,7.675
140.822,1.637,7.675,7.675
140.913,2.936,7.675,7.675
140.943,4.538,7.675,7.675
140.913,5.837,7.675,7.675
140.641,7.439,7.675,7.675
140.308,8.798,7.675,7.675
140.769,10.249,7.511,7.511
141.276,11.897,7.351,7.351
140.900,13.952,7.351,7.351
140.524,14.965,7.351,7.351
140.842,16.151,7.351,7.351
139.540,17.685,7.351,7.351
139.800,19.914,7.351,7.351
140.119,20.753,7.351,7.351
139.511,22.923,7.351,7.351
139.829,23.531,7.351,7.351
139.222,25.702,7.351,7.351
139.540,27.352,7.351,7.351
139.743,28.654,7.351,7.351
139.945,30.188,7.351,7.351
139.164,31.374,7.351,7.351
139.366,32.793,7.351,7.351
139.048,34.963,7.351,7.351
138.672,35.513,7.351,7.351
139.627,37.626,7.351,7.351
139.366,39.507,7.351,7.351
138.874,40.694,7.351,7.351
138.382,42.285,7.351,7.351
138.701,43.356,7.351,7.351
139.019,44.774,7.351,7.351
138.411,46.656,7.351,7.351
138.787,47.842,7.351,7.351
139.164,48.334,7.351,7.351
138.556,50.331,7.351,7.351
138.874,51.807,7.351,7.351
138.035,53.804,7.351,7.351
138.064,55.280,7.351,7.351
137.746,56.409,7.351,7.351
138.411,57.827,7.351,7.351
137.861,58.608,7.351,7.351
137.254,60.663,7.351,7.351
137.630,62.197,7.351,7.351
137.948,63.152,7.351,7.351
137.225,64.223,7.351,7.351
137.485,65.757,7.351,7.351
137.861,67.754,7.351,7.351
137.138,68.998,7.351,7.351
137.456,69.838,7.351,7.351
137.775,71.140,7.351,7.351
137.977,73.021,7.351,7.351
137.254,74.324,7.351,7.351
137.514,76.205,7.351,7.351
137.774,77.449,7.351,7.351
137.977,78.925,7.351,7.351
137.196,79.938,7.351,7.351
137.398,81.241,7.351,7.351
137.659,82.659,7.351,7.351
137.919,84.656,7.351,7.351
137.369,86.016,7.351,7.351
137.138,87.286,7.514,7.514
137.522,88.617,7.514,7.514
137.907,90.126,7.514,7.514
137.286,91.161,7.514,7.514
137.493,92.433,7.514,7.514
137.072,93.670,7.680,7.680
137.332,94.871,7.850,7.850
137.672,96.509,7.850,7.850
136.961,98.827,7.850,7.850
137.240,99.352,7.850,7.850
137.518,101.361,7.850,7.850
137.796,102.690,7.850,7.850
137.209,103.463,7.850,7.850
137.549,105.595,7.850,7.850
137.889,106.182,7.850,7.850
137.240,108.315,7.850,7.850
137.641,109.829,7.850,7.850
137.054,111.220,7.850,7.850
137.332,112.796,7.850,7.850
137.672,113.940,7.850,7.850
137.085,115.578,7.850,7.850
137.425,116.907,7.850,7.850
137.827,118.668,7.850,7.850
137.178,119.997,7.850,7.850
137.456,122.006,7.850,7.850
137.858,123.397,7.850,7.850
137.270,125.096,7.850,7.850
137.610,126.364,7.850,7.850
136.961,128.496,7.850,7.850
137.301,130.072,7.850,7.850
137.580,131.401,7.850,7.850
136.869,132.977,7.850,7.850
137.023,134.183,7.850,7.850
137.301,136.191,7.850,7.850
137.641,137.459,7.850,7.850
136.931,139.282,7.850,7.850
137.023,140.735,7.850,7.850
137.054,141.940,7.850,7.850
137.023,143.578,7.850,7.850
136.745,144.598,7.850,7.850
136.467,146.112,7.850,7.850
136.992,148.430,7.850,7.850
136.591,150.192,7.850,7.850
136.127,151.582,7.850,7.850
136.529,152.540,7.850,7.850
136.992,154.858,7.850,7.850
136.529,155.878,7.850,7.850
136.931,157.145,7.850,7.850
136.343,159.278,7.850,7.850
136.683,160.730,7.850,7.850
135.972,161.997,7.850,7.850
136.251,163.697,7.850,7.850
136.529,164.841,7.850,7.850
136.807,166.046,7.850,7.850
135.972,168.055,7.850,7.850
136.251,169.631,7.850,7.850
136.343,170.960,7.850,7.850
136.498,173.092,7.850,7.850
136.591,174.916,7.850,7.850
135.571,176.121,7.850,7.850
136.467,177.883,7.850,7.850
136.560,179.273,7.850,7.850
136.652,181.468,7.850,7.850
135.694,183.044,7.850,7.850
135.478,184.373,7.850,7.850
136.498,186.073,7.850,7.850
136.652,187.649,7.850,7.850
135.694,188.792,7.850,7.850
135.725,190.307,7.850,7.850
135.571,192.563,7.850,7.850
136.220,194.263,7.850,7.850
136.003,195.530,7.850,7.850
135.787,197.724,7.850,7.850
135.571,198.249,7.850,7.850
136.529,200.567,7.850,7.850
136.436,202.143,7.850,7.850
136.343,203.472,7.850,7.850
136.251,205.605,7.850,7.850
136.034,206.068,7.850,7.850
135.756,208.139,7.850,7.850
135.540,209.715,7.850,7.850
136.312,210.982,7.850,7.850
136.034,212.991,7.850,7.850
135.880,214.444,7.850,7.850
135.725,216.762,7.850,7.850
135.633,218.091,7.850,7.850
135.478,219.667,7.850,7.850
136.560,221.181,7.850,7.850
136.343,223.375,7.850,7.850
136.374,225.570,7.850,7.850
136.343,227.331,7.850,7.850
136.436,228.660,7.850,7.850
136.529,229.927,7.850,7.850
136.498,232.060,7.850,7.850
136.405,233.698,7.850,7.850
136.560,235.212,7.850,7.850
136.714,237.468,7.850,7.850
135.942,239.106,7.850,7.850
135.911,240.682,7.850,7.850
135.880,242.011,7.850,7.850
135.911,244.144,7.850,7.850
135.694,246.029,7.850,7.850
135.416,247.420,7.850,7.850
136.065,249.676,7.850,7.850
135.849,250.881,7.850,7.850
135.633,252.581,7.850,7.850
135.354,254.466,7.850,7.850
135.748,257.105,8.024,8.024
135.211,258.463,8.024,8.024
135.685,260.074,8.024,8.024
135.498,261.264,8.201,8.201
135.143,262.975,8.201,8.201
135.287,265.397,8.383,8.383
135.518,266.090,8.383,8.383
134.759,268.367,8.383,8.383
134.924,269.456,8.383,8.383
135.023,270.941,8.383,8.383
135.122,273.284,8.383,8.383
135.089,275.429,8.383,8.383
134.756,276.809,8.568,8.568
134.858,278.394,8.568,8.568
134.554,279.710,8.568,8.568
134.115,281.295,8.568,8.568
134.689,282.678,8.568,8.568
134.318,285.073,8.568,8.568
134.118,286.763,8.758,8.758
134.428,287.488,8.758,8.758
134.394,290.142,8.758,8.758
134.290,291.556,8.758,8.758
133.657,293.140,8.951,8.951
134.115,294.656,8.951,8.951
134.199,296.202,9.149,9.149
134.307,298.399,9.149,9.149
134.415,299.948,9.149,9.149
134.595,301.713,9.149,9.149
133.839,303.190,9.149,9.149
134.091,304.955,9.149,9.149
134.415,306.648,9.149,9.149
134.739,308.125,9.149,9.149
133.983,309.890,9.149,9.149
134.307,311.511,9.149,9.149
134.631,313.060,9.149,9.149
133.947,315.113,9.149,9.149
134.343,317.022,9.149,9.149
134.955,318.860,9.149,9.149
134.343,320.264,9.149,9.149
134.667,322.102,9.149,9.149
134.055,323.723,9.149,9.149
134.307,325.127,9.149,9.149
134.487,326.964,9.149,9.149
133.731,328.513,9.149,9.149
133.911,330.062,9.149,9.149
133.875,331.827,9.149,9.149
133.983,333.448,9.149,9.149
133.659,335.069,9.149,9.149
133.968,336.575,9.352,9.352
133.490,339.189,9.352,9.352
133.968,340.625,9.352,9.352
133.490,342.503,9.352,9.352
134.042,344.160,9.352,9.352
133.416,345.596,9.352,9.352
133.821,347.252,9.352,9.352
134.153,348.688,9.352,9.352
133.527,350.272,9.352,9.352
133.932,350.971,9.352,9.352
133.232,351.818,9.352,9.352
133.637,353.696,9.352,9.352
134.042,354.395,9.352,9.352
133.490,355.168,9.352,9.352
133.895,355.868,9.352,9.352
133.269,356.273,9.352,9.352
133.748,356.899,9.352,9.352
134.153,357.230,9.352,9.352
133.453,357.782,9.352,9.352
133.858,359.071,9.352,9.352
133.232,359.255,9.352,9.352
133.637,359.660,9.352,9.352
134.042,360.360,9.352,9.352
133.490,360.544,9.352,9.352
133.968,361.022,9.352,9.352
133.563,360.838,9.352,9.352
134.263,361.022,9.352,9.352
133.932,361.575,9.352,9.352
133.674,362.422,9.352,9.352
134.447,362.753,9.352,9.352
134.410,363.379,9.352,9.352
134.594,363.710,9.352,9.352
134.705,364.115,9.352,9.352
134.889,363.931,9.352,9.352
134.116,364.263,9.352,9.352
134.447,364.741,9.352,9.352
134.778,365.293,9.352,9.352
135.183,365.330,9.352,9.352
134.558,365.514,9.352,9.352
135.110,365.772,9.352,9.352
134.558,366.103,9.352,9.352
135.036,365.625,9.352,9.352
134.410,366.177,9.352,9.352
134.594,366.214,9.352,9.352
134.705,366.472,9.352,9.352
134.668,366.877,9.352,9.352
134.410,366.324,9.352,9.352
134.005,366.950,9.352,9.352
133.379,366.472,9.352,9.352
133.711,367.097,9.352,9.352
133.821,366.545,9.352,9.352
133.563,367.097,9.352,9.352
133.306,366.766,9.352,9.352
133.195,367.539,9.352,9.352
132.717,367.134,9.352,9.352
133.195,366.582,9.352,9.352
132.569,367.061,9.352,9.352
132.680,366.435,9.352,9.352
132.348,366.840,9.352,9.352
131.870,366.214,9.352,9.352
131.170,366.545,9.352,9.352
131.060,366.435,9.352,9.352
130.802,366.398,9.352,9.352
131.354,366.582,9.352,9.352
130.802,366.619,9.352,9.352
131.060,366.508,9.352,9.352
130.287,366.324,9.352,9.352
130.397,366.287,9.352,9.352
130.581,366.398,9.352,9.352
130.544,366.361,9.352,9.352
130.287,366.030,9.352,9.352
129.882,365.846,9.352,9.352
129.403,365.882,9.352,9.352
129.882,365.919,9.352,9.352
129.329,365.956,9.352,9.352
129.587,365.993,9.352,9.352
129.697,365.882,9.352,9.352
129.882,365.846,9.352,9.352
129.035,365.809,9.352,9.352
129.072,366.508,9.352,9.352
129.108,366.324,9.352,9.352
128.924,365.846,9.352,9.352
128.814,365.220,9.352,9.352
129.513,365.477,9.352,9.352
129.256,365.662,9.352,9.352
128.924,365.846,9.352,9.352
128.667,364.999,9.352,9.352
129.366,365.257,9.352,9.352
129.108,365.588,9.352,9.352
128.851,365.772,9.352,9.352
128.519,365.809,9.352,9.352
129.145,365.846,9.352,9.352
128.814,364.925,9.352,9.352
129.440,364.962,9.352,9.352
129.035,364.999,9.352,9.352
128.630,365.036,9.352,9.352
129.182,365.072,9.352,9.352
128.924,365.183,9.352,9.352
128.667,365.293,9.352,9.352
129.366,365.477,9.352,9.352
129.256,365.735,9.352,9.352
129.072,366.066,9.352,9.352
128.814,365.367,9.352,9.352
129.513,365.698,9.352,9.352
129.256,366.030,9.352,9.352
128.924,365.404,9.352,9.352
128.593,365.882,9.352,9.352
129.292,365.330,9.352,9.352
128.961,365.735,9.352,9.352
128.703,366.214,9.352,9.352
129.477,365.588,9.352,9.352
129.219,365.993,9.352,9.352
128.961,365.367,9.352,9.352
128.777,365.698,9.352,9.352
129.477,365.956,9.352,9.352
129.145,365.035,9.352,9.352
128.814,364.925,9.352,9.352
129.366,365.109,9.352,9.352
128.887,365.367,9.352,9.352
128.114,365.477,9.352,9.352
128.151,365.588,9.352,9.352
127.893,365.624,9.352,9.352
127.488,365.661,9.352,9.352
128.041,365.698,9.352,9.352
127.636,365.882,9.352,9.352
128.188,364.962,9.352,9.352
127.709,364.925,9.352,9.352
128.262,364.888,9.352,9.352
127.930,365.072,9.352,9.352
128.114,365.404,9.352,9.352
128.593,365.809,9.352,9.352
129.145,365.993,9.352,9.352
128.961,365.293,9.352,9.352
129.292,365.624,9.352,9.352
129.845,365.956,9.352,9.352
130.029,365.183,9.352,9.352
130.581,365.514,9.352,9.352
131.575,365.624,9.352,9.352
132.127,365.956,9.352,9.352
132.312,365.183,9.352,9.352
132.864,365.588,9.352,9.352
132.974,365.993,9.352,9.352
133.527,365.293,9.352,9.352
134.963,365.551,9.352,9.352
135.220,365.808,9.352,9.352
135.846,365.993,9.352,9.352
136.251,365.293,9.352,9.352
137.613,365.551,9.352,9.352
138.755,365.808,9.352,9.352
139.675,366.213,9.352,9.352
140.448,365.440,9.352,9.352
141.001,365.698,9.352,9.352
141.553,365.808,9.352,9.352
143.063,365.624,9.352,9.352
143.394,365.514,9.352,9.352
144.756,365.182,9.352,9.352
146.119,364.704,9.352,9.352
146.450,365.256,9.352,9.352
147.886,364.851,9.352,9.352
148.217,364.372,9.352,9.352
149.653,364.998,9.352,9.352
151.236,364.667,9.352,9.352
152.009,365.219,9.352,9.352
153.224,364.888,9.352,9.352
154.660,364.557,9.352,9.352
156.244,365.256,9.352,9.352
156.943,364.998,9.352,9.352
158.305,364.593,9.352,9.352
159.815,365.146,9.352,9.352
161.545,364.888,9.352,9.352
162.466,364.630,9.352,9.352
163.902,365.330,9.352,9.352
164.454,365.367,9.352,9.352
166.185,365.035,9.352,9.352
167.400,364.630,9.352,9.352
169.056,365.403,9.352,9.352
169.977,364.998,9.352,9.352
171.634,365.183,9.352,9.352
173.659,365.882,9.352,9.352
175.316,365.330,9.352,9.352
176.383,365.882,9.352,9.352
177.966,365.403,9.352,9.352
178.740,365.956,9.352,9.352
181.280,365.698,9.352,9.352
182.201,366.692,9.352,9.352
183.857,366.876,9.352,9.352
184.925,366.177,9.352,9.352
186.508,366.508,9.352,9.352
188.460,366.766,9.352,9.352
190.117,367.318,9.352,9.352
191.626,366.987,9.352,9.352
193.504,367.392,9.352,9.352
195.013,367.723,9.352,9.352
196.007,368.054,9.352,9.352
197.738,367.428,9.352,9.352
199.984,367.981,9.352,9.352
200.978,368.018,9.352,9.352
202.635,367.760,9.352,9.352
205.028,369.048,9.352,9.352
206.096,368.496,9.352,9.352
207.605,369.122,9.352,9.352
210.293,368.791,9.352,9.352
211.803,369.564,9.352,9.352
214.196,369.969,9.352,9.352
214.895,369.564,9.352,9.352
216.626,370.337,9.352,9.352
219.019,370.521,9.352,9.352
220.529,370.926,9.352,9.352
223.069,370.300,9.352,9.352
224.505,371.147,9.352,9.352
226.530,370.963,9.352,9.352
228.334,371.442,9.352,9.352
230.138,371.994,9.352,9.352
231.942,371.736,9.352,9.352
233.673,373.098,9.352,9.352
236.434,372.546,9.352,9.352
238.091,373.246,9.352,9.352
239.895,373.503,9.352,9.352
241.846,373.908,9.352,9.352
243.871,373.283,9.352,9.352
245.749,373.614,9.352,9.352
248.952,374.313,9.352,9.352
250.388,374.056,9.352,9.352
253.002,373.945,9.352,9.352
254.807,374.277,9.352,9.352
257.715,374.755,9.352,9.352
259.740,375.308,9.352,9.352
262.281,375.565,9.352,9.352
263.790,375.970,9.352,9.352
266.478,375.418,9.352,9.352
268.577,375.897,9.352,9.352
271.117,375.344,9.352,9.352
272.774,375.897,9.352,9.352
275.683,376.302,9.352,9.352
278.223,376.633,9.352,9.352
279.880,376.891,9.352,9.352
281.758,376.265,9.352,9.352
284.887,376.670,9.352,9.352
286.618,377.075,9.352,9.352
289.968,376.670,9.352,9.352
292.361,377.517,9.352,9.352
294.902,377.038,9.352,9.352
296.780,376.633,9.352,9.352
300.351,377.259,9.352,9.352
301.967,377.652,9.559,9.559
304.864,377.690,9.559,9.559
307.611,377.276,9.559,9.559
310.668,377.209,9.770,9.770
312.861,376.555,9.770,9.770
315.823,376.978,9.770,9.770
318.554,377.478,9.770,9.770
320.439,376.824,9.770,9.770
323.170,377.324,9.770,9.770
325.978,376.901,9.770,9.770
329.102,377.312,9.986,9.986
332.208,377.745,9.986,9.986
334.842,377.155,9.986,9.986
337.555,377.823,9.986,9.986
339.718,377.076,9.986,9.986
342.509,377.587,9.986,9.986
345.537,376.997,9.986,9.986
348.328,377.666,9.986,9.986
352.220,377.391,9.986,9.986
355.012,378.059,9.986,9.986
357.646,377.705,9.986,9.986
360.359,377.194,9.986,9.986
363.622,377.863,9.986,9.986
366.257,377.980,9.986,9.986
369.363,377.548,9.986,9.986
372.626,377.587,9.986,9.986
374.946,377.391,9.986,9.986
378.288,378.138,9.986,9.986
381.472,377.941,9.986,9.986
385.129,378.216,9.986,9.986
387.370,377.705,9.986,9.986
390.712,377.273,9.986,9.986
393.346,377.862,9.986,9.986
396.924,377.509,9.986,9.986
399.243,377.076,9.986,9.986
403.057,377.666,9.986,9.986
406.006,378.020,9.986,9.986
408.876,378.374,9.986,9.986
410.960,377.941,9.986,9.986
414.616,377.273,9.986,9.986
417.565,377.627,9.986,9.986
420.514,376.958,9.986,9.986
423.148,377.155,9.986,9.986
427.198,377.351,9.986,9.986
430.304,377.548,9.986,9.986
433.404,377.086,9.773,9.773
436.521,377.509,9.773,9.773
440.022,376.701,9.773,9.773
443.677,376.971,9.773,9.773
446.179,377.240,9.773,9.773
449.141,376.432,9.773,9.773
452.258,376.778,9.773,9.773
455.452,377.047,9.773,9.773
458.723,377.163,9.773,9.773
461.916,376.509,9.773,9.773
465.572,376.701,9.773,9.773
467.534,377.124,9.773,9.773
471.805,376.393,9.773,9.773
475.307,375.970,9.773,9.773
477.346,376.470,9.773,9.773
480.551,376.003,9.990,9.990
483.265,375.964,9.990,9.990
486.687,375.767,9.990,9.990
489.409,376.366,9.777,9.777
492.219,375.712,9.777,9.777
494.875,375.519,9.777,9.777
498.081,375.052,9.993,9.993
500.122,374.741,9.780,9.780
502.778,374.780,9.780,9.780
505.743,374.433,9.780,9.780
508.477,373.933,9.780,9.780
510.133,374.279,9.780,9.780
511.982,373.252,9.996,9.996
514.933,373.606,9.996,9.996
516.941,372.780,9.996,9.996
519.813,372.426,9.996,9.996
521.663,372.937,9.996,9.996
523.513,372.268,9.996,9.996
525.520,372.072,9.996,9.996
527.247,371.430,10.217,10.217
529.298,371.551,10.217,10.217
531.189,371.350,10.217,10.217
533.080,370.907,10.217,10.217
534.729,370.465,10.217,10.217
536.539,370.988,10.217,10.217
538.188,370.304,10.217,10.217
538.868,370.316,10.444,10.444
540.801,369.782,10.444,10.444
541.829,370.316,10.444,10.444
543.432,369.782,10.444,10.444
544.213,370.234,10.444,10.444
546.146,370.604,10.444,10.444
547.009,369.905,10.444,10.444
548.037,370.111,10.444,10.444
548.983,370.481,10.444,10.444
549.929,369.782,10.444,10.444
550.545,370.069,10.444,10.444
551.080,370.522,10.444,10.444
552.272,369.905,10.444,10.444
552.889,370.357,10.444,10.444
553.341,369.740,10.444,10.444
552.971,370.275,10.444,10.444
554.163,370.645,10.444,10.444
554.698,370.111,10.444,10.444
554.246,370.727,10.444,10.444
554.862,370.193,10.444,10.444
554.575,370.727,10.444,10.444
554.451,370.111,10.444,10.444
554.246,370.563,10.444,10.444
555.109,369.864,10.444,10.444
554.739,370.398,10.444,10.444
554.287,369.864,10.444,10.444
553.835,370.234,10.444,10.444
553.629,370.439,10.444,10.444
553.177,369.740,10.444,10.444
553.465,369.617,10.444,10.444
552.354,369.740,10.444,10.444
551.573,369.453,10.444,10.444
551.039,369.165,10.444,10.444
550.669,369.864,10.444,10.444
549.723,369.412,10.444,10.444
548.860,368.795,10.444,10.444
548.161,369.329,10.444,10.444
547.462,368.713,10.444,10.444
545.858,369.165,10.444,10.444
545.241,369.453,10.444,10.444
544.542,368.754,10.444,10.444
542.857,369.124,10.444,10.444
541.911,369.658,10.444,10.444
540.801,369.206,10.444,10.444
539.107,369.645,10.675,10.675
538.056,369.687,10.675,10.675
536.585,369.141,10.675,10.675
535.871,369.687,10.675,10.675
533.728,369.141,10.675,10.675
531.836,370.023,10.675,10.675
530.534,369.645,10.675,10.675
529.735,370.528,10.675,10.675
527.592,370.738,10.675,10.675
526.625,370.107,10.675,10.675
524.902,370.738,10.675,10.675
522.759,370.360,10.675,10.675
520.616,370.990,10.675,10.675
518.623,371.526,10.911,10.911
516.861,371.311,10.911,10.911
515.702,371.182,10.911,10.911
513.769,371.483,10.911,10.911
511.836,371.955,10.911,10.911
509.989,372.600,10.911,10.911
508.141,372.557,10.911,10.911
505.659,371.946,11.152,11.152
503.420,372.780,11.152,11.152
501.707,373.087,11.152,11.152
498.853,373.658,11.152,11.152
496.614,373.175,11.152,11.152
494.287,374.009,11.152,11.152
492.487,374.229,11.152,11.152
489.984,374.800,11.152,11.152
488.009,374.580,11.152,11.152
485.857,375.063,11.152,11.152
483.530,375.722,11.152,11.152
480.676,375.414,11.152,11.152
478.437,376.951,11.152,11.152
475.467,377.366,10.914,10.914
473.619,376.894,10.914,10.914
471.256,377.710,10.914,10.914
468.549,378.269,10.914,10.914
466.056,377.929,10.682,10.682
463.238,378.392,10.682,10.682
461.093,379.443,10.682,10.682
457.939,379.738,10.682,10.682
455.711,379.275,10.682,10.682
452.725,380.326,10.682,10.682
449.739,380.873,10.682,10.682
446.921,380.495,10.682,10.682
444.356,382.051,10.682,10.682
442.211,382.009,10.682,10.682
439.447,382.731,10.454,10.454
435.788,383.170,10.685,10.685
432.885,383.128,10.685,10.685
430.151,383.675,10.685,10.685
427.248,383.212,10.685,10.685
424.345,384.600,10.685,10.685
421.443,384.979,10.685,10.685
418.540,384.853,10.685,10.685
415.553,385.147,10.685,10.685
412.314,386.031,10.685,10.685
408.907,385.736,10.685,10.685
405.415,386.199,10.685,10.685
402.812,387.245,10.457,10.457
399.392,388.190,10.234,10.234
396.370,388.392,10.234,10.234
393.590,388.835,10.234,10.234
390.649,389.520,10.234,10.234
387.063,389.802,10.234,10.234
383.316,390.406,10.234,10.234
380.213,390.527,10.234,10.234
376.788,390.970,10.234,10.234
374.250,390.527,10.234,10.234
370.664,391.373,10.234,10.234
367.481,391.736,10.234,10.234
363.814,392.179,10.234,10.234
360.873,392.139,10.234,10.234
357.448,392.743,10.234,10.234
353.540,393.670,10.234,10.234
350.034,393.871,10.234,10.234
346.932,395.120,10.234,10.234
342.459,394.113,10.234,10.234
339.357,394.556,10.234,10.234
336.415,395.161,10.234,10.234
333.071,395.523,10.234,10.234
328.518,395.402,10.234,10.234
325.416,395.926,10.234,10.234
322.152,395.564,10.234,10.234
317.841,397.296,10.234,10.234
315.222,397.014,10.234,10.234
310.911,396.813,10.234,10.234
307.495,397.912,10.461,10.461
303.994,398.365,10.461,10.461
300.329,397.912,10.461,10.461
296.828,398.941,10.461,10.461
293.337,399.552,10.692,10.692
289.759,400.099,10.692,10.692
285.171,399.636,10.692,10.692
282.098,400.604,10.692,10.692
278.435,400.983,10.692,10.692
275.110,400.436,10.692,10.692
271.111,400.983,10.692,10.692
266.859,400.941,10.692,10.692
263.281,401.573,10.692,10.692
260.674,402.197,10.929,10.929
256.328,401.379,10.929,10.929
251.982,402.025,10.929,10.929
249.100,402.498,10.929,10.929
244.410,402.283,10.929,10.929
240.839,402.326,10.929,10.929
238.042,402.541,10.929,10.929
233.266,402.928,10.929,10.929
229.695,403.660,10.929,10.929
226.296,403.272,10.929,10.929
222.208,403.487,10.929,10.929
218.551,403.789,10.929,10.929
215.066,404.434,10.929,10.929
210.720,404.391,10.929,10.929
207.579,404.778,10.929,10.929
203.836,405.338,10.929,10.929
200.437,405.122,10.929,10.929
196.263,404.649,10.929,10.929
192.090,405.553,10.929,10.929
188.175,405.768,10.929,10.929
184.862,406.327,10.929,10.929
181.807,406.112,10.929,10.929
178.149,405.983,10.929,10.929
173.632,406.973,10.929,10.929
171.007,407.274,10.929,10.929
167.350,406.628,10.929,10.929
162.832,407.618,10.929,10.929
160.035,407.747,10.929,10.929
156.292,408.048,10.929,10.929
151.860,407.403,10.929,10.929
149.064,407.962,10.929,10.929
144.632,408.780,10.929,10.929
141.491,408.565,10.929,10.929
137.920,408.435,10.929,10.929
134.693,408.909,10.929,10.929
131.036,409.468,10.929,10.929
127.120,408.823,10.929,10.929
123.463,409.554,10.929,10.929
120.408,408.995,10.929,10.929
117.698,409.640,10.929,10.929
114.385,409.081,10.929,10.929
110.986,408.694,10.929,10.929
108.619,409.339,10.929,10.929
105.220,409.038,10.929,10.929
101.993,408.995,10.929,10.929
100.143,409.554,10.929,10.929
96.572,408.995,10.929,10.929
94.464,409.468,10.929,10.929
91.839,408.737,10.929,10.929
89.903,408.608,10.929,10.929
87.708,408.306,10.929,10.929
85.342,407.747,10.929,10.929
82.631,408.392,10.929,10.929
80.781,407.661,10.929,10.929
78.845,407.360,10.929,10.929
77.167,406.887,10.929,10.929
74.920,407.376,10.696,10.696
72.941,406.997,10.696,10.696
70.877,406.281,10.696,10.696
69.235,406.239,10.696,10.696
68.519,406.029,10.696,10.696
67.382,405.734,10.696,10.696
65.993,405.439,10.696,10.696
64.182,406.155,10.696,10.696
63.213,405.776,10.696,10.696
61.824,404.892,10.696,10.696
60.350,404.766,10.696,10.696
59.887,404.723,10.696,10.696
58.750,404.513,10.696,10.696
57.781,405.397,10.696,10.696
57.318,405.608,10.696,10.696
57.108,405.313,10.696,10.696
56.308,405.102,10.696,10.696
55.676,404.723,10.696,10.696
54.455,404.260,10.696,10.696
54.918,404.892,10.696,10.696
54.034,404.513,10.696,10.696
53.571,405.060,10.696,10.696
54.202,404.597,10.696,10.696
53.486,405.145,10.696,10.696
53.697,404.597,10.696,10.696
52.897,405.229,10.696,10.696
52.939,404.681,10.696,10.696
53.065,404.134,10.696,10.696
53.192,404.681,10.696,10.696
53.318,404.134,10.696,10.696
53.444,404.681,10.696,10.696
53.571,404.050,10.696,10.696
53.529,404.429,10.696,10.696
53.823,404.892,10.696,10.696
53.360,404.176,10.696,10.696
53.992,404.471,10.696,10.696
53.950,404.513,10.696,10.696
54.329,404.387,10.696,10.696
55.044,404.260,10.696,10.696
55.508,404.050,10.696,10.696
56.560,403.587,10.696,10.696
57.360,404.050,10.696,10.696
57.908,403.418,10.696,10.696
58.203,404.050,10.696,10.696
58.918,403.418,10.696,10.696
59.641,403.897,10.468,10.468
60.507,403.527,10.468,10.468
61.207,403.073,10.468,10.468
62.402,403.444,10.468,10.468
62.773,402.744,10.468,10.468
63.886,402.867,10.468,10.468
64.832,402.383,10.244,10.244
66.808,402.746,10.244,10.244
67.736,403.028,10.244,10.244
68.825,402.262,10.244,10.244
69.750,402.799,10.026,10.026
70.737,402.049,10.026,10.026
71.803,402.325,10.026,10.026
72.947,402.680,10.026,10.026
74.645,402.088,10.026,10.026
75.631,402.444,10.026,10.026
76.776,402.483,10.026,10.026
78.473,402.917,10.026,10.026
80.723,402.167,10.026,10.026
81.000,402.207,10.026,10.026
82.697,402.246,10.026,10.026
83.999,402.049,10.026,10.026
86.091,402.246,10.026,10.026
87.631,401.812,10.026,10.026
88.618,401.694,10.026,10.026
90.157,401.259,10.026,10.026
92.486,401.851,10.026,10.026
94.262,401.417,10.026,10.026
95.801,401.930,10.026,10.026
96.867,401.338,10.026,10.026
98.959,401.851,10.026,10.026
100.341,401.180,10.026,10.026
102.670,401.615,10.026,10.026
103.972,400.865,10.026,10.026
105.906,401.220,10.026,10.026
107.446,401.575,10.026,10.026
110.169,400.825,10.026,10.026
111.551,401.180,10.026,10.026
112.774,401.536,10.026,10.026
114.866,400.865,10.026,10.026
117.037,401.062,10.026,10.026
118.971,401.338,10.026,10.026
120.905,401.615,10.026,10.026
122.840,400.865,10.026,10.026
124.853,401.141,10.026,10.026
126.629,400.865,10.026,10.026
128.642,400.825,10.026,10.026
130.576,400.549,10.026,10.026
133.221,400.667,10.026,10.026
135.549,400.312,10.026,10.026
137.247,401.141,10.026,10.026
140.207,400.865,10.026,10.026
142.220,400.667,10.026,10.026
144.391,400.707,10.026,10.026
146.878,400.430,10.026,10.026
148.259,401.023,10.026,10.026
151.299,400.904,10.026,10.026
153.470,401.023,10.026,10.026
156.114,400.588,10.026,10.026
158.285,400.549,10.026,10.026
160.614,400.667,10.026,10.026
162.311,400.944,10.026,10.026
165.666,401.062,10.026,10.026
167.364,401.496,10.026,10.026
170.482,400.983,10.026,10.026
173.127,401.575,10.026,10.026
175.219,401.062,10.026,10.026
177.784,401.733,10.026,10.026
180.034,401.299,10.026,10.026
182.995,402.286,10.026,10.026
185.086,402.009,10.026,10.026
188.047,402.207,10.026,10.026
190.534,402.325,10.026,10.026
192.152,402.601,10.026,10.026
195.428,401.930,10.026,10.026
198.546,402.365,10.026,10.026
200.086,403.036,10.026,10.026
203.836,402.365,10.026,10.026
206.401,403.115,10.026,10.026
209.283,402.838,10.026,10.026
212.164,402.957,10.026,10.026
214.256,403.075,10.026,10.026
217.374,403.588,10.026,10.026
220.177,402.917,10.026,10.026
222.900,403.351,10.026,10.026
225.042,404.182,10.248,10.248
226.938,403.416,10.248,10.248
229.964,403.940,10.248,10.248
232.828,403.335,10.248,10.248
236.177,403.617,10.248,10.248
238.477,404.223,10.248,10.248
241.583,403.779,10.248,10.248
244.609,404.465,10.248,10.248
247.151,404.586,10.248,10.248
249.531,405.110,10.248,10.248
252.638,404.586,10.248,10.248
255.825,405.272,10.248,10.248
258.932,404.747,10.248,10.248
260.424,405.352,10.248,10.248
263.773,405.312,10.248,10.248
266.960,405.675,10.248,10.248
269.260,406.200,10.248,10.248
272.528,405.756,10.248,10.248
275.635,406.280,10.248,10.248
278.660,406.078,10.248,10.248
281.041,405.554,10.248,10.248
283.098,406.401,10.248,10.248
286.044,406.522,10.248,10.248
289.554,407.208,10.248,10.248
292.741,406.764,10.248,10.248
295.686,407.370,10.248,10.248
298.712,407.087,10.248,10.248
301.980,407.450,10.248,10.248
304.199,407.813,10.248,10.248
306.902,408.176,10.248,10.248
309.686,407.894,10.248,10.248
313.196,407.612,10.248,10.248
315.495,408.943,10.248,10.248
318.683,408.338,10.248,10.248
321.870,409.024,10.248,10.248
324.815,408.580,10.248,10.248
328.002,409.589,10.248,10.248
330.221,410.113,10.248,10.248
333.328,409.831,10.248,10.248
336.273,410.759,10.248,10.248
339.138,410.880,10.248,10.248
342.002,410.194,10.248,10.248
344.382,410.395,10.248,10.248
347.408,411.162,10.248,10.248
350.111,410.799,10.248,10.248
352.734,411.808,10.248,10.248
356.325,412.251,10.248,10.248
358.705,411.646,10.248,10.248
361.570,412.413,10.248,10.248
364.434,412.211,10.248,10.248
366.492,412.009,10.248,10.248
369.356,411.969,10.248,10.248
371.575,412.493,10.248,10.248
374.117,412.857,10.248,10.248
375.852,413.300,10.248,10.248
378.071,412.695,10.248,10.248
379.644,413.220,10.248,10.248
382.670,412.534,10.248,10.248
384.405,413.058,10.248,10.248
385.898,412.534,10.248,10.248
386.503,413.058,10.248,10.248
388.802,412.614,10.248,10.248
390.457,412.897,10.248,10.248
391.707,412.211,10.248,10.248
393.119,412.413,10.248,10.248
393.805,412.614,10.248,10.248
395.621,412.493,10.248,10.248
396.145,412.534,10.248,10.248
396.589,412.574,10.248,10.248
397.920,412.614,10.248,10.248
398.203,412.171,10.248,10.248
398.566,411.646,10.248,10.248
399.494,411.606,10.248,10.248
400.180,411.485,10.248,10.248
400.462,410.880,10.248,10.248
401.148,410.194,10.248,10.248
401.027,409.831,10.248,10.248
401.067,410.194,10.248,10.248
401.350,409.347,10.248,10.248
402.035,408.903,10.248,10.248
401.753,408.136,10.248,10.248
402.600,407.692,10.248,10.248
402.721,408.136,10.248,10.248
402.842,407.289,10.248,10.248
402.602,407.748,10.029,10.029
402.404,406.682,10.029,10.029
403.233,406.011,10.029,10.029
403.194,405.498,10.029,10.029
403.233,404.668,10.029,10.029
403.194,404.234,10.029,10.029
403.391,404.589,10.029,10.029
403.905,403.681,10.029,10.029
403.470,403.247,10.029,10.029
403.984,403.681,10.029,10.029
403.470,402.931,10.029,10.029
403.984,403.207,10.029,10.029
403.549,403.484,10.029,10.029
403.115,403.760,10.029,10.029
403.707,402.931,10.029,10.029
403.273,403.128,10.029,10.029
403.865,403.326,10.029,10.029
403.352,403.444,10.029,10.029
403.707,403.642,10.029,10.029
402.878,402.892,10.029,10.029
402.602,403.484,10.029,10.029
402.088,403.918,10.029,10.029
402.286,403.405,10.029,10.029
401.930,403.997,10.029,10.029
401.259,403.405,10.029,10.029
401.062,404.076,10.029,10.029
400.470,403.721,10.029,10.029
400.006,404.399,9.815,9.815
399.735,403.896,9.815,9.815
398.769,404.553,9.815,9.815
398.344,404.205,9.815,9.815
397.223,404.321,9.815,9.815
396.489,404.514,9.815,9.815
395.987,405.017,9.815,9.815
395.484,405.674,9.815,9.815
394.441,405.481,9.815,9.815
393.552,405.210,9.815,9.815
392.663,405.403,9.815,9.815
391.697,405.674,9.815,9.815
390.809,406.099,9.815,9.815
389.997,405.596,9.815,9.815
389.108,406.408,9.815,9.815
387.215,406.678,9.815,9.815
385.940,407.104,9.815,9.815
385.515,406.756,9.815,9.815
383.930,407.490,9.815,9.815
383.196,407.529,9.815,9.815
381.380,407.799,9.815,9.815
380.414,408.301,9.815,9.815
378.675,408.186,9.815,9.815
377.863,408.224,9.815,9.815
376.897,408.417,9.815,9.815
375.545,408.920,9.815,9.815
373.729,409.499,9.815,9.815
372.376,409.770,9.815,9.815
370.560,410.118,9.815,9.815
369.748,409.306,9.815,9.815
368.705,409.963,9.815,9.815
367.043,410.620,9.815,9.815
366.155,410.736,9.815,9.815
363.488,411.084,9.815,9.815
362.754,411.741,9.815,9.815
361.092,411.316,9.815,9.815
359.353,410.890,9.815,9.815
358.619,412.011,9.815,9.815
356.958,412.204,9.815,9.815
356.223,411.316,9.815,9.815
354.407,411.663,9.815,9.815
353.518,412.088,9.815,9.815
352.011,412.513,9.815,9.815
351.200,412.088,9.815,9.815
349.229,412.900,9.815,9.815
347.490,412.475,9.815,9.815
346.601,412.282,9.815,9.815
345.249,412.552,9.815,9.815
344.051,412.977,9.815,9.815
343.626,413.480,9.815,9.815
342.119,412.977,9.815,9.815
340.380,413.480,9.815,9.815
339.723,413.054,9.815,9.815
338.912,413.943,9.815,9.815
338.100,413.518,9.815,9.815
336.361,413.170,9.815,9.815
335.704,412.823,9.815,9.815
335.202,413.789,9.815,9.815
334.004,413.750,9.815,9.815
334.043,413.402,9.815,9.815
333.231,413.441,9.815,9.815
332.033,413.170,9.815,9.815
332.072,412.745,9.815,9.815
331.647,413.016,9.815,9.815
330.681,412.513,9.815,9.815
330.333,411.779,9.815,9.815
329.599,411.509,9.815,9.815
329.869,410.852,9.815,9.815
329.676,410.504,9.815,9.815
329.251,409.770,9.815,9.815
328.826,409.036,9.815,9.815
329.328,408.456,9.815,9.815
328.671,406.717,9.815,9.815
329.019,406.060,9.815,9.815
329.444,405.558,9.815,9.815
328.787,404.128,9.815,9.815
329.135,402.389,9.815,9.815
328.401,401.655,9.815,9.815
328.748,400.766,9.815,9.815
329.096,399.645,9.815,9.815
328.439,398.447,9.815,9.815
328.787,397.018,9.815,9.815
329.135,396.283,9.815,9.815
328.401,394.390,9.815,9.815
328.826,393.424,9.815,9.815
329.251,392.381,9.815,9.815
328.671,390.951,9.815,9.815
329.173,390.294,9.815,9.815
328.826,388.478,9.815,9.815
329.405,387.589,9.815,9.815
328.903,386.236,9.815,9.815
329.483,384.575,9.815,9.815
329.212,383.609,9.815,9.815
329.328,382.333,9.815,9.815
329.444,380.595,9.815,9.815
329.869,379.628,9.815,9.815
330.217,378.044,9.815,9.815
329.637,377.387,9.815,9.815
330.062,375.185,9.815,9.815
330.565,373.600,9.815,9.815
329.985,372.789,9.815,9.815
330.333,371.823,9.815,9.815
329.676,370.238,9.815,9.815
330.024,368.268,9.815,9.815
330.526,366.915,9.815,9.815
330.178,366.181,9.815,9.815
330.062,364.056,9.815,9.815
330.874,363.399,9.815,9.815
330.603,361.351,9.815,9.815
330.333,359.689,9.815,9.815
330.449,358.646,9.815,9.815
330.410,356.984,9.815,9.815
330.449,356.018,9.815,9.815
330.719,354.434,9.815,9.815
330.681,352.308,9.815,9.815
330.487,350.569,9.815,9.815
330.217,349.371,9.815,9.815
330.101,347.555,9.815,9.815
329.753,346.280,9.815,9.815
330.410,344.232,9.815,9.815
329.985,342.416,9.815,9.815
330.487,340.831,9.815,9.815
329.985,339.479,9.815,9.815
330.642,337.585,9.815,9.815
330.062,335.769,9.815,9.815
330.565,334.571,9.815,9.815
329.830,332.214,9.815,9.815
330.101,330.166,9.815,9.815
329.444,328.350,9.815,9.815
329.560,326.534,9.815,9.815
329.521,325.026,9.815,9.815
328.942,323.365,9.815,9.815
329.367,321.085,9.815,9.815
328.632,319.501,9.815,9.815
328.826,317.453,9.815,9.815
329.096,315.482,9.815,9.815
328.130,313.511,9.815,9.815
327.860,311.772,9.815,9.815
328.439,309.879,9.815,9.815
327.860,308.062,9.815,9.815
328.285,306.169,9.815,9.815
327.628,303.348,9.815,9.815
327.821,301.377,9.815,9.815
328.014,299.561,9.815,9.815
328.207,297.745,9.815,9.815
327.087,296.006,9.815,9.815
327.744,294.267,9.815,9.815
327.473,291.601,9.815,9.815
327.125,289.707,9.815,9.815
326.546,287.736,9.815,9.815
326.894,285.688,9.815,9.815
327.396,283.177,9.815,9.815
326.739,280.819,9.815,9.815
327.087,279.699,9.815,9.815
327.357,277.496,9.815,9.815
326.700,275.293,9.815,9.815
327.125,272.473,9.815,9.815
326.237,270.811,9.815,9.815
326.584,269.072,9.815,9.815
327.009,267.410,9.815,9.815
327.435,264.976,9.815,9.815
326.623,263.237,9.815,9.815
326.894,260.339,9.815,9.815
327.087,258.368,9.815,9.815
326.971,256.397,9.815,9.815
326.932,254.504,9.815,9.815
326.894,252.610,9.815,9.815
327.087,250.717,9.815,9.815
327.048,248.823,9.815,9.815
327.087,246.930,9.815,9.815
327.203,244.882,9.815,9.815
326.237,242.756,9.815,9.815
326.121,240.708,9.815,9.815
326.082,238.737,9.815,9.815
327.125,236.844,9.815,9.815
326.082,234.951,9.815,9.815
326.894,232.980,9.815,9.815
326.546,231.164,9.815,9.815
326.198,228.497,9.815,9.815
326.159,227.145,9.815,9.815
326.430,225.406,9.815,9.815
326.159,223.744,9.815,9.815
326.152,221.204,9.606,9.606
326.072,219.229,9.401,9.401
326.208,217.653,9.201,9.201
326.551,216.459,9.004,9.004
326.870,214.438,9.004,9.004
326.693,211.779,9.004,9.004
326.161,210.113,9.004,9.004
325.629,207.738,9.004,9.004
326.161,206.356,9.004,9.004
325.842,204.406,9.004,9.004
326.232,202.598,9.004,9.004
325.558,200.719,9.004,9.004
325.381,199.124,9.004,9.004
325.024,196.045,9.204,9.204
325.423,194.559,9.204,9.204
324.662,192.204,9.204,9.204
324.625,191.008,9.204,9.204
324.517,188.798,9.204,9.204
324.408,187.022,9.204,9.204
324.154,185.319,9.204,9.204
324.698,183.761,9.204,9.204
324.082,181.189,9.204,9.204
324.625,179.703,9.204,9.204
324.299,177.058,9.204,9.204
324.698,175.427,9.204,9.204
323.720,172.855,9.204,9.204
323.466,171.586,9.204,9.204
323.212,169.739,9.204,9.204
323.764,168.405,9.007,9.007
324.084,165.816,9.007,9.007
323.339,164.291,9.007,9.007
323.233,161.844,9.007,9.007
322.984,160.178,9.007,9.007
323.587,157.518,9.007,9.007
323.197,156.135,9.007,9.007
322.878,154.255,9.007,9.007
323.410,152.092,9.007,9.007
322.594,150.142,9.007,9.007
322.701,148.262,9.007,9.007
322.665,146.737,9.007,9.007
322.488,145.071,9.007,9.007
322.169,142.411,9.007,9.007
321.850,140.815,9.007,9.007
322.452,138.936,9.007,9.007
322.062,137.127,9.007,9.007
321.743,134.609,9.007,9.007
322.346,133.014,9.007,9.007
321.885,129.999,9.007,9.007
322.275,128.120,9.007,9.007
321.601,126.382,9.007,9.007
321.920,124.857,9.007,9.007
322.098,124.255,9.007,9.007
321.613,122.539,8.815,8.815
320.953,120.769,8.815,8.815
321.335,118.097,8.815,8.815
321.717,116.535,8.815,8.815
321.127,115.112,8.815,8.815
321.509,113.064,8.815,8.815
321.890,111.225,8.815,8.815
321.231,109.316,8.815,8.815
321.474,107.546,8.815,8.815
321.717,105.776,8.815,8.815
320.919,103.034,8.815,8.815
320.953,101.403,8.815,8.815
320.988,99.703,8.815,8.815
321.450,98.024,8.627,8.627
320.826,96.131,8.818,8.818
321.355,93.448,8.630,8.630
320.590,91.554,8.821,8.821
320.277,90.131,8.821,8.821
320.792,88.195,9.016,9.016
321.112,85.746,9.016,9.016
320.366,84.930,9.016,9.016
320.686,83.048,9.016,9.016
320.934,80.102,9.016,9.016
321.183,78.221,9.016,9.016
320.508,76.482,9.016,9.016
320.686,74.742,9.016,9.016
320.650,73.216,9.016,9.016
320.165,71.704,8.824,8.824
320.426,70.224,8.636,8.636
320.800,68.422,8.636,8.636
320.290,66.688,8.636,8.636
320.732,64.138,8.636,8.636
320.222,62.472,8.636,8.636
320.664,61.010,8.636,8.636
321.106,58.937,8.636,8.636
321.328,57.465,8.827,8.827
321.015,55.832,8.827,8.827
320.564,53.434,8.827,8.827
320.876,52.079,8.827,8.827
320.147,50.376,8.827,8.827
320.737,48.673,8.827,8.827
320.564,46.136,8.827,8.827
321.295,44.416,9.022,9.022
320.833,42.605,9.022,9.022
320.514,40.864,9.022,9.022
320.165,39.283,8.830,8.830
320.756,37.997,8.830,8.830
320.443,36.224,8.830,8.830
320.906,33.805,8.641,8.641
320.463,32.070,8.641,8.641
319.768,30.245,8.833,8.833
319.246,28.680,8.833,8.833
319.690,26.670,9.028,9.028
320.009,25.355,9.028,9.028
318.979,23.471,9.028,9.028
319.583,21.801,9.028,9.028
319.832,20.557,9.028,9.028
319.654,18.815,9.028,9.028
319.370,16.982,9.228,9.228
319.842,15.129,9.228,9.228
319.442,13.567,9.228,9.228
319.646,11.949,9.031,9.031
319.824,10.278,9.031,9.031
319.930,7.896,9.031,9.031
319.681,6.367,9.031,9.031
319.290,4.127,9.031,9.031
318.899,2.385,9.031,9.031
319.361,0.927,9.031,9.031
318.899,-0.388,9.031,9.031
319.361,-1.988,9.031,9.031
319.218,-2.543,8.838,8.838
319.392,-2.995,8.838,8.838
320.846,0.698,9.034,9.034
320.636,1.151,9.234,9.234
320.672,1.624,9.234,9.234
320.636,1.151,9.234,9.234
320.672,1.551,9.234,9.234
320.759,1.109,9.438,9.438
321.019,0.775,9.438,9.438
320.259,0.478,9.647,9.647
319.689,0.364,9.647,9.647
319.499,-0.206,9.647,9.647
319.233,0.136,9.647,9.647
319.119,0.630,9.647,9.647
320.069,-0.016,9.647,9.647
320.563,0.630,9.647,9.647
320.297,0.288,9.647,9.647
320.031,-0.054,9.647,9.647
320.601,0.592,9.647,9.647
320.411,0.174,9.647,9.647
320.297,0.744,9.647,9.647
320.781,0.125,9.860,9.860
320.665,0.707,9.860,9.860
320.548,0.280,9.860,9.860
321.131,0.707,9.860,9.860
