278.000,289.000,7.000,7.000
278.207,288.782,6.851,6.851
284.546,288.324,6.851,6.851
285.112,287.811,6.851,6.851
282.154,290.898,7.002,7.002
282.277,291.249,7.157,7.157
283.489,290.714,7.157,7.157
282.559,289.897,7.157,7.157
282.756,288.572,7.157,7.157
283.057,288.113,7.316,7.316
282.740,289.179,7.316,7.316
282.423,290.417,7.316,7.316
283.662,289.179,7.316,7.316
283.690,290.187,7.316,7.316
283.316,289.870,7.316,7.316
283.460,289.438,7.316,7.316
282.222,289.409,7.316,7.316
282.769,289.841,7.316,7.316
282.394,290.388,7.316,7.316
282.366,290.532,7.316,7.316
281.473,290.792,7.316,7.316
281.732,291.857,7.316,7.316
282.970,292.289,7.316,7.316
284.151,293.067,7.316,7.316
283.719,292.750,7.316,7.316
282.538,292.433,7.316,7.316
282.279,292.001,7.316,7.316
283.575,292.952,7.316,7.316
283.431,293.153,7.316,7.316
283.114,293.470,7.316,7.316
283.604,292.865,7.316,7.316
283.230,293.240,7.316,7.316
284.238,293.614,7.316,7.316
283.806,292.491,7.316,7.316
283.662,292.808,7.316,7.316
284.209,293.009,7.316,7.316
284.987,293.499,7.316,7.316
284.439,293.067,7.316,7.316
284.448,293.135,7.477,7.477
283.541,292.839,7.643,7.643
283.932,293.170,7.643,7.643
284.624,293.681,7.643,7.643
284.895,293.350,7.643,7.643
286.189,292.899,7.643,7.643
285.737,293.952,7.643,7.643
286.189,294.103,7.643,7.643
285.617,294.554,7.643,7.643
286.730,294.524,7.643,7.643
286.520,294.735,7.643,7.643
286.851,294.765,7.643,7.643
287.302,295.818,7.643,7.643
286.790,295.788,7.643,7.643
287.904,295.577,7.643,7.643
288.054,295.427,7.643,7.643
287.964,295.758,7.643,7.643
287.332,295.487,7.643,7.643
287.422,295.096,7.643,7.643
287.332,295.607,7.643,7.643
287.663,295.998,7.643,7.643
287.874,296.510,7.643,7.643
283.511,290.462,7.643,7.643
283.059,289.950,7.643,7.643
288.084,295.096,7.643,7.643
287.874,295.547,7.643,7.643
288.144,294.975,7.643,7.643
288.716,295.547,7.643,7.643
288.084,294.975,7.643,7.643
287.874,295.667,7.643,7.643
287.964,295.096,7.643,7.643
288.235,295.788,7.643,7.643
287.603,295.637,7.643,7.643
287.633,295.487,7.643,7.643
287.603,295.397,7.643,7.643
288.656,295.306,7.643,7.643
288.385,295.758,7.643,7.643
287.693,295.848,7.643,7.643
287.904,295.818,7.643,7.643
288.475,295.366,7.643,7.643
288.205,294.915,7.643,7.643
287.994,295.366,7.643,7.643
288.626,294.795,7.643,7.643
288.897,295.246,7.643,7.643
289.047,294.795,7.643,7.643
289.198,294.163,7.643,7.643
288.506,293.832,7.643,7.643
288.957,293.320,7.643,7.643
289.589,292.207,7.643,7.643
289.258,291.996,7.643,7.643
282.367,288.717,7.643,7.643
282.758,288.265,7.643,7.643
282.548,287.994,7.643,7.643
282.277,288.325,7.643,7.643
282.723,287.960,7.812,7.812
282.413,288.224,7.985,7.985
283.073,288.004,7.985,7.985
282.626,288.601,8.161,8.161
282.851,289.083,8.161,8.161
282.755,289.436,8.161,8.161
282.723,289.790,8.161,8.161
282.755,290.272,8.161,8.161
283.173,289.661,8.161,8.161
282.691,289.950,8.161,8.161
282.851,289.597,8.161,8.161
283.140,290.336,8.161,8.161
282.787,290.497,8.161,8.161
283.526,290.593,8.161,8.161
283.237,290.240,8.161,8.161
281.727,289.436,8.161,8.161
282.594,289.083,8.161,8.161
282.948,287.766,8.161,8.161
282.851,288.312,8.161,8.161
283.526,287.958,8.161,8.161
282.209,287.284,8.161,8.161
282.433,287.765,8.161,8.161
281.910,287.108,8.342,8.342
282.008,286.944,8.342,8.342
281.976,286.714,8.342,8.342
281.417,287.207,8.342,8.342
281.976,286.714,8.342,8.342
281.614,287.470,8.342,8.342
282.370,287.174,8.342,8.342
282.584,286.775,8.527,8.527
281.828,287.412,8.715,8.715
282.123,286.924,8.908,8.908
282.228,287.731,8.908,8.908
282.544,288.047,8.908,8.908
282.509,287.520,8.908,8.908
282.474,288.888,8.908,8.908
281.948,289.414,8.908,8.908
282.474,288.888,8.908,8.908
282.579,289.555,8.908,8.908
281.913,289.379,8.908,8.908
282.860,288.923,8.908,8.908
282.544,289.520,8.908,8.908
283.210,289.134,8.908,8.908
283.105,288.888,8.908,8.908
282.719,289.414,8.908,8.908
283.386,288.958,8.908,8.908
283.070,289.484,8.908,8.908
282.684,288.748,8.908,8.908
283.421,288.853,8.908,8.908
282.053,288.397,8.908,8.908
281.317,288.082,8.908,8.908
282.334,288.327,8.908,8.908
282.930,287.731,8.908,8.908
283.456,288.187,8.908,8.908
282.018,287.661,8.908,8.908
281.843,287.696,8.908,8.908
282.369,287.871,8.908,8.908
281.913,288.397,8.908,8.908
282.649,287.941,8.908,8.908
283.035,289.029,8.908,8.908
283.491,289.204,8.908,8.908
281.843,288.467,8.908,8.908
281.527,289.134,8.908,8.908
281.913,288.748,8.908,8.908
283.210,289.975,8.908,8.908
282.474,290.291,8.908,8.908
282.018,289.625,8.908,8.908
282.053,289.940,8.908,8.908
281.176,290.256,8.908,8.908
281.632,289.800,8.908,8.908
281.878,290.607,8.908,8.908
281.492,289.940,8.908,8.908
281.808,290.256,8.908,8.908
282.193,289.590,8.908,8.908
281.878,289.555,8.908,8.908
282.684,289.379,8.908,8.908
282.299,288.993,8.908,8.908
281.492,289.590,8.908,8.908
281.667,288.432,8.908,8.908
280.950,288.880,9.105,9.105
282.205,288.199,9.105,9.105
280.448,288.593,9.105,9.105
280.905,288.157,9.307,9.307
280.460,287.636,9.513,9.513
290.729,283.995,9.723,9.723
285.340,294.492,9.938,9.938
283.647,298.725,10.158,10.158
280.091,288.779,10.383,10.383
282.902,277.341,10.612,10.612
271.211,275.013,10.847,10.847
259.261,271.304,11.087,11.087
261.312,274.141,11.087,11.087
272.967,273.836,11.087,11.087
269.780,273.705,11.087,11.087
263.276,273.486,11.087,11.087
261.661,273.268,11.087,11.087
263.451,274.098,11.087,11.087
262.622,273.530,11.087,11.087
260.308,272.613,11.087,11.087
261.225,272.657,11.087,11.087
260.745,272.701,11.087,11.087
259.828,272.133,11.087,11.087
260.203,271.603,11.333,11.333
259.445,272.094,11.333,11.333
259.936,271.514,11.333,11.333
258.017,271.826,11.333,11.333
258.419,271.692,11.333,11.333
258.820,271.915,11.333,11.333
258.508,271.068,11.333,11.333
258.999,270.666,11.333,11.333
258.419,271.514,11.333,11.333
258.374,271.826,11.333,11.333
258.954,271.514,11.333,11.333
257.571,271.380,11.333,11.333
258.062,271.871,11.333,11.333
258.553,271.291,11.333,11.333
259.043,272.228,11.333,11.333
258.553,272.272,11.333,11.333
258.954,271.781,11.333,11.333
258.106,272.362,11.333,11.333
258.597,271.692,11.333,11.333
259.088,272.183,11.333,11.333
256.723,271.603,11.333,11.333
265.691,266.561,11.333,11.333
277.833,265.834,11.583,11.583
282.803,270.805,11.583,11.583
292.469,283.310,11.840,11.840
288.880,283.822,11.840,11.840
280.383,270.779,12.102,12.102
283.956,262.727,12.102,12.102
283.623,264.871,12.102,12.102
287.386,265.586,12.102,12.102
289.398,268.333,11.843,11.843
285.165,269.133,11.591,11.591
279.967,270.092,11.344,11.344
278.925,269.826,11.102,11.102
280.602,271.334,10.865,10.865
279.523,271.739,10.633,10.633
277.982,272.377,10.407,10.407
278.514,272.500,10.407,10.407
277.085,273.124,10.185,10.185
276.083,272.843,10.185,10.185
275.921,273.532,9.967,9.967
275.489,272.786,9.967,9.967
276.863,273.139,9.967,9.967
275.960,273.414,9.967,9.967
275.607,273.767,9.967,9.967
275.803,272.943,9.967,9.967
275.371,272.747,9.967,9.967
275.724,272.080,9.967,9.967
276.549,267.645,9.967,9.967
275.175,269.333,9.967,9.967
276.078,275.023,9.967,9.967
275.112,285.783,10.188,10.188
263.889,296.781,10.413,10.413
270.026,301.473,10.644,10.644
271.660,301.012,10.644,10.644
283.151,300.590,10.879,10.879
283.965,293.779,10.879,10.879
279.296,293.051,10.879,10.879
278.545,293.621,10.647,10.647
280.153,294.018,10.420,10.420
279.513,293.931,10.198,10.198
278.831,293.168,10.198,10.198
278.359,293.548,9.981,9.981
276.827,293.273,9.981,9.981
276.592,293.872,9.768,9.768
275.938,294.372,9.768,9.768
276.154,294.883,9.559,9.559
275.639,291.176,9.356,9.356
276.486,294.823,9.356,9.356
276.891,294.344,9.356,9.356
275.890,295.047,9.156,9.156
276.359,294.723,9.156,9.156
276.908,295.064,8.961,8.961
276.944,294.605,8.961,8.961
277.473,295.064,8.961,8.961
276.106,295.533,8.770,8.770
277.315,300.678,8.770,8.770
280.907,301.691,8.964,8.964
287.930,299.962,8.964,8.964
290.284,300.485,9.162,9.162
300.175,290.392,9.365,9.365
293.530,295.605,9.572,9.572
300.266,293.975,9.784,9.784
295.914,291.163,9.784,9.784
295.875,291.586,9.784,9.784
297.609,295.785,9.784,9.784
293.410,289.352,9.784,9.784
293.834,290.007,9.784,9.784
288.249,290.046,9.784,9.784
296.068,290.546,9.784,9.784
291.684,287.761,10.000,10.000
302.397,289.406,10.221,10.221
295.436,289.769,10.221,10.221
293.303,290.050,10.221,10.221
294.631,289.447,10.221,10.221
296.603,289.084,10.221,10.221
295.677,289.286,10.221,10.221
294.832,289.406,10.221,10.221
293.182,288.883,10.221,10.221
292.176,288.441,10.221,10.221
291.492,287.757,10.221,10.221
291.854,288.038,10.221,10.221
292.216,287.435,10.221,10.221
291.613,287.877,10.221,10.221
291.733,288.239,10.221,10.221
291.854,287.636,10.221,10.221
292.538,287.032,10.221,10.221
292.256,286.107,10.221,10.221
291.894,286.549,10.221,10.221
291.452,286.992,10.221,10.221
291.975,286.388,10.221,10.221
291.532,286.750,10.221,10.221
292.297,286.952,10.221,10.221
291.854,286.348,10.221,10.221
280.593,285.776,10.448,10.448
287.298,285.735,10.448,10.448
293.180,286.187,10.448,10.448
302.517,286.393,10.448,10.448
308.563,284.871,10.448,10.448
305.418,285.481,10.679,10.679
316.946,276.159,10.915,10.915
318.622,278.350,10.915,10.915
317.634,280.972,10.915,10.915
310.336,270.029,10.682,10.682
316.247,271.156,10.454,10.454
308.914,268.948,10.686,10.686
306.133,280.397,10.922,10.922
315.207,282.590,10.922,10.922
318.266,287.141,10.689,10.689
312.823,287.377,10.461,10.461
312.122,287.006,10.461,10.461
315.291,287.792,10.238,10.238
315.734,288.075,10.238,10.238
313.759,287.631,10.238,10.238
312.429,288.075,10.238,10.238
311.663,287.551,10.238,10.238
312.268,287.994,10.238,10.238
312.882,287.598,10.020,10.020
312.132,287.085,10.020,10.020
311.856,287.835,10.020,10.020
310.712,287.322,10.020,10.020
309.489,287.835,10.020,10.020
320.022,294.659,10.020,10.020
330.839,302.857,10.242,10.242
341.811,308.726,10.468,10.468
339.943,306.600,10.700,10.700
343.018,306.474,10.700,10.700
341.981,307.798,10.937,10.937
341.458,310.759,11.179,11.179
335.605,313.444,11.179,11.179
326.759,315.688,11.179,11.179
327.947,316.084,11.179,11.179
328.432,315.336,11.179,11.179
328.993,315.897,11.426,11.426
332.726,315.313,11.426,11.426
331.062,315.987,11.426,11.426
332.181,315.806,11.182,11.182
335.313,316.307,10.944,10.944
333.146,315.884,10.710,10.710
331.350,315.551,10.482,10.482
330.813,315.840,10.482,10.482
330.328,315.514,10.258,10.258
330.611,316.120,10.258,10.258
331.298,315.514,10.258,10.258
330.773,315.958,10.258,10.258
330.086,315.352,10.258,10.258
329.561,315.716,10.258,10.258
330.086,316.079,10.258,10.258
329.480,315.393,10.258,10.258
320.609,326.467,10.485,10.485
329.154,328.572,10.485,10.485
328.139,335.695,10.717,10.717
324.974,329.830,10.717,10.717
336.156,325.315,10.717,10.717
340.333,324.597,10.717,10.717
343.498,326.581,10.717,10.717
341.584,328.870,10.954,10.954
341.866,330.762,11.197,11.197
343.850,331.600,11.197,11.197
340.896,329.704,11.197,11.197
339.089,328.955,11.197,11.197
332.882,327.962,11.445,11.445
329.249,327.228,11.698,11.698
330.888,327.528,11.957,11.957
331.781,326.956,12.221,12.221
330.867,327.101,12.221,12.221
328.991,326.860,12.221,12.221
328.076,327.486,12.221,12.221
327.451,327.053,12.221,12.221
327.466,326.268,12.492,12.492
327.613,325.826,12.492,12.492
327.130,326.575,12.225,12.225
326.504,326.142,12.225,12.225
326.819,325.557,12.496,12.496
319.784,326.590,12.496,12.496
331.231,322.012,12.772,12.772
317.806,316.531,12.772,12.772
326.706,313.866,12.772,12.772
327.460,311.000,12.772,12.772
314.135,304.211,12.772,12.772
324.544,312.106,12.772,12.772
314.336,305.217,12.772,12.772
315.090,296.719,12.772,12.772
316.146,301.597,12.772,12.772
309.961,291.892,12.772,12.772
311.721,291.138,12.772,12.772
323.423,290.631,13.055,13.055
325.633,291.196,13.055,13.055
318.283,290.631,13.055,13.055
314.428,291.402,13.055,13.055
316.638,291.556,13.055,13.055
317.718,291.505,13.055,13.055
315.816,291.865,13.055,13.055
314.942,292.019,13.055,13.055
315.610,291.042,13.055,13.055
315.045,290.888,13.055,13.055
314.441,291.275,12.776,12.776
313.787,291.929,12.776,12.776
312.967,291.318,13.059,13.059
313.841,291.164,13.059,13.059
314.407,290.495,13.059,13.059
313.506,290.882,12.780,12.780
312.372,290.375,13.063,13.063
312.629,290.941,13.063,13.063
313.092,291.404,13.063,13.063
313.452,290.633,13.063,13.063
313.839,290.127,12.785,12.785
312.810,290.456,13.068,13.068
310.050,294.528,13.357,13.357
297.300,285.269,13.652,13.652
309.250,275.694,13.954,13.954
316.996,290.363,13.954,13.954
318.950,292.317,14.263,14.263
329.221,304.452,14.579,14.579
331.689,310.708,14.579,14.579
319.579,320.408,14.579,14.579
318.572,319.402,14.268,14.268
317.842,321.817,14.268,14.268
319.920,322.098,14.268,14.268
324.021,322.940,14.268,14.268
320.145,322.210,14.268,14.268
319.415,321.817,14.268,14.268
320.704,323.214,13.963,13.963
320.099,322.720,13.963,13.963
318.945,321.895,13.963,13.963
318.560,321.510,13.963,13.963
318.505,321.345,13.963,13.963
318.890,320.851,13.963,13.963
318.395,320.356,13.963,13.963
317.900,321.180,13.963,13.963
317.735,320.466,13.963,13.963
317.131,319.751,13.963,13.963
317.296,319.146,13.963,13.963
317.131,320.301,13.963,13.963
317.955,320.136,13.963,13.963
318.450,319.531,13.963,13.963
310.589,319.366,13.963,13.963
321.529,319.971,13.963,13.963
331.479,334.649,13.963,13.963
332.522,331.015,14.272,14.272
331.257,333.248,14.588,14.588
335.449,326.873,14.588,14.588
339.519,322.600,14.911,14.911
337.112,318.080,14.911,14.911
332.357,315.203,14.911,14.911
324.091,317.413,15.241,15.241
312.745,318.096,14.916,14.916
323.021,317.685,14.916,14.916
319.792,318.801,14.916,14.916
313.038,319.799,14.916,14.916
312.040,320.093,14.916,14.916
314.918,318.860,14.916,14.916
314.624,319.271,14.916,14.916
312.099,318.508,14.916,14.916
310.983,318.919,14.916,14.916
311.864,319.447,14.916,14.916
310.983,318.801,14.916,14.916
310.689,318.977,14.916,14.916
310.983,318.449,14.916,14.916
310.689,317.803,14.916,14.916
309.691,318.096,14.916,14.916
309.163,316.863,14.916,14.916
308.869,317.509,14.916,14.916
310.102,317.216,14.916,14.916
310.278,316.922,14.916,14.916
309.632,317.451,14.916,14.916
309.456,317.039,14.916,14.916
309.398,317.568,14.916,14.916
308.986,317.157,14.916,14.916
294.991,324.242,15.246,15.246
311.017,325.142,15.246,15.246
294.222,317.812,15.583,15.583
290.111,324.622,15.583,15.583
291.283,340.459,15.251,15.251
284.324,329.015,15.588,15.588
277.084,324.194,15.933,15.933
279.907,327.142,15.933,15.933
275.202,328.209,15.933,15.933
269.265,326.867,15.593,15.593
264.994,331.708,15.261,15.261
271.543,332.729,15.261,15.261
265.594,332.910,15.261,15.261
261.530,332.551,14.935,14.935
262.539,332.314,14.617,14.617
263.527,331.859,14.305,14.305
262.431,331.306,14.000,14.000
262.315,331.296,13.701,13.701
261.785,330.662,13.409,13.409
262.386,331.161,13.123,13.123
261.679,330.554,12.843,12.843
260.793,329.863,12.570,12.570
260.446,329.516,12.570,12.570
260.100,329.071,12.570,12.570
260.842,329.714,12.570,12.570
260.397,329.269,12.570,12.570
259.456,329.121,12.570,12.570
260.298,330.160,12.570,12.570
273.511,321.994,12.570,12.570
272.471,332.238,12.570,12.570
282.858,322.806,12.848,12.848
281.298,336.676,13.132,13.132
266.832,334.224,13.423,13.423
266.567,335.017,13.423,13.423
263.603,324.820,13.136,13.136
264.276,332.526,13.136,13.136
262.155,334.543,13.136,13.136
247.684,334.022,13.427,13.427
255.243,341.264,13.427,13.427
254.556,341.634,13.427,13.427
249.217,339.044,13.427,13.427
247.155,337.617,13.427,13.427
249.183,337.811,13.141,13.141
248.775,337.702,12.860,12.860
246.902,336.638,12.860,12.860
247.762,335.271,12.860,12.860
246.727,334.236,13.145,13.145
245.640,333.563,13.145,13.145
245.382,333.822,13.145,13.145
246.158,333.770,13.145,13.145
245.278,333.201,13.145,13.145
244.605,333.874,13.145,13.145
243.622,334.029,13.145,13.145
244.605,333.460,13.145,13.145
244.968,332.787,13.145,13.145
243.881,333.563,13.145,13.145
244.541,336.908,13.436,13.436
245.215,337.363,13.733,13.733
245.793,322.234,14.037,14.037
245.007,319.842,14.347,14.347
242.211,315.523,14.665,14.665
247.499,304.399,14.989,14.989
245.925,320.580,15.321,15.321
245.262,316.901,15.321,15.321
233.765,311.537,15.660,15.660
227.045,311.969,15.660,15.660
228.215,319.279,16.006,16.006
233.072,319.298,16.361,16.361
234.683,311.891,16.361,16.361
230.496,309.379,16.361,16.361
233.266,308.799,16.361,16.361
234.489,309.379,16.361,16.361
231.849,308.413,16.361,16.361
231.140,307.833,16.361,16.361
230.560,307.898,16.361,16.361
229.778,306.714,16.722,16.722
229.449,305.727,16.722,16.722
228.922,306.020,17.092,17.092
229.362,304.644,17.471,17.471
228.383,303.523,17.857,17.857
227.675,304.128,18.252,18.252
228.466,303.050,18.252,18.252
227.294,303.519,18.656,18.656
226.402,304.151,19.069,19.069
227.048,304.485,19.491,19.491
216.228,305.636,19.491,19.491
221.825,302.156,19.922,19.922
243.168,296.321,20.363,20.363
220.735,298.009,20.813,20.813
207.328,275.080,21.274,21.274
197.621,251.643,21.744,21.744
207.239,244.031,22.226,22.226
200.852,227.143,22.226,22.226
208.504,220.270,22.717,22.717
214.655,212.131,23.220,23.220
204.508,211.308,23.220,23.220
211.175,210.767,23.734,23.734
217.214,210.020,24.259,24.259
212.152,209.160,24.259,24.259
210.661,210.247,23.741,23.741
211.689,209.219,23.741,23.741
210.474,208.565,23.741,23.741
209.736,209.989,23.235,23.235
209.896,209.267,22.740,22.740
209.534,209.251,22.255,22.255
209.272,208.988,22.255,22.255
208.834,208.199,22.255,22.255
209.272,207.936,22.255,22.255
208.483,207.323,22.255,22.255
208.746,207.235,22.255,22.255
208.834,206.797,22.255,22.255
208.395,207.761,22.255,22.255
207.535,207.238,21.780,21.780
207.964,206.810,21.780,21.780
208.564,208.610,21.780,21.780
207.887,208.595,21.316,21.316
207.971,209.853,21.316,21.316
206.880,209.266,21.316,21.316
229.891,221.481,21.787,21.787
205.889,217.769,22.269,22.269
189.906,193.236,22.762,22.762
164.830,189.358,23.266,23.266
139.199,189.576,23.780,23.780
113.001,188.438,24.307,24.307
86.224,188.864,24.844,24.844
58.854,190.518,25.394,25.394
86.267,217.931,25.956,25.956
67.427,208.845,26.530,26.530
48.819,207.142,27.117,27.117
32.485,228.174,27.117,27.117
43.908,227.427,27.117,27.117
41.880,227.107,27.117,27.117
36.435,227.000,27.117,27.117
36.467,225.481,27.717,27.717
36.500,224.382,28.330,28.330
34.381,223.602,28.330,28.330
33.600,223.490,28.330,28.330
34.604,222.709,28.330,28.330
32.931,223.713,28.330,28.330
33.043,223.155,28.330,28.330
32.485,224.159,28.330,28.330
32.374,223.602,28.330,28.330
33.377,223.044,28.330,28.330
31.704,224.271,28.330,28.330
31.816,224.828,28.330,28.330
32.597,224.271,28.330,28.330
23.785,225.498,28.330,28.330
-5.995,224.048,28.330,28.330
-6.660,195.646,27.726,27.726
-9.206,224.033,27.135,27.135
-10.049,213.717,26.556,26.556
-8.499,207.674,27.144,27.144
-8.724,226.401,26.565,26.565
19.954,197.135,27.153,27.153
8.301,174.579,27.153,27.153
12.684,173.617,27.153,27.153
21.771,175.007,27.153,27.153
18.885,173.831,27.153,27.153
13.646,172.869,27.153,27.153
13.753,172.976,27.153,27.153
15.143,172.655,27.153,27.153
13.540,171.693,27.153,27.153
11.722,171.372,27.153,27.153
10.760,171.052,27.153,27.153
10.653,171.372,27.153,27.153
10.760,171.693,27.153,27.153
11.295,170.731,27.153,27.153
10.760,171.052,27.153,27.153
10.439,170.731,27.153,27.153
10.008,170.917,26.574,26.574
10.949,171.859,26.574,26.574
11.263,170.917,26.574,26.574
11.159,171.859,26.574,26.574
10.426,172.173,26.574,26.574
9.694,172.905,26.574,26.574
10.845,172.801,26.574,26.574
3.061,176.523,27.162,27.162
22.842,177.443,27.763,27.763
-2.980,182.919,28.377,28.377
-5.960,178.085,29.005,29.005
6.943,158.558,29.005,29.005
-3.448,160.728,29.005,29.005
-6.303,165.409,29.005,29.005
-5.275,149.080,29.005,29.005
-6.617,147.738,28.386,28.386
-5.387,148.744,28.386,28.386
-0.582,147.068,28.386,28.386
-3.823,147.627,28.386,28.386
-4.705,146.529,27.781,27.781
-4.596,147.076,27.781,27.781
-4.049,145.654,27.781,27.781
-5.123,145.001,27.188,27.188
-4.588,145.751,27.188,27.188
-5.433,144.906,26.609,26.609
-4.071,145.220,26.609,26.609
-5.100,144.797,26.041,26.041
-4.130,145.766,25.486,25.486
-4.729,144.974,24.942,24.942
-5.024,145.858,24.942,24.942
-4.140,146.153,24.942,24.942
-4.434,145.465,24.942,24.942
-5.318,146.545,24.942,24.942
-5.336,145.581,24.410,24.410
-4.428,146.304,23.890,23.890
-5.462,147.527,23.890,23.890
-4.210,148.235,23.380,23.380
-3.517,147.508,22.882,22.882
-3.708,148.707,22.394,22.394
-3.894,149.201,21.916,21.916
-3.290,148.942,21.916,21.916
-3.638,149.592,21.449,21.449
-3.047,149.170,21.449,21.449
-3.807,148.579,21.449,21.449
-3.216,149.338,21.449,21.449
-3.557,148.509,20.991,20.991
-3.144,148.426,20.991,20.991
-2.896,148.344,20.991,20.991
-3.970,147.435,20.991,20.991
-3.557,147.022,20.991,20.991
-3.144,146.278,20.991,20.991
-3.061,147.022,20.991,20.991
-2.813,145.947,20.991,20.991
-4.383,133.964,20.991,20.991
-5.730,137.933,21.456,21.456
-4.294,134.132,21.456,21.456
-5.561,138.271,21.456,21.456
-2.774,145.451,21.456,21.456
-5.392,165.302,21.456,21.456
-4.801,172.482,21.456,21.456
-5.730,167.329,21.456,21.456
-4.606,176.107,20.998,20.998
-5.350,190.078,20.998,20.998
-8.905,212.151,20.998,20.998
5.530,212.863,21.463,21.463
-3.608,201.445,21.005,21.005
-5.376,200.314,20.557,20.557
-5.781,196.024,20.557,20.557
-6.186,197.562,20.557,20.557
7.946,219.754,21.012,21.012
30.629,211.540,21.477,21.477
28.346,210.610,21.477,21.477
28.372,209.407,21.952,21.952
28.398,208.716,22.438,22.438
25.306,208.451,22.438,22.438
24.864,208.009,22.438,22.438
24.341,207.120,22.934,22.934
25.867,206.023,23.442,23.442
23.980,205.668,23.960,23.960
22.834,204.717,24.491,24.491
23.264,203.946,25.032,25.032
22.475,203.363,25.586,25.586
21.879,202.139,26.152,26.152
22.765,201.529,26.731,26.731
21.486,201.998,27.322,27.322
22.024,200.815,27.322,27.322
21.387,201.294,27.927,27.927
20.736,200.642,28.545,28.545
21.522,200.980,28.545,28.545
20.511,200.867,28.545,28.545
19.379,201.134,29.176,29.176
20.413,201.479,29.176,29.176
18.779,201.990,29.822,29.822
19.546,202.026,30.482,30.482
18.586,202.560,31.156,31.156
19.690,201.456,31.156,31.156
18.341,203.051,31.156,31.156
17.614,201.815,31.845,31.845
16.351,202.114,32.550,32.550
17.188,200.823,33.270,33.270
15.053,201.950,34.006,34.006
-5.742,238.661,34.759,34.759
-7.795,248.650,34.759,34.759
-8.205,247.966,34.759,34.759
-7.247,247.008,34.759,34.759
-7.931,247.692,34.759,34.759
-7.247,246.461,34.759,34.759
-7.658,244.955,34.759,34.759
-8.068,246.461,34.759,34.759
-7.384,244.408,34.759,34.759
-8.068,243.997,34.759,34.759
-7.384,244.682,34.759,34.759
-7.795,244.819,34.759,34.759
-8.205,243.861,34.759,34.759
-7.795,244.819,34.759,34.759
-8.479,244.682,34.759,34.759
0.081,282.205,35.528,35.528
-9.651,306.716,34.770,34.770
-2.670,334.504,34.770,34.770
1.064,366.927,35.539,35.539
-7.603,405.003,36.326,36.326
-7.263,403.562,37.129,37.129
-9.263,397.336,36.337,36.337
-8.737,395.931,35.563,35.563
-9.567,393.649,36.349,36.349
-9.523,384.487,37.154,37.154
-7.037,345.432,37.154,37.154
-3.672,345.286,37.154,37.154
26.899,371.761,37.154,37.154
50.742,338.264,37.154,37.154
23.469,338.916,37.976,37.976
22.722,341.756,37.976,37.976
7.621,342.803,37.976,37.976
0.295,341.756,37.976,37.976
2.239,340.112,37.976,37.976
-0.303,341.457,37.976,37.976
0.146,340.710,37.976,37.976
-1.499,339.663,37.976,37.976
-0.153,340.112,37.976,37.976
0.295,339.364,37.976,37.976
-1.461,339.913,37.166,37.166
-0.145,340.937,37.166,37.166
0.294,340.499,37.166,37.166
1.026,339.767,37.166,37.166
-1.169,339.328,37.166,37.166
0.148,341.230,37.166,37.166
-2.135,340.357,36.373,36.373
-0.846,341.073,36.373,36.373
-0.130,342.648,36.373,36.373
-1.992,341.932,36.373,36.373
-0.703,342.935,36.373,36.373
0.013,343.364,36.373,36.373
-1.849,342.076,36.373,36.373
-0.846,343.937,36.373,36.373
-2.422,342.935,36.373,36.373
-1.133,344.224,36.373,36.373
0.156,345.512,36.373,36.373
-1.133,343.364,36.373,36.373
0.156,344.367,36.373,36.373
-0.846,342.505,36.373,36.373
-0.209,349.680,37.178,37.178
-1.233,368.562,37.178,37.178
-8.175,359.191,38.001,38.001
-6.230,360.836,38.001,38.001
-8.474,371.758,38.001,38.001
-6.771,373.172,37.190,37.190
-0.588,359.315,36.397,36.397
28.501,348.568,36.397,36.397
2.564,349.571,36.397,36.397
-5.473,338.772,35.621,35.621
-6.174,338.632,35.621,35.621
-5.389,339.958,34.861,34.861
-4.885,339.932,34.118,34.118
-5.945,342.238,33.390,33.390
-3.184,340.529,33.390,33.390
-0.950,341.712,33.390,33.390
-1.987,343.462,32.678,32.678
-1.267,344.183,31.981,31.981
-2.261,345.373,31.299,31.299
-1.645,344.757,31.299,31.299
-3.330,344.735,30.632,30.632
-1.957,345.642,29.979,29.979
-3.019,346.232,29.979,29.979
-2.131,346.893,29.339,29.339
-3.171,346.316,29.339,29.339
-1.900,347.124,29.339,29.339
-2.709,345.854,29.339,29.339
-2.062,345.610,28.714,28.714
-2.853,346.853,28.714,28.714
-1.784,345.525,28.101,28.101
-3.001,346.078,28.101,28.101
-2.595,345.845,27.502,27.502
-1.404,345.087,27.502,27.502
-0.862,346.061,27.502,27.502
-2.343,345.415,26.916,26.916
-1.546,345.192,26.342,26.342
-2.564,346.572,25.780,25.780
-1.448,345.862,25.780,25.780
-0.534,345.354,25.780,25.780
-0.944,347.096,25.230,25.230
-1.728,346.887,24.692,24.692
-1.048,347.956,24.692,24.692
-1.534,347.470,24.692,24.692
-0.659,348.539,24.692,24.692
-1.614,348.522,24.166,24.166
-0.758,349.758,24.166,24.166
-1.233,350.615,24.166,24.166
-0.187,351.090,24.166,24.166
-0.092,350.044,24.166,24.166
-0.843,351.677,23.650,23.650
-0.005,351.211,23.650,23.650
-0.470,350.187,23.650,23.650
-0.846,351.606,23.146,23.146
-0.208,351.515,23.146,23.146
-1.029,350.695,23.146,23.146
-0.208,351.333,23.146,23.146
-0.846,350.695,23.146,23.146
-0.391,350.239,23.146,23.146
-4.448,370.424,22.652,22.652
-4.606,369.155,23.153,23.153
-3.238,350.286,23.153,23.153
-4.661,348.688,22.660,22.660
19.801,365.190,23.161,23.161
15.214,364.646,22.667,22.667
22.800,365.449,22.667,22.667
26.458,365.181,22.667,22.667
19.905,364.133,22.184,22.184
19.384,364.959,21.711,21.711
20.666,365.386,21.711,21.711
20.068,365.130,21.711,21.711
20.324,366.070,21.711,21.711
19.320,365.725,21.248,21.248
18.982,366.677,20.795,20.795
18.336,366.504,20.351,20.351
19.093,367.571,19.917,19.917
19.642,367.022,19.917,19.917
18.309,368.041,19.917,19.917
19.172,368.433,19.917,19.917
18.936,368.982,19.917,19.917
18.388,368.276,19.917,19.917
19.250,368.668,19.917,19.917
18.074,367.806,19.917,19.917
17.839,364.748,19.917,19.917
18.231,351.339,19.917,19.917
17.525,337.146,19.917,19.917
18.858,323.267,19.917,19.917
17.995,309.388,19.917,19.917
17.133,293.940,19.917,19.917
16.114,279.591,19.917,19.917
15.878,263.986,19.917,19.917
16.427,254.341,19.917,19.917
17.760,257.086,19.917,19.917
17.055,261.242,19.917,19.917
16.976,260.693,19.917,19.917
15.800,259.046,19.917,19.917
14.937,259.438,19.917,19.917
15.957,259.674,19.917,19.917
16.506,258.811,19.917,19.917
17.368,259.674,19.917,19.917
17.447,260.066,19.917,19.917
16.898,260.771,19.917,19.917
17.790,261.815,19.492,19.492
17.407,260.971,19.492,19.492
17.176,261.662,19.492,19.492
17.560,262.506,19.492,19.492
16.658,262.344,19.077,19.077
16.884,263.320,19.077,19.077
-2.241,264.320,18.670,18.670
-4.814,267.186,18.670,18.670
-1.284,265.989,19.083,19.083
-3.759,246.857,18.676,18.676
-2.639,261.301,18.278,18.278
7.939,262.237,18.278,18.278
13.891,274.708,17.888,17.888
13.328,258.071,18.284,18.284
-5.002,261.110,17.894,17.894
-5.558,263.813,17.512,17.512
-4.641,261.275,17.139,17.139
-5.694,262.824,16.773,16.773
-4.815,261.921,16.416,16.416
-4.079,261.286,16.066,16.066
-5.066,262.250,15.723,15.723
-4.123,261.045,15.388,15.388
-5.274,261.590,15.388,15.388
-4.584,262.280,15.059,15.059
-4.252,261.355,14.738,14.738
-5.046,262.351,14.424,14.424
-4.180,261.793,14.116,14.116
-3.226,262.747,13.815,13.815
-3.970,263.366,13.521,13.521
-3.877,264.896,13.232,13.232
-3.284,265.087,12.950,12.950
-3.687,265.373,12.674,12.674
-3.215,266.133,12.404,12.404
-3.752,266.572,12.404,12.404
-3.102,267.128,12.139,12.139
-2.743,267.120,11.880,11.880
-3.292,268.824,11.627,11.627
-2.859,268.551,11.379,11.379
-3.472,269.234,11.136,11.136
-3.142,268.972,10.899,10.899
-2.571,268.468,10.667,10.667
-2.417,268.865,10.439,10.439
-2.979,268.303,10.216,10.216
-2.858,267.458,10.216,10.216
-2.737,267.338,10.216,10.216
-2.536,266.734,10.216,10.216
-2.255,266.131,10.216,10.216
-2.054,264.723,10.216,10.216
-2.526,264.483,9.999,9.999
-2.230,264.096,9.785,9.785
-2.037,264.597,9.785,9.785
-1.845,264.174,9.785,9.785
-2.731,263.365,9.785,9.785
-2.615,263.634,9.785,9.785
-2.422,263.904,9.785,9.785
-2.230,264.482,9.785,9.785
-2.114,264.828,9.785,9.785
-1.922,265.406,9.785,9.785
-1.806,265.676,9.785,9.785
-2.692,266.254,9.785,9.785
-2.654,266.755,9.785,9.785
-2.615,267.333,9.785,9.785
-2.654,267.448,9.785,9.785
-2.615,267.949,9.785,9.785
-2.500,268.758,9.785,9.785
-2.461,268.874,9.785,9.785
-2.500,269.220,9.785,9.785
-2.384,268.565,9.785,9.785
-2.191,267.910,9.785,9.785
-1.922,268.565,9.785,9.785
-1.729,266.678,9.785,9.785
-2.538,266.870,9.785,9.785
-2.500,266.678,9.785,9.785
-2.461,260.783,9.785,9.785
-2.500,260.437,9.785,9.785
-2.384,257.701,9.785,9.785
-2.268,254.812,9.785,9.785
-2.461,261.246,9.785,9.785
-2.268,260.591,9.785,9.785
-2.307,257.855,9.785,9.785
-2.422,256.892,9.785,9.785
-2.307,262.016,9.785,9.785
-2.268,257.509,9.785,9.785
-2.538,257.855,9.785,9.785
-2.500,258.279,9.785,9.785
-2.307,257.778,9.785,9.785
-2.114,259.435,9.785,9.785
-1.999,259.859,9.785,9.785
-1.806,260.668,9.785,9.785
-2.615,261.323,9.785,9.785
-1.964,261.974,10.002,10.002
-2.199,263.713,9.789,9.789
-1.707,264.284,10.005,10.005
-1.668,264.481,10.005,10.005
-1.493,265.147,10.227,10.227
-1.613,264.462,10.227,10.227
-1.332,263.858,10.227,10.227
-1.236,265.291,10.453,10.453
-1.736,263.339,10.684,10.684
-1.548,263.527,10.920,10.920
-1.935,262.796,10.920,10.920
-2.322,262.237,10.920,10.920
-2.131,261.268,11.162,11.162
-2.175,260.433,11.162,11.162
-1.955,258.192,11.162,11.162
-1.823,258.324,11.162,11.162
-1.867,257.841,11.162,11.162
-1.648,256.918,11.162,11.162
-1.428,256.347,11.162,11.162
-2.283,257.101,10.924,10.924
-1.896,256.370,10.924,10.924
-2.713,256.069,10.924,10.924
-2.638,256.475,10.691,10.691
-1.333,257.275,10.691,10.691
-2.385,257.654,10.691,10.691
-1.502,259.380,10.691,10.691
-1.576,259.654,10.928,10.928
-2.308,260.042,10.928,10.928
-2.006,260.601,10.928,10.928
-1.533,263.483,10.928,10.928
-1.877,275.280,11.169,11.169
6.074,262.975,11.416,11.416
3.782,260.863,11.416,11.416
2.024,261.902,11.669,11.669
0.894,274.404,11.927,11.927
0.323,287.280,12.191,12.191
-5.040,286.996,12.461,12.461
-5.580,287.633,12.461,12.461
-5.825,287.879,12.461,12.461
-5.078,288.437,12.195,12.195
-5.894,286.565,12.195,12.195
-5.462,287.189,12.195,12.195
-4.934,287.621,12.195,12.195
-5.654,287.573,12.195,12.195
-5.222,287.909,12.195,12.195
-4.886,287.669,12.195,12.195
-5.510,288.101,12.195,12.195
-5.396,287.418,12.465,12.465
-5.641,286.780,12.465,12.465
-5.984,287.222,12.465,12.465
-5.248,287.860,12.465,12.465
-5.592,288.302,12.465,12.465
-6.033,288.547,12.465,12.465
-5.396,287.811,12.465,12.465
-5.890,288.640,12.741,12.741
-5.438,289.092,12.741,12.741
-4.887,289.744,12.741,12.741
-5.940,289.894,12.741,12.741
-5.890,289.543,12.741,12.741
-5.354,291.224,13.023,13.023
-6.190,291.984,13.311,13.311
-3.169,291.570,13.027,13.027
-4.430,282.646,13.315,13.315
-5.653,281.727,13.031,13.031
-5.499,284.139,13.031,13.031
-5.345,270.543,13.031,13.031
-6.012,274.083,13.031,13.031
-6.576,273.827,13.031,13.031
-5.806,277.572,13.031,13.031
-6.371,279.983,13.031,13.031
-6.036,283.512,13.319,13.319
-6.551,282.794,13.035,13.035
-6.109,283.768,13.324,13.324
-6.726,283.961,13.040,13.040
-6.161,284.218,13.040,13.040
-5.719,283.274,13.328,13.328
-6.402,282.802,13.328,13.328
-3.725,268.792,13.328,13.328
-4.513,269.264,13.328,13.328
-3.408,267.756,13.623,13.623
-2.711,278.858,13.623,13.623
-3.362,293.564,13.925,13.925
-3.914,304.615,14.233,14.233
-3.186,314.309,14.233,14.233
-3.802,319.968,14.233,14.233
-4.531,320.809,14.233,14.233
-5.707,324.899,14.233,14.233
-4.755,322.602,14.233,14.233
-3.578,322.882,14.233,14.233
-6.548,329.102,14.233,14.233
-5.802,324.771,13.929,13.929
-5.199,323.948,13.929,13.929
-3.623,322.035,13.632,13.632
-2.702,323.267,13.341,13.341
-2.914,323.156,13.057,13.057
-2.032,324.336,12.778,12.778
-2.484,323.984,12.778,12.778
-1.730,325.040,12.778,12.778
-2.384,328.914,12.778,12.778
-2.937,331.580,12.778,12.778
-3.390,318.148,12.778,12.778
-2.132,323.430,12.778,12.778
-2.585,327.103,12.778,12.778
-1.830,323.330,12.778,12.778
-2.183,322.978,12.778,12.778
-2.635,323.732,12.778,12.778
-1.881,323.078,12.778,12.778
-2.032,331.983,12.778,12.778
-2.585,324.990,12.778,12.778
-1.830,311.558,12.778,12.778
-2.686,299.936,12.778,12.778
-2.837,299.987,12.778,12.778
-2.887,300.138,12.778,12.778
4.018,297.543,13.061,13.061
-4.516,310.916,12.783,12.783
-3.661,318.112,12.783,12.783
-4.113,304.675,12.783,12.783
-3.472,303.960,13.065,13.065
1.873,304.446,12.787,12.787
3.805,304.631,12.514,12.514
5.762,305.259,12.791,12.791
-2.849,299.871,12.791,12.791
-3.246,293.455,12.518,12.518
5.768,282.629,12.795,12.795
14.250,281.181,13.078,13.078
18.214,280.409,13.078,13.078
12.499,278.710,13.078,13.078
11.521,278.246,13.078,13.078
10.895,276.766,13.368,13.368
10.802,277.328,13.663,13.663
10.930,276.675,13.966,13.966
8.676,276.950,13.966,13.966
7.323,275.597,14.275,14.275
7.923,274.448,14.590,14.590
8.179,273.274,14.913,14.913
8.562,273.291,15.243,15.243
8.830,272.562,15.580,15.580
7.703,275.127,15.925,15.925
8.267,274.312,15.925,15.925
8.831,274.625,15.925,15.925
7.679,273.733,16.278,16.278
7.034,275.082,16.638,16.638
7.461,274.694,17.006,17.006
8.315,274.437,17.382,17.382
8.794,276.011,17.382,17.382
7.679,276.316,17.767,17.767
6.974,275.611,18.160,18.160
7.738,274.446,18.562,18.562
6.642,275.396,18.562,18.562
7.592,277.807,18.562,18.562
8.688,277.150,18.562,18.562
9.492,277.223,18.562,18.562
7.997,277.851,18.972,18.972
6.935,278.494,19.392,19.392
6.095,277.807,19.392,19.392
6.910,276.721,19.821,19.821
5.740,276.955,19.821,19.821
6.442,275.629,19.821,19.821
5.494,276.138,20.260,20.260
6.531,274.622,20.260,20.260
7.409,274.383,20.260,20.260
5.778,273.083,20.708,20.708
4.555,273.817,20.708,20.708
4.918,274.011,21.166,21.166
6.168,273.261,21.166,21.166
4.810,273.286,21.634,21.634
5.917,273.542,21.634,21.634
4.352,274.451,22.113,22.113
5.658,274.016,22.113,22.113
7.486,272.536,22.113,22.113
6.180,273.493,22.113,22.113
7.110,272.797,22.602,22.602
5.290,273.378,23.102,23.102
6.291,274.924,23.102,23.102
5.290,275.925,23.102,23.102
3.808,277.085,23.613,23.613
4.222,275.377,24.136,24.136
4.842,275.800,24.670,24.670
2.655,276.434,25.216,25.216
1.037,277.082,25.774,25.774
-2.722,274.375,26.344,26.344
19.906,277.635,26.927,26.927
-1.614,273.500,26.927,26.927
-6.129,252.841,26.352,26.352
-4.948,245.622,25.790,25.790
-6.392,247.128,26.361,26.361
-8.299,247.805,26.944,26.944
-3.204,218.122,27.540,27.540
22.059,213.026,27.540,27.540
17.830,218.339,27.540,27.540
-2.046,217.065,26.953,26.953
-4.699,217.383,26.953,26.953
-1.621,216.428,26.953,26.953
-0.030,216.534,26.953,26.953
-1.277,217.537,26.378,26.378
-2.096,217.318,25.816,25.816
-1.588,218.233,25.816,25.816
-2.586,219.194,25.265,25.265
-3.283,219.293,25.265,25.265
-2.387,220.189,25.265,25.265
-3.681,219.691,25.265,25.265
-2.586,219.990,25.265,25.265
-3.880,219.293,25.265,25.265
-2.939,220.617,24.726,24.726
-4.010,221.493,24.726,24.726
-3.523,220.812,24.726,24.726
-2.647,220.325,24.726,24.726
-1.771,219.839,24.726,24.726
-3.231,218.378,24.726,24.726
-4.302,219.060,24.726,24.726
-3.815,217.989,24.726,24.726
-2.939,217.113,24.726,24.726
-3.231,216.431,24.726,24.726
-3.718,216.723,24.726,24.726
-4.789,215.458,24.726,24.726
-3.523,214.776,24.726,24.726
-3.231,213.900,24.726,24.726
-4.691,213.414,24.726,24.726
-4.010,213.900,24.726,24.726
-5.470,213.024,24.726,24.726
-4.174,213.945,24.199,24.199
-3.317,213.278,24.199,24.199
-3.222,214.516,24.199,24.199
-2.364,214.993,24.199,24.199
-3.484,214.975,23.683,23.683
-4.882,216.187,23.683,23.683
-3.641,216.709,23.178,23.178
-2.272,217.531,23.178,23.178
-1.058,218.745,22.684,22.684
-1.861,219.192,22.684,22.684
-3.201,220.353,22.684,22.684
-2.754,221.514,22.684,22.684
-1.772,222.318,22.684,22.684
-1.147,222.050,22.684,22.684
-2.308,223.211,22.684,22.684
-3.290,223.300,22.684,22.684
-2.665,223.925,22.684,22.684
-1.861,222.764,22.684,22.684
-3.427,224.814,22.200,22.200
0.156,215.287,22.200,22.200
-1.376,214.934,21.727,21.727
16.330,222.376,21.727,21.727
7.482,220.804,22.207,22.207
11.941,219.318,22.207,22.207
2.236,209.963,22.207,22.207
1.040,217.363,21.734,21.734
0.099,217.961,21.734,21.734
-3.752,218.560,21.734,21.734
-5.252,220.524,21.270,21.270
-2.991,232.164,21.270,21.270
-2.405,233.253,21.270,21.270
-2.991,233.169,21.270,21.270
-2.270,233.021,21.741,21.741
-2.946,232.675,21.277,21.277
-2.962,233.951,20.824,20.824
-1.732,233.705,20.824,20.824
-2.962,234.771,20.824,20.824
-3.787,233.605,21.284,21.284
-2.698,233.857,21.284,21.284
-3.117,235.114,21.284,21.284
-3.778,235.906,20.830,20.830
-4.024,235.660,20.830,20.830
-2.794,235.250,20.830,20.830
-3.368,235.332,20.830,20.830
-3.858,236.107,20.386,20.386
-4.741,234.903,20.386,20.386
-3.827,216.941,19.951,19.951
-3.905,216.391,19.951,19.951
-6.645,214.711,19.526,19.526
-5.339,194.186,19.526,19.526
-4.908,181.428,19.110,19.110
-5.978,163.030,19.532,19.532
15.108,141.512,19.964,19.964
-1.948,130.272,19.964,19.964
19.038,135.852,19.964,19.964
24.618,135.145,19.964,19.964
31.457,134.595,19.964,19.964
25.876,134.045,19.964,19.964
21.867,134.595,19.964,19.964
25.186,135.338,19.539,19.539
24.340,135.569,19.539,19.539
23.494,136.415,19.539,19.539
23.109,136.492,19.539,19.539
22.417,136.261,19.539,19.539
22.494,135.723,19.539,19.539
21.802,136.723,19.539,19.539
21.109,136.953,19.539,19.539
21.494,136.723,19.539,19.539
22.186,138.184,19.539,19.539
22.571,137.953,19.539,19.539
22.032,138.646,19.539,19.539
21.032,139.646,19.539,19.539
21.417,139.261,19.539,19.539
21.494,138.877,19.539,19.539
21.109,138.492,19.539,19.539
20.879,139.338,19.539,19.539
21.263,139.261,19.539,19.539
22.571,139.184,19.539,19.539
22.802,138.492,19.539,19.539
21.186,139.184,19.539,19.539
20.956,138.338,19.539,19.539
21.340,138.261,19.539,19.539
22.216,137.654,19.122,19.122
22.057,138.511,18.714,18.714
22.469,138.071,18.315,18.315
22.178,137.919,17.925,17.925
21.684,137.425,17.925,17.925
21.535,137.140,17.542,17.542
2.210,120.537,17.930,17.930
1.715,139.385,17.930,17.930
15.340,120.537,17.930,17.930
32.353,100.784,18.327,18.327
51.618,112.256,18.327,18.327
46.250,120.064,18.733,18.733
47.955,130.339,19.147,19.147
47.506,143.404,18.739,18.739
27.955,142.150,18.739,18.739
8.257,147.388,18.739,18.739
-2.742,143.124,19.153,19.153
-0.059,146.745,19.577,19.577
-2.603,142.814,19.577,19.577
-4.684,141.504,19.577,19.577
-3.541,140.568,20.010,20.010
-4.880,119.533,20.010,20.010
-3.856,118.982,20.010,20.010
5.545,120.334,19.584,19.584
2.076,119.640,19.584,19.584
-1.702,119.872,19.584,19.584
-2.550,119.795,19.584,19.584
-2.011,119.101,19.584,19.584
-3.321,119.640,19.584,19.584
-3.553,118.638,19.584,19.584
-3.784,118.561,19.584,19.584
-4.170,118.021,19.584,19.584
-3.476,118.561,19.584,19.584
-4.324,117.559,19.584,19.584
-3.743,118.585,19.166,19.166
-4.630,118.571,18.757,18.757
-3.818,118.645,18.757,18.757
-3.448,118.423,18.757,18.757
-2.784,119.383,18.757,18.757
-3.891,119.457,18.757,18.757
-3.818,120.122,18.757,18.757
-3.448,119.457,18.757,18.757
-2.931,120.270,18.757,18.757
-3.744,120.639,18.757,18.757
-3.375,119.974,18.757,18.757
-4.482,120.934,18.757,18.757
-3.375,121.156,18.757,18.757
-2.280,141.405,19.172,19.172
-5.546,120.284,19.596,19.596
-6.086,125.916,19.596,19.596
-3.501,147.071,20.030,20.030
6.041,146.045,20.030,20.030
-3.262,144.924,20.473,20.473
-1.064,162.175,20.926,20.926
-2.629,140.178,20.926,20.926
-2.091,138.493,21.389,21.389
-1.716,144.285,21.862,21.862
-2.940,144.847,22.346,22.346
-3.556,141.416,22.346,22.346
-4.172,140.800,22.346,22.346
-3.380,141.592,22.346,22.346
-3.644,138.161,22.346,22.346
-3.908,138.953,22.346,22.346
-2.940,137.633,22.346,22.346
-3.380,138.073,22.346,22.346
-3.996,137.809,22.346,22.346
-2.852,136.313,22.346,22.346
-2.940,127.604,22.346,22.346
21.183,145.338,22.841,22.841
41.236,135.356,22.841,22.841
41.865,125.914,22.841,22.841
41.056,116.113,22.841,22.841
40.966,100.736,22.841,22.841
41.595,91.114,22.841,22.841
43.832,90.751,22.353,22.353
44.665,84.797,21.877,21.877
32.538,60.696,22.361,22.361
31.746,58.496,22.361,22.361
31.129,57.351,22.361,22.361
10.149,60.666,22.855,22.855
9.339,59.676,22.855,22.855
9.609,60.486,22.855,22.855
9.263,60.887,23.361,23.361
9.863,59.197,23.878,23.878
9.017,59.855,23.878,23.878
9.487,58.633,23.878,23.878
8.930,58.856,24.406,24.406
9.411,58.952,24.406,24.406
8.354,59.241,24.406,24.406
8.834,58.760,24.406,24.406
9.315,58.088,24.406,24.406
7.873,58.568,24.406,24.406
8.930,57.511,24.406,24.406
9.219,58.184,24.406,24.406
9.891,59.048,24.406,24.406
9.026,58.184,24.406,24.406
10.468,59.048,24.406,24.406
9.603,58.184,24.406,24.406
8.546,58.856,24.406,24.406
9.373,56.892,24.946,24.946
8.292,57.775,24.946,24.946
8.980,57.088,24.946,24.946
9.274,56.008,24.946,24.946
8.390,57.284,24.946,24.946
9.319,57.834,24.414,24.414
8.262,57.546,24.414,24.414
9.319,57.258,24.414,24.414
8.454,58.315,24.414,24.414
9.319,57.258,24.414,24.414
8.454,58.315,24.414,24.414
9.319,57.258,24.414,24.414
8.646,58.315,24.414,24.414
9.511,57.258,24.414,24.414
8.838,58.315,24.414,24.414
9.704,57.065,24.414,24.414
9.031,58.123,24.414,24.414
9.896,58.027,24.414,24.414
9.031,58.315,24.414,24.414
10.088,57.258,24.414,24.414
9.415,58.315,24.414,24.414
8.742,57.258,24.414,24.414
9.607,58.123,24.414,24.414
8.742,58.411,24.414,24.414
9.800,57.354,24.414,24.414
8.935,57.450,24.414,24.414
9.800,57.546,24.414,24.414
8.935,57.642,24.414,24.414
9.607,57.354,24.414,24.414
8.742,57.642,24.414,24.414
9.415,57.546,24.414,24.414
8.742,57.642,24.414,24.414
9.415,57.546,24.414,24.414
8.742,57.450,24.414,24.414
9.170,56.282,24.955,24.955
8.483,57.167,24.955,24.955
9.601,57.906,24.422,24.422
8.736,57.810,24.422,24.422
9.830,57.236,23.902,23.902
9.171,58.083,23.902,23.902
9.642,57.989,23.902,23.902
8.795,58.083,23.902,23.902
9.866,57.703,23.392,23.392
9.406,58.716,23.392,23.392
10.050,58.992,23.392,23.392
9.406,58.164,23.392,23.392
9.242,58.765,23.909,23.909
10.278,57.918,23.909,23.909
9.242,58.388,23.909,23.909
9.148,58.859,23.909,23.909
9.807,57.823,23.909,23.909
8.584,58.482,23.909,23.909
9.619,59.330,23.909,23.909
9.337,58.671,23.909,23.909
8.974,57.137,24.438,24.438
9.840,58.580,24.438,24.438
8.590,57.521,24.438,24.438
9.499,58.431,23.917,23.917
9.028,58.149,23.917,23.917
9.919,57.768,23.407,23.407
8.905,58.966,23.407,23.407
9.954,59.127,22.908,22.908
10.405,58.315,22.908,22.908
9.233,58.766,22.908,22.908
9.634,58.045,23.415,23.415
9.542,58.506,23.415,23.415
9.634,59.151,23.415,23.415
10.095,58.322,23.415,23.415
8.897,58.967,23.415,23.415
10.124,59.483,22.916,22.916
9.131,59.032,22.916,22.916
9.720,58.498,23.423,23.423
9.997,58.959,23.423,23.423
9.167,58.129,23.423,23.423
10.394,59.001,22.923,22.923
9.402,59.633,22.923,22.923
10.214,58.820,22.923,22.923
9.402,59.272,22.923,22.923
10.214,58.459,22.923,22.923
9.402,58.911,22.923,22.923
10.033,59.362,22.923,22.923
11.026,58.550,22.923,22.923
10.214,59.181,22.923,22.923
9.402,58.550,22.923,22.923
10.033,59.001,22.923,22.923
10.485,59.452,22.923,22.923
9.672,58.820,22.923,22.923
9.763,59.091,22.923,22.923
10.394,58.279,22.923,22.923
9.402,58.911,22.923,22.923
10.603,59.242,22.434,22.434
10.587,59.907,21.956,21.956
10.404,60.558,21.488,21.488
10.226,60.053,21.029,21.029
10.805,60.136,21.029,21.029
10.630,60.759,20.581,20.581
