0.00698137
0.01925159
0.02294636
0.02492714
0.02393222
0.02393031
0.02094412
0.02093601
0.02193904
0.02294087
0.02094579
0.02294493
0.02450633
0.02394414
0.01695442
0.01894832
0.01894808
0.01895285
0.02693534
0.02293777
0.01895070
0.01994634
0.01695371
0.01894927
0.01895690
0.02792978
0.02393126
0.02094293
0.01895046
0.02991652
0.02793288
0.02792573
0.02692795
0.02593184
0.02593446
0.02293396
0.02294064
0.02393603
0.02592063
0.02992821
0.02491570
0.02394414
0.02892947
0.03192091
0.03191161
0.02295589
0.02394152
0.02094436
0.02393603
0.02892208
0.03092384
0.03291011
0.02988577
0.02493668
0.02979422
0.02791977
0.02893853
0.02992535
0.02793074
0.03391099
0.02692747
0.02493477
0.03092098
0.03390622
0.03291202
0.03290939
0.02889943
0.02992129
0.03190923
0.03091478
0.03591108
0.02591395
0.05081272
0.05285954
0.04787493
0.04089069
0.03989387
0.01396346
0.01496029
0.01895308
0.02394247
0.01994896
0.01994944
0.02293372
0.02191281
0.02293682
0.02293873
0.02193785
0.02293134
0.02493310
0.02094293
0.02393961
0.02147555
0.02094436
0.02194118
0.02593827
0.02194500
0.02393603
0.02094078
0.02592635
0.02193260
0.02393770
0.02194428
0.02194381
0.02194047
0.02892542
0.02892351
0.02692819
0.02992344
0.02695513
0.02494025
0.02793145
0.02875257
0.02692509
0.02792358
0.02693129
0.02194333
0.02293873
0.02393842
0.03091931
0.02395225
0.02791595
0.02892590
0.03489971
0.03091478
0.02493763
0.02592778
0.02593040
0.03191447
0.02893114
0.02593350
0.03290868
0.05686307
0.04587770
0.03889823
0.04986811
0.02094722
0.02293730
0.02393579
0.02394104
0.02293658
0.02592731
0.02397156
0.02555823
0.02095938
0.01795101
0.01895022
0.02194023
0.01894808
0.02693439
0.02094364
0.01994872
0.02094436
0.02713442
0.02592444
0.02194548
0.02294087
0.01894903
0.01793742
0.01795459
0.01894760
0.02393556
0.02395129
0.02493453
0.01894832
0.01795483
0.01795197
0.02094531
0.02094269
0.02094460
0.02493358
0.02293873
0.01994538
0.02293682
0.02194309
0.02094555
0.01795220
0.01894927
0.01795435
0.01895070
0.02194047
0.02293992
0.02135801
0.02493691
0.02493191
0.02792740
0.02692413
0.03091979
0.02693224
0.02792335
0.02994990
0.02692199
0.02891588
0.02692008
0.02692723
0.02891898
0.03092885
0.02991581
0.02892375
0.03490758
0.02892256
0.03194046
0.02991962
0.02892756
0.03091383
0.03291154
0.03092217
0.02992725
0.02892351
0.03091288
0.03490734
0.03092384
0.02593088
0.02393961
0.02593207
0.02593017
0.02094316
0.02195168
0.02292371
0.02094269
0.02293968
0.01894927
0.02393460
0.02194023
0.02692199
0.02492619
0.02094769
0.02046752
0.01795316
0.02194691
0.02693033
0.02593184
0.02693009
0.02592659
0.03191853
0.01995111
0.01895046
0.01795220
0.01869965
0.01795244
0.01795220
0.02094579
0.01795316
0.01895213
0.01994753
0.01994991
0.01895118
0.01895022
0.02093649
0.02792740
0.02692676
0.02293563
0.02293921
0.02146530
0.02294040
0.02194095
0.02396703
0.02194452
0.02094698
0.01994419
0.02094626
0.01994681
0.02192187
0.02592254
0.02293611
0.02493334
0.02394295
0.01894927
0.01895213
0.01695466
0.01795459
0.01993728
0.01795292
0.01994586
0.01697850
0.01795483
0.01895046
0.01795316
0.01894808
0.02397346
0.02493525
0.02294207
0.02394223
0.02689862
0.02891946
0.01994705
0.01894879
0.01894617
0.02393389
0.02293944
0.02194214
0.01994538
0.01994753
0.01997972
0.01894903
0.02194285
0.01894999
0.02097130
0.02194190
0.01994324
0.01797295
0.01991987
0.02494073
0.02693605
0.02592826
0.02891827
0.02493691
0.01994944
0.02094436
0.01795387
0.02692842
0.02792287
0.02892256
0.01994562
0.02094269
0.02094650
0.02393889
0.02298117
0.02096963
0.02194118
0.02593827
0.02396584
0.02593112
0.02692819
0.02595711
0.02396011
0.02791858
0.02705741
0.03192210
0.02992010
0.02992702
0.02891827
0.02593327
0.02693319
0.02759743
0.02693081
0.02892232
0.03391743
0.02892399
0.02593660
0.02992773
0.03591037
0.03091526
0.02594709
0.02593064
0.02792335
0.02792835
0.02495432
0.02296329
0.02493548
0.02792454
0.03091550
0.02393603
0.02393937
0.02393985
0.02393603
0.03191447
0.02196980
0.02393603
0.02094388
0.02293825
0.01797748
0.01994658
0.01795745
0.01795220
0.01795173
0.01695442
0.01695585
0.01795506
0.01695633
0.01795197
0.01795220
0.01694965
0.01695728
0.01595998
0.01695228
0.01595616
0.01496220
0.01595879
0.01695561
0.02020216
0.02194262
0.02393651
0.02199078
0.02253628
0.01894879
0.01894641
0.01495934
0.01595664
0.01595521
0.01535392
0.01495957
0.01599002
0.01495957
0.01595640
0.01495910
0.01595902
0.01595783
0.01595569
0.01496029
0.01695395
0.01495957
0.01496029
0.01495910
0.01494765
0.01795721
0.01795101
0.01595736
0.01595926
0.01595426
0.01695442
0.01351595
0.01445222
0.01396322
0.01396275
0.01794863
0.01794910
0.01895094
0.02094793
0.02095127
0.01995111
0.01994753
0.02394199
0.01795197
0.02094793
0.02194214
0.01795292
0.01894975
0.01898026
0.02193403
0.02293444
0.01396370
0.01496005
0.01396418
0.01496029
0.01396465
0.01495910
0.01394701
0.01396608
0.01396203
0.01496196
0.01398826
0.01938605
0.01894736
0.01495910
0.01595688
0.01396418
0.01595855
0.01494217
0.01496267
0.01595831
0.01695776
0.01895142
0.01795340
0.01495957
0.01495957
0.01496053
0.01595569
0.01595664
0.01595807
0.02294278
0.02397490
0.01994586
0.01795197
0.01795316
0.01795077
0.01994658
0.01895046
0.01895189
0.02293658
0.01895308
0.01895332
0.02093983
0.01994896
0.02094412
0.01995158
0.02094197
0.01895189
0.01994944
0.02194691
0.02593946
0.02393842
0.02392888
0.01994610
0.02791953
0.02493715
0.02493620
0.02197313
0.02195501
0.02494192
0.02293587
0.02493310
0.02294230
0.02292013
0.02294159
0.02299786
0.02393699
0.02195549
0.02191329
0.02035356
0.01994824
0.01795316
0.02094436
0.01697803
0.02094507
0.01895165
0.02393460
0.02593756
0.02593637
0.02493238
0.02692676
0.02691936
0.01994729
0.01795220
0.01795220
0.01890707
0.01795268
0.01895070
0.01795244
0.01994681
0.02792215
0.02294421
0.02692199
0.02393293
0.01795030
0.01695657
0.01843286
0.02593160
0.02495027
0.02493620
0.02891946
0.02293444
0.02093625
0.02046466
0.02495360
0.01596355
0.01595998
0.01795220
0.01592803
0.01797795
0.01646757
0.01695371
0.01695609
0.01795101
0.01795030
0.01595855
0.01795244
0.01695633
0.01795435
0.01694322
0.01795220
0.01695585
0.01695824
0.01795292
0.01695442
0.01595402
0.01596165
0.01594257
0.01795363
0.01747417
0.01795220
0.02493668
0.02493024
0.02294445
0.02293968
0.01896429
0.01894784
0.01894903
0.02493238
0.02293563
0.02394176
0.02293944
0.02294278
0.02293324
0.01795363
0.02094197
0.02194285
0.02393937
0.01995087
0.02393699
0.02294040
0.02093959
0.02096868
0.02193975
0.02193952
0.02358103
0.02493358
0.02392340
0.02792215
0.02688050
0.02393031
0.02094865
0.02194142
0.02094817
0.01795197
0.01895189
0.01994801
0.01795387
0.01795292
0.01795292
0.01695466
0.01795077
0.01695275
0.01695776
0.01496172
0.01695156
0.01495814
0.01795244
0.01695514
0.01695514
0.01595759
0.01496434
0.01795459
0.01396489
0.01695704
0.02194405
0.02194357
0.01991439
0.01495886
0.01496005
0.01595759
0.01795721
0.01695585
0.02094960
0.02197576
0.01695299
0.01695728
0.01695704
0.01695633
0.01695657
0.01794457
0.01694798
0.01894951
0.01695251
0.01795483
0.01997852
0.02096796
0.02493310
0.01994729
0.02094436
0.01895690
0.02393460
0.02294397
0.02095079
0.02102304
0.01898551
0.01994586
0.02094245
0.02094603
0.02194333
0.02593160
0.02593327
0.02792859
0.02619958
0.02791858
0.02492714
0.03291202
0.02592993
0.02892065
0.02692795
0.02792597
0.02492905
0.01994705
0.01994705
0.01895070
0.02093291
0.01695466
0.01894712
0.01795220
0.01795363
0.01693583
0.01794291
0.01595807
0.01737499
0.01695371
0.01592851
0.01695585
0.01795053
0.02094650
0.02095151
0.01994586
0.02094603
0.02094364
0.02090073
0.02193570
0.02292800
0.02393579
0.01993346
0.01994491
0.02293849
0.01994681
0.02194595
0.02194190
0.01895452
0.02094698
0.01894951
0.01994348
0.01994276
0.01994467
0.01895070
0.01994896
0.02094889
0.02894020
0.02392817
0.01994753
0.01895428
0.02693653
0.02391624
0.02593708
0.02493405
0.02592158
0.02494049
0.02593493
0.02693629
0.02792645
0.02792907
0.01795316
0.01895833
0.01994896
0.01994777
0.01894832
0.02194285
0.01994824
0.01994681
0.01894999
0.01795101
0.01994658
0.01795340
0.01894999
0.01695371
0.01595092
0.01760316
0.01596045
0.01795340
0.01595879
0.01795053
0.01595831
0.01695323
0.01795149
0.01695204
0.02294517
0.01995325
0.01896310
0.02094889
0.01795149
0.01895094
0.02094507
0.01896453
0.01995730
0.01994491
0.01994801
0.01994991
0.01894951
0.01895261
0.02094221
0.01995087
0.02194548
0.02094388
0.01994586
0.02392292
0.02394342
0.01894546
0.01695466
0.02052355
0.02093935
0.02294016
0.02492523
0.01895022
0.01695776
0.01995993
0.01597476
0.01695657
0.01994920
0.02194023
0.02493382
0.02094054
0.01795149
0.02393746
0.02792144
0.02592540
0.02992487
0.02593613
0.02493215
0.02293825
0.02393794
0.02393031
0.02194285
0.02094769
0.02194548
0.02293682
0.01894951
0.01994848
0.01895332
0.02094412
0.01994610
0.02194095
0.01995659
0.01994801
0.01795101
0.01895118
0.01695704
0.01695490
0.01595712
0.01795197
0.01595879
0.01595902
0.01695609
0.01795530
0.02592516
0.02393413
0.01895237
0.01892209
0.01894760
0.02289653
0.02393079
0.02593112
0.02095962
0.01794982
0.01795220
0.01494575
0.01495910
0.01496005
0.01495814
0.01495171
0.01593375
0.01496077
0.01695490
0.01595831
0.01795220
0.01595592
0.01816034
0.02194095
0.01793194
0.01994133
0.02094531
0.02098274
0.02094054
0.02094769
0.02293372
0.02094364
0.02294683
0.01795959
0.01595712
0.01496005
0.01396370
0.01496172
0.01496291
0.01595974
0.01496148
0.01496029
0.01496267
0.01396298
0.01595616
0.01496291
0.01594281
0.02293658
0.02402210
0.01795554
0.01692581
0.01795650
0.01695704
0.01795411
0.01694942
0.01695728
0.01795030
0.01596117
0.02296853
0.02394128
0.02194810
0.02194214
0.02094960
0.02216554
0.02194881
0.02194834
0.02294040
0.02295709
0.02094698
0.02094412
0.01895213
0.01795197
0.01894879
0.01695657
0.01994681
0.01797295
0.01895332
0.01696181
0.01795483
0.01595736
0.01575541
0.01991820
0.01994824
0.01894712
0.01893187
0.01795220
0.01795220
0.01496148
0.01695728
0.01496029
0.01595712
0.01497769
0.01595783
0.01595759
0.01596093
0.01596141
0.02193952
0.02294064
0.02094793
0.01795244
0.01795554
0.01774311
0.01695776
0.01795197
0.01794839
0.02195024
0.02293468
0.02194262
0.02295280
0.02194858
0.02094698
0.02293944
0.01398277
0.01596189
0.01695204
0.01695538
0.01794958
0.02094173
0.01795411
0.01795316
0.01894832
0.01896143
0.01795101
0.01892543
0.01994252
0.01595592
0.01496077
0.01595640
0.01496029
0.01595807
0.01498485
0.01594448
0.01496148
0.01695490
0.01596022
0.01595497
0.01496243
0.01597166
0.01396370
0.01396179
0.01399016
0.01396108
0.01396108
0.01496434
0.01594853
0.01496005
0.01496029
0.01496053
0.01396561
0.01396275
0.01495981
0.01695561
0.01689744
0.01595807
0.02094364
0.02294159
0.02190900
0.02194285
0.02194762
0.02095962
0.02194047
0.02294183
0.01597786
0.01695514
0.01795721
0.01494694
0.01396561
0.01595783
0.01396275
0.01496196
0.01496220
0.01595640
0.01495838
0.01595592
0.01496315
0.01695371
0.01495767
0.02195406
0.02393723
0.01496124
0.01496148
0.01496267
0.01595855
0.01695204
0.01795435
0.01496005
0.01596022
0.01496291
0.01595902
0.01595831
0.01695538
0.01995873
0.02592850
0.01795030
0.01595783
0.01695585
0.01595616
0.01695633
0.01695800
0.01696992
0.01693320
0.01795077
0.01695609
0.01795220
0.01695585
0.01695442
0.01795197
0.01795506
0.01595712
0.01695800
0.01695728
0.01595592
0.01596570
0.01496029
0.01496267
0.01495934
0.01516795
0.01496100
0.01599026
0.01496005
0.01595736
0.01495981
0.01595902
0.02095103
0.02137113
0.02094412
0.02277708
0.02193975
0.01595974
0.01695585
0.01496124
0.01695323
0.01595926
0.01595569
0.01595879
0.01694965
0.01595592
0.01595140
0.01892591
0.02393913
0.02194786
0.02393889
0.02193642
0.02393341
0.01994252
0.01795721
0.01797652
0.01695323
0.02193761
0.02094388
0.02194834
0.02293515
0.02492690
0.02248049
0.02194047
0.01795244
0.01695275
0.02094913
0.02097297
0.01994205
0.01695371
0.01695633
0.01695561
0.01695466
0.01697254
0.01695538
0.01595736
0.01695442
0.01595759
0.01496172
0.01595688
0.01496100
0.01495862
0.01496148
0.01496005
0.01595879
0.01495981
0.01495934
0.01595926
0.01595974
0.01695204
0.01595855
0.01796103
0.01595998
0.01597905
0.01695442
0.01596022
0.01396394
0.01495934
0.01497626
0.01396489
0.01496053
0.01697850
0.01795578
0.02292800
0.01994419
0.01795697
0.01894617
0.01595879
0.01695490
0.01695442
0.01696777
0.01994205
0.01997399
0.01595283
0.01695490
0.01795745
0.02093744
0.02196646
0.02095103
0.02291274
0.01796103
0.01396275
0.01396132
0.01396179
0.01598811
0.01396203
0.01396275
0.01396203
0.01396251
0.01396298
0.01396298
0.01695323
0.01396489
0.01396179
0.01545095
0.01795125
0.02194500
0.02194858
0.02095127
0.01794457
0.01596189
0.01795626
0.01595354
0.01695728
0.01795006
0.01596189
0.01595783
0.01725674
0.01693845
0.01994109
0.01895094
0.02093744
0.02293682
0.01997042
0.01795292
0.01895070
0.01895142
0.01397514
0.01396608
0.01396322
0.01495981
0.01396251
0.01396179
0.01396298
0.01393557
0.01495957
0.01694369
0.01396394
0.01695991
0.02399492
0.02193785
0.01795173
0.01496053
0.01396108
0.01595855
0.01396132
0.01496077
0.01496100
0.01595831
0.01396155
0.01495218
0.01496053
0.01695776
0.01496267
0.01595855
0.01496029
0.01496243
0.01396561
0.01496172
0.01396465
0.01396227
0.01496148
0.01895761
0.01994801
0.01894569
0.02293205
0.01896405
0.01795530
0.01794648
0.01859260
0.01754022
0.01893210
0.01695466
0.01895428
0.01795387
0.02193451
0.01794887
0.01546812
0.01495981
0.01595807
0.01496124
0.01695418
0.01595879
0.01595807
0.01495957
0.01595807
0.01496100
0.01695490
0.01496387
0.01695490
0.01496005
0.01695633
0.01495957
0.01695538
0.01496053
0.01595736
0.01495314
0.01695514
0.01496005
0.01595759
0.01495910
0.01496243
0.01496053
0.01695728
0.01795197
0.01695561
0.01894975
0.01595807
0.01695538
0.01794934
0.01794887
0.01595640
0.01695538
0.01584888
0.01595926
0.01892233
0.01695323
0.01693296
0.01994920
0.01795387
0.01794505
0.01695132
0.01695776
0.01894689
0.01396322
0.01396370
0.01496005
0.01595950
0.01496077
0.01595736
0.01394916
0.01595759
0.01695895
0.01696610
0.01695323
0.01595569
0.01496243
0.01495910
0.01398182
0.01396394
0.01595664
0.01496029
0.01595879
0.01396322
0.01495981
0.01494527
0.01396418
0.01398587
0.01398349
0.01395988
0.02093029
0.02393627
0.01396179
0.01296616
0.01396418
0.02192926
0.02493310
0.01993775
0.01593804
0.01497173
0.01795626
0.01495981
0.01396370
0.01496315
0.01496291
0.01595759
0.01493788
0.01496196
0.01595592
0.01496053
0.01496363
0.01595449
0.01495981
0.01593280
0.01395988
0.01593328
0.01396394
0.01496339
0.01495886
0.01296592
0.01396441
0.01296544
0.01496053
0.01596737
0.01695371
0.01694798
0.01895022
0.01584888
0.01593518
0.02094316
0.01796365
0.01895738
0.01895595
0.01894379
0.02097273
0.02391911
0.01695228
0.01894927
0.01695776
0.01695752
0.01595879
0.01795602
0.01698041
0.01695681
0.01695395
0.01595998
0.01546621
0.01795411
0.01695323
0.01894951
0.01795173
0.01795173
0.01695466
0.01695657
0.01695538
0.01595736
0.01596713
0.01595688
0.01496673
0.01495981
0.01595712
0.01695418
0.01668930
0.01795006
0.01798058
0.01795268
0.01994252
0.01994729
0.01796889
0.01596045
0.01595974
0.01695466
0.01695299
0.01795506
0.01894784
0.01795340
0.01795387
0.01795387
0.01894641
0.01795435
0.01994276
0.01894927
0.01893020
0.02892947
0.01894093
0.01795459
0.01994634
0.02394271
0.01994491
0.01894927
0.01796889
0.01794267
0.01894641
0.01797295
0.01740074
0.02094674
0.02094340
0.02195406
0.02393556
0.02093935
0.02293873
0.01994157
0.01695514
0.01695442
0.01495862
0.01495981
0.01595569
0.01595664
0.01795459
0.01595640
0.01795340
0.01595712
0.01795650
0.01595759
0.01595736
0.01595736
0.01795268
0.01597214
0.01595855
0.01595902
0.01595688
0.01595855
0.01695776
0.01595664
0.01595759
0.01595879
0.01595926
0.01495981
0.01595783
0.01695371
0.01994944
0.02193499
0.01894879
0.01598430
0.01595759
0.01495552
0.01495934
0.01595926
0.01495981
0.01592541
0.01496196
0.01496267
0.01496005
0.01396537
0.01397514
0.01396394
0.01396561
0.01396251
0.01396346
0.01396489
0.01496196
0.01293969
0.01495934
0.01396370
0.01298714
0.01496196
0.01396298
0.01396561
0.01396441
0.01396251
0.01396322
0.01396632
0.01397324
0.01396322
0.01595592
0.01495314
0.01695347
0.01994872
0.01968527
0.02194548
0.02493310
0.02095151
0.02493024
0.02094531
0.02792716
0.02094603
0.02095056
0.02393055
0.02194548
0.02394295
0.01994967
0.02292466
0.02293897
0.02091527
0.02195454
0.02209282
0.01398087
0.01496029
0.01795316
0.02393842
0.02493429
0.02396274
0.02593422
0.02294111
0.02793145
0.02393699
0.02218914
0.02094531
0.02394128
0.02094436
0.02592397
0.01994324
0.01994753
0.01894760
0.02194309
0.01993060
0.01995063
0.01994658
0.01994491
0.02094650
0.01896358
