0.04000020
0.03600001
0.01600027
0.01307511
0.01599979
0.01599789
0.01600122
0.01599789
0.01199961
0.01999903
0.01599979
0.01600027
0.01600003
0.01599979
0.01599979
0.01599979
0.01599956
0.01999903
0.02000022
0.01599956
0.01600003
0.02000046
0.01999998
0.01999760
0.02000117
0.02000070
0.01999879
0.01999927
0.02290988
0.02000046
0.04117346
0.04400039
0.02000046
0.11600018
0.02399993
0.02000093
0.01999974
0.01999950
0.04000044
0.01999903
0.02000022
0.07600117
0.01927257
0.01860499
0.02006292
0.04045033
0.03999996
0.03999972
0.03583002
0.03726315
0.03999996
0.01998830
0.02000284
0.02102304
0.02000165
0.01797557
0.01396656
0.02258062
0.02400255
0.02011061
0.02052164
0.02257872
0.02020264
0.01643920
0.01936126
0.01613164
0.01560020
0.01657343
0.01544952
0.02044415
0.01691175
0.01503158
0.01646090
0.01812577
0.01598668
0.01638865
0.01708031
0.02525926
0.02399898
0.02401853
0.02399731
0.02400160
0.01997995
0.02399588
0.02756882
0.02799964
0.02530742
0.02799940
0.02799463
0.34156632
0.02613521
0.02399969
0.03191423
0.01600003
0.01496005
0.01496077
0.01495934
0.01495981
0.01496053
0.01496077
0.01595759
0.01495957
0.01695585
0.01524186
0.01595688
0.01595712
0.01595807
0.01595926
0.01495910
0.01496172
0.01595926
0.01495957
0.01496220
0.02300596
0.02393222
0.02194095
0.02393937
0.01894879
0.01548457
0.01695418
0.01695442
0.01695514
0.01695466
0.01695490
0.01695538
0.01695538
0.01498675
0.01695490
0.01695561
0.01695514
0.01695800
0.01595807
0.01494265
0.01595640
0.01496005
0.01595807
0.01595736
0.01544070
0.01496029
0.01496053
0.01595902
0.01495981
0.01594782
0.01454401
0.01596618
0.01493716
0.01595926
0.01995277
0.02493215
0.02099347
0.01496005
0.01895213
0.01695466
0.01595950
0.01595950
0.01695704
0.01795387
0.02194285
0.02496982
0.02293849
0.02289557
0.02393436
0.02392936
0.02394223
0.02294159
0.02394247
0.02393699
0.01895046
0.01795268
0.01897025
0.02194786
0.02692008
0.02503443
0.02592325
0.01894903
0.01894903
0.01795244
0.02094364
0.02094412
0.02094316
0.02194166
0.02095890
0.01993251
0.01894927
0.01994729
0.01994610
0.01994634
0.02301955
0.02096558
0.02094221
0.01898694
0.01894975
0.01695275
0.01795197
0.01894975
0.01796556
0.01994562
0.01695490
0.01695585
0.01696706
0.01596880
0.01695633
0.01695418
0.01795197
0.01695561
0.01695490
0.01994634
0.01795268
0.01695657
0.01894951
0.01796603
0.01695466
0.01796985
0.01596880
0.01496243
0.01595902
0.01595688
0.01495886
0.01695490
0.01595807
0.01695681
0.01695514
0.01695609
0.01595712
0.01496124
0.01496005
0.01595759
0.01396298
0.01495957
0.01496077
0.01595712
0.01595974
0.01595855
0.01496124
0.01497602
0.01596570
0.02791357
0.01994514
0.01496053
0.01495957
0.01596045
0.02194262
0.02293801
0.02197480
0.02396011
0.03390765
0.01651955
0.01496029
0.01496005
0.01795268
0.01595664
0.01695514
0.01495957
0.01695490
0.02393627
0.02294636
0.02593660
0.02494264
0.02292991
0.01695395
0.01796889
0.01795244
0.01795316
0.01894927
0.01695442
0.01795077
0.01695657
0.01795197
0.01795316
0.01795220
0.01795220
0.01795053
0.01795125
0.01595712
0.01541805
0.01495981
0.01695347
0.01407576
0.01999497
0.01999164
0.01999879
0.01310158
0.01987863
0.02142048
0.01999998
0.01999831
0.01741076
0.01999974
0.01999950
0.03001022
0.00999999
0.01987052
0.01999950
0.01987600
0.00999808
0.01629901
0.01312876
0.00969648
0.01851630
0.01973939
0.01999712
0.00999904
0.01988292
0.01999760
0.00999498
0.01992726
0.01993155
0.02000046
0.01975822
0.01984787
0.01990080
0.01999497
0.01979017
0.01978040
0.01990008
0.02000046
0.02001047
0.00969601
0.01000047
0.02027535
0.02000260
0.01972675
0.02000213
0.02129269
0.01999283
0.01901269
0.01999974
0.01999378
0.03000188
0.01999974
0.01999235
0.01999664
0.02000022
0.01999784
0.01983285
0.01999974
0.02001667
0.01999664
0.00999308
0.01975703
0.01000047
0.01979971
0.01981688
0.01967001
0.01999426
0.02002811
0.01999354
0.02999496
0.03062701
0.02000165
0.03000426
0.02118897
0.02000213
0.01999354
0.02999687
0.01999664
0.02998996
0.01975322
0.01973915
0.02084422
0.01999927
0.01951003
0.01977706
0.01973295
0.01972508
0.01994705
0.01999855
0.01999903
0.01985598
0.01999998
0.01999903
0.01000118
0.01608992
0.02453399
0.02000260
0.02004075
0.01999807
0.01985145
0.01002336
0.01977301
0.01999879
0.01986098
0.02441287
0.02423143
0.01607513
0.01972055
0.01984429
0.01975656
0.02000070
0.02104425
0.01100969
0.01000094
0.01997495
0.01000047
0.02000046
0.02001381
0.01999974
0.01999545
0.01999927
0.01999998
0.02997279
0.01999474
0.01977515
0.00999784
0.01968837
0.02000141
0.01831603
0.01858354
0.01972032
0.01183629
0.01961946
0.01608753
0.01999927
0.01000023
0.01999950
0.00999928
0.01974559
0.00999665
0.01981473
0.01978898
0.01971126
0.01978946
0.01966786
0.01999831
0.00999904
0.01999760
0.02000117
0.02000117
0.01999021
0.01969218
0.00973821
0.02000046
0.00971007
0.00999808
0.01999831
0.01999998
0.01977348
0.01981902
0.01000071
0.01000071
0.01999855
0.01984763
0.01981521
0.01986051
0.02466273
0.02999997
0.01999187
0.02999401
0.01999879
0.01999688
0.01999950
0.02999544
0.02402210
0.01600027
0.01599717
0.01572013
0.01599836
0.01600003
0.01999378
0.01600075
0.01599932
0.01200008
0.01599789
0.01199818
0.01602554
0.01585698
0.02000022
0.02799678
0.01999903
0.02979493
0.02000451
0.02999830
0.02000427
0.01999998
0.02000332
0.02001429
0.00989437
0.01115966
0.01000166
0.00981021
0.01903749
0.00999975
0.01989436
0.01000190
0.01002717
0.01983213
0.02000022
0.01978040
0.00999999
0.01999760
0.01999688
0.03000069
0.02526808
0.02107882
0.02000523
0.03019691
0.02000475
0.01902652
0.01999831
0.02000165
0.01999640
0.00999975
0.02000046
0.00980759
0.00981617
0.00999951
0.01971579
0.00999904
0.02653718
0.00957036
0.01600313
0.02400041
0.01937604
0.02000618
0.02852821
0.02999926
0.01999760
0.01999974
0.02000070
0.01975060
0.02000165
0.01999998
0.01999903
0.01984882
0.01999784
0.01000142
0.01974583
0.01969600
0.00978994
0.01979876
0.00964880
0.00968695
0.01974344
0.01980186
0.02386975
0.00821853
0.00980687
0.01793194
0.01000023
0.01000023
0.01974773
0.01824188
0.01000047
0.01999784
0.03072619
0.01999688
0.03023982
0.02003217
0.01999617
0.01999593
0.02200961
0.01608157
0.01495910
0.01810336
0.00975204
0.00999975
0.02999759
0.01999021
0.01999450
0.02000475
0.02000022
0.02002287
0.01999879
0.01997614
0.02002001
0.02002215
0.01999998
0.01999593
0.01000285
0.01991391
0.00999928
0.01970911
0.01984620
0.01970696
0.00999999
0.00997782
0.02000284
0.01999807
0.01511097
0.01982689
0.01988125
0.00999999
0.01987004
0.01000071
0.01981592
0.00986934
0.00987053
0.01986217
0.01987529
0.00986910
0.01000118
0.01978707
0.01999903
0.00998545
0.01997399
0.01992583
0.01993895
0.00999904
0.02000761
0.01999116
0.01999712
0.01999712
0.01999950
0.01997185
0.01999855
0.00982761
0.01964879
0.01977062
0.01000118
0.00985146
0.00969768
0.01532245
0.00984478
0.00987625
0.01982212
0.02000713
0.03253913
0.01999331
0.02000380
0.01999688
0.01999617
0.02000880
0.01973701
0.02000523
0.01998258
0.01999998
0.03002286
0.01998806
0.01999187
0.00969553
0.01600051
0.01983452
0.01600051
0.01599813
0.01599717
0.01872015
0.01600146
0.01999688
0.02001238
0.02000403
0.01808286
0.02002525
0.01599050
0.01985049
0.01600051
0.01599860
0.01978993
0.01374245
0.01599932
0.01600146
0.01720023
0.01599956
0.02000165
0.01599979
0.01599956
0.01979041
0.01600122
0.01599836
0.01599765
0.01600027
0.02000308
0.02400088
0.02000308
0.02400351
0.01599908
0.01600075
0.01599932
0.01599908
0.01999784
0.01599884
0.01599789
0.01574302
0.01585126
0.01599479
0.01601338
0.01999831
0.01599860
0.01601791
0.01599908
0.01599789
0.01199865
0.01564741
0.01580024
0.01484418
0.01598406
0.01599836
0.01320195
0.01999712
0.01999879
0.02400231
0.01999831
0.02000070
0.01999974
0.01998663
0.02000403
0.02000356
0.02800441
0.02698755
0.01818919
0.02334809
0.01999187
0.02000260
0.01999664
0.01999092
0.00990725
0.00980806
0.01979113
0.00999594
0.00999975
0.00980186
0.01978159
0.01980329
0.01978517
0.01000094
0.00984383
0.01000142
0.01970077
0.01209784
0.01828218
0.00853252
0.02000070
0.02000070
0.01999831
0.01999664
0.01999927
0.01999140
0.01974130
0.01000047
0.01000118
0.01000190
0.01988459
0.01983809
0.01983595
0.00999904
0.00973821
0.00977755
0.01972294
0.01965165
0.01965237
0.00976777
0.00978804
0.00964808
0.00978208
0.00989914
0.00982332
0.00975966
0.01000166
0.01982331
0.02000189
0.01999974
0.02464676
0.01000881
0.01997185
0.01999879
0.01000500
0.02000666
0.01999807
0.01999855
0.02959895
0.02002454
0.02999473
0.01999164
0.01999927
0.01884365
0.01975322
0.01998067
0.01000094
0.01999998
0.00968814
0.00980473
0.01486349
0.01999593
0.02000070
0.02001500
0.01607180
0.02151752
0.02399373
0.01999688
0.01599669
0.01599574
0.01599574
0.01599956
0.01600003
0.01600194
0.01600027
0.01599789
0.01599622
0.01583576
0.01599431
0.01599789
0.01199818
0.01599908
0.01199961
0.01599646
0.01602435
0.01599789
0.01600075
0.01598954
0.02000022
0.01611114
0.01898479
0.01999903
0.02450180
0.02400064
0.02399707
0.02000618
0.01999617
0.01999688
0.01418924
0.02118516
0.00988674
0.01806688
0.01210070
0.01984191
0.01599956
0.01581812
0.02000213
0.01199889
0.00975800
0.01564622
0.01000237
0.01599979
0.01410985
0.01600361
0.01000118
0.01600194
0.01850915
0.01599598
0.01971793
0.01212549
0.01944351
0.02000213
0.01600099
0.01717401
0.01600003
0.01600146
0.01600003
0.01602316
0.01583648
0.01599884
0.01599932
0.01617908
0.01599908
0.01599789
0.01599860
0.01600122
0.01599789
0.01599884
0.01599526
0.01601744
0.01600337
0.01587224
0.01599979
0.01599908
0.01600051
0.01999760
0.01999784
0.01600099
0.01600027
0.01609898
0.02400804
0.02416110
0.01823568
0.01209521
0.01199937
0.01199913
0.02000070
0.02158022
0.02000308
0.02130985
0.02212310
0.02187777
0.01998782
0.01757026
0.01213837
0.01815462
0.01245427
0.01999927
0.01997590
0.01000643
0.02000237
0.01987433
0.01982236
0.00998497
0.00999880
0.01999760
0.00839472
0.01995206
0.01985025
0.02094769
0.01881123
0.00969243
0.01001573
0.01360512
0.00970078
0.00999951
0.01000166
0.02118134
0.00900626
0.00979209
0.00983906
0.01980758
0.01967478
0.00975800
0.00992680
0.00975847
0.02060723
0.01004076
0.02000356
0.01999187
0.02125669
0.01901960
0.02999735
0.02001691
0.02000308
0.01999831
0.01999545
0.02999902
0.02000642
0.01999593
0.01999879
0.00999880
0.01972961
0.01985931
0.00977564
0.03296399
0.01999640
0.00999165
0.00978374
0.00990653
