0.02892256
0.02293134
0.02194142
0.02391791
0.02191663
0.02393103
0.02295828
0.01595736
0.01496291
0.01396441
0.01697636
0.02069879
0.02089787
0.02193952
0.02194118
0.02094364
0.02194667
0.02194238
0.02293324
0.02294350
0.02194834
0.03291273
0.02194095
0.01993895
0.02094603
0.02094293
0.02293897
0.02293706
0.02393699
0.02402711
0.02393818
0.02593517
0.02493334
0.02992034
0.03192401
0.03690362
0.02892160
0.03091908
0.02791953
0.02393484
0.02593231
0.03091908
0.02895737
0.02992320
0.02892423
0.02991486
0.02892232
0.02692723
0.02992749
0.02991652
0.03187060
0.02992034
0.03136182
0.02593040
0.02293372
0.02394366
0.03091979
0.03091550
0.03789473
0.03391480
0.03490663
0.03194833
0.03191185
0.04787946
0.04688382
0.05885315
0.04688692
0.05287695
0.02393651
0.02493858
0.02391243
0.02393699
0.02394247
0.02394271
0.02393723
0.02394247
0.02494001
0.02393770
0.02693224
0.02393651
0.01895165
0.02094674
0.01996446
0.02493811
0.02394366
0.02393699
0.02293730
0.02593637
0.02692318
0.02293277
0.02393103
0.02292466
0.02393913
0.02494073
0.02493787
0.02493215
0.03191829
0.03092170
0.02793336
0.02892923
0.02493286
0.02794218
0.02892280
0.03094244
0.02792835
0.02892637
0.02992845
0.02791691
0.02793074
0.02991557
0.03091979
0.02892852
0.02891874
0.02892137
0.02935719
0.03191495
0.02692461
0.02593112
0.02393699
0.03392839
0.03391266
0.02689505
0.02793097
0.03291535
0.03291321
0.02690363
0.03893089
0.05185986
0.04687548
0.02094698
0.01895404
0.01895237
0.02194381
0.02294397
0.02591681
0.02593327
0.02593017
0.02991557
0.02546787
0.02591753
0.02592683
0.02991915
0.02493215
0.02194500
0.01994801
0.02049804
0.02094698
0.01994872
0.02595162
0.02591968
0.02594256
0.02693748
0.02593136
0.02593684
0.02692676
0.02593184
0.02568340
0.02593899
0.02991652
0.02393889
0.02393556
0.02862477
0.02991128
0.02892923
0.02892518
0.02991939
0.03194118
0.02693224
0.02793312
0.03193641
0.02694583
0.02892280
0.02893829
0.02792192
0.02393723
0.03240037
0.02992725
0.02990556
0.03094578
0.02991819
0.03190780
0.04687428
0.05884218
0.02692103
0.02693176
0.02692437
0.02694821
0.02692914
0.02892661
0.02493358
0.02094531
0.01994658
0.01895118
0.02294135
0.02693629
0.02592659
0.02194190
0.01895142
0.01895118
0.01994491
0.01795387
0.01695323
0.01994658
0.01994729
0.01795125
0.02196121
0.01797247
0.01695681
0.01795197
0.01994801
0.01894975
0.01795578
0.01795197
0.01894975
0.01794910
0.01795506
0.01795578
0.01791978
0.01795101
0.01994824
0.01798058
0.02194262
0.02493286
0.02593040
0.02494192
0.02501178
0.02294421
0.02094460
0.02493358
0.02393746
0.02692771
0.02492666
0.02393723
0.02394247
0.02391648
0.02493954
0.02397180
0.02294540
0.02390957
0.02295780
0.02593875
0.02393436
0.02197337
0.02094793
0.02094531
0.02394080
0.02555990
0.02493405
0.02793312
0.02792525
0.02793097
0.02792811
0.02890801
0.02795005
0.02895403
0.02791929
0.02792406
0.03091669
0.02992892
0.03690004
0.03091908
0.03191972
0.02594519
0.02493358
0.02493811
0.02590919
0.02050138
0.02193999
0.02293849
0.01994658
0.01949477
0.02194381
0.02394271
0.02094555
0.01895118
0.02194262
0.01894903
0.01994705
0.01895094
0.01994586
0.01795173
0.01892424
0.01994944
0.01994681
0.01994944
0.02193713
0.01795125
0.01892161
0.02294374
0.01845837
0.01795268
0.01695251
0.01897407
0.01695490
0.01795340
0.01695514
0.02689791
0.02493954
0.02296591
0.02393961
0.02394485
0.02692795
0.02393842
0.02493286
0.02390933
0.02391124
0.02093601
0.01894999
0.01895547
0.01995206
0.01895213
0.02294278
0.02493143
0.02493930
0.02395344
0.02393913
0.02294707
0.02194262
0.01994896
0.01792717
0.02394152
0.02294946
0.02394247
0.02293253
0.02456951
0.02393484
0.02391481
0.02693725
0.02692461
0.02792883
0.02792263
0.02793264
0.02992678
0.03091764
0.02492929
0.01994538
0.02293921
0.02393556
0.03191018
0.03390169
0.02893329
0.02791977
0.02798033
0.03191113
0.03093481
0.03390241
0.02793336
0.02492046
0.02494740
0.02491164
0.02493286
0.02493310
0.02094340
0.02992606
0.02891803
0.02889967
0.02891302
0.02892590
0.02893043
0.02691031
0.02892017
0.02293992
0.02493954
0.02892423
0.02892900
0.03388596
0.02792811
0.02592993
0.02395630
0.02194452
0.02992702
0.03191590
0.02793074
0.02293420
0.02094483
0.02194118
0.01894927
0.01795101
0.02094340
0.02394438
0.02593613
0.02694368
0.02692819
0.02495861
0.02792001
0.02493119
0.02590799
0.02593112
0.02393651
0.02393985
0.02593374
0.02495337
0.02490973
0.02692294
0.02493477
0.02693677
0.02692103
0.02494073
0.02493262
0.02593040
0.02393031
0.02094412
0.01895332
0.01895261
0.01994610
0.01695657
0.01995063
0.01894999
0.01795292
0.01994538
0.01792884
0.02094412
0.01894855
0.02593422
0.02694392
0.02792764
0.02592969
0.02792072
0.02792120
0.02692461
0.02892733
0.02793193
0.03092027
0.02642107
0.02693200
0.02493763
0.02393818
0.02691984
0.02593637
0.02692151
0.02792478
0.02991104
0.02892566
0.02693081
0.02792811
0.02790356
0.02892756
0.02794623
0.02792144
0.02792954
0.02792859
0.03051281
0.02991915
0.02992415
0.03091145
0.02394795
0.02393365
0.02693105
0.02593517
0.02293706
0.02294087
0.02792811
0.02891469
0.02992487
0.03092217
0.02593350
0.02493072
0.02692842
0.02393413
0.02294087
0.02693629
0.02991104
0.02294064
0.02293730
0.02094603
0.02294135
0.02594733
0.02693415
0.02792883
0.02792382
0.02793097
0.02792549
0.02792645
0.02792740
0.02194095
0.01994538
0.01994681
0.02194095
0.02792597
0.03092480
0.02592993
0.02394104
0.02493143
0.02992082
0.02792883
0.02893186
0.02991676
0.02794719
0.02892351
0.02992535
0.02792239
0.02892303
0.02689481
0.02792525
0.02593470
0.02792287
0.02793455
0.02793193
0.03191304
0.03190732
0.02792239
0.02793431
0.02790666
0.02493358
0.02294064
0.02791119
0.03291273
0.02992702
0.02992296
0.03291559
0.02994585
0.03191876
0.02810669
0.02995634
0.02991199
0.02492309
0.02692795
0.02193975
0.02393603
0.02194214
0.02049565
0.01988745
0.02393484
0.02492976
0.02496529
0.02792263
0.01894808
0.01695609
0.01795244
0.01795197
0.01994801
0.01795316
0.02293015
0.03092146
0.02592349
0.02492094
0.02644682
0.02592874
0.02448654
0.02494073
0.02496362
0.02592373
0.02194095
0.02193832
0.01792645
0.01695609
0.01795244
0.01894975
0.01895189
0.01994538
0.01695871
0.01895070
0.02294350
0.02394390
0.01894689
0.01595783
0.01595640
0.01496172
0.01695561
0.01495910
0.01695657
0.02194762
0.02392936
0.02194095
0.02291179
0.02394032
0.02196908
0.01532245
0.01595592
0.02293110
0.02395868
0.02294683
0.02494025
0.02293158
0.02293992
0.02293849
0.02792954
0.02394080
0.02294278
0.02294230
0.02393937
0.02294159
0.02294660
0.02293921
0.02593207
0.02692819
0.02892542
0.02097201
0.01895094
0.01991749
0.01895142
0.01896286
0.02193093
0.02792335
0.02892923
0.02991009
0.02692866
0.02791786
0.02892327
0.02593327
0.02892661
0.03190732
0.03092480
0.03044248
0.02991843
0.02992010
0.02792978
0.02795911
0.02992940
0.03190780
0.02094388
0.02094698
0.02194047
0.02593279
0.02493548
0.02797174
0.02891970
0.02797031
0.02793574
0.02991915
0.03190708
0.02892351
0.02194142
0.02493405
0.02094412
0.02393627
0.01795483
0.02390838
0.02294564
0.02093291
0.02294564
0.02294636
0.02393579
0.02094436
0.02112293
0.02194834
0.02693510
0.02591538
0.02592468
0.02493787
0.02494168
0.02493000
0.02792740
0.02446342
0.02447200
0.02493310
0.02393293
0.02493453
0.02497673
0.02793193
0.02693224
0.02494025
0.02492929
0.02793765
0.02494192
0.02493286
0.02593446
0.02693582
0.02692318
0.02792430
0.03089094
0.02294445
0.01994872
0.01894927
0.01894999
0.01994514
0.01894927
0.01894975
0.01695585
0.01795268
0.01695299
0.01795340
0.02091289
0.02394009
0.02593875
0.02194524
0.02193880
0.02494144
0.02693081
0.02692389
0.02394080
0.02493811
0.02490306
0.01994753
0.01994967
0.01894689
0.02393770
0.02593112
0.02493596
0.02393746
0.02393055
0.01894736
0.01994824
0.01895332
0.01994896
0.02094316
0.01895118
0.01995945
0.02294040
0.02501082
0.02393532
0.02593446
0.01994514
0.01994419
0.01694393
0.01595831
0.02094507
0.02193570
0.02194738
0.02394152
0.02693248
0.02593780
0.02691960
0.02493119
0.02394152
0.02592421
0.02795887
0.02892280
0.02792525
0.02593040
0.02593303
0.02791786
0.02791762
0.02593303
0.02996898
0.02692842
0.02693200
0.02916479
0.02894020
0.02991319
0.02793932
0.02694535
0.02792788
0.02892947
0.03092241
0.03091526
0.02792358
0.02789783
0.02892709
0.02891946
0.02692485
0.02493048
0.02392912
0.02393341
0.02394223
0.02393842
0.02593780
0.02692914
0.02193856
0.02680707
0.02792883
0.02593470
0.02294540
0.02093983
0.02094507
0.01895165
0.01895118
0.01994872
0.01895261
0.01995468
0.01788640
0.01795483
0.01795483
0.01777649
0.01895094
0.01896262
0.02294230
0.02792096
0.02692819
0.02491307
0.02492785
0.02593422
0.02794957
0.02591014
0.02990508
0.03291893
0.03391457
0.03092527
0.03091097
0.03191376
0.03091764
0.03191376
0.03293705
0.03092337
0.02947688
0.02792788
0.02693033
0.02791977
0.02693081
0.02992344
0.03091645
0.02992105
0.03490472
0.02992463
0.02593350
0.02592707
0.02892232
0.02592969
0.03092337
0.03390932
0.03390455
0.03591681
0.03391933
0.03590703
0.02592802
0.02889895
0.02593398
0.02592921
0.04389048
0.02892542
0.02892470
0.03491688
0.03490496
0.03887057
0.03490591
0.03491378
0.03589892
0.03690147
0.03690147
0.03592372
0.03691220
0.03490305
0.03551483
0.03590465
0.03789520
0.03191137
0.02992916
0.02593255
0.03197002
0.02493429
0.02296376
0.02293968
0.02593374
0.02892447
0.02793050
0.03091526
0.03191137
0.03990364
0.01994848
0.02094436
0.02194095
0.01994658
0.02393651
0.02493644
0.02294183
0.02892303
0.03291130
0.03342724
0.03291917
0.03091526
0.02293873
0.01995778
0.02194190
0.01994753
0.01994658
0.02194333
0.01894808
0.01695395
0.01795125
0.01695466
0.01695371
0.01795173
0.01795101
0.01894951
0.01694989
0.01894808
0.01695395
0.01795149
0.01695061
0.01894975
0.01595831
0.01895046
0.01595879
0.01794004
0.01995134
0.02392817
0.01595759
0.01695395
0.01695704
0.01695585
0.01897430
0.02352428
0.02194715
0.02091646
0.02094650
0.02393413
0.02291870
0.02393579
0.02393651
0.02992487
0.02793217
0.02692866
0.02392411
0.01695704
0.01795268
0.01894951
0.01894832
0.01994777
0.01795077
0.01695848
0.01895070
0.01695776
0.01695442
0.01795459
0.01795197
0.01895332
0.01894951
0.02393293
0.02992415
0.03191733
0.02992725
0.02945995
0.02992249
0.02893925
0.02796459
0.03092360
0.03191662
0.03191829
0.03091168
0.02892900
0.02593255
0.02891827
0.02991581
0.03290868
0.03091526
0.03091359
0.03090072
0.03091884
0.03191400
0.03590417
0.02894807
0.02393818
0.02493763
0.02593422
0.02402377
0.02393627
0.03091884
0.03137827
0.03192353
0.03194666
0.02493477
0.01895118
0.01993179
0.01994705
0.02194262
0.01994705
0.02244663
0.01994967
0.02493644
0.03191018
0.03291297
0.02792788
0.02692652
0.02293968
0.01895046
0.02094603
0.01894975
0.01894975
0.02194214
0.02094483
0.02094412
0.02094722
0.01994705
0.01896858
0.01886940
0.01894832
0.01894999
0.01895046
0.01795387
0.01797080
0.01795268
0.01895118
0.02293754
0.02692890
0.02493572
0.02094197
0.01795292
0.01795101
0.01795387
0.01795316
0.01695633
0.01792526
0.01695657
0.01795435
0.02094531
0.03191781
0.03094697
0.03091574
0.02194953
0.01995945
0.02393889
0.02592969
0.03091741
0.03092003
0.02991772
0.02790046
0.02991772
0.03191876
0.03191423
0.02393270
