0.01002574
0.02000761
0.01848316
0.01999545
0.02841806
0.01999879
0.01999664
0.02999997
0.01528740
0.02001405
0.02000070
0.02903724
0.01998067
0.02000356
0.02002168
0.02000570
0.02000237
0.01000094
0.01999760
0.00998831
0.01982760
0.02000046
0.02000928
0.02009726
0.02000713
0.01999378
0.02000046
0.01976585
0.01999855
0.01982379
0.01969647
0.01975179
0.01999927
0.00980663
0.01979446
0.01852798
0.02000475
0.00997233
0.01993537
0.02000546
0.01978517
0.01973915
0.01975727
0.00999427
0.01982141
0.01978207
0.02001905
0.01990056
0.02000117
0.00999975
0.01972198
0.01999903
0.01985192
0.02000070
0.01999784
0.01999688
0.01999998
0.01836872
0.01999402
0.02000093
0.01982594
0.01981306
0.02000022
0.01970601
0.02305102
0.02000070
0.02999520
0.03000093
0.01999903
0.01971269
0.01972628
0.01999855
0.02000237
0.01976943
0.02000713
0.03000069
0.01999927
0.01997709
0.02987552
0.02000237
0.01990438
0.01973176
0.01999974
0.02876663
0.01999998
0.01999712
0.03000021
0.02999687
0.02999520
0.03531408
0.02651525
0.03000331
0.02983594
0.01984286
0.01982856
0.01999831
0.02975178
0.02985144
0.02988100
0.02435136
0.02998638
0.02003431
0.02975631
0.01999784
0.02850556
0.03001046
0.01999903
0.02903080
0.02000213
0.01999688
0.01807404
0.01995444
0.01833129
0.02987289
0.01999927
0.03001332
0.01999712
0.01999927
0.02400756
0.02999020
0.01999998
0.03003001
0.01999950
0.02999282
0.03000116
0.01997495
0.02999759
0.02209330
0.01997662
0.01999998
0.01971602
0.01000071
0.01968789
0.01999760
0.02000332
0.02999640
0.02989554
0.02260637
0.01993704
0.01996112
0.01995301
0.01979852
0.01999378
0.02999568
0.01981950
0.02000952
0.01986623
0.02000093
0.02522731
0.01999903
0.01999712
0.02458739
0.01100969
0.01977229
0.01973820
0.02000165
0.01000333
0.01977730
0.01974797
0.01987052
0.01651144
0.03377151
0.01999903
0.03141904
0.03000021
0.02066588
0.01999545
0.03170133
0.02998757
0.01998806
0.01000094
0.00999856
0.01984119
0.01983714
0.01980281
0.01999712
0.01999950
0.02000022
0.01999497
0.02997231
0.02208471
0.01997209
0.01975465
0.01000023
0.02000690
0.01999569
0.03533912
0.02000308
0.01993752
0.00999999
0.01973820
0.01836443
0.01999974
0.02000022
0.02643943
0.02000904
0.02983451
0.01207542
0.01000047
0.01999879
0.01978421
0.01999807
0.01966858
0.01999903
0.01985145
0.01974630
0.01998949
0.02218866
0.01999950
0.01984429
0.01965404
0.01973724
0.01964712
0.01976609
0.01983786
0.01968169
0.03000379
0.01999950
0.02215457
0.02792001
0.02000737
0.02999830
0.01853800
0.02000761
0.03000093
0.01999521
0.02593637
0.01969743
0.02999854
0.01999426
0.02999401
0.01999998
0.01999760
0.01981831
0.01999760
0.02653742
0.01959395
0.01985002
0.02000117
0.01984239
0.01999712
0.01999807
0.03000498
0.03000522
0.01979923
0.02000523
0.01801109
0.01999974
0.02000475
0.01969624
0.01974559
0.01982474
0.01964903
0.01000094
0.02000093
0.01982689
0.02000380
0.02000141
0.01978540
0.02022099
0.01000452
0.00987554
0.01689911
0.01000452
0.01981020
0.02122283
0.01999688
0.02980137
0.01998711
0.02255058
0.01754498
0.01999021
0.00999975
0.01997185
0.02999401
0.02540684
0.02000928
0.01999855
0.01002216
0.02000523
0.01916504
0.01999903
0.02000046
0.02000046
0.03000259
0.02000308
0.02999973
0.02998757
0.01999235
0.01602721
0.02000499
0.02999759
0.01999879
0.01999521
0.01991963
0.02000022
0.01971173
0.01999974
0.02984309
0.02013254
0.03000832
0.02975249
0.02096558
0.02982426
0.01999974
0.02000594
0.01984406
0.01851153
0.01995039
0.01994705
0.02430081
0.02000785
0.02000690
0.01977611
0.02003193
0.00999999
0.01973605
0.00999713
0.01973438
0.01970959
0.01976490
0.01000047
0.01002192
0.00979781
0.02000165
0.01999044
0.01999068
0.01999164
0.01999402
0.01981568
0.01984048
0.01999760
0.01999736
0.01999879
0.01616168
0.01881099
0.01905394
0.00977015
0.01122141
0.01999664
0.01979852
0.01977134
0.01999879
0.03002596
0.01999664
0.02000546
0.01999521
0.02000213
0.01999617
0.01999211
0.01999450
0.01998281
0.02120399
0.01999879
0.01998138
0.03000164
0.02264476
0.03000593
0.00999808
0.01999879
0.01975417
0.00971103
0.01983023
0.01971984
0.01001740
0.01970434
0.02219486
0.02000546
0.02674222
0.02000499
0.02126622
0.02000260
0.01999521
0.02982736
0.02000356
0.01999879
0.02000237
0.03000498
0.01997519
0.02999783
0.01813483
0.02983642
0.01999617
0.02989626
0.01698017
0.01978922
0.01999831
0.01121235
0.01982737
0.01998210
0.02697587
0.02409196
0.03000140
0.02678466
0.01999569
0.02000856
0.01000142
0.01996875
0.02000642
0.01999593
0.02496004
0.01999593
0.02126861
0.00999832
0.01979494
0.02125025
0.02900577
0.01999450
0.00974727
0.01968503
0.01000118
0.01978326
0.01985693
0.02000308
0.02000093
0.01979923
0.02000022
0.02000213
0.01987791
0.02000141
0.01981974
0.02999592
0.02000237
0.02000165
0.02400017
0.02000237
0.02287674
0.01000571
0.01974058
0.01976466
0.02000427
0.01969624
0.01981616
0.01999831
0.01999402
0.03000331
0.02411747
0.01999927
0.01983476
0.01986957
0.01999974
0.01999974
0.01977158
0.01000071
0.01970196
0.01999879
0.01970243
0.00969648
0.01964211
0.00997591
0.01600170
0.02999783
0.02000022
0.01996636
0.01999855
0.02000213
0.00999975
0.00979424
0.01976776
0.01000142
0.00974250
0.02304912
0.00534987
0.01600027
0.00969744
0.01966858
0.00999856
0.00999928
0.00972128
0.01502848
0.02000427
0.02000022
0.02000475
0.01999784
0.01901579
0.01978540
0.02153730
0.01826239
0.01995015
0.01999617
0.02000046
0.01999879
0.02000117
0.01976728
0.01976728
0.00999999
0.01968956
0.00969410
0.01975965
0.02109599
0.01569343
0.02002549
0.00970101
0.00979257
0.00983334
0.01981115
0.00971794
0.01977253
0.00950742
0.00969434
0.00999999
0.01395226
0.01982522
0.01988244
0.00999618
0.02209592
0.01975036
0.02002430
0.00975347
0.01999855
0.00976658
0.00966287
0.01000023
0.00974846
0.01000071
0.01979327
0.01978350
0.00976634
0.00972199
0.00990319
0.00981474
0.01955795
0.01601601
0.01985645
0.01984239
0.02000237
0.02000237
0.02999949
0.02000189
0.02105355
0.00986362
0.01409841
0.02000618
0.01999736
0.01985383
0.01907158
0.02000713
0.01979756
0.01974440
0.01086402
0.00999975
0.00999975
0.01003385
0.00999880
0.01984668
0.01999927
0.01199698
0.02000141
0.02000070
0.00999832
0.01977205
0.01985669
0.01000166
0.01983428
0.01976299
0.00978160
0.01976943
0.00977755
0.00979352
0.00971437
0.00998974
0.01722503
0.01211476
0.01998544
0.00999665
0.00967860
0.01000929
0.01002741
0.01000118
0.00996256
0.00977254
0.01000094
0.00968146
0.01999855
0.00974202
0.00999784
0.01979232
0.00978494
0.00972223
0.01598048
0.01591849
0.01318002
0.01980448
0.01980996
0.01000738
0.01903772
0.01982021
0.01999307
0.01978111
0.01972938
0.01980591
0.02000093
0.01980615
0.01976728
0.01680017
0.00810456
0.01990294
0.00999761
0.01599813
0.00973535
0.00973010
0.00967002
0.00976348
0.01985526
0.00991631
0.00978827
0.00972795
0.00996232
0.01967621
0.00978971
0.01977563
0.01987123
0.01600456
0.01551080
0.00975537
0.00982594
0.00976491
0.00972319
0.01001453
0.00999737
0.00999761
0.00999928
0.00975752
0.00975561
0.00987291
0.01002049
0.01984024
0.01698184
0.02685237
0.03129482
0.01999855
0.01000357
0.00999975
0.01965880
0.00998616
0.01967716
0.00999928
0.01975656
0.01964593
0.00970221
0.01000023
0.01965475
0.00976825
0.02210617
0.01999259
0.00999641
0.00971961
0.00999784
0.00977898
0.02215242
0.01601458
0.02999783
0.03001189
0.02999902
0.01998115
0.03112125
0.01999998
0.01973200
0.01973534
0.00978923
0.01980209
0.01999879
0.02344275
0.02000332
0.01999927
0.00975823
0.01971984
0.01091790
0.02482557
0.02001309
0.02983999
0.03000426
0.01999855
0.03257346
0.02000165
0.01999855
0.01851654
0.01987243
0.01982570
0.01999950
0.02000022
0.01804447
0.01982212
0.01000047
0.01976490
0.00999928
0.01966333
0.00999951
0.01978540
0.01999950
0.01991606
0.01977944
0.01971388
0.01968765
0.00999975
0.01561141
0.01612115
0.01999974
0.01942587
0.01999903
0.01976061
0.03000712
0.01999927
0.02999401
0.01999760
0.02995539
0.02400064
0.02999401
0.02000022
0.01999736
0.01973987
0.01975036
0.02000093
0.01974177
0.00977755
0.01978540
0.01974463
0.00999832
0.01977706
0.01599193
0.01611662
0.00999999
0.01976609
0.01981807
0.01972055
0.01969957
0.02100992
0.01000357
0.01986074
0.01835632
0.00999928
0.01001406
0.00977802
0.01978421
0.00999951
0.01820207
0.01000452
0.01987767
0.01851296
0.01098609
0.01974750
0.01868391
0.00974154
0.01982951
0.00976515
0.01967239
0.00977826
0.00978518
0.02000785
0.01000547
0.00974154
0.01612115
0.00999832
0.01978898
0.01601005
0.02000141
0.01974463
0.01983285
0.01975274
0.02000046
0.01003146
0.01985693
0.01981735
0.01999927
0.01980567
0.01980877
0.01965404
0.01412082
0.01000023
0.01973200
0.01000476
0.01001692
0.01975679
0.01979113
0.00999951
0.00999928
0.00999975
0.01671195
0.01595449
0.01999927
0.03740358
0.03003144
0.01001835
0.00972223
0.01964831
0.00972152
0.01971841
0.00999999
0.00998878
0.01986480
0.02000093
0.01999712
0.02979112
0.02800155
