0.00997138
0.02094173
0.01894021
0.01494813
0.01595879
0.01695895
0.01695347
0.01496172
0.01296711
0.01496077
0.01495910
0.01795697
0.01695919
0.02393579
0.01796007
0.02094364
0.02094126
0.02193880
0.02595711
0.02792883
0.02593946
0.02493334
0.03391314
0.02094173
0.02094197
0.01895046
0.01895118
0.01994824
0.01895189
0.02194166
0.01995015
0.02693939
0.02493358
0.01795125
0.01791501
0.01893067
0.01994801
0.01994801
0.01994681
0.02393508
0.02293634
0.01994944
0.02394938
0.02593899
0.02992630
0.02692008
0.03091550
0.02592754
0.02892828
0.02592349
0.02592778
0.02493310
0.01894879
0.01994634
0.01795387
0.01893830
0.02294302
0.02593136
0.02692628
0.02194500
0.02294207
0.03091884
0.02692842
0.02390862
0.02493429
0.01994658
0.02294016
0.02092886
0.02493215
0.03092265
0.02493024
0.01994538
0.02030587
0.01994729
0.01994538
0.01977348
0.02293968
0.01895094
0.01894975
0.02493787
0.02593160
0.03191590
0.02194524
0.02094507
0.01892018
0.01894927
0.02294183
0.02593112
0.02592778
0.02094650
0.02094626
0.02294254
0.02094722
0.02193570
0.02095222
0.02393508
0.02106357
0.02193975
0.02493405
0.02893400
0.02295327
0.01896048
0.02094436
0.01896763
0.01795197
0.02194309
0.01695299
0.01795483
0.01894975
0.02294636
0.02793169
0.02686739
0.02792573
0.02989388
0.03091311
0.03290725
0.02792168
0.03191543
0.03091574
0.02994561
0.03193331
0.02891731
0.02892566
0.02991962
0.03191781
0.03290939
0.03590894
0.02690578
0.02892041
0.02793097
0.02393508
0.02293921
0.02393627
0.02094555
0.01894927
0.02194095
0.02293897
0.01894975
0.02094293
0.01994681
0.01995015
0.02094245
0.02243471
0.02294874
0.01994872
0.01994705
0.02293777
0.02394032
0.02094364
0.02193332
0.02393937
0.02892566
0.03190804
0.02693391
0.02992249
0.02493215
0.02892447
0.02793360
0.02693915
0.02792573
0.03091645
0.02792168
0.02492476
0.01895046
0.01895094
0.02194047
0.02222443
0.02393508
0.01994562
0.02194238
0.02493453
0.03390384
0.03291488
0.02692318
0.02293777
0.02094436
0.02393913
0.02094722
0.02194238
0.02293801
0.02693105
0.02790046
0.02690578
0.02692938
0.03091836
0.02790618
0.02593255
0.02591491
0.02548409
0.03515816
0.03092480
0.03291249
0.03092456
0.03091741
0.03490734
0.03091025
0.02693176
0.04888058
0.04787755
0.04986644
0.05185890
0.04887080
0.02094054
0.01995420
0.01893544
0.02094364
0.02293825
0.02593017
0.02094531
0.02493620
0.02095127
0.02094483
0.02193737
0.02593923
0.02493334
0.01695466
0.01394439
0.01495838
0.01494932
0.01498127
0.01695657
0.01795220
0.02294111
0.02294612
0.02493548
0.01894808
0.01595807
0.01695538
0.01595736
0.01595736
0.01495886
0.01595783
0.01497602
0.01495910
0.01695585
0.01695585
0.01894975
0.01695347
0.01860285
0.01795244
0.01995111
0.02194452
0.02194476
0.02094555
0.02193880
0.02195597
0.02393270
0.02393889
0.02094150
0.01994681
0.01795244
0.01795197
0.01795220
0.01895022
0.01595902
0.01595616
0.01894879
0.02393198
0.02293801
0.01794624
0.01795292
0.01595974
0.01695585
0.01595902
0.01695752
0.01595783
0.01595831
0.01695371
0.01596093
0.01784253
0.01595974
0.01595998
0.01595974
0.01695466
0.01695585
0.01795197
0.01695752
0.01795363
0.01994491
0.02693462
0.01895118
0.01695013
0.01794982
0.01795292
0.01795316
0.01895118
0.01895022
0.01894927
0.01794243
0.02094221
0.02194571
0.01997399
0.02593541
0.02191091
0.02593279
0.01894879
0.01894975
0.01995182
0.01994610
0.01689124
0.01496124
0.01595664
0.01795316
0.02094078
0.01792240
0.02094269
0.01895094
0.02094197
0.01795435
0.01894927
0.01795244
0.02094531
0.01994801
0.01895475
0.02094531
0.01994348
0.02991199
0.01994133
0.01795340
0.01695800
0.01695704
0.01695442
0.01695251
0.01695514
0.01795268
0.01795030
0.01894903
0.01795292
0.01996827
0.02347136
0.02193713
0.02094173
0.02294707
0.02892232
0.02992296
0.02593589
0.02493501
0.02291989
0.02592874
0.02293944
0.01894569
0.01895237
0.01894903
0.01795435
0.01891446
0.02094245
0.01894784
0.02094412
0.01795197
0.01894879
0.01895213
0.01994586
0.01994777
0.02396107
0.02194357
0.02493310
0.02792668
0.02693248
0.02692962
0.02194357
0.02145982
0.01796150
0.01695633
0.02094913
0.02592707
0.02593803
0.02393460
0.02489185
0.02194571
0.02294159
0.02493310
0.02194357
0.02393675
0.02193642
0.01695466
0.01795197
0.01994944
0.01895094
0.02094245
0.01894832
0.02193975
0.01895070
0.02293682
0.01938963
0.02094555
0.01895142
0.02094579
0.02094793
0.02493739
0.02793264
0.02394390
0.02792335
0.01994991
0.01795506
0.02096367
0.01894975
0.02094412
0.01795268
0.01895022
0.02094626
0.01795220
0.01946712
0.02044749
0.01994872
0.02293515
0.01795459
0.01595736
0.01695490
0.01795268
0.01597500
0.01695347
0.01795316
0.01795220
0.01597500
0.01695609
0.01735950
0.01995325
0.01995087
0.01793718
0.02593255
0.02194500
0.01994419
0.01995301
0.02294445
0.02094173
0.01894546
0.01894617
0.01894903
0.01496029
0.01595736
0.01595831
0.01496053
0.01496053
0.01595855
0.01497340
0.01595998
0.01695514
0.01496077
0.01594663
0.01695633
0.01795220
0.01695442
0.01795030
0.01695633
0.01595688
0.01695609
0.01695299
0.01695800
0.01795053
0.01795077
0.01695275
0.02293968
0.02192998
0.01894426
0.01595497
0.01396465
0.01396489
0.01496005
0.01396322
0.01496053
0.01495266
0.01795816
0.01795197
0.01894879
0.01895165
0.01800895
0.01798201
0.02094650
0.02191091
0.02094579
0.02194548
0.02194381
0.02394366
0.02293444
0.02892280
0.02393579
0.03101325
0.02793050
0.02493286
0.02094817
0.02093816
0.01995039
0.02393508
0.02394819
0.02393699
0.02502775
0.03093290
0.02493000
0.02693081
0.03192210
0.03092408
0.02493382
0.02592325
0.02792454
0.01795268
0.01895714
0.01895070
0.01994920
0.01695728
0.01994824
0.01895142
0.01795268
0.01695633
0.01896715
0.01496220
0.01695418
0.01496005
0.01995039
0.02393627
0.02293682
0.01795268
0.01994729
0.01496077
0.01595783
0.01496077
0.01595736
0.01496053
0.01496172
0.01496029
0.01496005
0.01496029
0.01396513
0.01396465
0.01393175
0.01595855
0.01496172
0.01496220
0.01598406
0.01595879
0.01695657
0.01595807
0.02194357
0.02296615
0.02293277
0.01894736
0.01695657
0.01596141
0.01695776
0.01596022
0.01695347
0.02378345
0.02393723
0.02194881
0.02294707
0.02294517
0.01795530
0.01593328
0.01595831
0.01595783
0.01396179
0.01695538
0.01396394
0.01595974
0.01496196
0.01496291
0.01496243
0.01593757
0.01496220
0.01496077
0.01896453
0.01795650
0.01695347
0.01795173
0.01795006
0.01795197
0.01695538
0.01994801
0.01994729
0.01894474
0.01496220
0.01595783
0.01642585
0.02295804
0.02693033
0.02495980
0.02393889
0.02391315
0.02293921
0.02693295
0.02393055
0.02393794
0.02592397
0.02194405
0.02094531
0.01897693
0.01894784
0.01894760
0.01795220
0.01895022
0.01895094
0.01894712
0.01695418
0.01695704
0.01695752
0.01696634
0.01597548
0.01595879
0.01698780
0.01695490
0.02393460
0.02791905
0.02480865
0.02693534
0.02094102
0.01595783
0.01695442
0.01495886
0.01595807
0.01595807
0.01595187
0.01595736
0.01695752
0.01495790
0.01593304
0.01496029
0.01491880
0.01496243
0.01496196
0.01496148
0.01496243
0.01496100
0.01496100
0.01595998
0.01595879
0.01595974
0.01595759
0.01696324
0.02094674
0.02006888
0.02194285
0.02094316
0.02094245
0.02094555
0.02194643
0.01999855
0.02293897
0.02382445
0.02493429
0.01996422
0.01595664
0.01496363
0.01694036
0.01495910
0.01496172
0.01496291
0.01496267
0.01496339
0.01598787
0.01496077
0.01495981
0.01595759
0.01496029
0.01496077
0.01496172
0.01492763
0.01495934
0.01595950
0.01496243
0.01595759
0.01595926
0.01496005
0.01695609
0.01595664
0.01695490
0.01495981
0.01695776
0.02493715
0.02692842
0.01695561
0.01723099
0.02294707
0.02492666
0.02692509
0.02394438
0.02394390
0.02393603
0.02591515
0.02593517
0.02592731
0.02492976
0.02392817
0.02692938
0.02593732
0.02291775
0.01894975
0.01895142
0.01795387
0.02393699
0.02991366
0.02494216
0.02696490
0.02593827
0.02792978
0.02693653
0.02991676
0.02889323
0.02592993
0.03192353
0.02892518
0.02789068
0.02193880
0.01992011
0.01895142
0.01994777
0.01795101
0.01894808
0.01894975
0.01695585
0.01595855
0.01795077
0.01595569
0.01595759
0.01493478
0.01595879
0.01495981
0.01595616
0.01595855
0.01795197
0.01595736
0.01595807
0.01569724
0.01496148
0.01994967
0.02094388
0.01693153
0.01695490
0.01695752
0.01595736
0.01541591
0.01695561
0.01496005
0.01595664
0.01592565
0.01496196
0.01695633
0.01497364
0.01695466
0.01496029
0.01595950
0.01595688
0.01795506
0.01595974
0.01695514
0.01697469
0.01595783
0.01594329
0.01895213
0.01595235
0.01795340
0.01595712
0.01596069
0.01495934
0.01497245
0.01494241
0.01396179
0.01495981
0.01595759
0.01396275
0.01496196
0.01396322
0.01597977
0.01396275
0.01396179
0.01396251
0.01396227
0.01496053
0.01496053
0.01496077
0.01595592
0.01598120
0.02195048
0.02095079
0.02493572
0.02792883
0.02793241
0.01595807
0.01595950
0.01396227
0.01595712
0.01396441
0.01595879
0.01496077
0.01596117
0.01496196
0.01695418
0.01595736
0.01695824
0.01895785
0.01697135
0.01396918
0.01496267
0.01396441
0.01595783
0.01396346
0.01496148
0.01396251
0.01496077
0.01497006
0.01795626
0.01595902
0.01795197
0.01795983
0.01894760
0.01695848
0.01695466
0.02110291
0.02194881
0.02194238
0.02093458
0.01952434
0.02092671
0.01895428
0.01992083
0.02194428
0.01894999
0.01595736
0.01595783
0.01595974
0.01496100
0.01695728
0.01596022
0.01595879
0.01595569
0.01596761
0.01595855
0.01595879
0.01595736
0.01595736
0.01695490
0.01795244
0.01595974
0.01695466
0.01595712
0.01795006
0.02692914
0.02544379
0.02094531
0.02094555
0.02193832
0.02693200
0.02393246
0.01894760
0.01894760
0.01895523
0.01894855
0.01994419
0.02293992
0.02393150
0.02493262
0.02891040
0.02494287
0.02494121
0.02792192
0.02891898
0.02493382
0.02493143
0.02692842
0.02693105
0.03191471
0.02789164
0.02494216
0.02593851
0.02551746
0.02795291
0.02593112
0.02693510
0.02792525
0.02593064
0.02693558
0.02544308
0.02293158
0.02692437
0.02493334
0.02793288
0.02692819
0.02394223
0.02492189
0.01893234
0.01895118
0.02293897
0.01894975
0.01994681
0.01691842
0.01795244
0.01695442
0.01894927
0.01695442
0.01795268
0.01496005
0.01695442
0.01496196
0.01593280
0.01496029
0.01746607
0.02294087
0.02294016
0.02493310
0.02494860
0.02692890
0.01894712
0.01795125
0.01496100
0.01794744
0.01496029
0.01695657
0.01496172
0.01598191
0.01496029
0.01698327
0.01496124
0.01496220
0.01595736
0.01495886
0.01596689
0.01395130
0.01595664
0.01495934
0.01596069
0.01496267
0.01595712
0.01595807
0.02294564
0.02194858
0.02192640
0.02094245
0.01794910
0.01696920
0.02151227
0.01894546
0.01396275
0.01396322
0.01399255
0.01495957
0.01396275
0.01493597
0.01396251
0.01596618
0.01395798
0.01497388
0.01496291
0.01595712
0.01695800
0.01595783
0.01496124
0.01695108
0.01697302
0.01695251
0.01895070
0.01695466
0.01795387
0.01795053
0.01795530
0.01894927
0.01695991
0.01795650
0.02094460
0.01894712
0.02095032
0.02195907
0.02394533
0.01994610
0.01695228
0.01496100
0.01496005
0.01548004
0.01595998
0.01496029
0.01596045
0.01695704
0.01647568
0.01494765
0.01595974
0.01496243
0.01495981
0.01496458
0.01595592
0.01496053
0.01496148
0.01496005
0.01498604
0.01495790
0.01595640
0.01496005
0.01594138
0.01595879
0.01496863
0.01396346
0.01595855
0.01496029
0.01496172
0.01496220
0.01496267
0.01496124
0.01595926
0.02293658
0.02091527
0.02193356
0.02293992
0.02393723
0.02095246
