0.01396418
0.01695585
0.01695585
0.01496172
0.01496053
0.01406097
0.01396298
0.02518392
0.01994824
0.02892303
0.02394819
0.01296663
0.01495957
0.01496029
0.01396203
0.01595950
0.01396275
0.01396418
0.01495862
0.01397943
0.01396394
0.01496029
0.01396418
0.01496029
0.01496053
0.01497793
0.01695752
0.01695490
0.01695919
0.01695871
0.01496220
0.01396346
0.01396394
0.01296759
0.01396346
0.01495910
0.01495981
0.01296449
0.01396227
0.01496172
0.01796651
0.02120495
0.02393484
0.02194738
0.01894569
0.01994562
0.01495862
0.01397181
0.01496315
0.01894975
0.01795268
0.01895189
0.01695108
0.01595688
0.01595545
0.02193522
0.02493715
0.01994920
0.02291179
0.01695657
0.01695848
0.01894927
0.01795363
0.01795650
0.02393961
0.02194262
0.01995111
0.01795101
0.01894832
0.01795197
0.01796365
0.01695132
0.01795411
0.02194309
0.02792501
0.02393246
0.02394366
0.02490973
0.02992129
0.02493453
0.02394223
0.02793002
0.02494264
0.02793336
0.02493191
0.02593279
0.02593541
0.02393794
0.02992535
0.02593589
0.02792072
0.02692437
0.02392983
0.02393222
0.02592945
0.02692795
0.02293754
0.02493429
0.02401567
0.02792764
0.02493310
0.02293849
0.02791953
0.02792692
0.02193594
0.02193809
0.02193928
0.02194023
0.02094102
0.01994872
0.02094245
0.01994991
0.01895261
0.02094841
0.02294207
0.01995039
0.01994801
0.02493167
0.02991867
0.03191471
0.03490305
0.02393699
0.01894975
0.02094436
0.02194333
0.02194357
0.02194142
0.01860642
0.01898050
0.01895332
0.01895094
0.01795244
0.01795435
0.01994777
0.01697469
0.01795435
0.02094388
0.02094603
0.02393723
0.02593470
0.02295756
0.01795244
0.01994848
0.01894879
0.01994753
0.01894999
0.01895046
0.02094507
0.01994920
0.02093101
0.02140498
0.02094197
0.01994658
0.02093673
0.02094078
0.01994705
0.01895165
0.03231263
0.02991438
0.02892256
0.02692986
0.02792501
0.02094650
0.02194285
0.02194285
0.02094793
0.02593088
0.02593470
0.02593470
0.02894235
0.02593088
0.02593327
0.02593303
0.02992177
0.02593064
0.03291655
0.02792501
0.02195740
0.02693033
0.03092170
0.03491235
0.02990317
0.03079891
0.02891874
0.02393198
0.02692914
0.02393460
0.02293992
0.02390909
0.02792501
0.03191805
0.03590131
0.02592921
0.02593422
0.02892923
0.02593207
0.03091455
0.02193832
0.01895022
0.01895165
0.02193451
0.02094650
0.02094793
0.02294278
0.02295184
0.02292824
0.02991652
0.03090501
0.02792215
0.02792168
0.02245855
0.02194047
0.02094579
0.02046895
0.02194142
0.02094674
0.02493668
0.02294493
0.01994133
0.01833677
0.02094603
0.02194524
0.02094507
0.02094650
0.02094746
0.01994920
0.01994610
0.02094436
0.02094316
0.02495933
0.02692795
0.02992415
0.02393651
0.02293897
0.02193856
0.02094388
0.02294135
0.02293897
0.01994753
0.02194047
0.02393746
0.01994681
0.02477551
0.02094579
0.01994896
0.02194428
0.03577161
0.02991915
0.02393913
0.02194190
0.02194190
0.02430153
0.02094507
0.02194285
0.01990891
0.01994729
0.02094388
0.02391791
0.02094603
0.02193165
0.02094507
0.02094626
0.02393579
0.02194142
0.02094579
0.02094316
0.03237486
0.02892113
0.02095389
0.02194214
0.02293992
0.02094340
0.02194262
0.02194023
0.02094388
0.02196121
0.02094221
0.01894927
0.01994705
0.02094436
0.02094460
0.01996279
0.02194166
0.02094984
0.02193999
0.02296066
0.01897144
0.02194190
0.02293968
0.02891922
0.03291464
0.03091836
0.03490543
0.02194071
0.02194452
0.02393961
0.02792192
0.01894379
0.02094412
0.01894927
0.01896954
0.02094698
0.02094316
0.02892518
0.02394009
0.02493596
0.02294064
0.02293825
0.02493596
0.02692461
0.02294159
0.03290653
0.02989078
0.03290892
0.02194142
0.01994848
0.01994801
0.02097392
0.01994896
0.01795244
0.01897717
0.01994658
0.01994896
0.03179145
0.02891040
0.02992153
0.02795410
0.02194524
0.01993513
0.02094889
0.02194834
0.02293921
0.02094769
0.02094626
0.02294040
0.02194333
0.02094245
0.02293801
0.02094793
0.02193975
0.01994395
0.02492237
0.01595759
0.01795220
0.01795077
0.01695561
0.01695395
0.01795650
0.01795197
0.01795244
0.01795292
0.01797056
0.01645041
0.01695585
0.01795149
0.02742910
0.02593064
0.02593160
0.02294159
0.02393603
0.02592945
0.02293921
0.01996446
0.01894951
0.01795292
0.01795244
0.01994848
0.01894855
0.01796675
0.01994944
0.01995039
0.02094460
0.02094221
0.01894951
0.01795316
0.02094507
0.02692318
0.02592635
0.02193856
0.01894903
0.01994586
0.02094364
0.01996660
0.02393842
0.02593279
0.02844214
0.02593064
0.02094436
0.01994061
0.01894927
0.01894093
0.01795411
0.01795268
0.01695490
0.01695585
0.01891279
0.01695466
0.01795340
0.01695561
0.01695633
0.01695490
0.01695490
0.01795173
0.01695728
0.01695514
0.01595640
0.01695514
0.01695323
0.01794887
0.01795578
0.01895452
0.01895571
0.01994681
0.02094507
0.01994729
0.01595926
0.01595640
0.01595902
0.01695728
0.01595592
0.01695347
0.01595736
0.01595759
0.01495838
0.01695466
0.01592851
0.01695442
0.01595879
0.01695395
0.01691604
0.01695561
0.02593970
0.02693439
0.02194071
0.01994586
0.02194500
0.01795268
0.01795030
0.01895046
0.01795506
0.01695609
0.01595592
0.01496196
0.01695466
0.01595712
0.01695728
0.01647615
0.01796937
0.01695681
0.01795197
0.01695299
0.01796293
0.02395225
0.02694464
0.02593303
0.02194071
0.01795268
0.01597381
0.01795149
0.01695824
0.01894855
0.01795077
0.01595712
0.01695752
0.01595712
0.01695538
0.01795626
0.01495862
0.01496029
0.01495981
0.01795244
0.01693845
0.01595712
0.01695538
0.01595950
0.01595855
0.01595855
0.01695466
0.01695514
0.01791644
0.01596355
0.01595736
0.01595998
0.01595855
0.01795435
0.01695585
0.01795125
0.01795220
0.01893592
0.01895237
0.01895070
0.01894832
0.02641606
0.01893163
0.01795411
0.01695824
0.01895213
0.01695800
0.01894975
0.01596451
0.01895237
0.02293849
0.01696897
0.01695538
0.01595807
0.01695704
0.01595616
0.01795268
0.01696301
0.01695418
0.02892542
0.03092599
0.02692509
0.02793050
0.03091502
0.02792144
0.02393460
0.02592683
0.02693629
0.02493358
0.02393794
0.02492070
0.02692723
0.02393627
0.02178288
0.01595831
0.01894832
0.02892280
0.02593231
0.02992177
0.02693248
0.03190970
0.02592802
0.02693439
0.02992296
0.02791905
0.02592421
0.02593017
0.03491521
0.02792239
0.03190923
0.02892327
0.03191113
0.03291512
0.02992916
0.03390431
0.02893186
0.02891612
0.02896357
0.03091741
0.02845430
0.02292037
0.02293897
0.02393675
0.02094388
0.01994562
0.01994586
0.02094436
0.02194142
0.01994729
0.01994562
0.02094722
0.02993846
0.03291178
0.03091764
0.02196527
0.02396607
0.02393794
0.02394009
0.02493525
0.02294040
0.02294064
0.02692842
0.02394271
0.02593374
0.02893353
0.02393937
0.02493334
0.02593541
0.02389860
0.01795244
0.01995063
0.01991868
0.02194619
0.02493930
0.01895046
0.01994658
0.01795030
0.02094698
0.01994538
0.01994848
0.02693129
0.02792168
0.02493358
0.02194262
0.02094436
0.02194357
0.02593064
0.02294016
0.02294326
0.02493715
0.02294374
0.02293205
0.02293897
0.02296758
0.01795101
0.01890779
0.01592231
0.01697421
0.01697898
0.01894927
0.01795340
0.01595855
0.01695800
0.01695347
0.01994491
0.01994610
0.01995015
0.02094698
0.01994658
0.02094388
0.01795435
0.01695704
0.01894903
0.01795173
0.01895285
0.02694249
0.02792811
0.01994681
0.02194047
0.02094054
0.02094483
0.02094245
0.01994491
0.02095032
0.01994681
0.01695514
0.01795197
0.01693702
0.01795220
0.01795387
0.02094173
0.02094650
0.01994610
0.02294326
0.01994443
0.01795292
0.02914619
0.03390384
0.02692676
0.02692914
0.02292681
0.01893497
0.01894641
0.01994777
0.01895070
0.01995015
0.02293682
0.02094603
0.01994586
0.02094793
0.02195835
0.02493954
0.02689624
0.02693391
0.02592850
0.02692842
0.02492666
0.03391671
0.03092027
0.03091931
0.02593064
0.02692580
0.02140164
0.02393937
0.02194405
0.02194285
0.02293825
0.02495217
0.02493525
0.02490258
0.02592826
0.02293801
0.02193928
0.02293873
0.02194476
0.02194357
0.01895165
0.01994658
0.01894951
0.01894927
0.01893902
0.01795387
0.01795316
0.01894808
0.01795316
0.01795006
0.01795244
0.01795053
0.01895261
0.01968980
0.02094936
0.02296257
0.02094126
0.01795149
0.01695395
0.01795340
0.01595902
0.01695609
0.01695609
0.01698709
0.01895118
0.01793551
0.01695633
0.01595759
0.01595569
0.01695347
0.01695490
0.01795244
0.01795173
0.01595712
0.01795220
0.01595736
0.01695657
0.01595974
0.01695585
0.01798129
0.01695538
0.01795459
0.01993704
0.01695704
0.01837254
0.01795197
0.01795435
0.01695418
0.01695490
0.01747632
0.01895046
0.02791739
0.02892256
0.02792764
0.01997113
0.01994586
0.02991533
0.02694035
0.02891755
0.03789759
0.01795220
0.01994634
0.01894855
0.01795149
0.01994729
0.01795721
0.01910496
0.01795316
0.01695490
0.01994705
0.01795125
0.01994896
0.01994801
0.01895094
0.02294087
0.02193880
0.02293587
0.02096701
0.02094555
0.02293730
0.01994514
0.02094531
0.02293777
0.02193880
0.02194023
0.01795220
0.01797032
0.01894999
0.01896763
0.02194214
0.02194333
0.02201605
0.02294278
0.02494764
0.02294135
0.01994920
0.01994705
0.01895070
0.02094221
0.01894951
0.02094388
0.02593780
0.02393651
0.02594066
0.02593303
0.02394438
0.02593064
0.02094316
0.01893258
0.02094507
0.01795244
0.01895094
0.01894903
0.01893282
0.02094722
0.01894784
0.01994658
0.01895118
0.01893830
0.01847124
0.01994705
0.01994610
0.01795149
0.01895261
0.02393699
0.02293849
0.02096295
0.02194285
0.01994824
0.02194500
0.01994705
0.01996803
0.01795411
0.01895118
0.01698709
0.01894951
0.01595974
0.01695514
0.01595950
0.01695681
0.01797223
0.01695633
0.01795197
0.01695371
0.01695561
0.01695776
0.01744604
0.01596880
0.01695323
0.01695681
0.01798820
0.01795268
0.01795125
0.01913309
0.01795268
0.01894927
0.01695299
0.01795292
0.01695704
0.01994729
0.01697850
0.01595736
0.01595736
0.01696563
0.01595926
0.01695681
0.01595902
0.01695442
0.02192330
0.02194238
0.02393651
0.01895022
0.01595736
0.01894736
0.01695657
0.01697159
0.01695824
0.01795006
0.01695728
0.01695657
0.01894712
0.01795268
0.01795197
0.01994848
0.01994681
0.01895595
0.01994157
0.02085710
0.01795292
0.01994920
0.01695657
0.01994920
0.02496195
0.02193809
0.02294111
0.02294397
0.02395439
0.02294135
0.03291273
0.02695203
0.02191734
0.02395701
0.02193856
0.02193904
0.02091718
0.01994658
0.02194285
0.02094460
0.02191615
0.02194476
0.02194285
0.02296948
0.02194071
0.01795268
0.01895165
0.01994610
0.01895189
0.01794147
0.01994753
0.01795292
0.01795387
0.01795125
0.02108145
0.01695466
0.01695609
0.01895022
0.01795340
0.01843476
0.01934242
0.01894951
0.01795173
0.01591063
0.01595807
0.01695490
0.01695824
0.01695752
0.01695561
0.01695609
0.01694298
0.01695466
0.01695704
0.01595807
0.01694822
0.01694894
0.01994658
0.02094603
0.02094793
0.01894927
0.01595807
0.01795268
0.01598907
0.01795292
0.01695514
0.01795030
0.01695466
0.01794672
0.02394056
0.02094269
0.01908469
0.01795411
0.01895237
0.01994777
0.01695395
0.01695585
0.02094865
0.01895022
0.01994705
0.02194214
0.01895142
0.01695704
0.01695323
0.01695585
0.01795340
0.01595783
0.01695561
0.01695633
0.01795125
0.01594019
0.01795030
0.01695395
0.01795197
0.01695442
0.01695466
0.01695442
0.02094650
0.02693391
0.02393627
0.02393055
0.02593637
0.02094626
0.01695848
0.01695514
0.01895046
0.01795340
0.01797915
0.02193975
0.02293825
0.02194381
0.02392340
0.02293873
0.02293921
0.02792358
0.02493811
0.02294779
0.02692795
0.02693367
0.02892447
0.02292752
0.02194214
0.01795316
0.01895046
0.02194166
0.01895213
