0.02800369
0.03200221
0.02400684
0.02399349
0.02399158
0.02921867
0.02797222
0.02800417
0.02800345
0.02931833
0.03200650
0.02927876
0.03199935
0.02401447
0.02376485
0.01999974
0.02401233
0.02799630
0.03600788
0.04800773
0.03999829
0.03574371
0.03599858
0.04800749
0.04399896
0.04400229
0.03599811
0.03999996
0.03318214
0.01600480
0.01999736
0.02399421
0.02800417
0.01999354
0.01999569
0.01999950
0.02799702
0.01804805
0.01601505
0.01998758
0.02799845
0.02400351
0.02800083
0.02399611
0.02400470
0.02399874
0.02399802
0.02799225
0.02400923
0.01724291
0.02800274
0.02799892
0.02400613
0.02399683
0.01999903
0.02400136
0.01599550
0.02399659
0.01999760
0.01999927
0.02368450
0.02399898
0.02400184
0.02800012
0.02800107
0.03599262
0.02399731
0.02800298
0.03200674
0.03199697
0.02799320
0.03199935
0.02801824
0.04400420
0.04433012
0.04400182
0.04119492
0.03804803
0.03198671
0.02400041
0.01997757
0.01599884
0.01999879
0.01999807
0.01600003
0.01667213
0.01999998
0.01998210
0.01998758
0.01999760
0.02000141
0.02398610
0.02398944
0.02799654
0.02000523
0.02000022
0.01720619
0.01599932
0.02000093
0.01999760
0.01599932
0.02000070
0.01999950
0.01999021
0.02399731
0.02800727
0.02800083
0.02400136
0.02399445
0.02400017
0.02402735
0.02402663
0.02802348
0.02798915
0.02402306
0.02400041
0.04399633
0.04401016
0.04526949
0.03999829
0.03599977
0.01999974
0.01999950
0.02399898
0.02000070
0.02004170
0.02003241
0.02000213
0.02486134
0.02400184
0.02523756
0.02800012
0.02799606
0.02800775
0.02799678
0.02799845
0.02800107
0.02608228
0.02400780
0.02800322
0.02800274
0.01999950
0.02402902
0.02800775
0.02800703
0.02800369
0.02800727
0.02800417
0.03200173
0.03998876
0.03999996
0.04000068
0.02399921
0.01999998
0.02000141
0.02002597
0.01999831
0.01975632
0.01999927
0.01980686
0.02894640
0.02000022
0.02400279
0.02399278
0.02400637
0.02399611
0.03196502
0.02799535
0.03200650
0.02399802
0.01999831
0.02000046
0.01999640
0.02399683
0.02399898
0.02400017
0.01999497
0.01999784
0.01999974
0.02800107
0.02841949
0.04400086
0.04401040
0.04400349
0.04399800
0.04401016
0.04000115
0.03599954
0.03599834
0.02400112
0.02397442
0.02800298
0.02000618
0.01600075
0.01599979
0.01599765
0.01575375
0.01599836
0.02000237
0.02400041
0.02400756
0.02000165
0.01999927
0.01953554
0.01999807
0.02000451
0.01599908
0.01599932
0.01599884
0.01586986
0.01596856
0.01999903
0.02399945
0.02399921
0.02400160
0.02400041
0.02397680
0.02400827
0.02400804
0.02400351
0.02400351
0.02400327
0.02403426
0.02399969
0.02400684
0.02399993
0.02399993
0.01999378
0.01999879
0.02578330
0.02799916
0.02539921
0.02800107
0.02399993
0.02399898
0.02399945
0.02399659
0.02003121
0.02398133
0.01999974
0.01999950
0.02399874
0.02399111
0.02399945
0.01999855
0.01944137
0.02800012
0.02399611
0.02000022
0.02399826
0.01999593
0.01970100
0.02265310
0.01810980
0.02800012
0.02400732
0.02927256
0.02799654
0.02529621
0.02400470
0.01999831
0.02358508
0.02400255
0.02936983
0.02402973
0.02399755
0.01599956
0.01599860
0.01599598
0.01599932
0.01999927
0.01600027
0.02400041
0.02400637
0.02400351
0.02399516
0.01600075
0.01600003
0.01999950
0.02000713
0.02399635
0.02190542
0.02000237
0.02399755
0.02399755
0.02801132
0.02399278
0.02400160
0.02400160
0.02399993
0.02399778
0.02399397
0.02536893
0.02397585
0.02398610
0.02400398
0.02797723
0.03200054
0.02799892
0.02400231
0.01999831
0.02399874
0.02398729
0.02800298
0.02800274
0.02399802
0.02001595
0.02198744
0.02000308
0.01599932
0.02021813
0.01999807
0.01999903
0.01999927
0.02400160
0.02800012
0.02797794
0.03200746
0.02399778
0.02801943
0.01999712
0.02800417
0.02801228
0.02399206
0.02000070
0.02400017
0.01999187
0.02399635
0.02399945
0.02800012
0.02799392
0.02799654
0.03220201
0.02800345
0.02832270
0.02800107
0.01999784
0.01989460
0.01999712
0.01599956
0.03596568
0.03199935
0.03602028
0.03570843
0.01599932
0.01600194
0.01600051
0.02000189
0.01599979
0.01600552
0.01999664
0.01999521
0.01999903
0.02400589
0.02000427
0.01599574
0.01199722
0.01600051
0.01537490
0.01199961
0.02000117
0.02502418
0.02400279
0.02399707
0.02000070
0.02800202
0.01999950
0.02000618
0.02000880
0.01599336
0.02400136
0.01599860
0.01599860
0.01600242
0.01599813
0.01600075
0.01602411
0.01199937
0.01588464
0.01599932
0.01198196
0.01599979
0.01199818
0.01997709
0.02399373
0.01600051
0.01599741
0.01597595
0.01600146
0.02029300
0.02398825
0.02401924
0.02398515
0.02399921
0.02042174
0.01999784
0.02542710
0.02400088
0.02800393
0.01574945
0.01599908
0.01600003
0.01600003
0.02000189
0.01599813
0.01981020
0.01599979
0.01988006
0.01599860
0.01574874
0.01200056
0.01600027
0.01199818
0.02000332
0.02000189
0.02400136
0.02400756
0.01997471
0.02399397
0.02000833
0.02000165
0.02000189
0.02924180
0.02399158
0.02000165
0.02000093
0.01671147
0.01999950
0.01599956
0.01618433
0.01600003
0.01599979
0.01600027
0.01600695
0.01600027
0.01600003
0.01601434
0.01600194
0.01600075
0.01599956
0.01999974
0.02392411
0.01999784
0.02526093
0.01535296
0.01600099
0.01576591
0.02801061
0.02399898
0.02000213
0.02400303
0.02800083
0.01999712
0.01977062
0.01999831
0.02000070
0.02000117
0.02000093
0.01999974
0.01975131
0.01600003
0.01999927
0.01975393
0.01984239
0.01991987
0.01971221
0.01600122
0.01600051
0.01600170
0.01600027
0.01599789
0.01599979
0.02000093
0.02400994
0.02400041
0.02001548
0.02401090
0.02400398
0.02000570
0.02400208
0.01820612
0.01600170
0.01599884
0.01600146
0.01600003
0.01999855
0.01600599
0.02000093
0.02000165
0.02797961
0.02400613
0.02801228
0.02400231
0.02399778
0.02000570
0.02399778
0.01999807
0.01600146
0.01600051
0.01601005
0.01599979
0.01600003
0.01600003
0.01200008
0.01599884
0.01600099
0.01600146
0.01599979
0.01600146
0.01600194
0.01599979
0.01600003
0.01488733
0.01600051
0.01600099
0.01999998
0.01999998
0.02000070
0.01599622
0.01599932
0.01200080
0.01587915
0.01600122
0.01600027
0.01600146
0.01599956
0.01599884
0.01199937
0.01199961
0.01600099
0.01601505
0.01599979
0.01600146
0.01600146
0.01599884
0.01599979
0.01600671
0.01600075
0.01600122
0.01600742
0.01600075
0.01600051
0.01600075
0.01600122
0.01200032
0.01199937
0.01600122
0.01199985
0.01600146
0.01199722
0.02539921
0.02399850
0.02398849
0.02002621
0.01600623
0.02000451
0.02400541
0.02000499
0.01600027
0.02000213
0.02000022
0.01600266
0.01997304
0.02000308
0.02000308
0.02001977
0.02400231
0.02000022
0.02000308
0.01602340
0.01999640
0.01999998
0.02399993
0.02399611
0.01599693
0.01999974
0.01999927
0.01999760
0.02529216
0.01999879
0.01603389
0.01999974
0.01599860
0.01999927
0.02000284
0.02000213
0.01999712
0.01999831
0.01599908
0.01976109
0.02398729
0.02799582
0.03199697
0.02399850
0.02000093
0.01998425
0.02000022
0.01999688
0.02000213
0.02169824
0.02421236
0.02399683
0.02121019
0.02400041
0.01999998
0.01999807
0.02399778
0.02955317
0.02801752
0.02925849
0.02399445
0.01999593
0.01999807
0.02400184
0.01999974
0.02398682
0.02000022
0.01999927
0.01999545
0.02400136
0.01999807
0.02075696
0.01997280
0.01999760
0.02399182
0.01999831
0.02399802
0.01999283
0.01977229
0.01965427
0.01996136
0.01999974
0.01999807
0.02002215
0.01999688
0.01999736
0.01999521
0.02162027
0.02400351
0.01999974
0.01999950
0.02000093
0.02000666
0.02400184
0.02399564
0.02398753
0.02399302
0.02399850
0.01999664
0.01599932
0.01975536
0.02000070
0.01999784
0.01999950
0.01599979
0.01999855
0.01600695
0.01599789
0.01599836
0.01999950
0.01997232
0.02000332
0.01999855
0.01599789
0.01601267
0.01571822
0.01602912
0.01603627
0.01997828
0.01599765
0.02416468
0.02398968
0.02526522
0.02399945
0.02000093
0.01999807
0.01999855
0.01600051
0.01600313
0.01599956
0.01599908
0.02000117
0.02399564
0.02398539
0.02400017
0.01999211
0.01599836
0.01600122
0.01574111
0.01599836
0.01599956
0.01997304
0.01600003
0.01977968
0.01576877
0.02000213
0.02000451
0.01998711
0.02000284
0.02000546
0.01999688
0.01999903
0.01702452
0.01999950
0.01599717
0.01599860
0.01531196
0.01999760
0.02000046
0.01999140
0.01599503
0.02000308
0.01600075
0.02402258
0.02400231
0.02800703
0.01599908
0.01600075
0.01599693
0.01600099
0.01601243
0.01200008
0.01599860
0.01599860
0.01599622
0.01600003
0.01602793
0.01567888
0.01600599
0.01599860
0.01601481
0.01600003
0.01668429
0.01600432
0.02399802
0.02124476
0.02033877
0.02400470
0.02399969
0.01999760
0.01612473
0.01599956
0.01597738
0.01603079
0.01599598
0.01600051
0.01999927
0.01600003
0.01999784
0.01995659
0.01578712
0.01600099
0.02000976
0.01599979
0.02799654
0.02398753
0.02400279
0.02800632
0.02400255
0.01600623
0.01600003
0.01599908
0.01970983
0.02000022
0.01599956
0.01599956
0.01994681
0.01585579
0.01600027
0.01999974
0.02208900
0.02800107
0.02400064
0.02399063
0.02400017
0.01999068
0.01600385
0.01599908
0.01600862
0.01600051
0.02000141
0.01600075
0.02000260
0.02002501
0.02000332
0.01999950
0.01999259
0.01599979
0.01600170
0.01599956
0.01600051
0.01600051
0.01599908
0.01599836
0.02000308
0.01599765
0.01999760
0.01600003
0.01600003
0.02399778
0.01998496
0.01572967
0.01599813
0.01575851
0.01599836
0.01599932
0.01598096
0.02799773
0.02799654
0.02400041
0.02400661
0.01999116
0.01599813
0.01600075
0.01573253
0.01599979
0.01573920
0.01970696
0.01976848
0.01599836
0.01581168
0.01599908
0.01599932
0.01577067
0.01602745
0.01592922
0.01599836
0.01974082
0.02001548
0.02399683
0.02400041
0.02399445
0.02399945
0.02399039
0.01999927
0.01599836
0.01599908
0.01599908
0.01600003
0.02002454
0.02000046
0.02001476
0.02401590
0.02399492
0.01999974
0.02002859
0.02799916
0.02400017
0.02799702
0.02400017
0.01998234
0.01975584
0.01596069
0.01600003
0.01999950
0.01599765
0.01999855
0.02002478
0.01999688
0.02000642
0.02800393
0.02799439
0.01999569
0.01600027
0.01599979
0.01599789
0.01603365
0.01999807
0.01999831
0.02168846
0.02799368
0.03199768
0.02799726
0.02400255
0.02401328
0.02400017
0.02399683
0.02399969
0.02399993
0.02400684
0.01999831
0.02000070
0.01599860
0.01999903
0.01599884
0.01599956
0.02000117
0.01999855
0.01999855
0.01600051
0.01997709
0.02000117
0.01603246
0.01977134
0.01598716
0.01600075
0.01599860
0.01599813
0.01602125
0.01599717
0.01599765
0.02065516
0.01599979
0.01600075
0.01572466
0.01600337
0.01599956
0.01599813
0.01599956
0.01599932
0.01576591
0.01600027
0.01599979
0.01569247
0.01564932
0.01576090
0.01600003
0.01578760
0.01570225
0.01573539
0.01199985
0.01599979
0.01599765
0.01199770
0.01570940
0.01599979
0.01570225
0.01579857
0.01867414
0.01482534
0.01573014
0.01600313
0.01568747
0.01518345
0.01569080
0.01569390
0.01565886
0.01200056
0.01199770
0.01599407
0.01599956
0.01599979
0.01748276
0.01842332
0.01599956
0.01999903
0.02399540
0.01599860
0.01602030
0.01600099
0.01599813
0.01999927
0.01599860
0.01200056
0.01200008
0.01204014
0.01600027
0.01599884
0.01574850
0.01600051
0.01600027
0.01599836
0.01599884
0.01599956
0.01600051
0.01600099
0.01600003
0.02000165
0.01599956
0.01597142
0.01601005
0.01599765
0.01600766
0.01600027
0.01599956
0.01600099
0.02400565
0.02000117
0.01599693
0.01600122
0.01577306
0.01908183
0.01578665
0.01599789
0.01999474
0.02399302
0.02799368
0.01999450
0.01999784
0.02000022
0.02400231
0.02400351
0.02000570
0.02400637
0.02963519
0.01999879
0.01999760
0.01722789
0.01999331
0.01999593
