0.01296377
0.01894903
0.02094555
0.01795006
0.01795244
0.01697731
0.01695347
0.01695395
0.01695657
0.01695466
0.01695466
0.01695395
0.01695347
0.01795006
0.01695514
0.01695633
0.01994848
0.01695585
0.01691771
0.01795435
0.01795292
0.01894975
0.02094555
0.02592993
0.01695609
0.01795244
0.01795363
0.01894903
0.01894927
0.01795983
0.01994801
0.01994586
0.02094388
0.02294445
0.02792597
0.01894975
0.01894951
0.01994991
0.02593851
0.01994705
0.01894927
0.02193999
0.02619863
0.02393222
0.02592731
0.02493691
0.02493834
0.02593184
0.02294087
0.02294064
0.02393651
0.02493358
0.02296376
0.02292585
0.02294326
0.02392197
0.02294040
0.02393723
0.02493143
0.02495670
0.02194023
0.02094245
0.02093768
0.02094460
0.02194142
0.02194309
0.02593994
0.02193332
0.02094340
0.02094412
0.02094650
0.02194238
0.02094412
0.03092408
0.02851248
0.02094364
0.02393770
0.02293921
0.02293801
0.02194452
0.02294016
0.02194357
0.02094460
0.02194357
0.01894879
0.02194047
0.01894832
0.01894903
0.02094722
0.02094460
0.01894927
0.01996017
0.01795149
0.02793002
0.02593017
0.03191066
0.03191376
0.01994848
0.02094722
0.01994801
0.01894927
0.01994514
0.02094460
0.01994753
0.01795268
0.01894927
0.02091360
0.02394032
0.02394104
0.02393675
0.02592993
0.02892566
0.02290630
0.02294374
0.02393723
0.02393818
0.02692795
0.02492595
0.02691984
0.02793050
0.02792549
0.02991652
0.02393246
0.02293897
0.02692699
0.02393603
0.03789783
0.02792597
0.02294207
0.02393937
0.02493334
0.02393246
0.02194285
0.02260470
0.02194357
0.18551373
0.02194190
0.02094626
0.02293825
0.02094483
0.02194071
0.02293658
0.03790164
0.04787350
0.04189444
0.03291273
0.01695490
0.01595855
0.01695800
0.01595902
0.01795340
0.01994538
0.02194929
0.02492809
0.02293873
0.02491593
0.02293992
0.01995111
0.02094531
0.01895213
0.01995182
0.01595759
0.01795197
0.01795316
0.01595712
0.01695585
0.01695514
0.01795101
0.01695418
0.01795053
0.01795292
0.01695490
0.01795411
0.02388763
0.02394104
0.01795220
0.01892257
0.02394485
0.02492809
0.02795863
0.02292967
0.02094269
0.02294087
0.02193832
0.02493095
0.02691531
0.02796888
0.02793026
0.02791691
0.02394104
0.02892923
0.02892184
0.02892494
0.03191066
0.03390694
0.04587626
0.04387569
0.04487872
0.01498055
0.01396203
0.01496220
0.01396394
0.01496220
0.01396489
0.02392721
0.02095175
0.02741218
0.01695299
0.01894975
0.01795316
0.01596141
0.01695657
0.02193713
0.02492571
0.01795197
0.01697063
0.01695466
0.02293921
0.02496386
0.02794528
0.02195001
0.01695514
0.01595831
0.01868844
0.01595855
0.01695466
0.01396346
0.01396179
0.01396465
0.01151061
0.01600051
0.01599908
0.01600838
0.01600027
0.01599789
0.01834130
0.01600003
0.01700950
0.01999974
0.01802659
0.01600099
0.01780701
0.02400255
0.02000046
0.01717901
0.01599908
0.01600027
0.01599884
0.01999927
0.01600146
0.02000117
0.01599813
0.01599860
0.02233338
0.01999998
0.02116060
0.01999974
0.01999879
0.01999927
0.02000022
0.02000165
0.02000093
0.02800131
0.02400517
0.02399993
0.02800226
0.02400255
0.02400112
0.02399921
0.02399802
0.02399659
0.01999092
0.02000523
0.01999927
0.01999831
0.01999974
0.01999736
0.02000904
0.01954079
0.02000022
0.02400136
0.02000570
0.01599360
0.01999545
0.02400017
0.01999807
0.01999927
0.01998377
0.02399039
0.02399635
0.02400160
0.02000260
0.01999545
0.01999736
0.01999998
0.01999998
0.01598620
0.01600027
0.01599932
0.01599956
0.01599956
0.01599956
0.01999974
0.02000070
0.01599956
0.01599908
0.01598048
0.01591063
0.01966834
0.01600027
0.01968598
0.01998711
0.01999331
0.02400637
0.02400017
0.01999950
0.02000070
0.01600051
0.02399778
0.02399921
0.01690149
0.01999164
0.01999950
0.01999950
0.01999617
0.01997781
0.01599884
0.01596880
0.01986146
0.01999974
0.01599765
0.01600027
0.01598310
0.01969981
0.02400160
0.02400351
0.02399731
0.02000499
0.02402020
0.02000046
0.02399850
0.01996970
0.01999378
0.01999998
0.02799702
0.02400255
0.01999998
0.01599956
0.01599836
0.01599932
0.01600289
0.01983523
0.01599860
0.02399564
0.02400064
0.02000189
0.01999736
0.02400541
0.01999497
0.01599884
0.01599860
0.01599956
0.01973820
0.01999521
0.02000165
0.01999998
0.01997161
0.02399993
0.02400041
0.02000117
0.02399921
0.02399874
0.02400780
0.02399898
0.02260637
0.02799845
0.02399850
0.01999879
0.01999950
0.02399659
0.01999831
0.02000666
0.02000070
0.01999950
0.01999712
0.01999497
0.01999855
0.01999044
0.02000356
0.01999998
0.01999760
0.01599956
0.01999927
0.01597381
0.01599979
0.01600504
0.01599669
0.01603818
0.01577139
0.01578832
0.01599884
0.01585174
0.01599979
0.01588225
0.01599765
0.01600146
0.01999998
0.02000022
0.01884127
0.01602411
0.01599860
0.01700902
0.01599789
0.01600337
0.01599932
0.01599956
0.01198578
0.01600122
0.01598120
0.01999950
0.01997685
0.02002072
0.01602435
0.01603508
0.01599979
0.01600289
0.01599717
0.01600146
0.01999927
0.01599813
0.01999068
0.01599979
0.01602602
0.01599932
0.01601791
0.01599956
0.01600337
0.01573730
0.01599932
0.01600552
0.01577473
0.01999688
0.02000308
0.02235842
0.02400303
0.02000642
0.01998734
0.02799535
0.02400351
0.01599693
0.01600289
0.01600003
0.02000093
0.01600099
0.01602077
0.01599932
0.01599813
0.01600385
0.01600289
0.02000046
0.01999545
0.01998782
0.01999617
0.01999950
0.01999927
0.01600027
0.01199961
0.01600075
0.01598954
0.01738572
0.01599956
0.01998568
0.02400088
0.02400064
0.02397013
0.02396727
0.02000141
0.02400136
0.01600003
0.01599956
0.01985478
0.01972771
0.01599932
0.01599836
0.01600146
0.01999974
0.01999950
0.01598501
0.02000141
0.01603699
0.01600218
0.01599884
0.01599932
0.01999927
0.01599956
0.01588559
0.01967382
0.01593232
0.01599956
0.01600003
0.01599979
0.01599932
0.01999712
0.02399349
0.02800298
0.02400684
0.02399755
0.02059984
0.02002811
0.01998091
0.02400494
0.01599979
0.01599979
0.01599836
0.01599836
0.01601076
0.01999760
0.01599836
0.01973152
0.01600289
0.01599979
0.01599860
0.01600003
0.01599836
0.01974273
0.01599932
0.01569176
0.02000189
0.02399659
0.02400756
0.02399993
0.02401304
0.02399755
0.01999569
0.02001810
0.01584268
0.01577926
0.01599550
0.01573730
0.01571679
0.01967072
0.02000570
0.02000642
0.02524424
0.02000260
0.02001882
0.01999784
0.01999307
0.02000093
0.01601768
0.01999521
0.01597548
0.01999688
0.01999903
0.02399325
0.01599836
0.01600003
0.01599860
0.02400613
0.02400732
0.02399373
0.02400446
0.01998568
0.02100539
0.02000308
0.02000427
0.02000308
0.02399921
0.02399230
0.02002144
0.01999831
0.02399015
0.02399516
0.02399993
0.02000093
0.02399850
0.02399802
0.02400827
0.02400208
0.01998520
0.01999950
0.02000308
0.01998043
0.01999640
0.02000141
0.02000070
0.01999688
0.01997614
0.01999903
0.01999807
0.01999521
0.02350163
0.01999617
0.01999903
0.01997566
0.01999831
0.02000093
0.01999712
0.02401853
0.02801228
0.02799249
0.02002454
0.01999807
0.01999712
0.01999831
0.02003264
0.02399898
0.01999998
0.02400470
0.02523994
0.02399898
0.03199553
0.02399325
0.01999950
0.01999998
0.01998234
0.01999807
0.02003074
0.02800274
0.02399731
0.01600051
0.01986814
0.02000022
0.01973724
0.01974368
0.02000046
0.01600075
0.01977277
0.01725459
0.01999784
0.01999784
0.01719975
0.02000165
0.02000141
0.02000046
0.01999807
0.02400112
0.01999879
0.02802491
0.02429366
0.01999545
0.01973391
0.01599717
0.01599669
0.01600170
0.01599932
0.01999998
0.01599979
0.01577687
0.01599813
0.01599860
0.02000237
0.01599813
0.01443958
0.01599646
0.02000022
0.02116895
0.01599741
0.01599932
0.01999831
0.02000260
0.02000546
0.02000022
0.02119875
0.02800131
0.02822375
0.01999402
0.02000022
0.01715755
0.01599956
0.01599932
0.01600552
0.02002096
0.02399683
0.02399397
0.02400136
0.01599932
0.01599908
0.01998663
0.01600170
0.01999664
0.02400327
0.02000904
0.02399635
0.02000499
0.01999688
0.01999998
0.01599598
0.01600361
0.01999784
0.01601863
0.01599741
0.01884365
0.01971412
0.01599789
0.01716304
0.01999760
0.01998591
0.01999760
0.01999879
0.02400303
0.02400041
0.02800012
0.02399683
0.01999497
0.02000260
0.01971030
0.01999998
0.01999950
0.01971388
0.02000046
0.02800369
0.02799869
0.02800012
0.01999450
0.01999903
0.01974559
0.01968575
0.01967096
0.01999950
0.01999974
0.02000833
0.01910806
0.02000022
0.02800107
0.02399898
0.02400112
0.02000070
0.02000189
0.02000070
0.01999736
0.01599813
0.01572680
0.01568937
0.01965666
0.01603007
0.01599932
0.01599908
0.01598740
0.01602173
0.01592898
0.01599360
0.01599813
0.01999950
0.02401471
0.01599813
0.01599145
0.01599693
0.01599932
0.01599932
0.01599836
0.01600909
0.01598287
0.01600027
0.01999903
0.01602221
0.01600051
0.01600623
0.01601958
0.01597857
0.02173281
0.02000570
0.01999998
0.02121162
0.02000022
0.02000117
0.01599860
0.01599884
0.01574206
0.02000213
0.01599932
0.01999998
0.01599908
0.02003956
0.02801132
0.01999259
0.01999974
0.01999903
0.02399993
0.01998425
0.02000165
0.02000332
0.01999927
0.01999784
0.01999164
0.01602983
0.01978731
0.01602197
0.01972079
0.01599956
0.01861167
0.01334476
0.01600099
0.01998591
0.01598501
0.01670289
0.01599956
0.01599932
0.01577950
0.01600289
0.01600027
0.01601934
0.01599836
0.01599884
0.01988173
0.01599145
0.01599884
0.01599860
0.01600361
0.01599956
0.01599956
0.01599860
0.01584744
0.01601553
0.01599836
0.01597476
0.01599979
0.01599813
0.01599813
0.01600027
0.02000093
0.01999879
0.01999879
0.01999998
0.01999998
0.02001929
0.02000046
0.01999784
0.01999950
0.02399945
0.02399707
0.02001429
0.01735449
0.01599860
0.01720977
0.01600075
0.01999569
0.02002335
0.02000117
0.02400494
0.01999903
0.01600003
0.01600385
0.01600027
0.01599836
0.01599813
0.01599860
0.01574755
0.01576948
0.01600027
0.01599932
0.01593280
0.01600051
0.01600003
0.02399755
0.02399826
0.02000403
0.02400208
0.01999664
0.01999950
0.02252030
0.02400112
0.02000046
0.02121902
0.02000380
0.01999950
0.02400208
0.02111936
0.02000642
0.02802634
0.01999784
0.01999712
0.02400470
0.02399707
0.02000451
0.02399397
0.01999950
0.02000022
0.01999927
0.01999950
0.01999950
0.01999402
0.02000403
0.01999950
0.01999927
0.01998544
0.02001357
0.01999903
0.01999950
0.02001834
0.02028012
0.01602721
0.01600266
0.02000070
0.01718307
0.01599741
0.01600003
0.01599932
0.01981091
0.01972508
0.01599979
0.01600146
0.01576948
0.01599932
0.01597452
0.01599836
0.01599860
0.01199961
0.01599431
0.01599956
0.01599813
0.01199985
0.01543212
0.01599908
0.01598167
0.01599884
0.01600027
0.01722980
0.01599956
0.01599836
0.01600051
0.01600170
0.01567650
0.01599908
0.01569700
0.01599956
0.01571059
0.01568651
0.01200032
0.01577258
0.01599884
0.01577497
0.01571441
0.01598215
0.01598215
0.01599240
0.01601410
0.01600146
0.02399492
0.02000022
0.01999950
0.02023029
0.02400017
0.01999855
0.01717925
0.02000880
0.02399635
0.01599932
0.01600623
0.01600218
0.02000380
0.01599765
0.01200056
0.01600122
0.01600075
0.02397919
0.02000546
0.02398944
0.01199913
0.01580071
0.01200175
0.01600146
0.01599908
0.01599956
0.01597214
0.01600718
0.01199698
0.01598835
0.01504159
0.01999998
0.01999497
0.02001286
0.01600027
0.01599741
0.01997900
0.01999927
0.01599407
0.01318240
0.01199961
0.01600432
0.02000237
0.02400780
0.02400422
0.02400088
0.02400398
0.02399397
0.01599932
0.01598597
0.01199913
0.01599860
0.01600051
0.01600099
0.01600051
0.01600051
0.01601338
0.01999903
0.01599813
0.01599932
0.01599932
0.01599836
