0.03000402
0.01966500
0.00999951
0.01972675
0.01975465
0.02000737
0.02980590
0.03000259
0.02000260
0.02553892
0.02999949
0.03001189
0.03000617
0.01977468
0.01651001
0.01999998
0.02000117
0.02978420
0.01972818
0.01971173
0.01970434
0.02000213
0.01977563
0.03000593
0.02999759
0.01999450
0.02000284
0.02000308
0.02982640
0.02999568
0.02999330
0.01634574
0.02999234
0.02902818
0.03000021
0.02738285
0.02000237
0.02000117
0.01975703
0.01971459
0.02001810
0.01723504
0.03000879
0.02000046
0.01999879
0.02000046
0.02998972
0.02000499
0.03000236
0.03000450
0.03000140
0.01999640
0.01999903
0.01972175
0.01973367
0.01980186
0.02000141
0.02484798
0.01991487
0.01999998
0.02111173
0.03000855
0.02999544
0.04000759
0.01979995
0.03969383
0.03977323
0.03973413
0.01985168
0.02000475
0.02003479
0.03000617
0.02999902
0.02999616
0.01998782
0.02000451
0.02260303
0.01851392
0.02129173
0.02904797
0.02000022
0.01999879
0.01968646
0.01975918
0.01000094
0.02983737
0.03000593
0.02999926
0.02000570
0.03000236
0.01999998
0.02022743
0.02001524
0.02000308
0.02002025
0.02988219
0.03002262
0.02995992
0.02424479
0.02000046
0.02999926
0.03000140
0.03000069
0.03000236
0.03000641
0.02999783
0.03000140
0.02999687
0.03002977
0.03000140
0.02999425
0.02999854
0.02977920
0.02000093
0.02000070
0.01579666
0.01973963
0.03102732
0.03000331
0.03000140
0.02999902
0.03000402
0.03667259
0.05131221
0.04901981
0.05000567
0.03999686
0.02968431
0.04003000
0.03975749
0.02999806
0.00999928
0.01975346
0.00999880
0.00999880
0.01979613
0.01981997
0.01990962
0.02002263
0.03000784
0.01999569
0.02000523
0.03000522
0.01999974
0.02999687
0.02000189
0.01660538
0.00969172
0.01966357
0.02098489
0.01975060
0.01978445
0.01984334
0.01999640
0.03000617
0.02999854
0.01999688
0.01793098
0.00999689
0.00999975
0.00999928
0.00999999
0.02000046
0.01467180
0.02000093
0.00700879
0.02014899
0.02000022
0.01999974
0.01999998
0.01970410
0.02001262
0.03278112
0.02000690
0.03000402
0.03002954
0.02999306
0.02000022
0.03000546
0.01999784
0.03000784
0.02999973
0.02999282
0.01999617
0.01759291
0.03000259
0.02999806
0.01973295
0.02000356
0.03000283
0.01999903
0.02999902
0.03000498
0.03196025
0.02999926
0.03999543
0.04977489
0.04999828
0.03000593
0.02003026
0.01999807
0.02002692
0.01999450
0.03000069
0.02999282
0.01996899
0.02000427
0.02999640
0.02001548
0.02000403
0.02000189
0.02974987
0.01999402
0.01999307
0.01986122
0.01970458
0.01978779
0.01975226
0.01981640
0.02078605
0.01100588
0.00999928
0.01971197
0.02902293
0.02000523
0.02000260
0.03000998
0.02000070
0.03000236
0.02000523
0.01999831
0.02999592
0.01999736
0.02009892
0.01999235
0.01987910
0.02000070
0.01978636
0.02105021
0.02000022
0.01975203
0.01985908
0.02000165
0.00999999
0.02000046
0.02000165
0.01999187
0.01896763
0.03000784
0.03023791
0.03000665
0.02979517
0.02000380
0.02000260
0.01974940
0.02000046
0.01981854
0.03000259
0.03000307
0.02000213
0.03001189
0.01999998
0.01975703
0.01973534
0.01980162
0.00999951
0.01979423
0.02233815
0.01451850
0.01981831
0.02158952
0.01974607
0.01850700
0.01980114
0.02216673
0.02000451
0.01999784
0.01850963
0.01983953
0.02000237
0.02000165
0.02000093
0.01906466
0.02000332
0.02000260
0.01972914
0.02016616
0.01999974
0.01978350
0.03000689
0.02997375
0.03000236
0.02999973
0.03000355
0.02000260
0.01975751
0.01999927
0.01982713
0.02978587
0.02000046
0.02000022
0.02001810
0.01999855
0.01999998
0.01303649
0.01971316
0.01968884
0.02000117
0.01987553
0.01972723
0.00999904
0.01969194
0.02000403
0.02000093
0.02999830
0.03000546
0.02000213
0.01993871
0.01980829
0.03000712
0.02000546
0.03000546
0.02999306
0.01999903
0.01966834
0.01999831
0.02000165
0.02000117
0.03000140
0.01999974
0.02999997
0.03001714
0.03000927
0.02902818
0.03000283
0.01999831
0.02999377
0.02999449
0.02999496
0.03000116
0.01999998
0.01980138
0.03000045
0.01968265
0.02000523
0.02999949
0.02999473
0.02713466
0.01835299
0.01969409
0.01801538
0.02000451
0.01976299
0.03097296
0.02400208
0.02002358
0.02999377
0.03127265
0.03000760
0.02003026
0.01986814
0.01970148
0.01975965
0.02000284
0.03000426
0.01999617
0.02001357
0.01999998
0.02000117
0.01976275
0.01999617
0.02998114
0.02000260
0.02000523
0.01982284
0.02000284
0.02000308
0.01978302
0.01999712
0.01998973
0.01999927
0.01727748
0.01999927
0.01977086
0.02000332
0.02001119
0.03000546
0.03000236
0.02000284
0.02000523
0.04000068
0.02003145
0.01999712
0.01999831
0.01979375
0.01973629
0.01975441
0.01970792
0.02000165
0.02000260
0.01002479
0.01978660
0.01988459
0.01999927
0.00999904
0.01968622
0.01976299
0.01965976
0.02000022
0.01966906
0.00999951
0.01978159
0.00975275
0.00975037
0.00970650
0.01968050
0.01557207
0.01976347
0.01999950
0.02886558
0.03000259
0.02000642
0.03000665
0.02000284
0.02000308
0.02000070
0.01999950
0.01976275
0.00999880
0.01980782
0.00969696
0.00971293
0.01999974
0.01982331
0.00979233
0.01984906
0.01000023
0.00978875
0.01985526
0.00999928
0.00999928
0.01000142
0.00965691
0.01970267
0.00976610
0.02002954
0.00973606
0.00999951
0.00983334
0.00980115
0.00974870
0.00983334
0.01999664
0.00972939
0.01988125
0.01462102
0.01979160
0.01973224
0.00999999
0.01000214
0.00999999
0.01801014
0.01979470
0.01000261
0.01983666
0.01999307
0.01999331
0.02001023
0.01999116
0.02000523
0.02000332
0.02002621
0.02000284
0.01999521
0.02000308
0.02000570
0.02000308
0.02000260
0.02000117
0.01999927
0.01999593
0.01999807
0.02000141
0.00999904
0.01979899
0.01000166
0.01976681
0.01407647
0.01999998
0.03026819
0.02903223
0.02003837
0.02983499
0.02998471
0.02984810
0.02000785
0.02999878
0.02000427
0.02000451
0.02988768
0.02983880
0.02000237
0.02000308
0.03000116
0.03000093
0.03000689
0.02255106
0.03000021
0.03126454
0.02000737
0.03000975
0.02000189
0.02830219
0.02130818
0.02002001
0.01979661
0.02000165
0.02098179
0.02000546
0.01975775
0.01000214
0.02000117
0.02000308
0.01976252
0.01968837
0.01999831
0.01999998
0.01972747
0.01999927
0.00991464
0.01976228
0.01977372
0.02000284
0.01999760
0.02000070
0.01000166
0.01979423
0.01973057
0.01971483
0.01980114
0.00999856
0.01989865
0.02985072
0.03000426
0.02342248
0.01999927
0.01419759
0.02546072
0.01713276
0.01980138
0.00980258
0.02158737
0.01802039
0.01979399
0.01981544
0.01901412
0.01982069
0.02000022
0.01999998
0.02000022
0.02999997
0.02001333
0.03000617
0.01999497
0.02000523
0.02000523
0.02000308
0.02000570
0.02999830
0.01999998
0.01986766
0.01972413
0.02000070
0.01981854
0.01999879
0.02979684
0.02999663
0.02004123
0.01999998
0.01289153
0.03000712
0.03106570
0.02001524
0.02999949
0.01999569
0.01999545
0.02000141
0.01974750
0.01972008
0.01973486
0.01975727
0.01967192
0.00999928
0.01974058
0.01967859
0.01971126
0.01971340
0.01970172
0.01969719
0.01973057
0.02104998
0.02000475
0.01982307
0.02121854
0.01901126
0.01981115
0.01975250
0.00999904
0.01977754
0.02000189
0.00999928
0.01990438
0.00999904
0.02000046
0.01981521
0.01684189
0.02000594
0.01999879
0.03130579
0.01902270
0.02000046
0.02000523
0.01999545
0.01971245
0.00975204
0.01973414
0.01979613
0.01968980
0.01980925
0.01000023
0.01977277
0.01985049
0.02000070
0.02000237
0.00999880
0.01974702
0.02572203
0.01077557
0.00999880
0.01976871
0.01968789
0.02000356
0.00977445
0.01992655
0.01977968
0.01981783
0.00999761
0.01980805
0.01982617
0.00999928
0.01268959
0.01976800
0.00999975
0.01971650
0.01999879
0.01999831
0.01999879
0.02987146
0.03000450
0.02000928
0.02001905
0.02000189
0.01999736
0.02002287
0.01993632
0.01999903
0.02000046
0.01980782
0.01983476
0.01977372
0.01980019
0.01000023
0.00999928
0.01971102
0.01981902
0.01982903
0.02000427
0.02000618
0.02787662
0.03000069
0.02000237
0.02000356
0.01980186
0.00999832
0.02999902
0.01999855
0.01987243
0.02002430
0.01980662
0.02000690
0.02000761
0.01999974
0.01999521
0.01981997
0.01985788
0.01971412
0.01999974
0.00999928
0.00966215
0.01999879
0.01966023
0.01979303
0.02000070
0.01977992
0.01984453
0.02314663
0.02000666
0.01977658
0.02121234
0.02902079
0.02004027
0.02572012
0.02215290
0.02000427
0.02132392
0.02902412
0.03001165
0.02000475
0.01999879
0.02000308
0.01972866
0.02000022
0.01999831
0.01984048
0.01989222
0.01998377
0.02000952
0.01977921
0.01977110
0.02333283
0.01145935
0.01978326
0.01999760
0.01981997
0.01000285
0.01850820
0.01000285
0.00999856
0.02000189
0.01999283
0.01999569
0.01981091
0.01967025
0.01970005
0.00978112
0.01987958
0.00985074
0.01666617
0.01309085
0.00969243
0.00974703
0.00969982
0.00979781
0.00999904
0.02003074
0.01999903
0.01979518
0.01978517
0.01986504
0.01978874
0.00999928
0.01980114
0.01999283
0.02000117
0.00999999
0.01999903
0.01980472
0.01988125
0.01999879
0.02000046
0.02000403
0.02001381
0.02002215
0.01970267
0.01999855
0.00967669
0.00999022
0.01999998
0.01000071
0.02001739
0.01978850
0.01969194
0.01000071
0.00972533
0.00999999
0.00970602
0.00976777
0.01309252
0.01000309
0.01979709
0.02122474
0.01902771
0.01999974
0.02013826
0.01000404
0.00999928
0.01965094
0.00998807
0.01975179
0.01978970
0.02000141
0.01999640
0.00971508
0.00971556
0.00978136
0.00999951
0.00966930
0.00967669
0.00999856
0.00965619
0.01974082
0.00970435
0.01000094
0.00969338
0.00969410
0.00999999
0.00969243
0.00978875
0.00999880
0.01982522
0.00999928
0.01967478
0.00979257
0.00969958
0.00979042
0.00973415
0.02000022
0.00999904
0.00976276
0.00853229
0.01000142
0.00984716
0.01969099
0.00999975
0.01000333
0.00971556
0.02000046
0.00999951
0.01999855
0.01968050
0.00975633
0.01000071
0.00969148
0.00967979
0.01981544
0.01970744
0.01975822
0.00999951
0.00999928
0.01898408
0.01000476
0.02000093
0.01973438
0.01999998
0.00999951
0.02000117
0.01986313
0.00999880
0.01999998
0.01999474
0.01985812
0.00999928
0.01978445
0.00999904
0.00999880
0.01972938
0.01000023
0.00975919
0.00973487
0.01970053
0.01000142
0.01486588
0.00999999
0.02000451
0.02093315
0.00999904
0.01981282
0.02000523
0.01999712
0.02000499
0.02999806
0.01999831
0.01985526
0.01999688
0.01980972
0.01978993
0.01980615
0.01999974
0.01998615
0.02000761
0.01999807
0.00999880
0.00999880
0.01978064
0.00999546
0.01999974
0.02000141
0.02000237
0.01978612
0.01999831
0.01973128
0.01979780
0.02000189
0.03000474
0.02000093
0.01999903
0.02125788
0.02719975
0.01999903
0.02001166
0.02000427
0.02907491
0.03000546
0.01999974
0.01998878
0.01976061
0.01999807
0.00999975
0.00982761
0.00966072
0.01999998
0.01999927
0.01969767
0.01000047
0.01999927
0.01977110
0.02000713
0.02000475
0.02999353
0.01999855
0.01999879
0.00999904
0.01983595
0.01998472
0.01985240
0.01973963
0.02000046
0.02455950
0.01729012
0.01999974
0.01966834
0.01000023
0.02116323
0.00984192
0.01873016
0.02002311
0.03000212
0.02002573
0.03000784
0.02102184
0.01000023
0.01000094
0.01000023
0.02000976
0.02000427
0.01999712
0.01999998
0.02000117
0.01999998
0.01999569
0.01975203
0.00968909
0.01970720
0.01968527
0.00977206
0.00978851
0.01999903
0.00994658
0.00999975
0.01974010
0.02000046
0.00978780
0.00974178
0.01471901
0.02000427
0.02000189
0.02003908
0.03000712
0.03000617
