0.00600266
0.01595712
0.01596069
0.01595879
0.01595736
0.01795030
0.01597095
0.01695442
0.01795101
0.01695466
0.01895165
0.02592397
0.02195024
0.02293825
0.02497578
0.01897407
0.02493358
0.02246070
0.02293897
0.02295208
0.02292991
0.01795268
0.02194214
0.03191113
0.02791905
0.02891421
0.02593613
0.02693629
0.02793241
0.02695060
0.03889632
0.02892256
0.02991652
0.02991772
0.02992797
0.03391171
0.02788949
0.02194118
0.02294016
0.02293730
0.02536321
0.02396107
0.02593160
0.02494812
0.02693534
0.03191853
0.03291726
0.03292060
0.03693271
0.02493358
0.02593017
0.02493334
0.02294207
0.02293944
0.02393794
0.03091288
0.03690243
0.03490639
0.02792764
0.02593040
0.02792859
0.03619123
0.03494287
0.02991796
0.03590012
0.02990603
0.02593064
0.02493405
0.02293873
0.02293682
0.02493238
0.02792645
0.02692938
0.02394700
0.02393556
0.02293539
0.02193975
0.02194214
0.02193737
0.02393556
0.02293921
0.02493620
0.02293992
0.01994896
0.03491235
0.03391981
0.03202677
0.01894808
0.02194071
0.02294254
0.02593112
0.02495289
0.02793360
0.02692914
0.02493238
0.03291392
0.03291440
0.02493382
0.02293968
0.02094793
0.02094388
0.01994658
0.02094388
0.01994658
0.02094531
0.01695561
0.01897812
0.01795197
0.01994967
0.01794958
0.02293921
0.02293921
0.03150868
0.02892327
0.02094603
0.01795268
0.01793909
0.01994872
0.01695514
0.01994872
0.02094078
0.02192926
0.03191209
0.02689648
0.03391027
0.03191996
0.02792478
0.02294183
0.01894808
0.01994014
0.02094793
0.02293944
0.02294803
0.02294326
0.02393794
0.02293849
0.03291631
0.02991390
0.03989172
0.02593350
0.02293897
0.02293897
0.02293873
0.02293587
0.01994681
0.02293992
0.01894808
0.01994920
0.01795316
0.01895022
0.02094841
0.02094769
0.02094889
0.02789807
0.02692986
0.03191638
0.03095412
0.03590393
0.01996517
0.02096581
0.02293682
0.03190875
0.03191590
0.02395320
0.02094555
0.03091502
0.03590131
0.02993512
0.02393150
0.02493477
0.02793097
0.02792263
0.02890015
0.03391027
0.02992034
0.02992249
0.02892208
0.04189324
0.04190278
0.03589821
0.02692842
0.02593946
0.02692890
0.02493429
0.02993798
0.03091931
0.02693510
0.02692676
0.02693176
0.02809048
0.02792382
0.03290892
0.03491235
0.03789926
0.03092003
0.02694798
0.02393818
0.02393818
0.02094507
0.02294111
0.02493334
0.02293921
0.02294207
0.02194190
0.02194023
0.02293992
0.02892065
0.02194214
0.02092028
0.02194238
0.02255392
0.02094245
0.02094579
0.02141094
0.02194071
0.02094507
0.02592635
0.02095842
0.01994920
0.02094340
0.02094436
0.02293873
0.02094340
0.02194357
0.01894832
0.02094436
0.02293992
0.02393436
0.02593160
0.02393913
0.02393961
0.02393842
0.02582884
0.02393389
0.02493596
0.02194214
0.02094698
0.02194190
0.01994610
0.02891970
0.02293634
0.02243495
0.02393556
0.02294087
0.02394009
0.02491927
0.03391242
0.03192592
0.02294111
0.01996589
0.02094579
0.02193856
0.02094746
0.02094769
0.02193999
0.02194285
0.02194118
0.02293897
0.02194428
0.02194095
0.02294254
0.01994371
0.01994419
0.01894951
0.01994658
0.01994920
0.02194238
0.02393627
0.02193832
0.02194047
0.02345371
0.01994872
0.01994729
0.01994848
0.02194238
0.02293897
0.02693248
0.02693057
0.03291631
0.03789091
0.03491664
0.02194285
0.01994777
0.02194214
0.02572346
0.02593303
0.02493310
0.02393556
0.02293968
0.02393651
0.02493167
0.02294183
0.03391242
0.03094459
0.03091645
0.03190827
0.03590369
0.02494287
0.02493477
0.02293825
0.02094460
0.01994634
0.02493477
0.02496481
0.02493572
0.02694297
0.02592826
0.02593493
0.02592969
0.02294064
0.01995230
0.01994872
0.02090788
0.02094579
0.02194476
0.02294016
0.02393866
0.03390980
0.03391266
0.04490757
0.03391290
0.03204894
0.02593064
0.03690410
0.03490281
0.03690815
0.03490257
0.02891850
0.04089308
0.03891253
0.03291464
0.03191662
0.02892447
0.03291702
0.03090978
0.02294040
0.02493596
0.02294064
0.02393508
0.03091502
0.03091884
0.02991772
0.02892041
0.03191638
0.02935362
0.02754402
0.02792549
0.03790426
0.03590274
0.03690791
0.03689837
0.03890085
0.03590560
0.02393675
0.02500725
0.02692580
0.02493644
0.02493620
0.02495575
0.02595806
0.02493453
0.02493334
0.02692938
0.02692771
0.02593088
0.02493382
0.02692699
0.02297497
0.02692914
0.03989959
0.03192949
0.02294493
0.02393603
0.02194142
0.02094579
0.02094674
0.02094913
0.02293515
0.02094722
0.01994491
0.01795077
0.01994777
0.01895142
0.01994658
0.02293563
0.02393675
0.02294755
0.02194428
0.02593017
0.02593279
0.02445388
0.02493525
0.02392411
0.02493453
0.01994538
0.02194309
0.01795292
0.01894927
0.01795340
0.02396512
0.02992034
0.02892017
0.02294230
0.02593160
0.02194333
0.01892471
0.01894975
0.01895118
0.01795125
0.01894951
0.01894951
0.01994824
0.02299142
0.02195382
0.03092122
0.03190422
0.02992129
0.03491354
0.02692175
0.02094388
0.02194238
0.01995945
0.02192187
0.01994681
0.01994777
0.02094364
0.01994610
0.01994634
0.01996517
0.01996684
0.02140880
0.01996756
0.01994967
0.01994991
0.01994777
0.01995039
0.02094507
0.01951385
0.02194238
0.02094555
0.01976562
0.01994801
0.01794958
0.01994681
0.01795268
0.01795220
0.01695514
0.01895142
0.02094603
0.01994824
0.02292752
0.02094579
0.02094412
0.01895046
0.01895022
0.01695514
0.01795197
0.01795292
0.01693249
0.01796103
0.01595902
0.01794100
0.01695657
0.01591849
0.01496220
0.01595640
0.01595807
0.01496267
0.01496053
0.01752925
0.01695347
0.01595831
0.01595664
0.01595736
0.01595950
0.01595879
0.01695728
0.01595664
0.01595902
0.01595592
0.01595783
0.01595902
0.01595616
0.01597619
0.01695466
0.01496005
0.01696277
0.01695514
0.01695347
0.01595950
0.01695538
0.01595783
0.01494217
0.01496005
0.01496077
0.01595736
0.01595950
0.01595664
0.01496148
0.01496029
0.01496053
0.01495934
0.01595736
0.01496172
0.01495957
0.01595807
0.01496172
0.01695657
0.01695323
0.01698899
0.01792479
0.01895118
0.01995134
0.01895118
0.01894784
0.02394867
0.02992010
0.02193475
0.02094746
0.01994681
0.01895070
0.02094388
0.01995111
0.01994872
0.02094817
0.01894617
0.01793098
0.01795721
0.01994705
0.01695728
0.01595879
0.01595759
0.01695418
0.01595902
0.01692367
0.01595926
0.01795149
0.01994801
0.01994705
0.02094412
0.01893210
0.01994562
0.01897860
0.02992201
0.02049637
0.02194238
0.02094269
0.01994443
0.02194285
0.02493978
0.02294636
0.02393842
0.02291536
0.02293873
0.03289890
0.02795291
0.03191018
0.02792525
0.03090858
0.02592182
0.02544951
0.02692699
0.03490353
0.03490162
0.03692436
0.03494120
0.03267646
0.03191662
0.03390813
0.03291082
0.03490639
0.03291965
0.03490901
0.03389978
0.03191328
0.02293277
0.02393603
0.02493596
0.02493334
0.02293777
0.02393651
0.02194190
0.02294040
0.02692509
0.02493811
0.02394009
0.02394199
0.02394080
0.02892137
0.02692485
0.03292060
0.03091359
0.02892017
0.02927899
0.02793050
0.02892756
0.02892256
0.02592611
0.02593064
0.02493501
0.02493477
0.02493453
0.02393723
0.02692723
0.02494454
0.02593565
0.02493000
0.01994848
0.01998305
0.02094460
0.01994634
0.01994920
0.01894951
0.01894855
0.01994991
0.02194262
0.01997352
0.02094603
0.02094555
