0.00797796
0.01695538
0.01595736
0.01595831
0.01698780
0.01794791
0.01992202
0.02393293
0.02250123
0.02294660
0.02491570
0.02394795
0.02293682
0.02294731
0.02194548
0.02296448
0.02492595
0.02293515
0.02294207
0.02492595
0.02388763
0.02892685
0.03192234
0.03291392
0.03291988
0.03392339
0.03295732
0.02992010
0.02991724
0.03190804
0.02692389
0.02692771
0.02692819
0.02593088
0.02991295
0.03091049
0.03391266
0.03491473
0.03088808
0.03091598
0.03194547
0.03590369
0.03291845
0.05186105
0.05425334
0.05086684
0.03989530
0.03291750
0.02494287
0.02693677
0.02692389
0.02593827
0.02891493
0.02194667
0.02493691
0.02740526
0.01792884
0.01894999
0.02097201
0.02293587
0.02593374
0.02793002
0.02592468
0.02485156
0.02494383
0.02594900
0.01894808
0.01795340
0.01795530
0.01994681
0.02292252
0.01894879
0.01996446
0.02493548
0.03490973
0.05387402
0.04888225
0.04586864
0.02892280
0.02294421
0.02395272
0.02294540
0.02347708
0.02393222
0.02394295
0.02393985
0.02395153
0.02496409
0.02792954
0.02494621
0.02394032
0.02491546
0.02393985
0.02394080
0.02394176
0.02394390
0.02593493
0.02393627
0.02692914
0.02394342
0.02395415
0.02393985
0.02393508
0.02194023
0.01695395
0.01695275
0.01895308
0.01795411
0.02294087
0.02094388
0.02094412
0.02294111
0.02591896
0.02393603
0.02493501
0.02593493
0.02892947
0.02989316
0.03092551
0.02792406
0.02792645
0.02194071
0.02094316
0.02491856
0.02194381
0.02293682
0.02294302
0.02194309
0.01994777
0.02052879
0.01892471
0.02094412
0.02157545
0.01994562
0.01895070
0.01811361
0.01994395
0.02493048
0.02493358
0.02693033
0.02581930
0.02393007
0.01695514
0.01793766
0.01795411
0.01793313
0.01892400
0.02094746
0.01895952
0.01794052
0.01695347
0.01797080
0.01995277
0.01895118
0.02093554
0.01595807
0.01795292
0.01595783
0.01698446
0.01997066
0.02094722
0.02094722
0.02186799
0.01695704
0.01695704
0.01695418
0.01595807
0.01595712
0.01595855
0.01695633
0.01697111
0.01795435
0.02692914
0.02094221
0.01695585
0.01695657
0.01595879
0.01795316
0.01994872
0.01795530
0.01994634
0.01795173
0.01792884
0.01795626
0.01798034
0.01795411
0.01894593
0.01895714
0.01693296
0.01795650
0.01695538
0.01894832
0.01694512
0.01741338
0.01973510
0.01795244
0.01994658
0.01795316
0.02494073
0.02393627
0.02774882
0.02393556
0.02895093
0.02492690
0.02194810
0.02193832
0.02193880
0.02094316
0.01894879
0.01994586
0.01795197
0.01895070
0.01695395
0.01895022
0.02094841
0.02393413
0.02892375
0.02394032
0.02692747
0.02447963
0.02393794
0.02297235
0.01994443
0.01595616
0.01695418
0.01696730
0.01994586
0.02493286
0.02592111
0.01796436
0.01795530
0.02394485
0.02593803
0.02293062
0.01895666
0.02395391
0.02393508
0.02394629
0.02593565
0.02493691
0.02194834
0.02393889
0.02294183
0.02796865
0.02792788
0.02692223
0.02493072
0.02194285
0.02393723
0.02293992
0.02592969
0.02593231
0.02393818
0.02393699
0.03090596
0.02294159
0.02194166
0.02294183
0.02393723
0.02893019
0.02992249
0.02693367
0.02493596
0.03291607
0.02393007
0.02393794
0.02692842
0.02293587
0.02392697
0.02493715
0.02492929
0.02792239
0.03290343
0.02592683
0.02293849
0.02493501
0.02891922
0.02393460
0.03090715
0.03089547
0.02595615
0.02492881
0.02393436
0.02294040
0.02493095
0.02193952
0.01994061
0.02256823
0.02691984
0.02394056
0.02293849
0.02094102
0.02293658
0.01994658
0.02094293
0.01894975
0.02094340
0.01995063
0.01895189
0.02094841
0.01994658
0.01994777
0.02792978
0.02493286
0.02693272
0.02492523
0.01994705
0.01994991
0.01895070
0.02091718
0.02914476
0.02493668
0.02892232
0.01995015
0.01992893
0.02693653
0.02294421
0.02493334
0.02492642
0.02392936
0.02493668
0.02593470
0.02693415
0.02592993
0.02094579
0.01892543
0.01954579
0.01895046
0.01994801
0.02992320
0.02495146
0.02947259
0.02590561
0.02593732
0.02593327
0.02593660
0.03087258
0.03191876
0.03291965
0.02893066
0.03291917
0.03589940
0.02992511
0.02991772
0.02891779
0.02992010
0.02894616
0.03090882
0.02692461
0.03189158
0.02793002
0.02992296
0.02793050
0.02792692
0.02992272
0.04290605
0.03789783
0.03789854
0.01795316
0.01895118
0.01795220
0.02095342
0.01994991
0.02390480
0.02593040
0.02295542
0.02293515
0.02194405
0.02094650
0.02194071
0.02991724
0.02193618
0.01894951
0.01992679
0.01895118
0.01894760
0.01800489
0.01994920
0.01795459
0.02493095
0.02496600
0.02592063
0.02293682
0.02194071
0.02094245
0.01994872
0.02094603
0.02196908
0.03090978
0.02194262
0.02094603
0.02094889
0.02495313
0.01992393
0.02194142
0.02291679
0.02095985
0.02293992
0.02246213
0.02194357
0.01895142
0.01795292
0.02094483
0.02194047
0.02293992
0.02194381
0.02194524
0.02294922
0.02193880
0.02194524
0.02094865
0.01994276
0.02003074
0.01895118
0.01792192
0.02194667
0.02791905
0.02293396
0.02291131
0.01894903
0.01894951
0.01897144
0.01795173
0.02094460
0.02194309
0.01795030
0.01795173
0.01692128
0.01994848
0.01994991
0.02095604
0.02194142
0.02194047
0.01896834
0.01795459
0.01994896
0.01694655
0.01795268
0.01695561
0.01795268
0.01695633
0.02094698
0.02792716
0.02494502
0.02293777
0.02193904
0.02193880
0.02692914
0.02293587
0.02492690
0.02293992
0.01595855
0.01695585
0.01595306
0.02393770
0.02293611
0.01695752
0.02094316
0.01994538
0.02293372
0.02397394
0.02193403
0.02094936
0.02094436
0.02292967
0.02295041
0.02493072
0.02395725
0.02991343
0.02593422
0.02693129
0.02692771
0.03194070
0.02792501
0.03490520
0.02992082
0.03390193
0.02912235
0.02792215
0.03191543
0.02992892
0.03191495
0.03092194
0.02194309
0.02393627
0.02294016
0.02194309
0.02394080
0.02293754
0.02493453
0.02493238
0.02293539
0.02294016
0.02493167
0.02091527
0.02296185
0.02194142
0.02193546
0.02194333
0.02094817
0.02094555
0.02094579
0.02669668
0.03091288
0.02692628
0.02493882
0.02792430
0.02294302
0.02293777
0.02493215
0.02492857
0.02895594
0.02692747
0.02792406
0.02692556
0.02393603
0.02094460
0.01997471
0.02094913
0.02393579
0.02193761
0.01795173
0.01894999
0.01994681
0.01795220
0.01893020
0.01895070
0.01894999
0.02195859
0.02593350
0.02093911
0.01896095
0.01795411
0.01894927
0.01802897
0.01895118
0.01894951
0.01813555
0.01795316
0.02394176
0.02293134
0.01895046
0.01897764
0.01894879
0.01994896
0.01994705
0.02194190
0.02493715
0.02492237
0.02592826
0.02302837
0.01994419
0.01894927
0.02094531
0.02094531
0.02194118
0.02791762
0.02692795
0.02293968
0.02194285
0.02094221
0.02193928
0.02991891
0.03192067
0.02793002
0.02692890
0.02791619
0.02593017
0.02593589
0.02693319
0.02892327
0.02291560
0.02593327
0.03442740
0.02992415
0.03288865
0.03091264
0.03290701
0.02892137
0.02393579
0.02392673
0.03190541
0.03390837
0.02889395
0.03091335
0.02891564
0.02992439
0.02892065
0.03191400
0.02593088
0.02758789
0.02493382
0.02593565
0.02847290
0.02991152
0.02892375
0.02792621
0.02794671
0.02991581
0.02692938
0.02691865
0.02194071
0.02393842
0.02194214
0.02393746
0.02197385
0.02293777
0.01994729
0.01695585
0.01795125
0.02094293
0.01695395
0.01994610
0.01894951
0.02793479
0.02393055
0.02593756
0.02395272
0.02194452
0.02290273
0.01950383
0.02692318
0.02494144
0.01895094
0.01895118
0.01795101
0.01694798
0.01695561
0.01695561
0.01795292
0.01796031
0.01795506
0.01795459
0.01894855
0.01895356
0.01894593
0.02094746
0.02593350
0.02493572
0.02094483
0.02194309
0.02493644
0.02393341
0.02408290
0.01997471
0.02094865
0.01989651
0.02194381
0.01994824
0.01994562
0.02092266
0.02094555
0.02393603
0.02892280
0.02493119
0.02393913
0.02094674
0.02194428
0.02493834
0.02293658
0.02393818
0.02593231
0.02796340
0.02891898
0.01997542
0.02193999
0.02094269
0.02194047
0.01994658
0.02293897
0.02194214
0.01994681
0.02043438
0.02194071
0.01894903
0.01894903
0.02094293
0.01894712
0.02094531
0.02393484
0.01994896
0.02093983
0.02194285
0.02194428
0.02195358
0.01695395
0.01595640
0.01896214
0.01795173
0.01795435
0.01695371
0.01695585
0.01697779
0.01795602
0.01795173
0.01695776
0.01794910
0.01697087
0.01695490
0.01994944
0.01782918
0.01695561
0.01695538
0.01593280
0.01695418
0.01595736
0.01795506
0.02393413
0.01595712
0.01596642
0.01595807
0.01795268
0.01994681
0.02092505
0.02294087
0.02291679
0.02393103
0.02094340
0.02094865
0.01994848
0.01693296
0.01695633
0.01695466
0.01695490
0.01695323
0.01595974
0.01695728
0.01496029
0.01695538
0.01496029
0.01695609
0.01595783
0.01595783
0.01794910
0.02393961
0.02393746
0.02194142
0.01995182
0.02092624
0.02096081
0.02094674
0.02030635
0.02094555
0.02191043
0.01995039
0.01994872
0.01894331
0.01994944
0.01895356
0.02094626
0.01994729
0.01498580
0.01595783
0.01496172
0.01595545
0.01595902
0.01695347
0.02194691
0.01994801
0.01795173
0.02992034
0.02138114
0.02393341
0.02196956
0.01995873
0.01894975
0.01895285
0.02191687
0.02294135
0.02094173
0.02094030
0.02693176
0.02493858
0.02493262
0.01795149
0.01894855
0.01895213
0.01795149
0.02194190
0.02094579
0.01995063
0.01994562
0.01994729
0.01895213
0.01994753
0.02393222
0.02293801
0.02194452
0.02442813
0.02592850
0.02791142
0.01894760
0.02094579
0.01895022
0.01994681
0.01795316
0.01791000
0.01695395
0.02094936
0.02494097
0.02594566
0.02495575
0.02889085
0.02393341
0.02094293
0.02347708
0.02193618
0.01894927
0.01695490
0.01794291
0.01796293
0.01894951
0.01795387
0.01895213
0.01695728
0.01595640
0.01795149
0.01895022
0.01742482
0.01763725
0.01894951
0.02492595
0.02094507
0.01795363
0.01895213
0.01695561
0.01795077
0.01693034
0.01795125
0.01695466
0.01794910
0.01894665
0.01796103
0.02094913
0.01797748
0.01695299
0.01695538
0.01549578
0.01496077
0.01595879
0.01594186
0.01498008
0.01695490
0.01695490
0.01495004
0.01595640
0.01595902
0.01595688
0.01595688
0.01697111
0.01795268
0.01795101
0.01595783
0.01596236
0.01695633
0.02016044
0.02193475
0.02392125
0.01994777
0.01795626
0.01894546
0.01893401
0.01796317
0.01795387
0.01595902
0.01795411
0.01595759
0.01595736
0.01595759
0.01693869
0.01795459
0.01695490
0.02294207
0.02194047
0.02390742
0.02393723
0.02294660
0.02296543
0.02391577
0.02593660
0.02496767
0.02394032
0.02346921
0.02094388
0.01894975
0.01797104
0.01695681
0.01995111
0.02291679
0.02193689
0.02393699
0.02393603
0.02294350
0.02194285
0.02196336
0.02195311
0.02291083
0.02191830
0.02294135
0.02390313
0.02493596
0.02293491
0.01993966
0.01994872
0.01894927
0.01994681
0.01895046
0.02891827
0.02092052
0.02139783
0.01895189
0.02094793
0.02094603
0.01994681
0.01994991
0.02094483
0.01994371
0.02094412
0.01894927
0.01993847
0.01994753
0.01894975
0.01895046
0.01795292
0.01895022
0.01695490
0.01896906
0.01795363
0.01894975
0.01695538
0.01795149
0.01795745
0.01695466
0.01646686
0.01697397
0.01595950
0.01595712
0.01592231
0.01696444
0.01596022
0.01595736
0.01595783
0.02293921
0.02694058
0.02194381
0.01795411
0.01694989
0.01495910
0.01695704
0.01592994
0.01496243
0.01597261
0.01693773
0.01695514
0.01795387
0.01695824
0.01795316
0.01695561
0.01595998
0.01595569
0.01595855
0.01695538
0.02294326
0.02793550
0.01793647
0.01498103
0.01697755
0.01596212
0.01796603
0.02094221
0.01895165
0.02194357
0.02194834
0.02096939
0.02305198
0.02393556
0.02094388
0.01695538
0.01595616
0.01695299
0.01496029
0.01595950
0.01495910
0.01595783
0.01496148
0.01695538
0.01695776
0.01496005
0.01497602
0.01495743
0.01597881
0.01496243
0.01495767
0.01695633
0.01895237
0.01894855
0.01895022
0.02194190
0.02196980
0.01994967
0.01895332
0.01795387
0.02094626
0.01895452
0.01895213
0.01795149
0.02253652
0.02194214
0.02372313
0.01795292
0.01895308
0.01895356
0.01795745
0.02094173
0.01595736
0.01795316
0.01894808
0.01995993
0.01496053
0.01495934
0.01496005
0.01495957
0.01496100
0.01596069
0.01995134
0.02194357
0.02094460
0.01796985
0.01994801
0.01795506
0.01894617
0.01994514
0.01994991
0.01995063
0.01795554
0.02094412
0.02195525
0.01795149
0.01695752
0.01894808
0.02094626
0.01695466
0.01795197
0.01795244
0.01795411
0.01795292
0.01894999
0.01693034
0.01797581
0.01695561
0.01795316
0.01695633
0.01895070
0.01894712
0.01895189
0.01994848
0.02094531
0.02193999
0.02094674
0.02194405
0.01994705
0.02094960
0.02195024
0.02493834
0.02492905
0.01795292
0.01845098
0.01894951
0.02296948
0.02491164
0.02393889
0.02393866
0.02493501
0.02601123
0.01795149
0.01895213
0.02194643
0.01894522
0.01795459
0.01795316
0.01795363
0.02094889
0.02194333
0.01995111
0.01894689
0.01894999
0.01795316
0.01795173
0.01994801
0.01994681
0.02094388
0.02593088
0.02194643
0.02094293
0.02048707
0.02692795
0.02492809
0.02191591
0.02593541
0.02493238
0.02793097
0.02793717
0.03091574
0.03191781
0.03291488
0.02193999
0.02094436
0.02194118
0.02094412
0.02194023
0.02293944
0.01595855
0.01695466
0.01795387
0.01595736
0.01695466
0.01995111
0.02095032
0.02592564
0.02497029
0.02593517
0.02493453
0.02913213
0.02294111
0.02194023
0.02394056
0.01795554
0.01595664
0.01895475
0.01695466
0.01795363
0.01695657
0.01695681
0.01695609
0.01797199
0.01693773
0.02693033
0.02792096
0.02693176
0.02892637
0.02194667
0.02593017
0.02493620
0.02792215
0.01994610
0.01597929
0.01695442
0.01696944
0.01895094
0.01698351
0.01895261
0.02294540
0.02393651
0.03090644
0.02888918
0.02992415
0.02893090
0.03192115
0.02992654
0.02992702
0.02194118
0.02292943
0.02393556
0.02094793
0.02193999
0.02094722
0.01994610
0.01994824
0.01995397
0.01894832
0.01994681
0.01795149
0.01895094
0.01994562
0.01895070
0.01994729
0.01795053
0.01994801
0.01795149
0.02092099
0.02298021
0.03092098
0.02294278
0.02493501
0.02493787
0.02692389
0.02393222
0.02194238
0.02194381
0.02394009
0.01994610
0.01994705
0.01994848
0.01895046
0.02094531
0.01938272
0.02094293
0.02094507
0.01795387
0.01894879
0.01895189
0.01595664
0.01595902
0.01695442
0.01695490
0.01795268
0.01695466
0.01894808
0.02792907
0.02493429
0.02593064
0.02792525
0.02340984
0.02391815
0.01595879
0.01695538
0.01695633
0.01595783
0.01795292
0.01793599
0.01695466
0.01695490
0.01894879
0.01795340
0.01993608
0.01792240
0.01695633
0.01795053
0.01648641
0.01895118
0.01695585
0.01813531
0.01695418
0.01795030
0.01696420
0.01696181
0.01795220
0.01795125
0.02293777
0.02393579
0.01596022
0.01696730
0.01795101
0.01894951
0.01795053
0.01895094
0.02189803
0.02792478
0.02496552
0.02692699
0.02508593
0.02291679
0.02189660
0.02294016
0.02393627
0.02294087
0.03091598
0.02294612
0.02493072
0.01595831
0.01595688
0.01795292
0.01593399
0.01795483
0.01695466
0.01695490
0.01596713
0.01695466
0.01595712
0.01795244
0.01496005
0.01595759
0.01495981
0.01598048
0.01496005
0.01595855
0.01700997
0.01695299
0.01795197
0.01795149
0.02493262
0.02492595
0.02692485
0.02194214
0.01896954
0.01995063
0.01994395
0.01995063
0.01894879
0.02194142
0.02392936
0.02293587
0.02293611
0.02693057
0.01695585
0.01695752
0.01695514
0.01896787
0.02593660
0.02393484
0.01894617
0.01895404
0.01995063
0.01795387
0.01995254
0.02194929
0.02208948
0.01995015
0.02294230
0.02393794
0.02394128
0.02194333
0.02393818
0.02493477
0.02992439
0.02992082
0.01895142
0.01894879
0.01895094
0.01895046
0.01795220
0.01795316
0.01795220
0.01795316
0.01894832
0.01795197
0.01895189
0.01795435
0.01695418
0.01695561
0.01695323
0.01795101
0.01695466
0.01695466
0.01695371
0.01796293
0.01795411
0.01695418
0.01846981
0.01895213
0.01695657
0.01795220
0.01795173
0.01695490
0.01698875
0.01595807
0.01694846
0.01795578
0.01795316
0.01795459
0.02094364
0.02294326
0.02091622
0.02194619
0.02094483
0.01595879
0.01793361
0.01695728
0.01694369
0.01795554
0.01795292
0.01897717
0.02094674
0.02094865
0.01994872
0.02294493
0.02294087
0.02496171
0.02294087
0.02194071
0.02593112
0.02790570
0.02793407
0.01895046
0.01895046
0.01894999
0.01995707
0.01894784
0.01895261
0.01894975
0.01895094
0.01994681
0.01897168
0.01994538
0.01793623
0.01895022
0.01994872
0.01898146
0.01996803
0.02293921
0.02891707
0.03090954
0.02194071
0.02293944
0.02194238
0.02194214
0.02194357
0.02294064
0.01994801
0.01795173
0.01795316
0.01695490
0.01734734
0.01795244
0.01595640
0.01695490
0.01792908
0.01695704
0.01695395
0.01795268
0.01697659
0.01595807
0.01695800
0.01795387
0.02086258
0.01795506
0.01695228
0.01795340
0.02293777
0.02393675
0.02293491
0.02493834
0.02592444
0.02593899
0.02492499
0.01595783
0.01795244
0.01695490
0.01795149
0.01693797
0.01795101
0.01994634
0.01795030
0.01897383
0.02094269
0.02141953
0.01695347
0.01795220
0.01693082
0.01795483
0.01894903
0.02011466
0.02393579
0.02294970
0.02593112
0.02393794
0.02793193
0.01994753
0.01795197
0.01895094
0.01994729
0.01895165
0.01996064
0.02194023
0.02193999
0.02193999
0.02493715
0.02991962
0.01795387
0.01794887
0.01894379
0.01994920
0.02293921
0.02194405
0.02292395
0.02992296
0.02792621
0.02692318
0.02294326
0.01895213
0.02094817
0.01994753
0.02094579
0.02194405
0.02194381
0.02792788
0.02792907
0.02993059
0.02892160
0.03091884
0.02992105
0.03291082
0.02892351
0.02992606
0.02892017
0.02992558
0.02991462
0.02692842
0.02792430
0.02792215
0.03222299
0.03090787
0.02593398
0.02493453
0.02493548
0.02792549
0.02293873
0.02192402
0.02194166
0.02293944
