0.00896502
0.02692747
0.03491092
0.02493501
0.02792716
0.03191686
0.02293921
0.02393341
0.02393341
0.02992296
0.03143167
0.02892065
0.02491164
0.03191948
0.02493238
0.02493572
0.02889419
0.02892280
0.03490496
0.03290796
0.03590751
0.03390813
0.02892876
0.03590465
0.05186152
0.04089141
0.01995087
0.02692652
0.02692628
0.02692795
0.01795030
0.01795292
0.02493334
0.02492976
0.02493691
0.02992415
0.02692938
0.02393198
0.02193308
0.01995015
0.02294111
0.02592945
0.02592516
0.02493715
0.02294397
0.02393889
0.02589655
0.02498007
0.02692723
0.01894927
0.04487824
0.04988813
0.04487586
0.04487824
0.03092003
0.01894951
0.01994729
0.02194476
0.02592874
0.02393627
0.02291822
0.02296019
0.02393651
0.01994848
0.01796460
0.01795316
0.02594709
0.02393675
0.02295113
0.02692819
0.02593040
0.02593279
0.01795387
0.01894999
0.02293777
0.02293730
0.02094364
0.02393508
0.01994681
0.02194142
0.01795197
0.01792836
0.01999378
0.02294040
0.02593184
0.02890968
0.02495241
0.02393985
0.02374768
0.03191519
0.02992034
0.04384804
0.05086374
0.04288530
0.01794744
0.02098012
0.02692890
0.02093840
0.02393794
0.02493429
0.02593279
0.02892327
0.02890182
0.02502131
0.02393866
0.02294350
0.02493787
0.02593684
0.02493954
0.03191352
0.02593279
0.02593851
0.01894999
0.01894927
0.01795316
0.01896691
0.02592826
0.02293682
0.02593327
0.02992296
0.02891755
0.02545714
0.02094221
0.02293921
0.02153444
0.02747416
0.02592945
0.02393651
0.02293921
0.02194071
0.02493334
0.02493501
0.02793622
0.03091407
0.02692032
0.02495289
0.03291130
0.02692270
0.02195334
0.02393532
0.02293992
0.02393675
0.02493763
0.02493453
0.02590346
0.02194214
0.02500319
0.02294135
0.02493405
0.02991676
0.02492356
0.02191687
0.02793574
0.02498388
0.05109048
0.03789830
0.03391123
0.01795363
0.02094626
0.02193499
0.01795268
0.01795197
0.02194667
0.02094841
0.02294445
0.02194667
0.02293372
0.02294469
0.02690196
0.02792954
0.01994491
0.02592635
0.02493572
0.02393246
0.01994586
0.01995134
0.01994896
0.01995158
0.02094507
0.02393508
0.02094221
0.02292562
0.02194142
0.02592874
0.02094102
0.02593040
0.01994562
0.02094507
0.02094388
0.02191758
0.02790022
0.03335953
0.03192019
0.02991772
0.03094006
0.03391385
0.02492952
0.02293563
0.02293873
0.02493834
0.02593064
0.02891874
0.02792335
0.03190875
0.03091002
0.02893090
0.03291130
0.02992177
0.02895331
0.03495479
0.04886770
0.04188919
0.04088736
0.02892280
0.02593064
0.02592683
0.02593017
0.02991533
0.02292085
0.02592635
0.02093863
0.01595807
0.01695609
0.01894832
0.01994777
0.01845932
0.01495957
0.01695466
0.01994634
0.01595831
0.01856327
0.01593566
0.01496005
0.01595807
0.01596069
0.01694798
0.01695490
0.01595616
0.01894617
0.01795340
0.01695704
0.01595569
0.01695800
0.01595855
0.01695538
0.01894975
0.01894855
0.01997542
0.01795387
0.01895308
0.02194023
0.02194333
0.02390742
0.02892303
0.01994395
0.01795340
0.01795292
0.01895213
0.02359629
0.02493978
0.02094412
0.02294016
0.02193928
0.02194476
0.02194142
0.02593875
0.02991819
0.02693152
0.02692413
0.02293611
0.02294111
0.02891636
0.02992773
0.02892780
0.02891898
0.02493310
0.02094197
0.01994586
0.02096534
0.02809978
0.02593136
0.02991772
0.03092074
0.02991343
0.02992558
0.02993488
0.02989388
0.02992415
0.03390241
0.02294064
0.02393603
0.02393556
0.02593136
0.02694297
0.02396417
0.02692509
0.02393699
0.02493095
0.05737114
0.04886460
0.01894903
0.01994658
0.02094221
0.01994753
0.01994753
0.01795197
0.01994753
0.01795363
0.01795220
0.01795411
0.01895046
0.01795220
0.01994658
0.01795363
0.01894855
0.01994658
0.01894951
0.01994634
0.01895022
0.01994729
0.01794934
0.01894951
0.01894760
0.02094412
0.01894784
0.01795197
0.01795220
0.01935315
0.01695514
0.01894927
0.01894832
0.01695490
0.01795220
0.01695490
0.01994705
0.01695442
0.01895189
0.01994562
0.01795268
0.01695442
0.01795220
0.01895094
0.01795268
0.01698303
0.01795197
0.01894832
0.01795125
0.01695466
0.01795197
0.01795435
0.01746082
0.01895118
0.01695347
0.01795101
0.01810384
0.01895094
0.01695347
0.01695371
0.01795363
0.01695347
0.01695466
0.01695395
0.01695538
0.01623178
0.01795220
0.01695514
0.01695347
0.01595807
0.01695514
0.01795340
0.01695538
0.01795340
0.01595640
0.01795125
0.01496077
0.01895094
0.01595759
0.01695395
0.01695466
0.01695299
0.01596546
0.01795316
0.01595831
0.01796150
0.01695514
0.01595783
0.01595807
0.01595688
0.01795220
0.01595736
0.01695538
0.01695347
0.01757979
0.01695395
0.01795173
0.01595807
0.01595759
0.01894999
0.01795197
0.01894855
0.02097487
0.01994610
0.02096462
0.01894975
0.02094483
0.01897383
0.01994562
0.01892471
0.01795197
0.01894927
0.01795149
0.01745820
0.01843905
0.01695490
0.01895118
0.01697373
0.01697063
0.01894927
0.01794744
0.01746154
0.01695633
0.01795244
0.01795125
0.01896358
0.01695347
0.01893878
0.01795220
0.01695633
0.01695585
0.01795411
0.01795197
0.01894855
0.01695633
0.01795197
0.01495910
0.01695657
0.01595831
0.01595736
0.01595688
0.01595736
0.01495934
0.01598167
0.01496053
0.01533222
0.01493430
0.01595783
0.01496005
0.01595640
0.01595807
0.01495934
0.01594543
0.01695490
0.01595783
0.01795292
0.01695418
0.01495886
0.01595712
0.01495838
0.01695418
0.01595592
0.01792812
0.01496124
0.01594996
0.01695490
0.01695418
0.01495838
0.01496005
0.01595736
0.01595807
0.01496005
0.01595783
0.01695395
0.01496077
0.01495838
0.01495838
0.01595783
0.01646590
0.01595688
0.01595712
0.01498389
0.01595831
0.01495934
0.01595759
0.01494598
0.01695442
0.01595807
0.01595616
0.01495981
0.01595902
0.01595879
0.01496124
0.01496124
0.01592946
0.01595712
0.01695704
0.01495838
0.01597857
0.01496124
0.01396847
0.01495934
0.01496267
0.01495934
0.01495981
0.01498866
0.01489997
0.01595688
0.01496220
0.01496696
0.01396251
0.01596069
0.01396418
0.01595664
0.01395917
0.01520801
0.01495934
0.01494598
0.01595950
0.01595664
0.01396394
0.01495862
0.01496005
0.01496196
0.01496124
0.01495862
0.01396346
0.01495886
0.01396060
0.01598644
0.01496124
0.01595736
0.01595664
0.01595759
0.01395392
0.01595616
0.01496220
0.01595712
0.01695538
0.01695395
0.01695633
0.01795387
0.01695561
0.01795244
0.01795244
0.01894927
0.01695466
0.01898026
0.01795363
0.01795197
0.01761150
0.01894951
0.01692605
0.01810551
0.01695466
0.01994491
0.01695609
0.01795220
0.01894903
0.01894975
0.01690626
0.01795268
0.01894927
0.01695466
0.01795292
0.01794958
0.01994681
0.01695395
0.02293324
0.02293825
0.02194452
0.02094769
0.01894879
0.01495910
0.01695395
0.01795363
0.02493477
0.01993966
0.01894975
0.01795769
0.01895261
0.01895118
0.01894903
0.02293873
0.02493382
0.02194190
0.02094197
0.01894975
0.01595640
0.02792215
0.02293992
0.02394462
0.02493644
0.02792692
0.02591491
0.02393603
0.02593136
0.02293777
0.02393627
0.02294111
0.02652836
0.02293873
0.02892232
0.02294374
0.02493143
0.02947807
0.02992725
0.02393365
0.02692533
0.02094245
0.02092957
0.02194309
0.01994634
0.02094316
0.01795173
0.02438879
0.02294278
0.02693105
0.03090954
0.04853058
0.05186486
0.05286384
0.04287934
0.02493644
0.02491069
0.02593946
0.02394342
0.02947712
0.02493429
0.02593422
0.02592635
0.01795483
0.02593803
0.02792001
0.02593780
0.02194214
0.02294016
0.02492762
0.02991915
0.02491593
0.02493715
0.01933622
0.04488325
0.04874015
0.03690219
0.04845595
0.02392316
0.01994419
0.01795197
0.02094436
0.02275109
0.01994371
0.02294016
0.02693415
0.02493215
0.02294064
0.02596807
0.01894784
0.01794982
0.01896954
0.02293611
0.02094769
0.02693605
0.02692699
0.02792478
0.02793145
0.02889729
0.02493572
0.02792192
0.05185485
0.03989458
0.05286074
0.04089522
0.03789616
0.03989339
0.04188490
0.04886913
0.04986691
0.04886341
0.05086088
0.05088234
0.02493310
0.02590585
0.02493429
0.01994681
0.01796007
0.02892399
0.02515960
0.02593040
0.02693248
0.02791810
0.02792501
0.02801561
0.02592635
0.03890753
0.05583692
0.06781459
0.05484653
0.05685711
0.05186582
0.04786992
0.05285764
0.04888296
0.02792501
0.02493930
0.02693224
0.02593756
0.02991891
0.02593255
0.03190851
0.02392983
0.02593780
0.02194214
0.05885053
0.05386233
0.05285382
0.05884075
0.05186176
0.05385399
0.04787040
0.04388046
0.05291843
0.04588628
0.05086184
0.04986739
0.06483150
0.04687190
0.02991986
0.02992630
0.02693272
0.02394843
0.02395511
0.02396226
0.02492857
0.02593279
0.02293468
0.01942205
0.01893187
0.01795053
0.01994753
0.01695323
0.01795220
0.01994634
0.01795125
0.01894951
0.01795053
0.01894832
0.01895022
0.01797247
0.01895142
0.01795101
0.01795197
0.01761627
0.01795149
0.01994753
0.01695514
0.01994705
0.01795125
0.01795101
0.01795292
0.01791930
0.01795244
0.01894808
0.01795411
0.02094436
0.02337384
0.02293658
0.02094150
0.01994920
0.02094269
0.02194238
0.01994419
0.02493310
0.02493858
0.03092003
0.02294064
0.01894999
0.01994348
0.01994514
0.01994586
0.01695633
0.01795197
0.01996255
0.01994419
0.02592659
0.02593732
0.02792525
0.02094579
0.02293968
0.02194357
0.02195740
0.02494025
0.02792525
0.02692866
0.02593970
0.02493429
0.02493382
0.02294135
0.03191328
0.02693152
0.02592373
0.02592945
0.02892327
0.02792811
0.03190947
0.02992344
0.03191686
0.02891970
0.03091812
0.02791882
0.02693295
0.02892756
0.02793360
0.02897286
0.03291631
0.03092337
0.03094006
0.02195096
0.02194405
0.02493429
0.02593088
0.02294016
0.01994514
0.02093840
0.01892948
0.02194238
0.02194452
0.02593350
0.02294040
0.02293944
0.02494025
0.02292514
0.02496505
0.03091788
0.02892780
0.02792597
0.02894235
0.02991962
0.02991652
0.02694321
0.02892017
0.02892327
0.02261972
0.02094674
0.02393723
0.01994443
0.02393770
0.02389145
0.03191805
0.02493501
0.02194595
0.02393699
0.01994777
0.01895022
0.01994753
0.02293730
0.02393341
0.02293873
0.02293897
0.02393436
0.02293563
0.02094293
0.02193928
0.01895022
0.01994848
0.01886511
0.01894855
0.02094793
0.02293921
0.02393651
0.02194285
0.02293658
0.02892160
0.02792764
0.02991915
0.02193928
0.02094293
0.02194309
0.02095175
0.02288604
0.02195477
0.02094078
0.02293849
0.01795363
0.01795340
0.01994634
0.02296615
0.02692819
0.02393556
0.02490807
0.02390170
0.02493906
0.01895022
0.01795316
0.01995063
0.02792168
0.02490497
0.02394176
0.02393961
0.02394223
0.02394342
0.02493024
0.02593470
0.02892208
0.02592659
0.02492571
0.02494216
0.02493262
0.02592254
0.02459455
0.02493930
0.02493191
0.03190994
0.02793026
0.02998996
0.03189921
0.03188348
0.02990294
0.02991581
0.02493119
0.02393723
0.02094483
0.02094436
0.02293754
0.02094412
0.02094436
0.02190995
0.02094460
0.02690339
0.02750158
0.02096176
0.01994562
0.01993155
0.01994848
0.01994729
0.02093458
0.02393699
0.02294135
0.02194166
0.02293777
0.02094221
0.02218151
0.01893306
0.02194524
0.02194190
0.03489947
0.01994705
0.01894855
0.01994967
0.01994610
0.01992273
0.02194047
0.01893091
0.02094555
0.01897788
0.01994753
0.02393961
0.02394128
0.02891898
0.01894951
0.01994562
0.02094293
0.02094817
0.02094483
0.01993775
0.02094531
0.01994872
0.01794839
0.01894999
0.02054477
0.02494073
0.02492929
0.02193642
0.02596569
0.02492881
0.02491927
0.02394795
0.02194190
0.02294207
0.02094173
0.01994705
0.01994467
0.01994371
0.01994228
0.01894903
0.02094173
0.01793647
0.01695561
0.01795149
0.01795197
0.01894975
0.02094483
0.02194595
0.02294040
0.02094269
0.02274489
0.02593374
0.02593756
0.02693248
0.02793121
0.02892232
0.02992010
0.02194309
0.02194166
0.02393818
0.02193975
0.02094293
0.01994681
0.02194381
0.01994848
0.01994610
0.02193952
0.02296400
0.02592993
0.02592945
0.02692318
0.02094746
0.01994681
0.01994777
0.02094436
0.01795363
0.01892829
0.02094793
0.01894832
0.01894808
0.02293825
0.01994514
0.02490759
0.02692842
0.02793527
0.02493691
0.02492952
0.02393603
0.02493215
0.02194333
0.01994824
0.02493691
0.03090811
0.02094102
0.01895094
0.02293754
0.02196503
0.02392602
0.01994824
0.02293682
0.02192998
0.01895070
0.02493620
0.02592659
0.02446222
0.02094698
0.02293992
0.01995087
0.02194810
0.02194333
0.02194810
0.02393246
0.02393556
0.02827454
0.02194214
0.01795173
0.01795077
0.01695323
0.01795101
0.01863599
0.01795053
0.01895499
0.01795340
0.01795125
0.01994848
0.01797056
0.01894855
0.01994705
0.01994777
0.02094603
0.03092194
0.02592397
0.02696037
0.02806592
0.02593398
0.02494049
0.02094412
0.02094865
0.02194381
0.02393603
0.02890921
0.02294159
0.02393579
0.02392530
0.02792645
0.02294660
0.02394080
0.02394032
0.02490616
0.02392888
0.02493072
0.02593374
0.02496767
0.02294135
0.02093887
0.02493834
0.02094746
0.02392387
0.02345610
0.02293491
0.02294278
0.01996589
0.02090859
0.01994872
0.02194071
0.01994801
0.01894975
0.01695466
0.01795268
0.01993871
0.01994681
0.01793456
0.01895165
0.02194428
0.02493358
0.02394295
0.02294374
0.02391124
0.02695870
0.02195930
0.02491307
0.02293944
0.02194190
0.01894855
0.01795316
0.01894975
0.01994681
0.01998615
0.02094507
0.02692819
0.02495289
0.02819633
0.02492952
0.02791500
0.01994348
0.01994705
0.01894832
0.01994920
0.01795387
0.01894879
0.01695347
0.01895142
0.01894975
0.01895142
0.01695657
0.01894999
0.01695490
0.01693702
0.01695466
0.01893902
0.01396346
0.01496029
0.01695633
0.01494718
0.01696920
0.01498437
0.01595759
0.01595926
0.02191710
0.02039504
0.02293611
0.02195406
0.02192044
0.02393174
0.02293849
0.02194285
0.02194548
0.01994658
0.01695442
0.01595736
0.01595831
0.01894665
0.01794982
0.01894832
0.01894927
0.01994944
0.01795459
0.01595998
0.01793861
0.01496124
0.01595759
0.01595712
0.01694870
0.01496696
0.01795101
0.01895237
0.02695417
0.02293611
0.01548743
0.01695514
0.01894951
0.01994729
0.02194142
0.03690147
0.02293706
0.02394104
0.02394485
0.02991199
0.02791977
0.03092408
0.03092432
0.03191543
0.02394319
0.02692556
0.02692318
0.02792692
0.02593517
0.02692556
0.02792573
0.02608395
0.02293944
0.02292156
0.02293825
0.02084017
0.02892876
0.03290367
0.03192616
0.02393699
0.02593303
0.02294183
0.03294683
0.03089952
0.03192091
0.03191090
0.02892447
0.03490567
0.02842140
0.02145123
0.02094483
0.01994538
0.02094364
0.02094626
0.01894832
0.02094412
0.02991915
0.03091836
0.03191400
0.02991438
0.03091216
0.03490973
0.02992034
0.02693057
0.03391361
0.03290701
0.03092122
0.03091431
0.03191614
0.03490281
0.03291130
0.02692771
0.02491069
0.02493453
0.02892470
0.03292131
0.02891946
0.02692842
0.02393460
0.02194166
0.02493525
0.02498341
0.02194071
0.02194309
0.02393770
0.02493262
0.02293754
0.02593327
0.02892494
0.02692604
0.02695251
0.02692676
0.02293801
0.02194190
0.02194238
0.02593374
0.02295923
0.02493501
0.02393866
0.02294445
0.01994658
0.01994634
0.01992011
0.02094650
0.01994848
0.01994753
0.02293825
0.02691936
0.02693200
0.02593684
0.02710843
0.02892256
0.02493334
0.02493525
0.02294016
0.02292848
0.02892470
0.02592969
0.02393603
0.02294040
0.02293849
0.03391695
0.02892900
0.02991915
0.02992010
0.03091741
0.02992105
0.02791095
0.03490663
0.02991605
0.02987766
0.03061771
0.03091955
0.03889775
0.03390789
0.03191376
0.02892423
0.03091574
0.02891827
0.02493477
0.02293873
0.02493668
0.02593184
0.02393913
0.02393675
0.02592969
0.02692938
0.02494740
0.02495408
0.02593088
0.02393842
0.02293777
0.02494121
0.02493310
0.03390908
0.02295780
0.01994610
0.01894951
0.01854110
0.01994705
0.02094412
0.01994824
0.02293611
0.02094555
0.02094221
0.02293873
0.02094746
0.02194190
0.01895261
0.01992559
0.02194619
0.02094793
0.01995134
0.02293491
0.02094221
0.02796006
0.02893043
0.01994824
0.01894832
0.01695514
0.01895213
0.01894975
0.01895261
0.01994944
0.01999545
0.02891898
0.02592659
0.01994729
0.01994848
0.02689004
0.02892900
0.02294254
0.02194381
0.02194548
0.02395463
0.02094126
0.02194166
0.02175164
0.01797414
0.01795125
0.01795602
0.01894879
0.01693106
0.01894855
0.01894021
0.01996875
0.02045894
0.01894855
0.01795220
0.01894975
0.01695418
0.01795125
0.01695490
0.01795197
0.01894927
0.01695538
0.01795101
0.01692915
0.01795363
0.01795173
0.01792502
0.01798773
0.01895237
0.01795292
0.01895189
0.01695538
0.02094460
0.02294540
0.01795173
0.01895022
0.01994753
0.01895165
0.01994705
0.01994801
0.01895118
0.01994801
0.01795411
0.01896167
0.01980281
0.01995659
0.01994681
0.02094412
0.02352333
0.02492094
0.02589059
0.01795244
0.01894855
0.01994491
0.01894927
0.01994753
0.01894808
0.01994705
0.01782250
0.01895046
0.01997972
0.02194810
0.01994634
0.02073073
0.02194118
0.01994586
0.01994586
0.02094293
0.01895022
0.01994562
0.01895046
0.01895189
0.02094388
0.01895165
0.01994896
0.01795125
0.01894927
0.02094388
0.02393913
0.02293730
0.02292514
0.01895094
0.02094531
0.02393508
0.02094674
0.02194285
0.02194262
0.02393842
0.02891779
0.02890587
0.03491282
0.03092003
0.02991867
0.02393389
0.02376151
0.02194166
0.02094340
0.01994753
0.02094460
0.01894951
0.01994705
0.01795197
0.01994753
0.01994872
0.01894975
0.01894999
0.02094507
0.01994109
0.02593422
0.02592802
0.02493167
0.02393794
0.02194285
0.02194333
0.02194238
0.02094579
0.02015615
0.01995635
0.02991676
0.02892971
0.02892590
0.02769756
0.02393603
0.02293730
0.02194333
