0.02800751
0.02399826
0.02400160
0.03999758
0.03893209
0.04000282
0.03713894
0.03600097
0.02000356
0.02399826
0.02397227
0.02403402
0.02799773
0.02400136
0.02399206
0.02800298
0.02400160
0.02800059
0.02399993
0.02400136
0.02829671
0.02400327
0.02400804
0.02800441
0.02401114
0.02401972
0.02399945
0.02400994
0.02801919
0.02400398
0.02800155
0.02799869
0.04401255
0.03999949
0.04000092
0.02000117
0.02399659
0.02400374
0.02400088
0.02400517
0.02401710
0.02399802
0.02399921
0.01999927
0.02000046
0.01999855
0.01999807
0.02000022
0.02801466
0.02400494
0.02400231
0.03200173
0.01999974
0.01999903
0.02000093
0.01999974
0.02399755
0.02001214
0.02399325
0.02800226
0.02800202
0.02932644
0.03602433
0.03997970
0.03999901
0.02000165
0.02001858
0.01999807
0.01999950
0.02400732
0.02400136
0.01999784
0.02400470
0.01999092
0.02000093
0.02400160
0.02399993
0.02400112
0.03200150
0.02401829
0.01999998
0.02000380
0.01987147
0.02526116
0.02399969
0.02800250
0.02800393
0.02800059
0.02799797
0.02800703
0.02399945
0.04800272
0.04399371
0.03999877
0.04000044
0.04000092
0.03600049
0.03599858
0.03599906
0.02000070
0.01600075
0.01662636
0.01600099
0.02124166
0.02400064
0.02399969
0.02399564
0.02400589
0.02400231
0.02799964
0.02400517
0.02399802
0.02400517
0.02397966
0.02400994
0.02399993
0.02000046
0.02399802
0.02000237
0.02800727
0.02799773
0.02000165
0.01999903
0.01999640
0.02799582
0.02399468
0.04400206
0.03999591
0.04000020
0.04000187
0.04399109
0.03599548
0.03599811
0.03599834
0.01599693
0.01599765
0.01999831
0.01599860
0.01999927
0.01999688
0.01999831
0.01599836
0.01759744
0.02400184
0.02400637
0.02800131
0.02399731
0.01653743
0.02400279
0.02400017
0.02399349
0.01999378
0.01603055
0.02400374
0.02000022
0.02000070
0.02000070
0.02000308
0.02494931
0.01599908
0.01723194
0.02000332
0.01599979
0.04139328
0.04535389
0.05199456
0.03978086
0.04926443
0.04400992
0.05022383
0.04400349
0.04926181
0.03999615
0.04171014
0.04526305
0.04799962
0.03999734
0.03599977
0.03558946
0.01997232
0.02400589
0.02399969
0.02400303
0.02400351
0.02400446
0.02799726
0.02399850
0.01999688
0.01998949
0.01599956
0.02000022
0.01600051
0.01600027
0.01599884
0.02000093
0.01999807
0.01999807
0.02000451
0.02400613
0.01999736
0.01600027
0.02000308
0.02399659
0.01999617
0.02399564
0.02000237
0.02399945
0.02400541
0.02400303
0.03999996
0.04000163
0.04799771
0.02801466
0.02401137
0.02800226
0.02396727
0.02800846
0.02399659
0.02400255
0.01999307
0.01999593
0.01845884
0.02000117
0.02000690
0.02002311
0.02399278
0.02400088
0.02400517
0.02400064
0.02400637
0.02000713
0.02400184
0.02000546
0.02399802
0.01997399
0.01998234
0.01999807
0.02396035
0.01600003
0.01599932
0.01600003
0.01999903
0.04800320
0.04400015
0.04156089
0.02400064
0.01998401
0.02402020
0.02397060
0.02800035
0.02400446
0.02400041
0.01599932
0.01999807
0.02000093
0.02400231
0.02399921
0.02000475
0.02399540
0.02400184
0.02399731
0.02400208
0.01999736
0.02766275
0.02399516
0.02000165
0.02399039
0.02799797
0.02800679
0.02400327
0.02799726
0.02400255
0.01602316
0.02002001
0.01999974
0.03999996
0.04402471
0.04399705
0.04399991
0.04000068
0.03600001
0.03999901
0.03997898
0.01999545
0.02000427
0.01999664
0.02000237
0.01999617
0.02115464
0.02399969
0.02397537
0.01999450
0.01599860
0.01599097
0.02000022
0.01999903
0.02800536
0.02399349
0.01995325
0.02000642
0.02000165
0.01999879
0.01999664
0.01999998
0.01999855
0.01599884
0.01597619
0.01599813
0.01600027
0.02400231
0.01999688
0.01599860
0.01599956
0.01459408
0.02400231
0.02522945
0.02400064
0.02398825
0.02399993
0.02803421
0.02398539
0.01999807
0.02002263
0.02396727
0.02399945
0.02399969
0.02398062
0.02799702
0.03200698
0.04001975
0.03600121
0.04400516
0.02800417
0.02687168
0.02400231
0.02400184
0.02000356
0.02399683
0.02395940
0.02800608
0.02399492
0.02001524
0.02400088
0.01999569
0.02400708
0.02575421
0.02800918
0.02799916
0.02399802
0.02399659
0.02800369
0.02400017
0.01999950
0.01999712
0.02400851
0.02400088
0.02000451
0.01999927
0.04400015
0.04400492
0.04399681
0.01999712
0.01600194
0.01599932
0.01802230
0.01597404
0.01599789
0.01600552
0.02400494
0.01999354
0.01997995
0.02402687
0.01999688
0.02399158
0.01599717
0.01983333
0.02000237
0.02002335
0.01999831
0.02400351
0.01999688
0.01999545
0.02399397
0.02799940
0.02400422
0.02400684
0.01999831
0.02000022
0.02000117
0.01999903
0.02400017
0.02400732
0.02400136
0.02397633
0.02398801
0.02399969
0.02000546
0.04400563
0.04135299
0.03995514
0.04083824
0.03602552
0.03599787
0.03599787
0.04000163
0.03601837
0.03599858
0.03599977
0.01599884
0.01599884
0.01199937
0.01999688
0.01999903
0.01999998
0.01599431
0.01599884
0.01598930
0.01598644
0.01599932
0.02109623
0.01599765
0.01721096
0.01998854
0.02000332
0.01537108
0.02000356
0.02400827
0.01999688
0.02000165
0.01199937
0.01601028
0.01410413
0.01600075
0.01600242
0.01599956
0.01600313
0.02000666
0.02399683
0.02400827
0.01599479
0.01599813
0.01577997
0.01200008
0.02000737
0.02400255
0.02399421
0.02799344
0.01999855
0.02000165
0.02000093
0.02330804
0.02400398
0.02119756
0.01599956
0.01999950
0.01599979
0.01603413
0.02000093
0.01999903
0.02000141
0.01599860
0.02000189
0.01999927
0.02000570
0.01599956
0.01599979
0.01599884
0.01599979
0.01598907
0.02000141
0.02000260
0.02000046
0.02000093
0.01600122
0.02000260
0.02399731
0.02398920
0.02800798
0.02426147
0.02000546
0.02130532
0.02399230
0.02799654
0.02001429
0.01601768
0.01999354
0.01999807
0.02000022
0.02001739
0.02399683
0.02799392
0.02400970
0.02400184
0.03199267
0.02800703
0.02799296
0.03199720
0.02802658
0.02399158
0.02401519
0.02799892
0.02580070
0.03199673
0.02799630
0.02400041
0.02799964
0.03999853
0.03998852
0.04000473
0.02400422
0.02396584
0.02400017
0.02399850
0.01998234
0.02400136
0.02800894
0.02799749
0.02399397
0.02399778
0.02441359
0.02400684
0.02397919
0.02400517
0.02400923
0.02561378
0.02800274
0.02931046
0.02800298
0.02800441
0.02799201
0.02400613
0.02400064
0.02398181
0.02400494
0.02400804
0.02400064
0.02000022
0.01999998
0.01999831
0.03599358
0.03599763
0.03999877
0.01999927
0.01999712
0.02399898
0.02540970
0.02799320
0.01721787
0.01999569
0.02399635
0.01599979
0.01599956
0.01599884
0.01999688
0.02000070
0.02399898
0.02399635
0.02399921
0.02000213
0.01999569
0.01599622
0.01999855
0.01599097
0.02800059
0.02401614
0.02399755
0.02000499
0.01999998
0.01999760
0.02003074
0.02577257
0.02400279
0.02832866
0.02399826
0.04399991
0.04401183
0.04399991
0.03600049
0.03600574
0.01600003
0.01600003
0.02000165
0.02002573
0.02397418
0.03199482
0.02400041
0.02000213
0.02000022
0.01997042
0.02399564
0.01998138
0.02400327
0.02397752
0.02399349
0.02399373
0.02399850
0.02401352
0.02000093
0.01999974
0.02399564
0.02400565
0.02400327
0.02400184
0.02397537
0.02400279
0.02399874
0.01999784
0.01999760
0.02000022
0.01599765
0.01996636
0.02001810
0.01999879
0.01597476
0.01999927
0.02000141
0.02144694
0.03199744
0.02400184
0.02000880
0.02118754
0.02800608
0.02399111
0.02800107
0.02800035
0.02402997
0.02400136
0.02800989
0.03999519
0.04000044
0.03999400
0.04400611
0.04800320
0.02399850
0.01599979
0.01999950
0.02399468
0.02799916
0.02528691
0.02400041
0.02399540
0.02399349
0.02801204
0.02399230
0.02400303
0.02399158
0.02399898
0.02799273
0.02001548
0.02396631
0.02400637
0.02399874
0.02400017
0.02000093
0.01599884
0.02039599
0.01999974
0.01999855
0.02000570
0.01999354
0.02320385
0.02400398
0.02799821
0.02800274
0.02400279
0.02713799
0.03597784
0.03602362
0.03999662
0.01999855
0.02000165
0.02400303
0.01998639
0.01999784
0.01999974
0.02400208
0.02000046
0.02399993
0.02399611
0.02799368
0.02399564
0.02799511
0.02001119
0.02000928
0.02399993
0.02403140
0.01999640
0.01999736
0.02402163
0.02397680
0.02403164
0.02400732
0.02399731
0.02399921
0.02399755
0.02399707
0.01999927
0.02000189
0.02399659
0.02399778
0.03197241
0.04399323
0.04399896
0.04001856
0.03599954
0.04000187
0.02118516
0.01600051
0.01600051
0.01999664
0.01598716
0.01600051
0.01599884
0.01601934
0.02004886
0.02799463
0.02979255
0.01998043
0.01599979
0.02426720
0.01600099
0.01601958
0.01700711
0.02400136
0.02399850
0.02399373
0.02400684
0.02400184
0.02399397
0.02399302
0.02400517
0.01999950
0.01596928
0.02000093
0.02391243
0.02399421
0.02399731
0.02402139
0.02399349
0.02397180
0.02801013
0.02799964
0.03200364
0.02799988
0.03200364
0.02800345
0.02799320
0.03200006
0.02800703
0.03999043
0.03601503
0.03997540
0.01820135
0.02000237
0.02398467
0.02399969
0.02403069
0.02399802
0.01999688
0.02399993
0.01999998
0.02400255
0.01997113
0.02801180
0.02399969
0.02800035
0.02801824
0.02799773
0.02400994
0.02797055
0.02797818
0.02799344
0.02800131
0.02400303
0.02800131
0.02766633
0.02400446
0.02400041
0.02800512
0.02402043
0.01999640
0.02400398
0.02844381
0.04400253
0.04129934
0.04401255
0.04000354
0.04000187
0.04000044
0.04399514
0.04000092
0.02397895
0.02000022
0.02400565
0.02399898
0.02400112
0.02600217
0.01999593
0.01999998
0.01722836
0.02000308
0.01999974
0.02399969
0.01598144
0.01999974
0.01998854
0.01999760
0.02002478
0.02401328
0.01999831
0.02399993
0.02799749
0.02400589
0.02402520
0.02400064
0.02397013
0.02440691
0.02800512
0.02800107
0.02400398
0.02399611
0.02091837
0.01999855
0.02400112
0.02419829
0.01999998
0.02399874
0.02000093
0.01999736
0.02000594
0.02800536
0.02799845
0.03200078
0.02399969
0.01600051
0.01998353
0.02000093
0.02400422
0.02400231
0.02399874
0.02399969
0.02400184
0.02799892
0.03599811
0.03999877
0.02799273
0.02000713
0.02000046
0.02000189
0.02000117
0.02000141
0.01997590
0.01999927
0.02000189
0.01999378
0.01998854
0.02000070
0.02399039
0.01600289
0.02401972
0.02400208
0.02400041
0.02000022
0.01998305
0.01999760
0.01999092
0.01999187
0.02000213
0.02000546
0.02800250
0.02399921
0.02000165
0.02342129
0.02398515
0.02400208
0.02799654
0.02399278
0.01999569
0.01999831
0.02800035
0.04395938
0.04400396
0.04800558
0.03999805
0.03599691
0.03999996
0.03600311
0.03600216
0.02398562
0.02401352
0.02400351
0.02401495
0.01199985
0.01578283
0.01754904
0.01323342
0.01600623
0.01599789
0.01599836
0.01599789
0.01600003
0.01600003
0.01315880
0.01574779
0.01600027
0.01600218
0.01999855
0.01600003
0.01199985
0.01599979
0.01599765
0.01600075
0.01600146
0.01600218
0.01599526
0.01875472
0.01999426
0.02119255
0.02399850
0.01999998
0.01999998
0.02096820
0.01999855
0.02124143
0.01998353
0.02148676
0.02399874
0.02400017
0.03199387
0.02800369
0.02400637
0.01999569
0.02399492
0.02400160
0.02400112
0.02101946
0.02000117
0.02000117
0.02015996
0.01999831
0.02400231
0.01999998
0.02800059
0.02800393
0.03200078
0.02399468
0.02400160
0.02399492
0.02401400
0.02615595
0.02400208
0.02400064
0.02522635
0.02400160
0.02800155
0.02399755
0.02798796
0.02400088
0.01999831
0.02399993
0.02400136
0.01999974
0.02798295
0.02800059
0.02400136
0.02399993
0.02399540
0.02000284
0.02000022
0.02000666
0.02399802
0.02399945
0.02399945
0.02401042
0.02400470
0.02799702
0.02978230
0.02399683
0.02799892
0.02799678
0.02800012
0.02798915
0.02000332
0.02400041
0.01999784
0.01999927
0.02000022
0.02399802
0.01999974
0.02399778
0.02399707
0.03599930
0.03601527
0.04000139
0.03199029
0.02000356
0.01997995
0.01599884
0.02001977
0.02000380
0.01999974
0.01957774
0.01999545
0.02425385
0.01999736
0.01600218
0.01600099
0.01600003
0.01199913
0.01601315
0.02000880
0.01600027
0.01600146
0.01999998
0.01600099
0.01599741
0.01602244
0.01998258
0.02000284
0.01999998
0.01999402
0.01599932
0.01600528
0.01599503
0.01602316
0.01199961
0.01200080
0.01599813
0.01600099
0.01600146
0.01599622
0.01632404
0.02400899
0.02400017
0.02400088
0.02399373
0.02399659
0.02401304
0.02800632
0.02399635
0.02399707
0.02399683
0.01599932
0.01600933
0.01600003
0.01599932
0.01999712
0.01997900
0.02398324
0.01999807
0.01998043
0.02400279
0.02401280
0.02799749
0.02402139
0.02800107
0.01725173
0.02000141
0.02400494
0.02400041
0.01999760
0.01999784
0.02000451
0.01599932
0.01999736
0.01700711
0.01672220
0.01512885
0.01999855
0.01600003
0.01599956
0.02000046
0.01999879
0.02001786
0.02000117
0.01600003
0.02000165
0.02000141
0.01999998
0.02000451
0.02400279
0.02399826
0.02800202
0.02800679
0.02399683
0.02355266
0.02399993
0.02122164
0.02000165
0.01998830
0.01999974
0.02400112
0.01999831
0.01999807
0.01999855
0.01599741
0.01597524
0.01999640
0.01999855
0.02000141
0.02399945
0.01999903
0.02400208
0.02400064
0.01999760
0.02401781
0.01999664
0.01663184
0.01999879
0.01999974
0.02399731
0.02402210
0.02400327
0.02399683
0.02266836
0.02399755
0.02399516
0.02397108
0.02399850
0.01999879
0.01999807
0.02399421
0.02400494
0.02399945
0.02399755
0.02399659
0.02399683
0.01998043
0.02001977
0.02000022
0.01999640
0.02400255
0.02399802
0.02799678
0.02798676
0.02800250
0.02799797
0.02799678
0.02718687
0.02800012
0.02800488
0.03202462
0.03202581
0.03600097
0.04400134
0.04400587
0.04400253
0.04000187
0.03755641
0.02399898
0.01600003
0.01599979
0.01600170
0.01599979
0.02000070
0.01600122
0.01600027
0.01596451
0.01599932
0.01599956
0.01599765
0.01999855
0.01997471
0.01999545
0.02403426
0.02800131
0.02399683
0.01997519
0.02000093
0.02000332
0.02487516
0.02000141
0.02400184
0.01999545
0.01999998
0.02000022
0.02000141
0.01999950
0.01601386
0.02000189
0.02000237
0.02000117
0.02800488
0.02400255
0.02399302
0.02400327
0.02399731
0.01959324
0.01999950
0.02800202
0.03199649
0.02800035
0.02399921
0.02399993
0.02399778
0.02399158
0.02400088
0.03200126
0.02798057
0.04399705
0.04800749
0.04000473
0.03999782
0.03999949
0.03880906
0.01600075
0.01999664
0.02000046
0.02000189
0.01909757
0.01998711
0.02128339
0.01999807
0.01999688
0.02000308
0.01999784
0.02000237
0.02002525
0.02001429
0.01999998
0.01599860
0.01600075
0.02399302
0.02000499
0.01999784
0.02136707
0.02398825
0.02531886
0.02801418
0.02400017
0.02289343
0.02000213
0.01999974
0.01727700
0.02399731
0.01999760
0.01830602
0.02397847
0.02399993
0.01999879
0.02801728
0.02399421
0.02798986
0.02178121
0.02799726
0.02399492
0.01999950
0.01999784
0.02000070
0.02402902
0.02800274
0.02800250
0.02802944
0.02402449
0.02800179
0.02799988
0.02399945
0.02800703
0.02800441
0.02802110
0.03701687
0.02800012
0.02400041
0.02400017
0.03600049
0.03872824
0.04000020
0.03316331
0.01599813
0.01599956
0.01600122
0.02000022
0.01599884
0.01600051
0.01600003
0.01599884
0.01200223
0.01600075
0.01599884
0.01600051
0.01599884
0.01999998
0.02000237
0.02002239
0.02399731
0.02400279
0.02501965
0.02000165
0.02401066
0.02400255
0.02400017
0.01998305
0.02399373
0.01999998
0.02000022
0.02399111
0.01999974
0.01999998
0.02000141
0.01599693
0.01999879
0.02003455
0.01997852
0.02400541
0.02401781
0.02400017
0.02400160
0.01600051
0.01600647
0.01600027
0.01600003
0.01999974
0.01998091
0.02000117
0.02265787
0.01599979
0.01999855
0.02399421
0.02399683
0.02399683
0.02399898
0.02001286
0.02401376
0.02401209
0.02399945
0.02400398
0.02365565
0.02000141
0.02000141
0.02121067
0.02399826
0.02000809
0.02398515
0.02799511
0.02398729
0.02399826
0.02399969
0.02801704
0.02424097
0.01999855
0.02398896
0.02400422
0.02398252
0.01999950
0.02401352
0.02400732
0.01999974
0.01999950
0.02002239
0.02403307
0.02800059
0.02932286
0.02797532
0.02800417
0.02119684
0.02399921
0.01999784
0.02399921
0.02800345
0.02400041
0.02800107
0.02800012
0.02177072
0.02000570
0.01999855
0.02539492
0.02400017
0.02400351
0.02400231
0.02399611
0.04399562
0.03600597
0.03600311
0.01599669
0.01599932
0.01599884
0.01599813
0.01600003
0.01597595
0.01619816
0.01599932
0.01600051
0.01599836
0.01999855
0.02001810
0.01600003
0.01599693
0.01599979
0.01720238
0.01600218
0.02000046
0.01598716
0.01600003
0.01599884
0.01988554
0.01598144
0.02000117
0.01996922
0.02401209
0.02399850
0.02400041
0.02000642
0.02286005
0.01999617
0.01999617
0.01721978
0.02000213
0.02000141
0.01599407
0.01599956
0.01599884
0.01600003
0.01599932
0.01600075
0.01600051
0.01998305
0.02000594
0.02000284
0.02126074
0.02000546
0.02000022
0.02400041
0.01999712
0.01972985
0.01701427
0.02400303
0.02397466
0.02401900
0.02400088
0.02399421
0.02399707
0.01999998
0.02399802
0.02000403
0.02000284
0.02000570
0.01999545
0.01999640
0.01999974
0.01652050
0.01999736
0.01973939
0.02000093
0.01999807
0.01602864
0.01600432
0.02000022
0.02000546
0.02591968
0.02800584
0.02928758
0.02800131
0.02399182
0.02399778
0.02800679
0.01999974
0.01999879
0.02398038
0.01998544
0.02000022
0.02800632
0.02399826
0.02399945
0.02401567
0.02399635
0.02401328
0.03598142
0.03599977
0.04000139
0.01600075
0.02000165
0.01999903
0.01630282
0.01600051
0.01599193
0.01718068
0.01598716
0.01999044
0.02401090
0.02398109
0.01999998
0.01999736
0.02000189
0.02000141
0.01999998
0.02000022
0.02401185
0.02209949
0.02399683
0.02121091
0.02000380
0.02399635
0.01999426
0.01999974
0.01199961
0.01600337
0.01600051
0.02126002
0.02400351
0.02522802
