0.03196144
0.07491040
0.05199146
0.03199863
0.03999901
0.06000352
0.07425809
0.08927774
0.10800314
0.09199691
0.09200382
0.05999827
0.05999708
0.10399842
0.10399818
0.06006455
0.06400084
0.07200003
0.11598897
0.06799841
0.05999970
0.06000042
0.09599948
0.07200003
0.06000090
0.09600377
0.06424546
0.09722233
0.10399604
0.06399918
0.05200720
0.05599856
0.06800127
0.08397770
0.05596447
0.10799479
0.11200118
0.09002876
0.11332369
0.11599874
0.16000056
0.14000010
0.14397025
0.07999682
0.10402489
0.10135412
0.09999418
0.09600329
0.09199715
0.06399941
0.06000066
0.09199071
0.05599666
0.06000018
0.11199689
0.05376530
0.05599737
0.06920624
0.11163664
0.07319784
0.07199717
0.06800103
0.08000326
0.08399916
0.08349729
0.06523013
0.05968857
0.08172464
0.08122015
0.05622244
0.05200005
0.05319691
0.05199814
0.07601166
0.07600093
0.06001163
0.06799698
0.06800079
0.10399222
0.08400035
0.06881118
0.07600331
0.07200098
0.05999923
0.06000066
0.08000159
0.07599998
0.07999325
0.08800149
0.09199524
0.07199478
0.09428144
0.06799650
0.07200027
0.10399079
0.06000137
0.06400061
0.05599999
0.06399775
0.06399941
0.05999780
0.04800129
0.07599592
0.06368613
0.06000328
0.03999043
0.04799891
0.05996466
0.03599930
0.05557227
0.08528018
0.07598090
0.08000636
0.07197857
0.04000115
0.07828617
0.08802366
0.10526252
0.10799718
0.10401058
0.07599688
0.06799650
0.06399775
0.06799841
0.05599213
0.05599785
0.08619714
0.08423710
0.06399846
0.07602692
0.06799769
0.10796571
0.08400106
0.08803248
0.10399628
0.11599207
0.10400081
0.07068753
0.06326032
0.06402135
0.06402636
0.05999970
0.05599976
0.09999585
0.05599833
0.05199790
0.03201365
0.05600357
0.08399940
0.07199931
0.05414343
0.03199911
0.04128504
0.07525134
0.04127002
0.04400039
0.07599926
0.07999277
0.03999662
0.03200078
0.03599977
0.03999615
0.03199983
0.03999782
0.07199550
0.07521939
0.05781293
0.05599928
0.10399532
0.07999969
0.10000110
0.05999947
0.07201266
0.05583119
0.06399584
0.06799817
0.07599115
0.07866693
0.10929298
0.06401277
0.10400343
0.08399820
0.05999970
0.06799650
0.06400013
0.06799698
0.05600715
0.06799936
0.08399844
0.10158992
0.10399866
0.09200287
0.09599757
0.06799960
0.07998514
0.10799694
0.05200100
0.05599976
0.05399418
0.08524466
0.07199335
0.05599761
0.06000161
0.06399751
0.05601788
0.05599928
0.05999947
0.05200958
0.06399965
0.06800318
0.06399274
0.10400176
0.06799722
0.05599451
0.07085609
0.07321095
0.07600093
0.09599805
0.05999851
0.07599926
0.06002188
0.05999780
0.07199216
0.09998202
0.10397053
0.08243418
0.08922577
0.07999897
0.10400438
0.05599856
0.05999994
0.05418491
0.05723429
0.09200215
0.08799744
0.10399199
0.08272648
0.10410690
0.05200219
0.07599497
0.03199673
0.04398394
0.07200384
0.07183933
0.04000354
0.09200335
0.07385159
0.05999827
0.06400466
0.04000497
0.03217769
0.03199840
0.03199744
0.04402184
0.07200646
0.06399894
0.04399824
0.06800246
0.08400512
0.07199860
0.06399846
0.09596467
0.07200336
0.05954576
0.06426144
0.07199907
0.06799769
0.06799793
0.06799769
0.08000708
0.05999947
0.05598712
0.05599999
0.06000090
0.06799793
0.06000733
0.05603266
0.06342006
0.06000614
0.08000445
0.10800242
0.07200170
0.07199788
0.08800173
0.06399894
0.07600021
0.10002804
0.07597971
0.07256794
0.05599928
0.06701398
0.09599328
0.09198475
0.09600019
0.10396290
0.10527945
0.10398245
0.05717373
0.10398722
0.09722757
0.10800028
0.10400033
0.10800385
0.10399604
0.14359474
0.11727881
0.08399653
0.07199907
0.06225920
0.06916928
0.07200146
0.10000014
0.09128237
0.09200788
0.08799314
0.09196901
0.07200122
0.05600023
0.05601215
0.05999899
0.09599757
0.07724500
0.04800081
0.05599689
0.09600306
0.09200287
0.05200076
0.05198359
0.10799336
0.08400154
0.08799791
0.10002041
0.09600115
0.09577227
0.08524799
0.06291294
0.05600142
0.05199671
0.05599260
0.05199933
0.05201960
0.05600023
0.06800151
0.06398940
0.05996203
0.04643941
0.08923411
0.06799960
0.03199935
0.03200030
0.03200841
0.03200459
0.03174877
0.06400180
0.04399633
0.03199792
0.03200102
0.03199053
0.03601336
0.03199959
0.03999996
0.04399681
0.03999901
0.03599787
0.03199935
0.03505325
0.05999780
0.05600047
0.05597472
0.03599954
0.07600093
0.05999351
0.03999829
0.04399920
0.06397772
0.04399705
0.03199267
0.03200006
0.03999496
0.08403540
0.06718826
0.03599930
0.03999996
0.03199816
0.03200006
0.03320360
0.03599668
0.03200078
0.03600073
0.07735610
0.05200219
0.05322361
0.05599999
0.09999800
0.06049514
0.10129213
0.09809685
0.10123253
0.09600139
0.05999804
0.06399846
0.06400013
0.07199860
0.06800151
0.06400371
0.08000493
0.08001590
0.07893133
0.07599759
0.07200146
0.05999017
0.06001997
0.05600023
0.05199909
0.05199909
0.07997298
0.05735588
0.05322552
0.05200171
0.04400039
0.04801345
0.04797626
0.05202127
0.03188419
0.03200030
0.07749295
0.04400373
0.04000139
0.05200434
0.05600333
0.05600023
0.04800272
0.04799914
0.03999996
0.07999802
0.05599880
0.05200219
0.05200458
0.05200195
0.03999996
0.08544111
0.05731249
0.06000924
0.07600546
0.07199764
0.06400204
0.06800342
0.10400105
0.09599447
0.08400011
0.07261729
0.05314684
0.05200100
0.05199957
0.05317163
0.05199981
0.06800318
0.06399012
0.05999994
0.05599904
0.09600091
0.09599447
0.09199595
0.05600047
0.05999827
0.06799984
0.07749224
0.05599928
0.05217314
0.07599878
0.05199766
0.04002881
0.04399920
0.04399824
0.04399848
0.04400110
0.04400015
0.04799771
0.04399800
0.04400253
0.03199124
0.03199911
0.03200078
0.03599787
0.03832889
0.03599906
0.03720355
0.03599858
0.03999805
0.06800079
0.07600355
0.10196424
0.07200289
0.06799912
0.05601192
0.06400299
0.06799746
0.07201982
0.05999780
0.09805131
0.05318189
0.05199981
0.05199409
0.07999253
0.08400083
0.04799986
0.07599473
0.08400297
0.06799889
0.06800175
0.06800056
0.06362247
0.09329367
0.09200001
0.09598708
0.05999899
0.05599952
0.05999947
0.08800125
0.09600663
0.07999563
0.05197334
0.03598738
0.03600073
0.03598404
0.03599858
0.04705143
0.06399751
0.05999565
0.06001735
0.06399965
0.07600737
0.05599880
0.03199959
0.03587604
0.03599763
0.03200054
0.06799841
0.07200193
0.07209706
0.03598309
0.03199935
0.04000187
0.05599880
0.05599976
0.05199981
0.05320358
0.05199957
0.07599950
0.08000875
0.09999681
0.07999778
0.05599809
0.05215168
0.05325723
0.07607722
0.09324765
0.06399679
0.10399199
0.05199981
0.05128145
0.03202581
0.03599763
0.04002237
0.05202460
0.06327224
0.07726026
0.08800054
0.08399630
0.08801818
0.08208489
0.05999637
0.04121971
0.04399896
0.08799958
0.08400607
0.05599618
0.05199814
0.07200313
0.10802865
0.10531998
0.05944753
0.06116962
0.06399822
0.07599759
0.05599904
0.06799841
0.06799889
0.06399655
0.05999684
0.08416057
0.08400130
0.08205819
0.08080983
0.10521150
0.05999875
0.05200052
0.05599904
0.05199909
0.05599928
0.05199790
0.05197001
0.10000110
0.09323120
0.09599447
0.09199715
0.08002114
0.05158567
0.05310559
0.05598474
0.07598639
0.08000278
0.07209253
0.07327557
0.05535388
0.05726075
0.05600762
0.06399727
0.06800365
0.04400086
0.04103398
0.05195642
0.03599954
0.03599954
0.06800103
0.05998898
0.05199862
0.06800389
0.09600592
0.10399079
0.07199931
0.10401773
0.07200432
0.05601668
0.05904961
0.06919909
0.06401491
0.05600047
0.05200028
0.08800220
0.09108019
0.05200195
0.05198956
0.05599976
0.05599785
0.05600643
0.05600381
0.09199333
0.07599449
0.05163980
0.05722284
0.05599928
0.05999875
0.03597331
0.03999758
0.03599954
0.06400204
0.03998828
0.03999972
0.03999591
0.04799867
0.04400444
0.07200360
0.07700300
0.04799962
0.03515863
0.03199029
0.04118538
0.04398179
0.06922913
0.03594923
0.03599977
0.04000020
0.08798265
0.04799724
0.04800153
0.05200195
0.09981275
0.10526156
0.10399914
0.07599783
0.06150889
0.06001496
0.05715299
0.06000018
0.05999970
0.06399846
0.05998755
0.06000066
0.05599809
0.05599952
0.05600119
0.03999877
0.03599811
0.04000139
0.06000137
0.06000185
0.05599952
0.05200076
0.07403016
0.08403444
0.07199764
0.03999925
0.05200005
0.03999686
0.04002118
0.03601265
0.03999805
0.03999996
0.04000068
0.04799843
0.03599691
0.06800485
0.03599906
0.04003954
0.06791592
0.07200027
0.09199762
0.08799696
0.07999206
0.11200523
0.12399745
0.10398698
0.08274937
0.07316685
0.05999994
0.05833006
0.06579614
0.06400466
0.07199836
0.07201195
0.10399842
0.09200191
0.08802557
0.06799889
0.06000042
0.05999875
0.06400037
0.06400180
0.06399989
0.06647420
0.07199502
0.06922507
0.11199784
0.05599952
0.05997062
0.08801937
0.11597109
0.10399771
0.10399890
0.10799742
0.09923244
0.12122536
0.06799912
0.10799813
0.05565858
0.05599904
0.08399987
0.08399796
0.07997274
0.09199190
0.05599928
0.05599928
0.06399941
0.07231069
0.08000231
0.10796809
0.08399916
0.06001759
0.06003213
0.05599999
0.06609368
0.06516433
0.08000278
0.08400273
0.07999158
0.08000064
0.06923699
0.06400561
0.06583786
0.07600164
0.08400059
0.10799742
0.08396983
0.07999778
0.08799863
0.08397961
0.06400728
0.07599902
0.05999088
0.06036472
0.07317710
0.07600141
0.07197666
0.07199907
0.07600689
0.05998659
0.06800032
0.05599904
0.06000042
0.06800151
0.05601072
0.05601048
0.05599952
0.05599785
0.05999804
0.06000757
0.09326291
0.05202770
0.05599594
0.06000090
0.09200144
0.03599930
0.03601956
0.04400039
0.09199262
0.03999186
0.04800034
0.03999829
0.04000044
0.04399633
0.04398203
0.04109097
0.04800081
0.04400086
0.04799914
0.03600073
0.03999972
0.04001975
0.06800485
0.08002734
0.11199617
0.05942440
0.06799507
0.08400083
0.09999943
0.09601283
0.10800195
0.09199619
0.11597347
0.11200356
0.11599684
0.07999206
0.07200122
0.07198930
0.06799507
0.07599926
0.10708618
0.06915593
0.06399655
0.07600808
0.10399795
0.07202411
0.08399630
0.08000159
0.08398056
0.06799889
0.06399870
0.07599998
0.07490611
0.08120704
0.10399723
0.07999468
0.09999824
0.07999873
0.05999899
0.05599952
0.03999901
0.03599977
0.04398084
0.03999829
0.03999901
0.03599977
0.03999877
0.03999972
0.04400063
0.04479861
0.06924081
0.08000755
0.07199717
0.04399729
0.04683208
0.03999782
0.04120398
0.04399943
0.04799819
0.04798675
0.04399776
0.05599904
0.05199695
0.03999996
0.04000878
0.04400349
0.06800222
0.10855412
0.12528777
0.05999970
0.06400037
0.05999994
0.07200027
0.06399941
0.06799746
0.06800079
0.12400770
0.12031507
0.06116271
0.08303714
0.05600095
0.06120563
0.06799960
0.06399941
0.06799889
0.06000090
0.06001759
0.07198119
0.07599831
0.05599976
0.06399798
0.04424667
0.03999996
0.03999972
0.03999901
0.04400015
0.04800272
0.04194975
0.04799986
0.05719519
0.05998826
0.05998635
0.08399391
0.03598714
0.04000044
0.03599906
0.04001284
0.04381108
0.03999996
0.04800034
0.06318498
0.05999351
0.10399103
0.07598281
0.09556699
0.09720135
0.12399459
0.07313108
0.06518531
0.06799912
0.07599998
0.06798267
0.09201860
0.06799960
0.06399798
0.06401157
0.06221247
0.06399584
0.06118488
0.05999947
0.06003666
0.05602002
0.06399918
0.06382394
0.05999970
0.05997396
0.05999780
0.06399870
0.06399989
0.05599880
0.04800153
0.07331204
0.06351948
0.09320116
0.07200146
0.05199814
0.06000495
0.06801820
0.08398128
0.09999871
0.07999635
0.08399796
0.09199810
0.10799885
0.08962536
0.10922074
0.11599827
0.06799912
0.07199979
0.08400154
0.08399773
0.07999897
0.06800413
0.08399773
0.06771874
0.08002400
0.07999063
0.07861519
0.09318995
0.09605742
0.07719207
0.07599974
0.07599759
0.06399894
0.06819844
0.13599777
0.07199907
0.06399846
0.05999899
0.05999923
0.06000018
0.05943418
0.04510045
0.04797864
0.04672122
0.05999851
0.06800461
0.06399035
0.05199981
0.04799867
0.04799891
0.05600166
0.05199981
0.05599856
0.05999041
0.06398273
0.06020355
0.04536891
0.05761695
0.10130644
0.03999925
0.04392171
0.05599999
0.11600518
0.08799767
0.06399941
0.06802011
0.10799527
0.09199476
0.12799263
0.07983470
0.06401110
0.06920028
0.07599545
0.06401777
0.06800127
0.07199955
0.07598686
0.08400273
0.10399508
0.12800360
0.12125611
0.12640953
0.14120889
0.11997128
0.12799692
0.05996919
0.06399846
0.06800056
0.07199597
0.05999780
0.06399870
0.06397915
0.03599858
0.03999877
0.04743218
0.03997993
0.04798913
0.04799771
0.04002452
0.03999925
0.03999758
0.04801822
0.06399703
0.04798603
0.10403800
0.08800292
0.08400059
0.07999730
0.10800672
0.09511614
0.05601501
0.05999684
0.09200454
0.10798979
0.06802440
0.08400059
0.05999827
0.06000066
0.06402373
0.05999207
0.05999875
0.06399965
0.05999255
0.06453514
0.07199931
0.06400013
0.05999994
0.06000018
0.05600095
0.05999923
0.05599785
0.10400486
0.08398986
0.05199623
0.06399608
0.05199718
0.05999947
0.08441806
0.10396123
0.04517221
0.03999782
0.03999758
0.04400063
0.04799843
0.08000207
0.06799698
0.07199764
0.06800151
0.07200456
0.10399389
0.07197952
0.06799603
0.06797314
0.06599689
0.09322143
0.12000418
0.11999822
0.11999655
0.07599831
0.06001949
0.05999827
0.06413364
0.06000018
0.05599880
0.05997133
0.05793285
0.06123042
0.06967521
0.07321572
0.07599568
0.06000137
0.05999970
0.03999949
0.03601027
0.03599858
0.03600359
0.04000783
0.04800010
0.06000257
0.07999992
0.05598497
0.06000090
0.05599618
0.04799724
0.04049873
0.05602264
0.06118655
0.06800008
0.05601501
0.06800151
0.05869031
0.05999899
0.06399941
0.08399463
0.10418272
0.06000257
0.06770301
0.05983591
0.06116438
0.05599785
0.05773592
0.07320595
0.07599831
0.05952191
0.06916642
0.05975890
0.06399751
0.06399679
0.06800079
0.07199883
0.08799839
0.10400128
0.10400248
0.10000491
0.11599302
0.08000493
0.05999780
0.06001663
0.05999351
0.05599928
0.05599999
0.06399941
0.04399848
0.05200100
0.09895825
0.03999758
0.04000354
0.03992605
0.03999782
0.04799938
0.05536771
0.05597138
0.04000282
0.03599715
0.04000139
0.03999782
0.04798269
0.07999778
0.04399920
0.05601573
0.06400108
0.05199671
0.04800034
0.08796072
0.07999206
0.09199762
0.07320786
0.06399894
0.05998421
0.06116295
0.05937815
0.06118083
0.06389546
0.04000306
0.03999972
0.03999853
0.05599928
0.05599785
0.05602479
0.09520411
0.10131717
0.09599352
0.07467151
0.10799336
0.05198288
0.05599642
0.08000040
0.06799579
0.06399941
0.07932758
0.03999805
0.06117344
0.07200003
0.06399775
0.05998564
0.06400037
0.05829024
0.05600166
0.05599976
0.05600190
0.05999970
0.03763390
0.03597665
0.03724003
0.04399896
0.03599858
0.04400039
0.03598332
0.04400063
0.04802251
0.04799771
0.05913472
0.04399705
0.04922056
0.06400204
0.06683111
0.04799891
0.04924941
0.05598378
0.05600119
0.10000110
0.05599809
0.04398990
0.04000020
0.03999949
0.03997231
0.06400061
0.08399963
0.07999921
0.07599854
0.10003519
0.11693120
0.06917381
0.06000018
0.05999899
0.05999947
0.06000853
0.06381559
0.06775880
0.08124042
0.09202266
0.09199929
0.05599976
0.05599642
0.06399870
0.08568096
0.08125067
0.10000014
0.09599543
0.05999994
0.05598426
0.07376552
0.05728316
0.05998874
0.08000445
0.11200285
0.08399796
0.08000135
0.08563352
0.10427952
0.10800219
0.10801125
0.10800576
0.11199498
0.06000066
0.05999923
0.07200146
0.10001040
0.12000132
0.06291008
0.06400251
0.06120491
0.05999970
0.06399918
0.07199883
0.08000040
0.12000084
0.10000324
0.10000062
0.06800056
0.06399775
0.05999899
0.06402946
0.07384992
0.07649994
0.07008028
0.06798339
0.06120110
0.06796837
0.06799912
0.05999947
0.05999970
0.06799936
0.08799410
0.05199862
0.05599856
0.05600023
0.05599809
0.03999949
0.03849173
0.04056501
0.08936143
0.08399129
0.04799795
0.05201602
0.08000708
0.08799481
0.06798673
0.05599761
0.06000543
0.10000181
0.07197452
0.06799674
0.04000068
0.04604125
0.09023666
0.08799458
0.08400059
0.07599711
0.08400297
0.11598730
0.09599900
0.06399918
0.06399918
0.06803417
0.08400059
0.07999849
0.08614540
0.11901832
0.06519508
0.07197785
0.07600904
0.10397005
0.07108545
0.06000042
0.06400037
0.10400033
0.12535453
0.06519461
0.05947351
0.06919885
0.07199907
0.07200003
0.07600117
0.08399701
0.11597013
0.08932018
0.06799817
0.06118798
0.05999970
0.05600524
0.05999756
0.06000090
0.06399846
0.06154323
0.07227373
0.11197424
0.05599928
0.05999684
0.06800294
0.07199693
0.07197928
0.05999780
0.05999899
0.05599165
0.04000401
0.03599858
0.03599977
0.09999537
0.05207658
0.03719664
0.03599739
0.04399896
0.04397249
0.04799700
0.04399991
0.03999758
0.03599906
0.03999972
0.03971338
0.03599858
0.05199885
0.09598851
0.07199931
0.07196951
0.06802058
0.04397416
0.04795933
0.03603101
0.05303621
0.05999923
0.06375504
0.06399941
0.06799722
0.07199693
0.06399989
0.06553674
0.10128117
0.11599159
0.06399798
0.06399202
0.12683034
0.09725881
0.09600425
0.11999798
0.11599994
0.12800026
0.11599183
0.09196687
0.09999895
0.11599565
0.08799911
0.10555983
0.10400057
0.06399894
0.06797123
0.06799984
0.07599711
0.07199836
0.07599688
0.08400106
0.08000016
0.11200023
0.08797073
0.07242131
0.12922668
0.06399965
0.07599139
0.07599545
0.07599807
0.06400108
0.05599999
0.06000018
0.03997588
0.03999853
0.04400039
0.04795957
0.04799843
0.04001474
0.04800105
0.04801440
0.04993272
0.06526732
0.06800151
0.09973407
0.07327557
0.10000229
0.05599737
0.05198216
0.05598235
0.05199718
0.04799795
