0.03196955
0.02398801
0.02799273
0.02400422
0.02800083
0.03599811
0.03599787
0.04002833
0.03597212
0.03886819
0.04000139
0.04400015
0.04400706
0.04402661
0.04800129
0.04399276
0.04400158
0.04399705
0.04397774
0.04399943
0.04400277
0.03999615
0.03724194
0.02800727
0.02399564
0.02000046
0.02800846
0.02800012
0.02399635
0.02399826
0.02400017
0.02400494
0.02003026
0.02002192
0.02400780
0.02802134
0.01601005
0.01600075
0.01999998
0.01999903
0.02397561
0.02799964
0.02399588
0.02400112
0.02523255
0.01999879
0.02399945
0.02400136
0.01999950
0.02400446
0.04800415
0.04403496
0.04532170
0.04399967
0.04400635
0.03999758
0.04399514
0.04799914
0.04255295
0.04525495
0.04400015
0.04399920
0.04000139
0.04399419
0.04399061
0.03999877
0.04003239
0.05199981
0.03999972
0.04000020
0.04000020
0.04799986
0.04215169
0.04000950
0.04400110
0.04399633
0.04399395
0.04796910
0.03999662
0.03999996
0.04000068
0.04400182
0.04000020
0.04400253
0.04400229
0.04202509
0.04922509
0.04400420
0.03997159
0.03999805
0.04001522
0.01999950
0.02000022
0.02000046
0.02000046
0.01997566
0.01999879
0.01999855
0.02799511
0.02799320
0.01999927
0.02000070
0.02000546
0.01999855
0.02451587
0.02000880
0.02799749
0.02799845
0.02399302
0.02400231
0.02399969
0.02800083
0.02399755
0.02800059
0.02802658
0.02801514
0.02800846
0.03201151
0.03602695
0.03999400
0.04800200
0.04000044
0.03575540
0.04000020
0.04000258
0.03999758
0.04399729
0.02400231
0.02800393
0.01999927
0.01600242
0.02400470
0.02799964
0.01999950
0.02000046
0.02000141
0.02399731
0.02799368
0.01999736
0.02000022
0.01999998
0.02799892
0.02528548
0.02399659
0.02523375
0.02799654
0.02799535
0.03199482
0.02400446
0.01999974
0.01999569
0.02400279
0.02399492
0.04399967
0.04810429
0.04000473
0.04000068
0.04000139
0.03598523
0.04156327
0.04400015
0.04399467
0.03599834
0.03599095
0.03600383
0.03598809
0.04000068
0.04399729
0.01599264
0.02003884
0.02397060
0.02000165
0.02399826
0.01999545
0.01999760
0.01999903
0.01603031
0.01999831
0.01999855
0.02313471
0.02800703
0.02401233
0.02800083
0.02400112
0.01754403
0.01999855
0.01600122
0.03200698
0.02401304
0.01999974
0.01999736
0.02398801
0.02800679
0.02797794
0.02799654
0.04799414
0.04399681
0.03999829
0.02332258
0.02400041
0.02399564
0.02399659
0.02799916
0.02798629
0.02399707
0.01999950
0.02399993
0.02802205
0.02399993
0.02399373
0.02399516
0.02800083
0.02402020
0.02398729
0.02400446
0.02883625
0.02799082
0.01999855
0.02799606
0.02800035
0.02399683
0.04400063
0.04318142
0.04526901
0.04800415
0.04800701
0.04399657
0.03999734
0.04399657
0.04400158
0.03999972
0.03999615
0.03643250
0.03599882
0.04000664
0.03599739
0.03599691
0.03199744
0.01599956
0.02000713
0.01999450
0.02400327
0.02399635
0.02400613
0.02399802
0.02400422
0.02399874
0.02399969
0.02400374
0.02400494
0.02400851
0.02399254
0.01999831
0.01999831
0.02399635
0.02399731
0.02799869
0.01600361
0.02400136
0.02399969
0.02399755
0.04800010
0.04800487
0.04399681
0.04800916
0.04361391
0.04401803
0.03600168
0.04803300
0.05200171
0.04399800
0.03998828
0.03999710
0.03598452
0.02400517
0.02402115
0.01999760
0.02399898
0.02400351
0.01999903
0.02800012
0.02400374
0.02000165
0.01999855
0.02803302
0.02125120
0.02000022
0.02000022
0.01999998
0.02400064
0.01999736
0.01999617
0.01999927
0.02000070
0.02175069
0.01999378
0.02798557
0.02402997
0.02400184
0.02800250
0.02399850
0.02800322
0.03599977
0.03862715
0.03999925
0.01598477
0.01999879
0.02000022
0.02398586
0.02800727
0.02400041
0.02798080
0.02401805
0.02000022
0.02399445
0.02797031
0.02002192
0.02000165
0.02000093
0.01999950
0.02400923
0.02400017
0.02400303
0.01999760
0.01999974
0.02000213
0.03200769
0.01999998
0.02400780
0.02399468
0.02800155
0.02399874
0.03602600
0.04400277
0.03999710
0.04399967
0.03599930
0.04000282
0.04399848
0.04000330
0.04399681
0.03095245
0.02400517
0.02001405
0.01998115
0.01999831
0.01999736
0.02399683
0.02398896
0.02399945
0.01999784
0.01999736
0.02400589
0.02800202
0.02399611
0.02369189
0.02399635
0.02923059
0.01999593
0.02000260
0.01598477
0.01999784
0.02000046
0.01999950
0.01600909
0.02400255
0.02000189
0.02400112
0.02401710
0.01999950
0.02399397
0.02400279
0.02402425
0.02399993
0.02400041
0.02399659
0.01999617
0.01999760
0.01999950
0.02400041
0.02282906
0.02000022
0.01999569
0.02516341
0.02000570
0.02000046
0.02399993
0.01999831
0.02399993
0.02800441
0.04800820
0.03999615
0.04000187
0.03999925
0.03999996
0.02399755
0.01599789
0.01599932
0.01599932
0.01599836
0.01599860
0.01583576
0.01599932
0.01599956
0.01599956
0.01599908
0.01999664
0.02400661
0.02400041
0.02399731
0.02400303
0.02399850
0.01999521
0.02000093
0.01999903
0.01998591
0.02400112
0.02000022
0.02399611
0.01599932
0.01999950
0.01599979
0.01599717
0.01597667
0.02000642
0.02401662
0.02000237
0.02000046
0.01599693
0.01999974
0.01599932
0.02400398
0.02400231
0.01999593
0.01999903
0.01999807
0.04000401
0.04398751
0.04525495
0.04000568
0.04399562
0.02399516
0.01999664
0.02798581
0.02400351
0.01999640
0.02398467
0.02799821
0.02400208
0.02399564
0.01999879
0.02399564
0.02799726
0.02400136
0.02400637
0.02399969
0.02399969
0.02920580
0.02126431
0.02400279
0.02000141
0.01597977
0.01599979
0.01599836
0.02000046
0.02000213
0.01997828
0.02000141
0.02800775
0.02800012
0.02399945
0.01999640
0.01999998
0.02399778
0.02399993
0.02799726
0.02929187
0.02399993
0.02800989
0.04000473
0.04001093
0.03599977
0.03599763
0.04400086
0.04005551
0.04000092
0.02399540
0.02400160
0.02399540
0.02400112
0.02401042
0.01999426
0.01999998
0.02400088
0.02400589
0.02400589
0.02800822
0.02800250
0.01999688
0.01837635
0.01999998
0.02528834
0.02399588
0.02399993
0.01999712
0.02397394
0.02800369
0.02799821
0.02400017
0.02399516
0.02799726
0.02400088
0.02799892
0.02400184
0.02400088
0.02400088
0.04399419
0.03601480
0.04001999
0.01996970
0.02799749
0.02321005
0.02399969
0.02529764
0.02400041
0.02399826
0.01997590
0.02800441
0.02800345
0.02800179
0.02399421
0.02000117
0.02000093
0.02000070
0.02001214
0.01599884
0.01999879
0.01600456
0.02000356
0.02402186
0.02799320
0.01999450
0.02000022
0.02000022
0.01821709
0.01997709
0.01999640
0.01999974
0.01996684
0.02002263
0.02400303
0.02399993
0.02400255
0.02399731
0.02000213
0.02400041
0.02400351
0.02399325
0.02002835
0.02800274
0.02399492
0.02000022
0.02400279
0.02800250
0.02400017
0.02001882
0.02376676
0.01999903
0.04122591
0.04028893
0.04525185
0.02796626
0.01999903
0.02001667
0.02399302
0.02797222
0.02800894
0.02400708
0.02399540
0.02000189
0.02000141
0.02799177
0.02000237
0.01999998
0.01999807
0.02000189
0.02799892
0.02400017
0.02399921
0.02399778
0.02101755
0.02000737
0.02800846
0.02800179
0.02800083
0.02396083
0.02403259
0.02399349
0.02000046
0.03600025
0.04000664
0.03999853
0.02000189
0.01999974
0.01999879
0.02800345
0.02800083
0.02401376
0.01999855
0.02000022
0.01999998
0.02118921
0.02399731
0.02399921
0.02400303
0.02799559
0.02799606
0.01999259
0.01999450
0.01999807
0.01928806
0.01597643
0.01999903
0.02000070
0.02000022
0.01600122
0.01599884
0.02000022
0.02000046
0.01600194
0.01600146
0.02000165
0.01999879
0.02000451
0.02033830
0.02000141
0.02000046
0.01709270
0.02000070
0.02120423
0.01999950
0.02800894
0.02799702
0.02800369
0.02399802
0.01999950
0.01749730
0.02400160
0.02000260
0.02000046
0.01999903
0.01999855
0.02000117
0.02003217
0.01999640
0.01998949
0.02400184
0.02397275
0.02399921
0.03200054
0.02799463
0.04504514
0.04400373
0.03998280
0.03580856
0.03600097
0.01200056
0.01600075
0.01199937
0.01199484
0.01317501
0.01600146
0.01199985
0.01200271
0.01200032
0.01324868
0.01599956
0.01600242
0.01599884
0.01600170
0.01599884
0.01600146
0.02000022
0.01599908
0.02800488
0.01999998
0.02000260
0.01599908
0.01599908
0.02000046
0.01989889
0.02398539
0.02799916
0.02401114
0.01999903
0.01999998
0.02399397
0.02396488
0.02399516
0.01600075
0.01600027
0.01599979
0.02397418
0.02800775
0.02799702
0.02399731
0.02799678
0.02400160
0.02445197
0.02400041
0.02526784
0.02800059
0.02400637
0.02397990
0.02400184
0.04399967
0.04402351
0.04000282
0.03600049
0.03600001
0.03600025
0.01597404
0.01600075
0.01599932
0.01600003
0.01599956
0.02000093
0.02000332
0.02799773
0.01599050
0.01601315
0.01599956
0.01603103
0.01599813
0.02000356
0.02000308
0.01600099
0.02204776
0.02000117
0.01599264
0.02001619
0.02001452
0.02000427
0.02000117
0.02403331
0.02396536
0.01599789
0.01602030
0.01199865
0.01599908
0.01600003
0.01599908
0.01600003
0.01541758
0.02399921
0.01600266
0.01599765
0.02399755
0.02399373
0.02000237
0.01600003
0.02400613
0.02901173
0.02400684
0.02800369
0.02297354
0.02399707
0.02400589
0.02400208
0.02402449
0.02399588
0.04397631
0.03999972
0.04398918
0.04000020
0.03600049
0.03202057
0.01600027
0.01596355
0.01996636
0.01599956
0.02399731
0.01999784
0.02001524
0.01600099
0.01599813
0.01600099
0.01602697
0.01599765
0.01599693
0.01199841
0.01600027
0.01599216
0.01599956
0.01599956
0.01599932
0.01600051
0.01999831
0.01998520
0.01998782
0.01184154
0.01599860
0.01599956
0.01599956
0.01413393
0.01600003
0.01999998
0.01600027
0.02400041
0.01999378
0.02002406
0.02001190
0.02000260
0.01873970
0.02000213
0.01997447
0.02000284
0.02000284
0.02399755
0.02400780
0.02518868
0.02799368
0.02529740
0.02800179
0.02800155
0.02800322
0.02798820
0.02800107
0.02799726
0.02800798
0.02796483
0.02400231
0.02000141
0.02799368
0.02399254
0.01997900
0.02399731
0.04102564
0.04123855
0.04399467
0.04400349
0.04399347
0.03999186
0.04000139
0.03997946
0.02403760
0.02000141
0.01999807
0.02400374
0.01999402
0.01999235
0.02000594
0.01599431
0.02000046
0.02450967
0.02502942
0.01999903
0.02797627
0.02615309
0.02399778
0.02127504
0.02000022
0.01999974
0.02400661
0.02398872
0.02400041
0.01599813
0.01599789
0.01599956
0.01600385
0.01599956
0.01599979
0.01600075
0.01600051
0.01600051
0.01999927
0.01999998
0.02000237
0.01999521
0.02000523
0.01997328
0.02400279
0.02399921
0.02251029
0.01974893
0.02000117
0.01998425
0.02523232
0.02800846
0.02399993
0.02399993
0.02400041
0.02402568
0.02802825
0.02399826
0.02400589
0.02799988
0.03200126
0.03199744
0.02799201
0.02397633
0.01999807
0.02000189
0.02000141
0.01999879
0.01999831
0.01999950
0.02399898
0.02399969
0.02400112
0.02061939
0.02800155
0.04399586
0.04399419
0.03598595
0.01600027
0.01990867
0.01999974
0.01600003
0.01999807
0.02399945
0.02800345
0.01998091
0.02118087
0.02001452
0.02400255
0.02399874
0.02400374
0.02400446
0.02000284
0.01999974
0.01998115
0.02000189
0.02000356
0.02399969
0.02399659
0.02821040
0.02399588
0.02800727
0.02000427
0.02399373
0.02399755
0.02399445
0.01999259
0.01599956
0.02000046
0.01999617
0.02000165
0.02399302
0.02800322
0.02800536
0.02800608
0.02398252
0.02400112
0.02399945
0.01999998
0.02398872
0.02004123
0.02828646
0.02799869
0.02922130
0.02401924
0.01999927
0.01999950
0.01999831
0.03200436
0.01998091
0.01999903
0.02400041
0.03200126
0.03200126
0.03199029
0.03199410
0.03200483
0.02799821
0.03599691
0.03604031
0.02397633
0.01599932
0.01999235
0.01999855
0.01999974
0.02304101
0.02399993
0.02398443
0.02113962
0.02399898
0.02400112
0.02803373
0.02799678
0.02400064
0.02399874
0.01999927
0.01999402
0.01999903
0.01999831
0.02399850
0.01999879
0.02000046
0.02274299
0.01999927
0.01999974
0.02000761
0.03200459
0.03200245
0.02797484
0.02799797
0.02799487
0.02400255
0.01999974
0.01947784
0.02399945
0.02928209
0.03200078
0.02399611
0.02002549
0.02000070
0.01999974
0.01912403
0.01602054
0.02000022
0.01999974
0.02002215
0.02399969
0.02400255
0.02800322
0.02399707
0.01999283
0.01600075
0.01599884
0.01599884
0.01999950
0.01999903
0.02001524
0.02001071
0.01997304
0.01999879
0.02399826
0.03200626
0.02799416
0.03199267
0.03200626
0.03199863
0.03199720
0.03199673
0.03199983
0.02798533
0.02800441
0.02400351
0.02799773
0.02400279
0.02799892
0.02584195
0.02400327
0.02000117
0.02400041
0.02393389
0.02400064
0.02399635
0.02399945
0.02399755
0.02399826
0.02399993
0.02700996
0.03199768
0.02930284
0.02800202
0.03761911
0.02799416
0.02399850
0.02519870
0.02400494
0.02402830
0.02399945
0.02400017
0.02401829
0.02400088
0.02400112
0.02400017
0.01999950
0.02400017
0.03201199
0.02796865
0.02799869
0.03200054
0.04000711
0.03196931
0.01855254
0.02000213
0.01715684
0.01999950
0.02000022
0.01999974
0.01999855
0.01999903
0.02000070
0.02000070
0.02001953
0.02000070
0.02000332
0.01999903
0.01998520
0.01999974
0.02400064
0.02400041
0.01999974
0.02400064
0.02800465
0.02399993
0.03199792
0.02799749
0.02396369
0.02400160
0.03199625
0.02399921
0.02287173
0.02400208
0.03199553
0.02923656
0.03199720
0.02400088
0.02399874
0.02399826
0.02799940
0.03200603
0.03200793
0.03200030
0.04800367
0.03999758
0.04400039
0.01999974
0.02400088
0.02399921
0.02400208
0.02400208
0.02400112
0.02798271
0.02796769
0.02415586
0.02399468
0.02016973
0.01600051
0.02001572
0.01999927
0.01999950
0.02002335
0.02000189
0.02400160
0.02400398
0.01596379
0.02000046
0.01874709
0.01999998
0.02800131
0.02399802
0.02000380
0.02401519
0.03200245
0.03044105
0.02800322
0.03198528
0.02800322
0.02333260
0.02800417
0.02925587
0.02399945
0.02400446
0.01999927
0.01999998
0.02401948
0.02401948
0.02000570
0.02400041
0.02402592
0.02800059
0.03200316
0.03599811
0.03199983
0.02800536
0.02799439
0.02375913
0.03600001
0.03999138
0.03999996
0.02799988
0.01600146
0.01999903
0.02000117
0.02400327
0.02000380
0.02000141
0.02000141
0.02399969
0.02401042
0.02399659
0.02402186
0.02402687
0.02400279
0.01999950
0.02000046
0.02000189
0.01599979
0.02000213
0.01999617
0.01599860
0.02004051
0.02000070
0.02000070
0.02000046
0.03200078
0.02400112
0.01999998
0.01999927
0.01999831
0.02000022
0.02862668
0.02400041
0.02400756
0.02399778
0.02800751
0.02800512
0.02802777
0.02800107
0.03200412
0.03600407
0.02799869
0.02397656
0.02397490
0.02399993
0.02399945
0.02799916
0.02800059
0.02000093
0.02399898
0.01999950
0.02397609
0.02392435
0.02389836
0.02000117
0.01999998
0.01999903
0.03200483
0.02000141
0.02400613
0.02400208
0.02799845
0.02399778
0.02799535
0.03199887
0.02800202
0.04801011
0.04800081
0.04000092
0.03999901
0.04403591
0.03200388
0.02799463
0.02399993
0.01999807
0.01999903
0.02228856
0.02802491
0.02400064
0.02400160
0.03320789
0.02800369
0.03199935
0.02001691
0.02000141
0.01999259
0.01998782
0.01999950
0.02000093
0.02000093
0.02000165
0.02000070
0.01998115
0.01999068
0.01999903
0.02399826
0.02399826
0.02000093
0.01599908
0.02000332
0.02000833
0.01998115
0.01999903
0.01999974
0.01999998
0.02399874
0.02800775
0.03328133
0.02399802
0.02523613
0.02400303
0.02399993
0.02399778
0.01997614
0.01999903
0.01997805
0.02399945
0.02798152
0.03599739
0.02799630
0.02000022
0.02000046
0.01999831
0.02399945
0.02399969
0.02400112
0.02000070
0.02399945
0.02399993
0.02384758
0.01997614
0.02000046
0.02000117
0.02000046
0.02397346
0.02984190
0.03200006
0.02800250
0.02000046
0.01999998
0.01999950
0.01999855
0.02400184
0.02399468
0.01999998
0.02400041
0.02400160
0.02402830
0.02800179
0.02399874
0.01999998
0.02800083
0.02800226
0.02799225
0.02399778
0.01999998
0.02399731
0.01999998
0.01999950
0.02001190
0.01600003
0.03200054
0.02792907
0.02402163
0.02002573
0.02117491
0.02001333
0.02397418
0.02400446
0.02400446
0.02800131
0.02799821
0.03199387
0.02799439
0.02799988
0.02399898
0.02002597
0.01599908
0.01999950
0.02000713
0.01999903
0.01999855
0.02000022
0.01999927
0.02400470
0.03199744
0.02800345
0.02800083
0.01999974
0.02551389
0.02800369
0.01599956
0.02004147
0.01999831
0.02003312
0.02399945
0.02004027
0.01997828
0.01999950
0.02400160
0.03600240
0.02800155
0.02800488
0.03200507
0.03199863
0.02799511
0.02399945
0.02400017
0.02400184
0.01997519
0.01999831
0.01999950
0.01999855
0.02000213
0.02400398
0.02400517
0.02800751
0.01999950
0.01999879
0.01599669
0.01999998
0.01999927
0.02400589
0.02399826
0.02796173
0.02400327
0.01999474
0.02000189
0.02399683
0.01999974
0.02400398
0.02803016
0.02799988
0.02397943
0.02000070
0.01999712
0.02001190
0.02399588
0.02800465
0.02800536
0.02803063
0.02929401
0.02400446
0.02400017
0.02001667
0.03599429
0.02400041
0.02399731
0.02397704
0.02400088
0.02399898
0.01999879
0.02400088
0.02400064
0.02402043
0.02399898
0.02399778
0.02580571
0.02800012
0.02519274
0.02398491
0.02399659
0.02399755
0.01999784
0.01999617
0.02399993
0.02399850
0.02268076
0.02399778
0.03199959
0.03198504
0.03197074
0.03200102
0.02799392
0.02399969
0.02400017
0.03999949
0.03599834
0.03599930
0.01999712
0.01599765
0.01984167
0.02000165
0.01999664
0.01999831
0.01599908
0.01602364
0.01999879
0.01599884
0.01999974
0.01999879
0.01999974
0.01600242
0.02800393
0.02785110
0.02399945
0.01998663
0.02000189
0.01599956
0.01599789
0.01598597
0.02000093
0.01997495
0.01999903
0.02400041
0.02400112
0.02400041
0.01999998
0.02000141
0.01599979
0.01600051
0.01599789
0.01599932
0.01985860
0.01978326
0.02000237
