0.03000522
0.02399826
0.02400851
0.02399683
0.03199792
0.02399445
0.02000165
0.01599765
0.01600003
0.01600051
0.01999998
0.02400446
0.02400684
0.01999569
0.04401708
0.04799891
0.03999519
0.03624773
0.04400015
0.03599811
0.03999925
0.03999186
0.04400206
0.04800248
0.03848338
0.03999901
0.04121542
0.04458523
0.02002740
0.02399755
0.02000213
0.02800488
0.01999784
0.01999664
0.02398491
0.02799392
0.02527642
0.02707767
0.02799940
0.02399397
0.02000165
0.01999927
0.02399421
0.02400112
0.02400279
0.02803493
0.02331328
0.02400088
0.02400684
0.02000928
0.02071810
0.04926181
0.04800320
0.04399467
0.04397583
0.04397869
0.04799986
0.04800653
0.04400277
0.04399800
0.04398108
0.03599954
0.03599882
0.03600049
0.01999974
0.02398014
0.02400637
0.02399683
0.02398944
0.02800083
0.02399206
0.02000189
0.02799511
0.02399993
0.02399540
0.02402711
0.01600003
0.02000213
0.01999736
0.01600051
0.01597667
0.02619076
0.01999998
0.02120376
0.02800274
0.02400208
0.02400160
0.04000068
0.04399633
0.04800129
0.04801083
0.04800725
0.04800105
0.04800248
0.04399967
0.04800487
0.05199671
0.04798126
0.04592156
0.04120541
0.03999949
0.04399657
0.04397869
0.04001594
0.04400229
0.04400158
0.04004240
0.03719807
0.03600144
0.04399419
0.04120159
0.04399681
0.04000783
0.04293060
0.04124022
0.04401898
0.04798961
0.04002786
0.04399443
0.04400277
0.04400516
0.03598857
0.03599906
0.03199768
0.02399874
0.01599979
0.01999974
0.01600170
0.01999950
0.01600027
0.02212071
0.02398562
0.02123833
0.02400017
0.01996851
0.01599932
0.01999974
0.01600099
0.02399182
0.02400422
0.02399564
0.02399898
0.02398276
0.02399993
0.02800083
0.02399993
0.02400303
0.02000523
0.02800918
0.02399421
0.02031898
0.04001927
0.04122281
0.04400396
0.03999805
0.03999710
0.02002192
0.02000070
0.02800083
0.02799845
0.02672291
0.02399898
0.02401304
0.01999974
0.02001333
0.02400804
0.02399826
0.01998115
0.02370095
0.02800703
0.02799106
0.01999855
0.02000046
0.01999927
0.02400780
0.01999640
0.01999545
0.01999998
0.01999736
0.01999712
0.02870917
0.02399802
0.04399633
0.04397607
0.04399347
0.04397416
0.04000330
0.03999376
0.03999543
0.03999424
0.03599906
0.03599882
0.04000139
0.04000258
0.04000139
0.03999901
0.04000735
0.03999066
0.03199983
0.02000427
0.01600003
0.02000165
0.02000284
0.02002287
0.02400255
0.02148628
0.01999974
0.02396750
0.02400255
0.02400160
0.01600003
0.01601315
0.02402067
0.02400708
0.02400374
0.02400637
0.02399921
0.02399349
0.02400136
0.02001190
0.01999974
0.02399540
0.02395868
0.01502538
0.04000163
0.04400063
0.04397750
0.02400446
0.02000499
0.02399468
0.02800083
0.02400064
0.03200984
0.02399993
0.02400088
0.02400589
0.02399993
0.02400517
0.02399898
0.02804065
0.03200626
0.02100921
0.02000260
0.02399826
0.02399492
0.02796698
0.02276254
0.02400064
0.02000141
0.02800107
0.01999736
0.01999950
0.03602147
0.04000068
0.04400277
0.04402733
0.04000878
0.03999972
0.03984356
0.03200078
0.02400303
0.02401018
0.02399945
0.02397633
0.02000237
0.02000022
0.02799344
0.02399254
0.02399731
0.02399516
0.01999617
0.02799988
0.02402663
0.02000022
0.02397299
0.02400374
0.02399993
0.02400017
0.01999998
0.01999784
0.02401423
0.02399659
0.02802801
0.02400374
0.02000737
0.03599739
0.03999853
0.03599739
0.02397823
0.02404475
0.02397323
0.01999712
0.02401042
0.02399778
0.02000260
0.02400374
0.02800012
0.02276707
0.02123284
0.02397799
0.01987529
0.01999974
0.02399945
0.02399683
0.02399254
0.02000237
0.02400327
0.01998258
0.01599979
0.01600027
0.01999140
0.02175951
0.02400064
0.01999807
0.01999736
0.01999664
0.01999998
0.04000020
0.03599977
0.03600049
0.02400684
0.02473164
0.02400708
0.02004433
0.02399969
0.02400303
0.01600194
0.01996684
0.02003264
0.02000213
0.02400446
0.02399921
0.02399492
0.01999950
0.01599979
0.01599956
0.01584768
0.01999998
0.02000046
0.01600194
0.01600242
0.01599908
0.01600027
0.01599979
0.01599932
0.02462339
0.02401209
0.02000237
0.02402306
0.03966308
0.02000356
0.02000022
0.02120256
0.02800202
0.02800298
0.02800846
0.02799463
0.02400112
0.02800131
0.02797556
0.02800751
0.04400373
0.03999257
0.04400086
0.02436185
0.02800345
0.02525473
0.02402043
0.02000761
0.02400208
0.02399874
0.02797461
0.01999760
0.02000093
0.02000332
0.01602483
0.02000332
0.01598477
0.02399683
0.02799821
0.02399945
0.02399278
0.02399349
0.02399206
0.02399635
0.02114034
0.02799749
0.01728678
0.02000093
0.01999784
0.01999712
0.02399921
0.04800129
0.03599596
0.03600001
0.03599954
0.03597665
0.01999974
0.02800417
0.02398753
0.02400017
0.02399874
0.03200316
0.02400684
0.02397180
0.01785111
0.01999497
0.02119255
0.02083874
0.02800322
0.02400017
0.02002859
0.02000093
0.02400327
0.02400398
0.02800083
0.01792789
0.02000141
0.01600003
0.02399659
0.02397466
0.02798676
0.02800536
0.04402280
0.04753685
0.04799795
0.03999996
0.04000115
0.03597140
0.03999925
0.03998637
0.02399564
0.02399969
0.02000761
0.02797794
0.02000165
0.01600003
0.01999712
0.01599956
0.01600099
0.02800632
0.02401376
0.02400041
0.01999927
0.02399778
0.02000260
0.01595783
0.02400351
0.02398849
0.02399731
0.02400470
0.02397418
0.02400351
0.02400303
0.02400017
0.02400112
0.01999998
0.02000237
0.02400184
0.02000523
0.04399991
0.04801011
0.04001498
0.03599215
0.03600049
0.01663780
0.02399182
0.02124143
0.02402711
0.02400732
0.02399492
0.02399945
0.02800751
0.02399349
0.02400208
0.02400112
0.02399635
0.02400661
0.02400088
0.01999950
0.02399850
0.02399802
0.02399898
0.02000093
0.02000141
0.02427649
0.01999521
0.01599932
0.01999879
0.02399969
0.04523897
0.04001832
0.04400301
0.03995657
0.03599977
0.04399538
0.01999688
0.02000380
0.01601982
0.01599836
0.01599789
0.01599956
0.02400088
0.02800918
0.02399969
0.02082944
0.02123547
0.02799988
0.02400923
0.02402067
0.02798271
0.02400303
0.02400398
0.02403140
0.02000570
0.02397799
0.02000451
0.01999402
0.02400184
0.01999998
0.02000380
0.02000403
0.02000380
0.02000928
0.02000213
0.02000523
0.02400136
0.04001069
0.04124403
0.03599834
0.04799938
0.04000139
0.03599763
0.03599930
0.03999949
0.03200150
0.02000189
0.01947308
0.02403450
0.02396154
0.01999736
0.01599884
0.01599932
0.01999116
0.01999545
0.02000117
0.01574349
0.01998305
0.02400351
0.02400374
0.02397203
0.02402306
0.02400017
0.02402449
0.01999974
0.02799726
0.02399921
0.02400398
0.02400732
0.02399683
0.02397799
0.02399182
0.02400398
0.03998828
0.03597140
0.03999686
0.02399659
0.02527952
0.02400351
0.02400351
0.02400017
0.02802873
0.02511597
0.02400184
0.02399230
0.02400661
0.01999927
0.02397776
0.02399254
0.01997709
0.01999950
0.02399945
0.02400303
0.02400017
0.02799726
0.02403235
0.01999736
0.01597881
0.01998568
0.02230000
0.02000093
0.02000046
0.04799724
0.04124403
0.03998733
0.02800131
0.02399778
0.02400255
0.02397466
0.02398396
0.01999664
0.02799749
0.02803183
0.02398562
0.02400351
0.02660203
0.02399683
0.01999998
0.01999807
0.02000093
0.02400517
0.02399349
0.02799678
0.02399993
0.01999879
0.01999903
0.02000093
0.01599860
0.02000332
0.01998949
0.02400231
0.02400613
0.02402782
0.02799702
0.04800868
0.04400873
0.04399228
0.04400849
0.04004478
0.04400754
0.04000115
0.03599739
0.02000046
0.01999927
0.02000475
0.02800226
0.01789379
0.01999927
0.02001977
0.01999998
0.01600933
0.01599956
0.01598907
0.02000546
0.01597977
0.02401137
0.02400422
0.02403069
0.02398157
0.01999903
0.01512933
0.02403808
0.02399015
0.02400994
0.02002382
0.01999784
0.02400565
0.02000260
0.01999879
0.02000213
0.02400279
0.02400184
0.02800870
0.04399753
0.04000258
0.03600001
0.03999972
0.03599858
0.03600788
0.01600051
0.02000213
0.01999927
0.01999640
0.02000642
0.02399826
0.02399659
0.01999617
0.02000451
0.02000475
0.02000022
0.02399445
0.02399778
0.02400231
0.02000117
0.02000570
0.02000570
0.02400398
0.02398849
0.02000070
0.01600003
0.02002525
0.01999760
0.02001286
0.02000260
0.02400422
0.02400136
0.02206039
0.01999259
0.02002096
0.02000427
0.01999903
0.02000070
0.02799463
0.04399967
0.04400778
0.04000020
0.02399611
0.01997900
0.02400231
0.02399302
0.02399182
0.01600099
0.01999903
0.02399921
0.02399993
0.01599693
0.01599693
0.02398038
0.02526689
0.02799845
0.02400374
0.02399445
0.02399230
0.01999855
0.01999998
0.01999998
0.02000070
0.02796364
0.01999927
0.01599956
0.01999927
0.01999903
0.01599884
0.01999855
0.01999879
0.02397323
0.02800131
0.02399588
0.02400684
0.03200030
0.02626967
0.02400565
0.02799273
0.02399850
0.02400255
0.02400446
0.01999855
0.02399969
0.01999855
0.02400136
0.02001548
0.01999807
0.01999950
0.02399969
0.01999950
0.02396059
0.02922297
0.03200340
0.02398348
0.02398610
0.03199697
0.04000425
0.03999615
0.03502512
0.03999472
0.03999996
0.04399824
0.04000211
0.04399657
0.03999209
0.03600168
0.02000165
0.02000213
0.02397156
0.02096152
0.02399969
0.02399659
0.02000403
0.02400947
0.03199863
0.02399278
0.02000022
0.01598787
0.01999521
0.01928806
0.02800488
0.02799702
0.02800775
0.02400756
0.02399826
0.02000189
0.01999712
0.03199553
0.02399588
0.02000189
0.02000070
0.01999998
0.01999593
0.01999879
0.01999807
0.02000046
0.01999927
0.01999736
0.02400160
0.02398682
0.02000093
0.02399945
0.02399898
0.02000046
0.02000117
0.02064109
0.02000117
0.02400684
0.02799296
0.02800345
0.02500629
0.02399993
0.01999879
0.01999640
0.01999760
0.02400303
0.02000141
0.02402425
0.02001619
0.01999927
0.02399993
0.02399874
0.02000189
0.01997828
0.02800226
0.02397561
0.02799892
0.02399588
0.02399731
0.03599954
0.04027081
0.03725600
0.03600383
0.04796815
0.02399158
0.02000356
0.02401447
0.02800179
0.02797055
0.02400351
0.02397561
0.02399778
0.02400088
0.01599765
0.01774383
0.01999998
0.01994491
0.01600075
0.02003384
0.02800941
0.02400756
0.02400136
0.01999998
0.02800107
0.02400160
0.02401376
0.02000165
0.02000284
0.02399993
0.02000260
0.02000284
0.02000213
0.02000380
0.02400136
0.02001357
0.02399373
0.04800081
0.03999829
0.04000044
0.02400184
0.02799797
0.01600075
0.01600337
0.01996994
0.01999903
0.01600122
0.01522708
0.01599908
0.01714468
0.01999974
0.02000189
0.01600170
0.02000237
0.02000093
0.01601267
0.02000022
0.01997542
0.01999736
0.01999831
0.02000475
0.01600122
0.02400255
0.01998901
0.02399707
0.02400112
0.01999712
0.01600075
0.01599932
0.02000117
0.02000189
0.02400613
0.02400422
0.02400279
0.02670336
0.03200221
0.02925992
0.02799654
0.02799892
0.02800369
0.02795124
0.02799273
0.02800035
0.02399826
0.02400136
0.02000046
0.02400088
0.02400160
0.02400422
0.02399945
0.02386785
0.02000570
0.02000117
0.02800775
0.03200078
0.02800488
0.04400611
0.04400182
0.04799986
0.04399920
0.04399872
0.03598332
0.03999829
0.04000211
0.02399898
0.02400684
0.02399945
0.01600575
0.02000022
0.01999831
0.01999831
0.01998591
0.01999569
0.02000117
0.01999736
0.02409315
0.01599383
0.02000022
0.02399564
0.02398467
0.02197361
0.02402830
0.02131939
0.02397799
0.02000952
0.01601386
0.01999497
0.01999378
0.01999831
0.01999974
0.01600146
0.02000260
0.01998663
0.02000880
0.02000356
0.02000284
0.02400708
0.01997709
0.02399611
0.02436376
0.02399755
0.01999784
0.01999831
0.01999736
0.02799869
0.02399516
0.02492881
0.03199720
0.02800298
0.02400041
0.02399802
0.01999879
0.01999974
0.02000141
0.02113771
0.02399898
0.02399921
0.02800870
0.04799247
0.04799438
0.04799747
0.04402280
0.04398108
0.02000046
0.02000237
0.02396488
0.02446556
0.02400374
0.02400279
0.02400064
0.01945496
0.02000356
0.01599884
0.02117324
0.02399802
0.01999927
0.02399302
0.01999927
0.02000093
0.01600194
0.01997924
0.01999712
0.01999283
0.02400398
0.02400017
0.02800083
0.02400708
0.02400112
0.01999855
0.01600027
0.01999974
0.02288508
0.02400017
0.02399898
0.02401137
0.02399635
0.02799821
0.02800345
0.02799749
0.03999805
0.04000449
0.03999972
0.01999879
0.02000165
0.02800059
0.02399921
0.01999927
0.02002144
0.01999879
0.02800298
0.01999855
0.02400589
0.02734733
0.02399707
0.02400804
0.02400541
0.02399230
0.01999569
0.01599932
0.02000046
0.02002335
0.02400684
0.02400064
0.02399516
0.02399755
0.02400565
0.02400088
0.02400589
0.02000046
0.01599908
0.02001548
0.01999807
0.02399492
0.02800083
0.02398682
0.04000521
0.03999257
0.04402375
0.03774524
0.03600001
0.02799869
0.01719379
0.01999855
0.02001953
0.01599741
0.01999855
0.01599956
0.02400184
0.02001238
0.01604056
0.02399492
0.02000761
0.02401328
0.02399731
0.01999974
0.02000880
0.01999831
0.01999998
0.01999736
0.01999855
0.02000427
0.01999998
0.02000594
0.02400374
0.02400160
0.02000213
0.02399611
0.01999807
0.02400684
0.02399898
0.02398205
0.02399373
0.01600242
0.01599693
0.02000618
0.01999736
0.01999903
0.02004170
0.01999640
0.02399850
0.02000117
0.02799606
0.03199720
0.02000141
0.01999855
0.01999736
0.01599836
0.01999855
0.01599908
0.01599717
0.02000117
0.01599932
0.02399755
0.02548170
0.02521753
0.02399659
0.02400255
0.02396679
0.02399993
0.02400088
0.02399755
0.02400017
0.02800369
0.02800345
0.02799416
0.02800274
0.02799368
0.01999950
0.02400780
0.02399707
0.02400136
0.01999950
0.01998734
0.01599860
0.01999831
0.01999855
0.01600003
0.01599860
0.01600003
0.02087188
0.02799344
0.02400112
0.02401376
0.01599932
0.01999950
0.01600003
0.01599979
0.02000022
0.02401400
0.02399707
0.02403879
0.02398825
0.02400351
0.02396464
0.02400017
0.02800775
0.02400398
0.03200293
0.01999998
0.02400279
0.01599956
0.01999950
0.01864147
0.02400374
0.01999998
0.01999712
0.01999283
0.02400637
0.02399683
0.02399921
0.01999903
0.01599979
0.01999760
0.01999855
0.01997638
0.02000213
0.02000022
0.02400208
0.02399969
0.02399993
0.02399278
0.02399731
0.02800083
0.02400398
0.01999998
0.02433991
0.02401018
0.02399993
0.01999927
0.02399921
0.02399969
0.02799869
0.02399921
0.02800226
0.02799702
0.03200316
0.02801418
0.02800107
0.04800701
0.03999543
0.04000330
0.02000070
0.01999998
0.01999974
0.01997733
0.02400327
0.02396846
0.02400017
0.01996851
0.02399921
0.02399969
0.03056741
0.02397323
0.02422071
0.02400517
0.02401805
0.01599908
0.01599860
0.01599789
0.01598859
0.01999974
0.01999807
0.01999903
0.02000093
0.01999760
0.02399969
0.02399302
0.01999903
0.01999760
0.01998758
0.01999021
0.01997519
0.02400780
0.02399826
0.02400017
0.02400422
0.02858233
0.02400708
0.02800632
0.02930784
0.02477288
0.04399276
0.03200030
0.03600121
0.01999879
0.01998520
0.01999831
0.01999998
0.01601338
0.01600289
0.02000046
0.02000237
0.02800035
0.02399302
0.02800131
0.01599836
0.01999903
0.01599836
0.01599956
0.02799797
0.02402329
0.02640367
0.02400827
0.02401710
0.02399731
0.01999283
0.01600432
0.01600122
0.02001095
0.02000380
0.01999998
0.01998091
0.01599979
0.01599836
0.01603651
0.01996827
0.01999998
0.02000070
0.02800417
0.02400041
0.02800322
0.02400327
0.02399993
0.02400112
0.02399659
0.02804399
0.02400017
0.03036952
0.01999879
0.01999736
0.01999664
0.01999879
0.01999903
0.01997828
0.02399945
0.02000213
0.02000093
0.02799010
0.02400208
0.02799511
0.02399683
0.03200388
0.02002740
0.02359748
0.02402496
0.02399778
0.02000618
0.02400112
0.02000165
0.02400255
0.02800107
0.02800393
0.02610755
0.02799559
0.02797580
0.03199530
0.02800083
0.02400041
0.04400396
0.04400563
0.04397273
0.04400802
0.04399896
0.02400017
0.02000141
0.01999688
0.02400136
0.02400041
0.02000022
0.02285361
0.02399898
0.02461076
0.02399993
0.02525306
0.01999021
0.01600313
0.01599860
0.02000427
0.02000022
0.01598859
0.02000093
0.01597881
0.01602364
0.02400017
0.02399302
0.01999640
0.02400017
0.02400303
0.02400184
0.02400017
0.02403212
0.02399588
0.02400231
0.02000380
0.02400041
0.01999974
0.01999807
0.01708603
0.01999569
0.01999784
0.02399826
0.01999784
0.01999855
0.02399778
0.02399778
0.02799773
0.02799749
0.02800059
0.02399802
0.02399635
0.01998711
0.02398705
0.02399707
0.02001929
0.01999807
0.02800369
0.02799821
0.02800083
0.02800298
0.02799559
0.02400041
0.03999805
0.04102182
0.04530120
0.03999853
0.04396892
0.01999664
0.01999831
0.01999998
0.01999998
0.01999950
0.01599598
0.02001882
0.01599956
0.01600075
0.01599813
0.01599836
0.02400327
0.02799320
0.02399135
0.02399993
0.01999164
0.01597548
0.01998854
0.01597667
0.02398586
0.02261305
0.02399993
0.01723886
0.01999903
0.02397704
0.02404284
0.01998568
0.02000189
0.01999831
0.01999855
0.01999879
0.02002430
0.02398014
0.02800202
0.02399707
0.02400136
0.02398801
0.02800012
0.02800512
0.02000093
0.02388716
0.02000046
0.02400136
0.02000403
0.02556419
0.03199267
0.02798414
0.02400112
0.04397011
0.03999662
0.04000497
0.04400492
0.04400349
0.02800632
0.02799511
0.02400327
0.01999927
0.02000475
0.02800035
0.02801633
0.02399468
0.02799511
0.02000523
0.02000117
0.02399969
0.01999998
0.02000046
0.02000141
0.02800155
0.02400804
0.02802277
0.01999426
0.02002311
0.02000093
0.01999831
0.01997828
0.01600075
0.01999736
0.01600027
0.02400327
0.01999497
0.02399826
0.02400398
0.02301216
0.02000093
0.02400255
0.02126241
0.02400041
0.02400160
0.02399874
0.02003455
0.02000475
0.02400279
0.02289438
0.03199458
0.02401900
0.02399373
0.02399778
0.03201032
0.02800083
