0.01301265
0.03200126
0.04026699
0.03521776
0.03999901
0.03599715
0.03597760
0.02000093
0.02400136
0.02399898
0.02507854
0.02399921
0.02399635
0.02400327
0.02058387
0.02399921
0.02528024
0.02681136
0.02401137
0.02399063
0.02000833
0.02399707
0.02401400
0.02803826
0.02399898
0.02800465
0.02399254
0.01999640
0.01599932
0.01599908
0.02000260
0.02799392
0.02800012
0.02193761
0.03601575
0.03600240
0.03600073
0.02000380
0.02399349
0.01999593
0.02565193
0.01999950
0.02003050
0.02799058
0.02399659
0.02000070
0.02399969
0.02399874
0.01999950
0.02799273
0.02399993
0.02800107
0.02399826
0.02402997
0.02400017
0.02400327
0.02799392
0.02000117
0.01999331
0.02002764
0.02402282
0.02400422
0.02399969
0.01999760
0.02193999
0.02799964
0.03599977
0.03599906
0.03999901
0.01600194
0.01597047
0.01574826
0.01599908
0.01598883
0.01599979
0.01633906
0.01406240
0.01565313
0.01595569
0.01593637
0.01599979
0.01600003
0.01601553
0.01199961
0.01600122
0.01862979
0.02000856
0.01996970
0.02115178
0.02399182
0.01581287
0.01199961
0.01601291
0.02400112
0.02002883
0.02800226
0.02400661
0.02372980
0.01599598
0.01600623
0.01599956
0.01999974
0.01601672
0.02002645
0.01999831
0.01999807
0.01755691
0.02401590
0.02399015
0.01976848
0.01999950
0.02252507
0.02801681
0.02800322
0.02800131
0.01981258
0.01997638
0.01600003
0.01999974
0.02002811
0.01999927
0.02000070
0.01999879
0.01999378
0.01999974
0.02551389
0.01999950
0.01999974
0.02400231
0.02400136
0.02401519
0.02800751
0.02400351
0.02802753
0.02015400
0.02038288
0.02400351
0.02800059
0.02398849
0.02400088
0.02400208
0.01999450
0.02002573
0.02399826
0.02398753
0.02397633
0.03310871
0.04799652
0.04526424
0.03509760
0.03599858
0.03199840
0.01599884
0.01978588
0.01998091
0.02000237
0.01999807
0.01999950
0.02122664
0.02800035
0.02800059
0.02399969
0.02000475
0.01999831
0.02400684
0.02401495
0.02955413
0.02800012
0.02399969
0.02399302
0.02400017
0.02400470
0.02800441
0.02799821
0.02267241
0.03200316
0.02399778
0.02799201
0.02472138
0.02398348
0.02399611
0.04003954
0.03999949
0.04402590
0.04800057
0.04799747
0.04000401
0.03459549
0.03599954
0.03599858
0.03597879
0.01599741
0.01600027
0.01999974
0.02399659
0.02399993
0.02399635
0.02517056
0.01999998
0.02524948
0.02799797
0.02400231
0.02000070
0.01600027
0.01600099
0.01600051
0.01999879
0.01600027
0.01997924
0.01999807
0.02799964
0.02399659
0.02399230
0.02010703
0.02399635
0.02399611
0.02799439
0.02799678
0.02400231
0.02802134
0.02802920
0.02368808
0.03600097
0.03601241
0.03985739
0.03599715
0.01600027
0.01599956
0.01600003
0.01599765
0.02000260
0.02059484
0.02399659
0.02398038
0.02800536
0.02000308
0.02400184
0.01999211
0.02002096
0.01999927
0.02003050
0.02311587
0.02000046
0.01999426
0.02000046
0.01999998
0.02397585
0.02400231
0.02000690
0.02000141
0.02085400
0.01999664
0.01300788
0.01200008
0.01599956
0.01600409
0.01199293
0.01600742
0.02400517
0.02400851
0.02401996
0.02801394
0.02399445
0.02800250
0.02799869
0.02799749
0.01999664
0.02400112
0.02297139
0.01999974
0.02214813
0.01998687
0.01998782
0.02000999
0.02124262
0.02401304
0.02400041
0.02399659
0.02399945
0.01972270
0.01600003
0.01971269
0.01999712
0.02399874
0.02801418
0.02399206
0.02000523
0.02000070
0.01599073
0.01600122
0.01999950
0.02000141
0.02400160
0.02799225
0.01999998
0.01599860
0.01996756
0.01600766
0.02399898
0.02399564
0.01999688
0.01566911
0.02400351
0.01599860
0.01972580
0.01979971
0.01975799
0.01599884
0.01600146
0.01603103
0.01999998
0.01987863
0.01718211
0.01599932
0.01602030
0.01599884
0.01599932
0.01999950
0.01599979
0.02399683
0.02403188
0.01999378
0.01999831
0.02399611
0.02400041
0.02400017
0.02401137
0.02400422
0.02402115
0.02399945
0.02483439
0.02399945
0.01998663
0.01724124
0.01599908
0.01999092
0.01999950
0.01999855
0.01999903
0.01999879
0.02399850
0.02034664
0.01598144
0.01599765
0.01599836
0.01578975
0.01599979
0.02000618
0.02800083
0.02400398
0.02800226
0.02400160
0.02511239
0.02401829
0.02399492
0.02801633
0.02400160
0.02400351
0.01999640
0.02278161
0.02399969
0.02000070
0.02399969
0.02000046
0.02400494
0.02000833
0.01999569
0.01999974
0.02400613
0.02399921
0.02400303
0.01909828
0.01966119
0.01749969
0.01600003
0.02399993
0.02399802
0.02000260
0.02000117
0.02400064
0.02000093
0.02402425
0.01609874
0.02000189
0.02000022
0.01356196
0.01999807
0.01999974
0.02000070
0.01716471
0.01600122
0.01600099
0.02000189
0.01998687
0.01999950
0.01930642
0.01600051
0.01999927
0.01603293
0.02000380
0.02400446
0.01970220
0.01591158
0.01599884
0.01599908
0.01600003
0.02000237
0.02668929
0.02399516
0.02400041
0.02399325
0.02400446
0.02802682
0.02397299
0.02000189
0.02800965
0.02675200
0.02400279
0.01999998
0.01999903
0.02000713
0.01999998
0.01999974
0.02000260
0.02799630
0.03080392
0.01999879
0.01999950
0.02000022
0.01999831
0.02000117
0.01999950
0.01998639
0.02001476
0.01599956
0.01999760
0.01999974
0.01930547
0.01596475
0.01599979
0.02000141
0.02000260
0.02402139
0.02402782
0.02400661
0.02874088
0.02400255
0.02460241
0.02396369
0.02063751
0.02000880
0.02801037
0.02400923
0.01999831
0.01601124
0.01998377
0.01599932
0.01600122
0.01930952
0.01209855
0.01599979
0.01600003
0.01599979
0.01599956
0.01600075
0.02000070
0.01599956
0.01599979
0.01599884
0.02000237
0.01819038
0.01599979
0.01599860
0.01573253
0.01199841
0.01599884
0.01576304
0.02753806
0.02399778
0.01599813
0.01599932
0.01704168
0.02000284
0.01999402
0.01999354
0.02399826
0.02400422
0.02400017
0.01999164
0.01599813
0.01599646
0.01599932
0.02000093
0.01708508
0.01599836
0.01578164
0.01600289
0.01199937
0.01494837
0.01599979
0.01565003
0.01600003
0.01599550
0.02400661
0.01999474
0.02003503
0.01599956
0.02216172
0.02400327
0.02401733
0.01999569
0.02000093
0.01999736
0.01999950
0.02400231
0.02308917
0.01986551
0.01598334
0.01989579
0.01981473
0.01599979
0.01999521
0.01600003
0.01602697
0.01600027
0.01599979
0.01300979
0.01598811
0.01533723
0.01599860
0.01999903
0.02000117
0.02002239
0.01999903
0.01599860
0.02000046
0.01599860
0.01599669
0.01599741
0.01599789
0.01599813
0.01641583
0.01599503
0.01567745
0.01719737
0.01599813
0.01999712
0.01775599
0.01599884
0.01599884
0.01599908
0.02001214
0.02343011
0.02014589
0.02399468
0.02119732
0.01999521
0.01599693
0.01999712
0.01599646
0.02296376
0.02403235
0.02400088
0.02000833
0.02000117
0.02399921
0.02800417
0.02800894
0.02236700
0.02399802
0.02399993
0.02926731
0.02461433
0.02399993
0.02402520
0.02800298
0.02800083
0.02799845
0.02799392
0.02801061
0.02399445
0.03016734
0.02800369
0.02399874
0.02399683
0.02400231
0.02395391
0.02399850
0.02724695
0.02400088
0.02800107
0.02101660
0.02399945
0.01999784
0.01999879
0.01999903
0.02000046
0.01999974
0.02000070
0.01999784
0.02799821
0.02800679
0.02399588
0.01999855
0.01969504
0.01974487
0.02000022
0.02401257
0.02399182
0.02399921
0.02525616
0.02400732
0.02399850
0.02400160
0.02799988
0.01861477
0.01999831
0.01977611
0.01973271
0.01599979
0.01597357
0.02399850
0.02400136
0.02401137
0.01777148
0.01599979
0.01999688
0.02400064
0.02400589
0.02399421
0.02401543
0.02000380
0.01898551
0.02402258
0.02001143
0.02403307
0.02400088
0.02397251
0.02399158
0.01600313
0.01999450
0.01999784
0.02000904
0.02044511
0.01601911
0.01599956
0.01599813
0.01599789
0.01601315
0.01600075
0.01600027
0.01601839
0.02049065
0.01511836
0.02000499
0.02400637
0.01599503
0.01600361
0.01602149
0.01599908
0.01600075
0.02000117
0.01599455
0.02400088
0.02400351
0.02399349
0.02399778
0.02715635
0.01600051
0.01564837
0.01599932
0.01599979
0.01599908
0.01599813
0.01599908
0.01601696
0.02002907
0.02000070
0.01999855
0.01958656
0.01505995
0.01982522
0.01599026
0.01599956
0.01599908
0.02000308
0.02401400
0.02400017
0.02400923
0.02400589
0.02399850
0.01599860
0.01968884
0.01599789
0.01597595
0.01967835
0.01999974
0.01970196
0.01999927
0.02000070
0.01999950
0.02000070
0.01999831
0.02204990
0.01979232
0.01599979
0.01600385
0.01599669
0.02400041
0.02398992
0.02002048
0.01999879
0.01599813
0.01999974
0.01839542
0.02400708
0.02419877
0.02400351
0.02403259
0.02400398
0.02525878
0.02399373
0.02412748
0.02400637
0.02399850
0.02399611
0.02398515
0.02800107
0.02399182
0.01998377
0.01999760
0.01597857
0.01969743
0.01895332
0.01599622
0.01600003
0.01600933
0.01602960
0.01599908
0.01600027
0.01998925
0.01599908
0.01599932
0.01599908
0.01599765
0.01598597
0.01598501
0.01572704
0.02002311
0.01599956
0.02000332
0.01599646
0.02399969
0.02000141
0.01999593
0.02400184
0.01999927
0.02400017
0.02400041
0.02293539
0.02399731
0.02400661
0.02399993
0.02400303
0.02408528
0.02400351
0.01999593
0.01999950
0.01997733
0.02000332
0.02000141
0.01600289
0.01892686
0.01457095
0.01598716
0.01199841
0.01718116
0.01599956
0.01599932
0.01577353
0.01599932
0.01578593
0.02273846
0.01999760
0.02313781
0.02401900
0.02399516
0.02399492
0.02400470
0.02400231
0.02800393
0.01599836
0.01600075
0.01599932
0.01204872
0.01568151
0.01200008
0.01568437
0.01200008
0.01578331
0.01600099
0.01599932
0.01599908
0.01599956
0.01999998
0.01603246
0.01600170
0.01600075
0.01600099
0.01703238
0.01496100
0.01599956
0.01599932
0.01599717
0.01602101
0.01723194
0.01999974
0.02456570
0.02036786
0.01999617
0.02000117
0.01606369
0.01999927
0.01999974
0.02400494
0.01999617
0.02398086
0.02400279
0.02002192
0.01999998
0.02397251
0.02394485
0.02399850
0.02399993
0.02400661
0.02399707
0.02399635
0.02002144
0.03270912
0.02000690
0.01599908
0.01506090
0.01599979
0.02243185
0.02400684
0.02799845
0.02399778
0.02400613
0.02399993
0.02400732
0.02400208
0.02676225
0.01507092
0.01599932
0.01599741
0.01999855
0.01999879
0.01999760
0.01999855
0.02000046
0.02000093
0.02244925
0.02000594
0.01597214
0.01999807
0.02400494
0.02800083
0.02400041
0.02399683
0.02399898
0.02399683
0.02283311
0.01815701
0.01600099
0.01717401
0.01599956
0.01599979
0.01599932
0.01600337
0.01599908
0.01999712
0.01999950
0.02000022
0.01923156
0.02000690
0.01999784
0.01590991
0.01576209
0.01599836
0.01602221
0.01599884
0.01975083
0.01973844
0.01393366
0.01592898
0.01600027
0.01617813
0.01599979
0.01601601
0.01912856
0.01599836
0.01599932
0.02001667
0.01600051
0.01601911
0.01999855
0.01599717
0.01599884
0.02217174
0.02000928
0.01999998
0.01999688
0.02226329
0.01999521
0.01998138
0.01999331
0.01999426
0.02400041
0.02400064
0.02402353
0.02399921
0.02802515
0.02000546
0.01912117
0.01599717
0.01978040
0.01999950
0.01599979
0.01598144
0.01999736
0.01999545
0.01999354
0.01599836
0.01599312
0.01999640
0.01999807
0.01606035
0.01998305
0.02000427
0.02399945
0.02480555
0.02402496
0.02922058
0.02397466
0.01997161
0.01888108
0.01599908
0.01968288
0.01599932
0.01602483
0.02000356
0.01997304
0.01598048
0.01597261
0.01599956
0.01599813
0.01599836
0.01599813
0.01999927
0.01937175
0.01973248
0.01966095
0.01619101
0.01599717
0.01975822
0.01694655
0.01601052
0.01600003
0.01991010
0.01997542
0.01599932
0.01575685
0.01601744
0.01580119
0.01781273
0.02403593
0.02399421
0.01998353
0.01999617
0.02000165
0.02400088
0.02400446
0.02003002
0.01999950
0.02241158
0.01599956
0.01591253
0.01599932
0.01599836
0.01599956
0.01599765
0.02000046
0.01998854
0.01999712
0.02400708
0.02799463
0.02297044
0.01843953
0.01599932
0.01600003
