0.01598930
0.02619433
0.02400351
0.02000022
0.01599956
0.02400351
0.01999784
0.02398658
0.02400684
0.03024793
0.02399659
0.02117801
0.01999974
0.01999974
0.02801061
0.02800417
0.03200507
0.02399516
0.02399969
0.01909947
0.02000117
0.02397704
0.02800608
0.04438877
0.04529405
0.04800749
0.04112196
0.03999925
0.01999879
0.01599789
0.01998973
0.02000332
0.02399874
0.02799630
0.01999068
0.01988244
0.01600027
0.01600003
0.01977634
0.01599932
0.01599956
0.01602149
0.01599932
0.01991820
0.01599836
0.01999712
0.02279258
0.01981783
0.02401018
0.02528143
0.02800322
0.02800059
0.02800131
0.02435112
0.02800083
0.02400255
0.02402854
0.02399731
0.02000046
0.02799988
0.03198767
0.02209282
0.01999927
0.03600049
0.03989172
0.03999996
0.03197551
0.01999855
0.02399731
0.01706195
0.01600027
0.02400303
0.02802157
0.02799559
0.01999688
0.01999807
0.01999950
0.02060699
0.01996374
0.01600003
0.01599884
0.01599956
0.01999474
0.01999998
0.02570105
0.02000141
0.01999903
0.01706505
0.02000380
0.02400041
0.02400756
0.02798271
0.02672458
0.01999974
0.02519798
0.01599836
0.01999974
0.01999760
0.01998138
0.02381396
0.02378082
0.01999807
0.02400136
0.02800488
0.02800083
0.02616405
0.02800417
0.02797937
0.02802038
0.02399421
0.02399755
0.02800131
0.02400446
0.02437258
0.02000093
0.02000070
0.04117131
0.03999758
0.03598738
0.04000187
0.04061007
0.01999927
0.02400088
0.02399611
0.02400327
0.02399683
0.02399302
0.02800155
0.02664638
0.01599956
0.01599789
0.01999855
0.01999640
0.01977086
0.01599741
0.01600003
0.01978779
0.01965761
0.01599813
0.01998496
0.01401806
0.01600003
0.01600027
0.01999760
0.02000165
0.02799773
0.02398038
0.02401614
0.02400208
0.02399826
0.02510118
0.02000904
0.01999998
0.01984668
0.01600361
0.02000093
0.02401447
0.02800059
0.02799869
0.03200197
0.02400064
0.03602409
0.01999807
0.02399850
0.02400160
0.02927065
0.02799702
0.03200412
0.04400015
0.04398990
0.04637909
0.04001164
0.03998661
0.04399610
0.04799080
0.04000115
0.03700399
0.03599882
0.03716850
0.02400923
0.02781343
0.02399945
0.02928638
0.01999879
0.01878738
0.01599932
0.01571941
0.01999998
0.02399397
0.01999784
0.01999903
0.01602435
0.01578498
0.01599836
0.01599813
0.01574492
0.01307201
0.01602674
0.01599932
0.01999760
0.02400017
0.02399945
0.02000690
0.02000523
0.02400351
0.02400303
0.02399349
0.01599622
0.02114367
0.02000713
0.02002668
0.01999950
0.01600337
0.02002740
0.01999998
0.02000165
0.02399921
0.02402401
0.02400589
0.02800250
0.02799511
0.02402735
0.02799511
0.02399898
0.01599956
0.01599932
0.01599884
0.01999950
0.02399397
0.02399802
0.02324843
0.02000499
0.01602030
0.01999807
0.02455091
0.01999927
0.02402139
0.02401519
0.02799726
0.02400112
0.03600073
0.02402282
0.01999784
0.02401257
0.02369070
0.02800965
0.03199506
0.02399683
0.02268505
0.02399230
0.02400517
0.02424574
0.02799964
0.03268337
0.02799678
0.02800035
0.03197289
0.03200316
0.02799559
0.02799845
0.02402949
0.02001023
0.03599811
0.03600144
0.03601623
0.03600883
0.01397491
0.01602888
0.01202679
0.01599741
0.01318026
0.01599956
0.01600003
0.01537943
0.01599717
0.01600170
0.02399802
0.02800179
0.02400661
0.01999712
0.01999402
0.01999640
0.01815295
0.01999974
0.02000260
0.01599860
0.01998663
0.02172279
0.01999760
0.02130127
0.02399611
0.01601219
0.02060342
0.01707864
0.01599860
0.01599932
0.01600313
0.01199841
0.01199865
0.01599908
0.02399755
0.02399635
0.02399826
0.02000356
0.02298474
0.01200008
0.01566911
0.01599789
0.01592231
0.01199841
0.01199865
0.02000451
0.02402163
0.02400422
0.03199053
0.01609111
0.01599836
0.01578188
0.01599860
0.01567554
0.01700974
0.01993227
0.02399659
0.02800179
0.02400041
0.02520847
0.02399731
0.02800179
0.02401471
0.02800417
0.02402377
0.02400041
0.01999927
0.01506138
0.01999879
0.01996017
0.02401423
0.02399683
0.02400255
0.02401137
0.02799988
0.03065372
0.02800679
0.02399683
0.02987862
0.02400112
0.02400279
0.02400279
0.02801442
0.02564621
0.02800751
0.03233647
0.02799416
0.02800512
0.02800345
0.02799368
0.02800179
0.04399443
0.04800081
0.04205537
0.02000093
0.01996779
0.02400208
0.02800012
0.02397919
0.01999974
0.02799296
0.02768230
0.02800250
0.01999855
0.01999688
0.01599765
0.01599669
0.01600385
0.01997495
0.01600051
0.02001929
0.01999998
0.02000308
0.01695609
0.01599336
0.01696134
0.02399707
0.02399421
0.02400208
0.02398205
0.02399826
0.01999879
0.02400231
0.02211404
0.02399874
0.01965451
0.01596808
0.01971769
0.01574802
0.02000189
0.01600003
0.02106404
0.02000093
0.02001786
0.01999640
0.01999879
0.01793098
0.01503348
0.01999903
0.01600122
0.02400780
0.02400732
0.02800298
0.02399635
0.02398467
0.02400398
0.02118587
0.02400184
0.01999855
0.01999855
0.01600027
0.01574564
0.01600027
0.01599979
0.01599979
0.01999807
0.02000523
0.02092957
0.01724172
0.02000046
0.02000093
0.01999927
0.02000117
0.01999998
0.01999950
0.01999497
0.02001047
0.01998448
0.02168274
0.01997995
0.01999760
0.01999640
0.01996708
0.01999760
0.02399731
0.01997423
0.02000046
0.02400422
0.01999760
0.02058554
0.01795125
0.01976967
0.01999712
0.01999664
0.01599789
0.01999784
0.02398682
0.02400017
0.02400255
0.02658176
0.02825308
0.02925658
0.02400279
0.02399969
0.02399588
0.02401543
0.02402616
0.02399564
0.01999903
0.02272320
0.02000332
0.02399874
0.02799535
0.02800393
0.02799582
0.02800655
0.02800012
0.02800179
0.03159523
0.02799964
0.02799654
0.02824354
0.02799892
0.02800012
0.02399445
0.02399707
0.02203059
0.02372527
0.02000022
0.02000022
0.02400112
0.02399850
0.02800179
0.02001786
0.02000070
0.02800083
0.02394700
0.01975679
0.01975584
0.02000761
0.01975322
0.02001071
0.01999903
0.01390290
0.02000070
0.02117562
0.02000237
0.02400279
0.01759005
0.01308060
0.01600337
0.02400970
0.02801514
0.02401638
0.02000189
0.02800035
0.02400351
0.01599956
0.02000117
0.01599979
0.01599789
0.01599956
0.01599693
0.01598549
0.01999307
0.01600218
0.01999664
0.02000213
0.02000999
0.01600051
0.01598859
0.01600385
0.01603127
0.02000189
0.02000451
0.02796578
0.02400398
0.01998448
0.01999784
0.02399993
0.02400589
0.02620530
0.02799726
0.02400732
0.02800417
0.03199935
0.02800608
0.02399683
0.02800727
0.02939391
0.02218270
0.02800012
0.02400017
0.01599908
0.01599908
0.01600003
0.01993752
0.02000046
0.02000260
0.02399993
0.02800584
0.02397609
0.02799249
0.02400136
0.02799964
0.02000022
0.01863480
0.01998997
0.02800417
0.02924967
0.03200650
0.02800393
0.02800417
0.02799559
0.03200626
0.02800775
0.02800441
0.03181529
0.02799654
0.01999807
0.02399564
0.02000666
0.02371621
0.01999950
0.02399993
0.01999974
0.02400088
0.02000141
0.01805925
0.01599956
0.02003837
0.01599836
0.01974273
0.01999927
0.01742339
0.02001977
0.02123094
0.01999950
0.02400470
0.02400088
0.01510262
0.01975846
0.02000070
0.01999903
0.01600027
0.01997948
0.01999950
0.01999807
0.02000308
0.01999998
0.01999903
0.01599979
0.01600051
0.01600027
0.01578832
0.01999950
0.01598692
0.01600313
0.01600027
0.01600122
0.01970148
0.01936007
0.02396345
0.02400351
0.02000570
0.02035975
0.02403855
0.02124143
0.02400637
0.02400136
0.02400565
0.02799916
0.02399635
0.02399397
0.02399278
0.02000093
0.01999784
0.01599836
0.02000046
0.02000046
0.02000165
0.02399993
0.02400184
0.02438784
0.01599908
0.01600027
0.01600027
0.01599860
0.01600003
0.01600957
0.01572800
0.01599979
0.01602125
0.01978350
0.02000141
0.02952337
0.01202369
0.01320410
0.01582313
0.01599860
0.01577353
0.01574421
0.01602030
0.01582217
0.01600099
0.02000022
0.02399325
0.02535391
0.01599836
0.01578569
0.01599908
0.01575279
0.01574874
0.01599789
0.01600099
0.01199698
0.01599860
0.01600003
0.01599884
0.01199841
0.01599860
0.01199818
0.01600122
0.01600099
0.01599908
0.01601362
0.01597261
0.02399993
0.02000332
0.02139115
0.02001524
0.02130485
0.02400136
0.02399230
0.01998925
0.02399945
0.02400661
0.02399802
0.02402925
0.01998830
0.02399659
0.02001166
0.02667260
0.01999593
0.01997828
0.02400804
0.01999927
0.02003336
0.02399421
0.01999497
0.01598740
0.01597571
0.01303935
0.01572824
0.01598787
0.01600051
0.01984930
0.02399349
0.02124166
0.02400374
0.01999521
0.02400494
0.02923441
0.02399492
0.01999950
0.02002549
0.02000070
0.01599813
0.01999950
0.01599860
0.01999950
0.02002263
0.02000165
0.01997852
0.02005792
0.01599979
0.01965237
0.01599169
0.01990008
0.01987171
0.01985645
0.01599932
0.01599813
0.01599765
0.01599813
0.01999998
0.02400637
0.02037549
0.01600051
0.01600099
0.02001452
0.01600051
0.01999569
0.02000141
0.01999426
0.02000928
0.01998925
0.01599693
0.01708126
0.01999903
0.01999879
0.01999855
0.01999831
0.02000093
0.01999784
0.02398062
0.02400041
0.02400184
0.02799320
0.01970434
0.01598668
0.01599598
0.01600170
0.01599979
0.01574731
0.01596546
0.01599932
0.01600099
0.01599979
0.02597070
0.02001953
0.02104807
0.02399898
0.02000260
0.02399468
0.02400017
0.02400565
0.02800012
0.02399802
0.02399516
0.02399325
0.02399683
0.02699876
0.01999760
0.02000022
0.01597571
0.01601696
0.01599979
0.02000260
0.01599932
0.01769829
0.02399755
0.02529669
0.02399826
0.02011275
0.01970720
0.01999807
0.01999998
0.02000022
0.02331114
0.03200173
0.02399898
0.02400017
0.02877593
0.02800059
0.02399898
0.02400255
0.01999712
0.01999831
0.01600051
0.01971936
0.01999855
0.01599979
0.01999903
0.01600051
0.01999903
0.02235293
0.01999736
0.01997972
0.01599884
0.01599860
0.01596880
0.01599407
0.01600051
0.01600027
0.02000999
0.01600003
0.01999879
0.01600075
0.02004766
0.01600790
0.01599312
0.01937246
0.02400279
0.02399898
0.02402163
0.01999974
0.01999688
0.02399945
0.02396631
0.01999784
0.01999927
0.01999927
0.01599860
0.02400184
0.02401114
0.02401996
0.02400351
0.02400303
0.02800012
0.02134943
0.01614428
0.02000165
0.01599860
0.02400231
0.02401233
0.02403045
0.02399969
0.02402163
0.02857280
0.02798533
0.02530074
0.02400303
0.02799678
0.02800107
0.02800989
0.02799320
0.03199649
0.02381611
0.02400088
0.02399802
0.02799821
0.02798223
0.02799821
0.03200412
0.03200388
0.03200006
0.02799916
0.02799797
0.03200006
0.02799678
0.02799988
0.02399755
0.02799439
0.03111267
0.02799892
0.02518773
0.02311397
0.02399874
0.02401543
0.02398491
0.02399731
0.02399898
0.02399945
0.02399921
0.02801418
0.02799392
0.02399755
0.02427411
0.01992846
0.01999950
0.01603174
0.01997614
0.01600027
0.01973653
0.02000165
0.02399993
0.02000213
0.02400112
0.02401185
0.01999664
0.02210474
0.01999617
0.01999903
0.02000093
0.02800202
0.02525806
0.02766442
0.02324557
0.02400088
0.02313352
0.01979017
0.01975536
0.02001786
0.01976323
0.01997852
0.02000022
0.01599813
0.01972914
0.01969337
0.01599956
0.01973844
0.01577997
0.01599908
0.01605964
0.01974607
0.02000022
0.01999974
0.02000046
0.01999998
0.01599956
0.02000117
0.02000260
0.01999950
0.01999712
0.01999807
0.01999712
0.02399468
0.01649094
0.01999044
0.02122450
0.02400565
0.02399492
0.02399993
0.02400041
0.02800274
0.02397585
0.01306319
0.01599908
0.01568866
0.01599956
0.01599836
0.02000141
0.01999784
0.02800274
0.02399349
0.02399373
0.02399564
0.01999998
0.02572918
0.01599932
0.01599932
0.01599216
0.01601410
0.01599836
0.02400398
0.02396345
0.02400565
0.02800274
0.02401066
0.02779222
0.02000690
0.02000260
0.01999784
0.01998711
0.01999736
0.01997781
0.01600099
0.02399731
0.02574396
0.02000260
0.02399540
0.02132058
0.01603270
