0.00695443
0.01795197
0.01785779
0.01594281
0.01696420
0.01695490
0.01918769
0.01695561
0.01795292
0.01795340
0.01795053
0.01559067
0.01695299
0.01695585
0.01595759
0.01695490
0.01696897
0.01695561
0.01595759
0.01595807
0.01595736
0.01695490
0.01695633
0.01595759
0.01595926
0.01496077
0.01649213
0.01595569
0.01495981
0.01595926
0.01495838
0.01598096
0.01696682
0.01495981
0.01695275
0.01598883
0.01695514
0.01595974
0.01595569
0.01595759
0.01598644
0.01696849
0.01595783
0.01496005
0.01496124
0.01492906
0.01595664
0.01595569
0.01698613
0.01646447
0.01595759
0.01795244
0.01496077
0.01696420
0.01595950
0.01595712
0.01496005
0.01595712
0.01595736
0.01595950
0.01595902
0.01740146
0.01595807
0.01595736
0.01695466
0.01595592
0.01742768
0.01711869
0.01795411
0.01695466
0.01793337
0.01795197
0.01741910
0.01695585
0.01795316
0.01795316
0.01795220
0.01595688
0.01679134
0.01894832
0.01695609
0.01795030
0.01725841
0.01663113
0.01795387
0.01795316
0.01795316
0.01894855
0.01749635
0.01894832
0.01795077
0.01791930
0.01746178
0.01748776
0.01894999
0.01795197
0.01994729
0.01789474
0.01906085
0.01796770
0.01894951
0.01795292
0.01795268
0.01895046
0.01795197
0.01894784
0.01795173
0.01892090
0.01795053
0.01894784
0.01812267
0.01749277
0.01802468
0.01795173
0.01795197
0.01795197
0.01799512
0.01873589
0.01895165
0.01795268
0.01894927
0.01869607
0.01895070
0.01894951
0.01795220
0.01795125
0.01795220
0.01895142
0.01894951
0.01831102
0.01771426
0.01895022
0.01795316
0.01894927
0.01795173
0.01994610
0.01844811
0.02094388
0.01994514
0.01695442
0.01894951
0.01895118
0.01894903
0.01894093
0.01795030
0.01894760
0.01795220
0.01795435
0.01847410
0.01795197
0.01895094
0.01994824
0.01894951
0.01994729
0.01994872
0.01894927
0.01994777
0.01795173
0.01994634
0.01895380
0.01894951
0.01894927
0.01795197
0.01894760
0.01997995
0.01945877
0.01894784
0.01913810
0.01795197
0.01898074
0.01994777
0.01795387
0.01994681
0.01894760
0.01894951
0.01894927
0.01994729
0.01894927
0.01994562
0.02094436
0.02094555
0.02094436
0.02094603
0.01894832
0.01894975
0.02094579
0.02094460
0.01795101
0.01993465
0.01994681
0.02094579
0.01946378
0.01895261
0.02094483
0.01945329
0.01849556
0.01924205
0.01994705
0.01895046
0.01894951
0.02141166
0.01895142
0.01994729
0.01994634
0.02019548
0.01942515
0.01994634
0.01895118
0.01994872
0.01857376
0.02041936
0.01895189
0.01994967
0.01891398
0.01994753
0.02094364
0.01994681
0.02094388
0.01894927
0.02094293
0.01994634
0.01994801
0.01894951
0.01894879
0.01895022
0.01890612
0.01994705
0.01894855
0.01894975
0.01892304
0.01894975
0.01994658
0.01994658
0.01894951
0.01994681
0.02094340
0.01894760
0.01994729
0.01994753
0.02137494
0.02194285
0.02094412
0.02094579
0.01994920
0.01994658
0.02094221
0.01894832
0.01892400
0.02094531
0.01994610
0.01994753
0.01994801
0.02193999
0.01994586
0.01894784
0.01996374
0.02094460
0.01994634
0.01993918
0.01893210
0.02094316
0.01894784
0.01994538
0.02194190
0.01994514
0.02147007
0.02094483
0.02194357
0.02094340
0.02094483
0.02194405
0.02094412
0.02194285
0.02145028
0.02293873
0.02294087
0.02094269
0.02444482
0.02193975
0.02393556
0.02293968
0.02095938
0.02194214
0.02293921
0.02293992
0.02293873
0.02393556
0.02393770
0.02593207
0.02393627
0.02293777
0.02493501
0.02293873
0.02493143
0.02393723
0.02493429
0.02393723
0.02493382
0.02393579
0.02444530
0.02394319
0.02393556
0.02194190
0.02493429
0.02493191
0.02294111
0.02296233
0.02395010
0.02294064
0.02493310
0.02393866
0.02393651
0.02595854
0.02393699
0.02293658
0.02294111
0.02293849
0.02448916
0.02393770
0.02293849
0.02393556
0.02593207
0.02393484
0.02393603
0.02393579
0.02493382
0.02294040
0.02393389
0.02393579
0.02393579
0.02493358
0.02349162
0.02493453
0.02593040
0.02394128
0.02393627
0.02393556
0.02493286
0.02393699
0.02392793
0.02493215
0.02194166
0.02393770
0.02493525
0.02293777
0.02393556
0.02290773
0.02194166
0.02393627
0.02392507
0.02194095
0.02393770
0.02293777
0.02193999
0.02322125
0.02239728
0.02291751
0.02194142
0.02194166
0.02194190
0.02393675
0.02196050
0.02345395
0.02194118
0.02194095
0.02094436
0.02194095
0.02393579
0.02194166
0.02094531
0.02293730
0.02094460
0.02292085
0.02094364
0.02293754
0.02294064
0.02293849
0.02194047
0.02094412
0.02094030
0.02194238
0.02196050
0.02194047
0.02194190
0.02193975
0.02094364
0.02094412
0.01995850
0.02094436
0.02094483
0.02094531
0.02293754
0.02094388
0.01994538
0.02094483
0.02193213
0.01945043
0.02094412
0.01994777
0.01994491
0.01994658
0.01994586
0.02092004
0.02094293
0.02095437
0.01902604
0.02150798
0.02094436
0.02094388
0.02146602
0.02094412
0.02094483
0.02094555
0.02393508
0.02296948
0.02094531
0.02191925
0.02094436
0.02094364
0.02194166
0.02293801
0.02094293
0.02194142
0.02194047
0.02094293
0.02194047
0.02094603
0.02293825
0.02194118
0.02308130
0.02094388
0.02094507
0.01994658
0.02094460
0.01994538
0.02094507
0.02094460
0.02045608
0.01996732
0.02092981
0.02094412
0.02094388
0.01894999
0.02293849
0.01994562
0.02094388
0.01994658
0.02193403
0.02194166
0.02094364
0.02094293
0.02094412
0.02194071
0.02094531
0.02296162
0.02194214
0.02094388
0.02194142
0.02094412
0.02293873
0.02293873
0.02094245
0.02094555
0.02312231
0.02194142
0.02194142
0.02393508
0.02194142
0.02293754
0.02393556
0.02194214
0.02094316
0.02194142
0.02094269
0.02194309
0.02393532
0.02296066
0.02293944
0.02293873
0.02494287
0.02493262
0.02293754
0.02293873
0.02393556
0.02294016
0.02293825
0.02493286
0.02393603
0.02493286
0.02493238
0.02493310
0.02295160
0.02393723
0.02293849
0.02394319
0.02293921
0.02396584
0.02592969
0.02493501
0.02391195
0.02493358
0.02792454
0.02393627
0.02593231
0.02593088
0.02393579
0.02593446
0.02493358
0.02493262
0.02593160
0.02493334
0.02493501
0.02392817
0.02293801
0.02292418
0.02493310
0.02393603
0.02393532
0.02393603
0.02493310
0.02493429
0.02393579
0.02593136
0.02493310
0.02493358
0.02493310
0.02493358
0.02446437
0.02595234
0.02493477
0.02493191
0.02393675
0.02493334
0.02390933
0.02493453
0.02690268
0.02494669
0.02692676
0.02390647
0.02493310
0.02692819
0.02593040
0.02493453
0.02792406
0.02692819
0.02892256
0.03291297
0.03789902
0.03592253
0.02992034
0.02994490
0.03291225
0.03102708
0.02991986
0.02992010
0.02792645
0.02892423
0.02992082
0.03291249
0.02792716
0.02892327
0.03191495
0.03191495
0.03789926
0.03391027
0.02892423
0.02892423
0.02892208
0.02991843
0.02991962
0.02792525
0.03191543
0.02892137
0.02647591
0.02892089
0.02592874
0.02793884
0.02695298
0.02692604
0.02493668
0.02691483
0.02493453
0.02593064
0.02393770
0.02590513
0.02390885
0.02493262
0.02393556
0.02493358
0.02493405
0.02296185
0.02393675
0.02593064
0.02194285
0.02293801
0.02293873
0.02293873
0.02194238
0.02294016
0.02293777
0.02593017
0.02191758
0.02393627
0.02294016
0.02293849
0.02293849
0.02292800
0.02194262
0.02493310
0.02393723
0.02446795
0.02493310
0.02493501
0.02393770
0.02792382
0.02292442
0.02293801
0.02294016
0.02393532
0.02294016
0.02393508
0.02194166
0.02294016
0.02493215
0.02393818
0.02393627
0.02493429
0.02493262
0.02391934
0.02393651
0.02293921
0.02291059
0.02493191
0.02393746
0.02393675
0.02393699
0.02493262
0.02540088
0.02393603
0.02393675
0.02393651
0.02593064
0.02692866
0.02493358
0.02293730
0.02593064
0.02392054
0.02692747
0.02493358
0.02393603
0.02489090
0.02490735
0.02593112
0.02493262
0.02493477
0.02692866
0.02493334
0.02595329
0.02551079
0.02493334
0.02692938
0.02594066
0.02493429
0.02593207
0.03091788
0.03291345
0.02792621
0.02792621
0.02792764
0.02992105
0.02992082
0.02892542
0.02503037
0.02493405
0.02593207
0.02493501
0.02989483
0.02449679
0.02493262
0.02792692
0.02493382
0.02593040
0.02693129
0.02393579
0.03291368
0.03989482
0.04986382
0.05185413
0.04800153
0.03291702
0.02892375
0.02792573
0.02892566
0.02991843
0.02892327
0.02493382
0.02892447
0.03191733
0.04288554
0.03989410
0.04307008
0.03191805
0.02892208
0.02968502
0.02892518
0.02991772
0.02694654
0.02792597
0.02694321
0.02892399
0.02892208
0.02792549
0.02792454
0.02792692
0.02892280
0.02991843
0.02792645
0.03091836
0.02992010
0.02792668
0.02792573
0.02792501
0.02992201
0.03491044
0.03488040
0.02892303
0.03091788
0.03191400
0.02892184
0.03291154
0.03191566
0.03291321
0.03291011
0.03390956
0.03291059
0.03490663
0.03440261
0.03338194
0.03390980
0.03690338
0.03490639
0.03490543
0.03789878
0.03689933
0.03491211
0.03590441
0.03390861
0.03291249
0.03191638
0.03291488
0.03889728
0.04289007
0.04587960
0.04488039
0.04488230
0.03390908
0.03490782
0.03889608
0.03989649
0.03987575
0.04089046
0.04089069
0.04291034
0.03889751
0.04041433
0.04587674
0.05286193
0.07380414
0.07779264
0.05185699
0.05545044
0.04587817
0.04687595
0.05286098
0.05188465
0.05089355
0.05286098
0.05186009
0.05241346
0.05485439
0.05385733
0.05086398
0.05285907
0.05385756
0.05385542
0.05684829
0.05438018
0.07081127
0.07455707
0.08776474
0.09873676
0.07878852
0.08178282
0.05189157
0.05385613
0.05383086
0.05384302
0.05585051
0.05585170
0.04886961
0.05086374
0.05285907
0.04988813
0.04988098
0.05286026
0.06172371
0.06283474
0.05381465
0.05286193
0.05385661
0.05469918
0.06285334
0.12269902
0.11469555
0.06383014
0.07680988
0.07679415
0.08776259
0.09574533
0.08030868
0.08280611
0.07180929
0.06283355
0.05385685
0.06142092
0.05784512
0.06781888
0.06881523
0.05186176
0.05385613
0.05485320
0.05385542
0.05186176
0.05585265
0.06183624
0.06482792
0.07534385
0.07081199
0.06584477
0.05585146
0.05186200
0.05186152
0.05485415
0.06881595
0.07779050
0.08277869
0.05784440
0.05787754
0.05984116
0.08078599
0.07479787
0.06083727
0.06022668
0.08278108
0.06581235
0.05787778
0.05884337
0.05882287
0.07479906
0.07280350
0.06083775
0.06881499
0.06082940
0.07081151
0.05787468
0.06981397
0.10272431
0.08369088
0.08776832
0.09275174
0.09076071
0.08078551
0.07779217
0.07879186
0.09676909
0.09474635
0.09175587
0.08078337
0.06480980
0.06081414
0.05899620
0.05934596
0.05584621
0.05884361
0.05784535
0.05485296
0.05285764
0.05784607
0.06283426
0.07480049
0.09474897
0.08178091
0.06684065
0.06782007
0.05884433
0.06283331
0.06034160
0.06484222
0.06382990
0.09874463
0.09374952
0.09574461
0.10571957
0.09767938
0.09275270
0.08575845
0.11267233
0.09674191
0.09674168
0.07711291
0.06881857
0.07281065
0.07579803
0.05684996
0.05684900
0.06682110
0.05485344
0.05285907
0.05285931
0.05385661
0.05385709
0.05086422
0.04986668
0.06086063
0.05684686
0.05884409
0.06083918
0.06216812
0.05286074
0.05086470
0.05086303
0.04886961
0.04886866
0.05585146
0.05585146
0.05787659
0.05485511
0.05485320
0.05086470
0.05485392
0.05642676
0.13065267
0.06781602
0.05385637
0.05541992
0.09973288
0.08078456
0.07180762
0.06582499
0.06283975
0.04787087
0.04684806
0.04787302
0.04587746
0.04886866
0.04787421
0.04687381
0.04986811
0.04687572
0.04986787
0.04586434
0.04886985
0.04787374
0.04690218
0.04687500
0.04589987
0.04787374
0.04887009
0.04687667
0.04887009
0.05086374
0.04487991
0.04587817
0.05285907
0.04488039
0.04388452
0.04288626
0.04285288
0.04787016
0.04787135
0.05086493
0.05385733
0.05086279
0.04488063
0.06182456
0.05784678
0.04586959
0.04587674
0.04587626
0.06881714
0.06682324
0.06582570
0.03789973
0.03690171
0.03789973
0.03789973
0.04288554
0.03991342
0.04288673
0.04288721
