0.01296401
0.03289485
0.02993155
0.02791834
0.02593160
0.02289581
0.02493930
0.02493429
0.02194166
0.01894951
0.01995063
0.01994658
0.02493310
0.02991891
0.02392650
0.01895237
0.02393293
0.01978874
0.02892709
0.02792931
0.02194095
0.02194333
0.02493739
0.02892756
0.02892256
0.02391195
0.02092314
0.02393770
0.02792788
0.03590751
0.03191829
0.02593207
0.02293944
0.02493382
0.02293873
0.02293921
0.02294087
0.02392936
0.02490187
0.02693868
0.03590417
0.03490329
0.03091598
0.03489065
0.03687453
0.03590631
0.03191185
0.02792859
0.02792716
0.02592683
0.02792645
0.02792907
0.02692914
0.02693057
0.03790379
0.04188895
0.03091788
0.03390813
0.03092265
0.02701759
0.02992082
0.02493286
0.02612424
0.02892447
0.05086446
0.05186582
0.04088306
0.01994777
0.01695299
0.02194405
0.02892423
0.02393365
0.02094126
0.02094603
0.01995015
0.02194405
0.01994681
0.01994658
0.01695704
0.01791358
0.01795292
0.01894927
0.02094722
0.02649021
0.02693391
0.02593184
0.02194214
0.01895046
0.01695466
0.01895475
0.01994658
0.01994681
0.02692986
0.02193809
0.02191138
0.02093959
0.01595759
0.01994681
0.01995039
0.02047586
0.03291154
0.03193665
0.03490973
0.02992153
0.03490782
0.03010654
0.02792573
0.02692437
0.02692699
0.02792764
0.02493715
0.02593040
0.02194214
0.02293921
0.02095819
0.02393961
0.02094436
0.02194452
0.02194118
0.02194238
0.02390194
0.02194142
0.02393842
0.02293873
0.01894832
0.02295470
0.02293897
0.02094412
0.02194118
0.02094793
0.02094626
0.02175617
0.01895022
0.01994658
0.01795411
0.01994538
0.01994967
0.02293730
0.02692556
0.02293563
0.01994085
0.02094603
0.02191520
0.01994753
0.02194428
0.01994753
0.01692677
0.01795125
0.01795316
0.01895165
0.01795292
0.02093697
0.02094674
0.02194595
0.01994801
0.01895022
0.01894999
0.01795793
0.01897502
0.01994729
0.01894355
0.01995087
0.02514720
0.02593160
0.02212286
0.02194238
0.01795197
0.01896620
0.01894951
0.01894784
0.01994634
0.01992869
0.01894951
0.02194262
0.02293539
0.02194548
0.02194262
0.01895142
0.01795459
0.01894951
0.01795101
0.01894975
0.01795244
0.01894927
0.01994801
0.01795483
0.01994681
0.02094126
0.02692485
0.01895165
0.02933168
0.02792740
0.02893138
0.02592731
0.02094698
0.02194309
0.02094388
0.01997709
0.01994658
0.01894927
0.02792788
0.01896000
0.01894951
0.01795268
0.01795220
0.02194500
0.02194858
0.01895142
0.01795244
0.01994920
0.01795387
0.01994658
0.01735568
0.01893592
0.01894855
0.01795220
0.01795220
0.01994705
0.02502489
0.02592373
0.02493596
0.02195430
0.03093910
0.01894999
0.01795125
0.01795316
0.01797414
0.01795220
0.01895022
0.01994777
0.01595831
0.01595807
0.01595807
0.01496148
0.01496124
0.01595950
0.01496196
0.01496100
0.01595998
0.01595736
0.01695704
0.01595902
0.01795220
0.01595926
0.01496077
0.01895142
0.02293444
0.02194595
0.02293277
0.02193737
0.01997018
0.01895118
0.01894593
0.01695633
0.01593113
0.01695633
0.02494073
0.02493358
0.02493119
0.02493906
0.02294660
0.02094388
0.01496196
0.01594901
0.01595712
0.01695538
0.01494479
0.01795244
0.01595759
0.01695609
0.01594067
0.01695681
0.01595926
0.01695371
0.01596093
0.01595950
0.01596594
0.01496053
0.01496196
0.01795506
0.02293730
0.02680635
0.02094555
0.02094436
0.02490401
0.02393031
0.01495957
0.01595855
0.01496148
0.01586175
0.01595736
0.01894879
0.01695609
0.01595759
0.01595759
0.01695514
0.01595783
0.01695657
0.01595879
0.01595759
0.01595831
0.01595664
0.01795363
0.01795268
0.01895094
0.01695514
0.01795459
0.01695466
0.01795435
0.01694655
0.02393532
0.02293992
0.01695848
0.01697302
0.02093077
0.01995301
0.01795030
0.01894951
0.01795173
0.02094531
0.02693152
0.01995182
0.02094793
0.01894784
0.02593803
0.02493930
0.02592754
0.02592921
0.02992725
0.02393389
0.02394080
0.01994705
0.01894903
0.01995039
0.02791619
0.02692509
0.02592635
0.01994777
0.01994920
0.02094483
0.01994944
0.01992559
0.01894951
0.02191615
0.01994920
0.01994634
0.01994681
0.01894641
0.01994920
0.02393699
0.01894784
0.01795244
0.01891994
0.02490854
0.02692413
0.02494001
0.02892423
0.02393174
0.02094364
0.01895022
0.01795387
0.02094603
0.02194262
0.02792764
0.02589607
0.03191543
0.02795362
0.02993083
0.02492356
0.01795149
0.01895070
0.01795125
0.01894140
0.01795077
0.01795316
0.02194309
0.02094913
0.02591968
0.02592969
0.02194357
0.01995039
0.01994276
0.02194476
0.02293873
0.02093911
0.02293897
0.01894784
0.02094507
0.02194238
0.02094507
0.02194095
0.01695514
0.01795244
0.01695561
0.01895094
0.01678228
0.01695466
0.01595473
0.01595736
0.01496196
0.01498890
0.01595688
0.01592970
0.01496172
0.01595759
0.01595640
0.01595712
0.01595759
0.01895070
0.01894689
0.01794910
0.01994729
0.02593422
0.02095556
0.01797867
0.01895189
0.01795316
0.01795316
0.01595736
0.01895046
0.02293491
0.02394414
0.02293658
0.02194667
0.02294326
0.01695585
0.01649857
0.01695490
0.01595712
0.01695538
0.01595855
0.01597667
0.01595736
0.01595783
0.01596022
0.01496053
0.01595950
0.01496124
0.01595879
0.01595688
0.01495981
0.01695442
0.01496029
0.01596045
0.01496029
0.01495910
0.01495886
0.01595736
0.01595736
0.01695871
0.01595974
0.01995158
0.01994538
0.01496029
0.01496005
0.01496148
0.01495337
0.01496267
0.01595736
0.01595855
0.01595783
0.01596022
0.01597857
0.01584268
0.01695585
0.01695037
0.01794982
0.01496005
0.01597571
0.01894855
0.02293444
0.01994371
0.02592349
0.02593660
0.02792954
0.01595640
0.01595712
0.01595855
0.01595807
0.01695752
0.02593660
0.02195764
0.01695323
0.01695943
0.01895046
0.01695704
0.01895165
0.01993918
0.01895332
0.01994371
0.01695490
0.01698208
0.01595736
0.01894855
0.02183557
0.02297473
0.02094960
0.02293873
0.01794887
0.01695538
0.01695490
0.01695490
0.01795316
0.01795197
0.01795721
0.02293420
0.02194309
0.02193213
0.02293205
0.02094626
0.01692772
0.01695704
0.01693916
0.01796079
0.01595902
0.01795363
0.01895118
0.01894999
0.01795077
0.01994777
0.01893067
0.01894951
0.02194071
0.02094746
0.02094126
0.02193928
0.01986194
0.02793241
0.02393460
0.02295661
0.02293968
0.01795459
0.01995087
0.01895165
0.01893187
0.01695347
0.01695943
0.01695442
0.01695490
0.01795125
0.01595831
0.01695251
0.01995087
0.02094579
0.02393866
0.02193904
0.01695585
0.01695538
0.01595759
0.01696491
0.01595759
0.01695728
0.01595759
0.01595831
0.01595640
0.01595926
0.01595998
0.01595783
0.01740599
0.01698732
0.01695561
0.01595974
0.01678967
0.01595592
0.01595902
0.01695514
0.01595831
0.01795101
0.01695633
0.01595807
0.01696968
0.01894331
0.01695418
0.01595664
0.01994705
0.01595449
0.01595664
0.01595974
0.01597166
0.01594138
0.01795220
0.01695490
0.01695299
0.01595736
0.01699018
0.01576924
0.01795125
0.01513577
0.01795220
0.01595950
0.01695704
0.01593351
0.01496005
0.01496196
0.01695681
0.01595569
0.01695919
0.01892281
0.01595759
0.01595926
0.01596999
0.01595926
0.01695681
0.01695704
0.02194500
0.02292776
0.01995134
0.01894855
0.01994443
0.01895046
0.01595712
0.01496124
0.01495910
0.01595807
0.01595807
0.01595640
0.01595974
0.01595926
0.01595783
0.01595974
0.01895022
0.01595807
0.01695585
0.01595783
0.01795292
0.01595879
0.01894999
0.02393866
0.02654052
0.02395511
0.02592373
0.02393484
0.02693391
0.01695299
0.01795340
0.02094555
0.01895046
0.01896763
0.01895118
0.01894903
0.01895428
0.02194881
0.01995182
0.01895285
0.02092195
0.01895118
0.01994991
0.01994777
0.01994872
0.01994777
0.01994848
0.02293682
0.02693439
0.02793264
0.02892590
0.02592754
0.03091693
0.02139091
0.02693725
0.02493668
0.01695418
0.01595998
0.01697373
0.01692986
0.01595783
0.01795220
0.01895022
0.01992559
0.01795459
0.02094388
0.01795197
0.01795197
0.02094483
0.01994777
0.01994681
0.02293730
0.02094507
0.01996708
0.01894879
0.01894855
0.02293682
0.02196693
0.02293873
0.01895022
0.02094412
0.01994681
0.01894975
0.02094555
0.01894975
0.02195430
0.02096152
0.01997590
0.01894784
0.01891136
0.01897430
0.01895070
0.01895213
0.02194619
0.02593184
0.02193856
0.02294350
0.02493548
0.01994729
0.01792884
0.01795435
0.01695466
0.01695681
0.01795053
0.01695704
0.01797247
0.01795197
0.01795650
0.01795220
0.01894975
0.01896024
0.01795435
0.01894951
0.01894999
0.01746464
0.02194357
0.02094579
0.02094889
0.01896405
0.01994443
0.02596569
0.03789926
0.03092074
0.03391171
0.01894903
0.01796961
0.01795411
0.01840615
0.02891946
0.02991462
0.01996636
0.01793766
0.01695490
0.01695442
0.01695657
0.01695418
0.01695395
0.01795363
0.01795506
0.01697063
0.01795483
0.01795483
0.01696730
0.01695538
0.01695347
0.01795268
0.01695466
0.01595759
0.01593375
0.01561332
0.01496792
0.01496029
0.01595783
0.01495862
0.01493812
0.01496005
0.01495934
0.01396346
0.01495910
0.01495934
0.01599121
0.01595616
0.01396418
0.01392341
0.01595736
0.01496029
0.01496053
0.01595759
0.01496291
0.01496196
0.01496196
0.01747179
0.01561427
0.01595569
0.01596737
0.01595712
0.01396441
0.01595950
0.01396251
0.01592398
0.01496315
0.01496148
0.01595712
0.01495981
0.01396251
0.01396179
0.01496124
0.01697373
0.01595855
0.01496220
0.01396251
0.01496005
0.01496053
0.01696014
0.02194095
0.02164054
0.01396513
0.01496840
0.01497436
0.01595926
0.01795220
0.01496053
0.01597643
0.01597476
0.01695561
0.01496005
0.01595712
0.01598430
0.01695704
0.01795244
0.01893187
0.01695466
0.01695466
0.01396370
0.01595950
0.01396370
0.01496315
0.01396203
0.01396251
0.01496053
0.01396370
0.01496124
0.01396322
0.01496124
0.01442170
0.02493095
0.01448369
0.01396298
0.01396346
0.01396203
0.01595974
0.01595712
0.01595616
0.01795340
0.01496196
0.01695538
0.01495934
0.01695561
0.01496100
0.01695418
0.01496029
0.01495910
0.01496005
0.01396275
0.01595831
0.01496172
0.01494908
0.01396275
0.01496100
0.01495910
0.01447701
0.01488090
0.01496029
0.01496029
0.01396132
0.01447368
0.01441789
0.01396346
0.01595736
0.01495981
0.01495910
0.01396251
0.01695752
0.01396108
0.01495910
0.01495934
0.01495957
0.01396370
0.01595902
0.01546073
0.01695371
0.01496029
0.01495910
0.01495862
0.01394463
0.01495862
0.01396322
0.01595926
0.01496053
0.01595831
0.01396298
0.01496005
0.01395202
0.01595688
0.01496029
0.01595688
0.01495886
0.01493454
0.01495886
0.01394224
0.01495957
0.01396322
0.01496077
0.01396275
0.01595902
0.01495957
0.01496148
0.01396179
0.01595831
0.01396370
0.01595688
0.01396227
0.01396203
0.01396465
0.01396275
0.01496029
0.01496148
0.01495934
0.01396370
0.01595736
0.01396203
0.01496315
0.01396418
0.01445937
0.01296687
0.01496029
0.01397705
0.01595783
0.01396203
0.01483107
0.01567531
0.01494336
0.01396227
0.01296663
0.01396298
0.01396394
0.01496172
0.01396465
0.01496220
0.01396298
0.01496100
0.01495886
0.01496267
0.01396513
0.01496243
0.01496029
0.01438713
0.01596045
0.01496100
0.01595664
0.01495981
0.01396203
0.01495790
0.01393914
0.01294160
0.01496077
0.01396108
0.01495981
0.01396275
0.01496577
0.01496100
0.01518631
0.01396227
0.01396465
0.01394749
0.01595736
0.01496458
0.01596236
0.02294517
0.02162504
0.02294183
0.02094460
0.01996660
0.01994252
0.01895189
0.01994753
0.02094626
0.02000165
0.01895046
0.02094865
0.01895475
0.01994348
0.01995111
0.02393937
0.02593160
0.02055693
0.01795006
0.01695395
0.01714563
0.01695466
0.01595783
0.01497746
0.01595592
0.01595688
0.01595831
0.01597619
0.01643276
0.02193928
0.02396941
0.01595521
0.01496339
0.01396179
0.01496005
0.01496363
0.01496148
0.01395202
