0.01196909
0.01894784
0.02492642
0.02195024
0.02193856
0.01795077
0.01595855
0.01496053
0.01595712
0.01496077
0.01495910
0.01593184
0.01994705
0.02493691
0.02393603
0.02194858
0.02492571
0.01994419
0.01795197
0.01895189
0.01994824
0.02088022
0.01795149
0.01894975
0.01842904
0.01994681
0.01894879
0.01894832
0.01894927
0.01894927
0.01795340
0.01895070
0.01994872
0.02094460
0.02493644
0.02491498
0.02891588
0.02792549
0.02792525
0.02692962
0.02493691
0.01992679
0.01997375
0.02693486
0.02693653
0.03091764
0.02294064
0.02399468
0.02491212
0.02492118
0.02792931
0.02493620
0.02293587
0.02295661
0.02294230
0.02293539
0.02394485
0.02293682
0.01894879
0.01795411
0.01795244
0.02293921
0.02092385
0.02094412
0.01994824
0.02294254
0.02692509
0.02593303
0.03090787
0.02293706
0.02284050
0.02095127
0.02792740
0.02893043
0.02693319
0.02493548
0.02094436
0.01894975
0.01895308
0.02393770
0.01795244
0.01994634
0.01895237
0.01994681
0.02393818
0.02796817
0.02492905
0.01994514
0.01895881
0.01895261
0.02292967
0.02693081
0.02594590
0.02692771
0.03571367
0.02692103
0.02594543
0.02792382
0.02793598
0.02792764
0.02293634
0.02094626
0.02194262
0.02589822
0.02294016
0.02094388
0.02094579
0.02094364
0.02193856
0.01994896
0.02393699
0.02493405
0.02393913
0.02992582
0.02692604
0.02992344
0.02855277
0.02992535
0.02792430
0.03192902
0.02891636
0.02891636
0.03092051
0.02692914
0.02693415
0.02393198
0.02194166
0.02493453
0.02395415
0.01994777
0.02093792
0.02493405
0.02892327
0.02692413
0.02193952
0.02593422
0.02992368
0.02692676
0.02696252
0.02393579
0.02293873
0.02194238
0.02393532
0.02194214
0.02393556
0.02194190
0.02295828
0.02393699
0.02593207
0.02892923
0.03291011
0.02692223
0.02294254
0.02393579
0.02094436
0.02194166
0.02194023
0.01695538
0.01895118
0.01895022
0.01797318
0.01795268
0.01894903
0.01795363
0.01798248
0.01795554
0.01894903
0.01695228
0.01895189
0.01697254
0.01895046
0.01894927
0.02194977
0.01908541
0.01695538
0.01795316
0.01849771
0.01693559
0.01795650
0.01894689
0.02193952
0.02294564
0.02493739
0.02493691
0.02591228
0.02692604
0.02692986
0.02592635
0.02493763
0.02692556
0.02802825
0.01994753
0.02194190
0.02092957
0.02293873
0.02393675
0.02294183
0.02294111
0.02592802
0.02294087
0.02094483
0.01994658
0.01994824
0.01994753
0.01895189
0.01695466
0.02094555
0.02192736
0.01991677
0.02592778
0.02493978
0.02894592
0.02592707
0.02892280
0.02494359
0.02493954
0.02493954
0.02493310
0.02493000
0.02693391
0.02593231
0.02194905
0.02194142
0.02194238
0.02193666
0.02094388
0.01994944
0.02393818
0.02693415
0.01795316
0.01994824
0.01795506
0.01795030
0.01894951
0.01895308
0.01994777
0.02193975
0.01894951
0.02193928
0.01894951
0.01795101
0.01795316
0.01795244
0.01795244
0.01792789
0.02797294
0.02594924
0.02792859
0.01994514
0.02194357
0.01794553
0.01794887
0.01795411
0.01795125
0.02194285
0.02293897
0.02394032
0.02294183
0.02193809
0.02492595
0.02693391
0.02792597
0.02393103
0.01894879
0.02094555
0.01894808
0.02194142
0.01795292
0.01994967
0.01994991
0.02094507
0.02422071
0.02591801
0.02691770
0.02492666
0.02093744
0.01994514
0.01994681
0.01993704
0.02094412
0.01793838
0.01895261
0.02493167
0.02693033
0.01695371
0.01795244
0.01896358
0.01891756
0.01894760
0.02096629
0.02593231
0.02294445
0.02693582
0.02494431
0.02493382
0.02293348
0.02194738
0.02293777
0.02197671
0.01893830
0.01996279
0.01895237
0.01994801
0.02293777
0.01795387
0.02094412
0.01795125
0.01994920
0.01895189
0.01895022
0.01795316
0.01793909
0.01895046
0.01795292
0.01792336
0.01994395
0.02194428
0.02294254
0.02094221
0.02196074
0.01994491
0.02394009
0.02194095
0.02294254
0.01795316
0.01897669
0.01795292
0.01844311
0.01895571
0.02294374
0.02293611
0.02692652
0.02193642
0.01795912
0.02392936
0.02293754
0.02393270
0.02094507
0.02493978
0.02094555
0.02194762
0.02094722
0.02293944
0.02395940
0.01496887
0.01595807
0.01595664
0.01695538
0.01496005
0.01695538
0.01695752
0.01695848
0.01792526
0.01894999
0.01695466
0.01595902
0.01595712
0.01696157
0.02693224
0.01894951
0.01994514
0.01994658
0.02194333
0.01995420
0.01894975
0.02094078
0.01994896
0.01997089
0.01595736
0.01747751
0.01646590
0.01495838
0.01595974
0.01595998
0.01496077
0.01496220
0.01495957
0.01496196
0.01595783
0.01496434
0.02294612
0.02394390
0.02293110
0.02094269
0.01595712
0.01798177
0.01695538
0.01995134
0.01795530
0.01695776
0.01895165
0.01695943
0.01396251
0.01396275
0.01593709
0.01695466
0.01895189
0.01794839
0.02194500
0.02493644
0.01495981
0.01595807
0.01496077
0.01695538
0.01496053
0.01693845
0.01594400
0.01795268
0.01493192
0.01892495
0.01596403
0.01695633
0.01695490
0.01595712
0.01595855
0.01897120
0.02793097
0.02357507
0.02449894
0.02593088
0.02592921
0.02493072
0.02492952
0.01995063
0.02094221
0.01895022
0.01895928
0.01993990
0.01695561
0.01595902
0.01595736
0.01894999
0.01595759
0.01595974
0.01595640
0.01895046
0.01895499
0.01895046
0.01498652
0.01797318
0.01896214
0.01994634
0.02196622
0.02094173
0.02094197
0.02293992
0.02294230
0.02294350
0.02501440
0.02293563
0.02394223
0.02293372
0.02293730
0.01695561
0.01895428
0.02688861
0.02095127
0.01894855
0.01595688
0.01496172
0.01496029
0.01795387
0.01595807
0.01695395
0.01496196
0.01795387
0.01495934
0.01795435
0.01595759
0.01795626
0.01995039
0.02394319
0.02293730
0.02293897
0.02096415
0.01994443
0.02293777
0.02692890
0.02693057
0.02193785
0.01795483
0.01795316
0.01795506
0.02194118
0.02193737
0.02093673
0.01695395
0.01695728
0.01695538
0.01697397
0.01696539
0.01695561
0.01795387
0.01795220
0.01894975
0.02194858
0.02094173
0.01793504
0.02193809
0.02193737
0.01895618
0.02094626
0.02094221
0.01694727
0.01496148
0.01397347
0.01396251
0.01496029
0.01795363
0.01847124
0.01495934
0.01496077
0.01496148
0.01496172
0.01496243
0.01496053
0.01496148
0.01495838
0.01496077
0.01795912
0.01895118
0.01892757
0.01892138
0.01794958
0.01495957
0.01396394
0.01296473
0.01396441
0.01396394
0.02094126
0.02194524
0.02093959
0.01695466
0.01994872
0.01695347
0.01994801
0.01595688
0.01496005
0.01495910
0.01396537
0.01396346
0.01598716
0.01595759
0.01795292
0.02394581
0.02194357
0.02194309
0.02094293
0.01895428
0.01894999
0.01894999
0.01697016
0.01595473
0.01396585
0.01496053
0.01396179
0.01396298
0.01496005
0.01595902
0.01396322
0.01395440
0.01496077
0.01396656
0.01396203
0.01396346
0.01396370
0.01296616
0.01495957
0.01496077
0.01496029
0.01495862
0.01595879
0.01596856
0.01596093
0.01795888
0.01795864
0.01895452
0.01895022
0.02094221
0.01994729
0.01946664
0.01695251
0.01695633
0.01595807
0.01794815
0.02393937
0.02292156
0.02293158
0.02394485
0.02393222
0.01695395
0.01695442
0.01695228
0.01696062
0.01895022
0.01795745
0.01695848
0.01795578
0.01595283
0.01396513
0.01596045
0.01496243
0.01496267
0.01496124
0.01595855
0.01496911
0.01895308
0.02194428
0.02393317
0.02593303
0.02593327
0.01549602
0.01695585
0.01895046
0.01994848
0.01894951
0.01795292
0.02094221
0.02193928
0.01795578
0.01892543
0.01895142
0.01994467
0.01695490
0.01697445
0.01993251
0.01993060
0.01894665
0.01994777
0.01997209
0.01793313
0.02194142
0.02593780
0.02194405
0.01646614
0.01595950
0.01496100
0.01795149
0.01696968
0.01994014
0.01695800
0.01894832
0.01695466
0.01994634
0.01746440
0.01695466
0.01695466
0.02293992
0.01497412
0.01496243
0.01696062
0.01496243
0.01595879
0.01595807
0.01695418
0.01695585
0.01994872
0.02293634
0.01994681
0.01994753
0.01994705
0.01496172
0.01595759
0.01595759
0.01595879
0.01695585
0.01695752
0.01995397
0.01994848
0.01995015
0.02094769
0.02195621
0.01993990
0.02194405
0.02194142
0.01994634
0.02194691
0.02120662
0.01695371
0.01595831
0.01695395
0.01695323
0.01695561
0.01695347
0.02692628
0.02193999
0.02892280
0.02593398
0.02695179
0.02592897
0.02494836
0.02792692
0.02394462
0.02394271
0.02593088
0.02894211
0.02492833
0.03391767
0.02194023
0.02094007
0.02194262
0.02193260
0.02393317
0.02294183
0.02592921
0.02193141
0.02792335
0.02493000
0.02393556
0.02493978
0.02493334
0.02690959
0.02792525
0.02892375
0.02792692
0.02393770
0.03290272
0.02892327
0.02991939
0.02992964
0.03589821
0.02591276
0.02590680
0.02393365
0.02393770
0.02692604
0.02393675
0.02294016
0.02293921
0.02093196
0.02393770
0.02238846
0.02300262
0.01894999
0.02094579
0.02094483
0.01994586
0.02294135
0.02195668
0.02092171
0.01994944
0.02194142
0.01894927
0.01894832
0.01695538
0.01795459
0.01695585
0.01796365
0.02094746
0.02194452
0.02194500
0.02093339
0.02094126
0.02293611
0.02194524
0.02395320
0.02194309
0.02194381
0.02293849
0.02293944
0.02094936
0.02494001
0.02337146
0.02393103
0.02592635
0.02294087
0.02393341
0.02593517
0.03489876
0.02692723
0.02892041
0.02692556
0.02293611
0.02193928
0.02096486
0.02193689
0.02094460
0.02493262
0.02792907
0.02293897
0.02394462
0.01994753
0.01695585
0.01895118
0.01695561
0.01895213
0.01795053
0.01895285
0.02196813
0.02194047
0.01795363
0.01795220
0.02094221
0.02094460
0.02940702
0.02992463
0.03291368
0.02194381
0.01994705
0.01941848
0.01797128
0.01893473
0.01795268
0.01991796
0.01795435
0.01994610
0.01795363
0.01994562
0.01894951
0.01994538
0.01994824
0.01991296
0.02393961
0.02020693
0.01980853
0.01795316
0.01894951
0.01795411
0.01894855
0.01695323
0.01897955
0.01695442
0.01595545
0.01595712
0.01595902
0.01894879
0.01696849
0.01695776
0.02094293
0.01885486
0.02393675
0.01994634
0.01695490
0.01695585
0.01894903
0.01595759
0.01895237
0.01695395
0.01795387
0.01695538
0.01697707
0.01695442
0.01695609
0.02091718
0.02793241
0.03191066
0.02992558
0.03294134
0.02992439
0.02094030
0.01795340
0.01895165
0.01895165
0.01994586
0.01994538
0.01996827
0.01695466
0.01695514
0.01893544
0.01695514
0.01895165
0.01994991
0.01931739
0.01895022
0.01994634
0.01994920
0.02091360
0.02345324
0.02294040
0.02194095
0.01994681
0.01894689
0.01994705
0.01994801
0.01994753
0.01894379
0.01795435
0.01994991
0.01872873
0.01795125
0.01795268
0.01795173
0.01994562
0.01695490
0.01894975
0.01895356
0.01895070
0.01795363
0.01994562
0.01795316
0.01994920
0.01795173
0.02094722
0.01895261
0.01994896
0.01695371
0.01795912
0.01795292
0.03589821
0.03362489
0.03492022
0.03790545
0.02892065
0.01796889
0.01795387
0.01795220
0.01695251
0.01795268
0.01795435
0.01796007
0.01795506
0.01795244
0.01795244
0.01896691
0.01795530
0.01895142
0.01695585
0.01747561
0.01894999
0.01794982
0.01895189
0.01795268
0.01795435
0.01994920
0.01895046
0.01695371
0.01695824
0.01792312
0.01695561
0.01795268
0.01695538
0.01795363
0.01697636
0.01795197
0.01792526
0.02152276
0.01695395
0.01595807
0.01946187
0.01795220
0.01895237
0.01695490
0.01795244
0.01595545
0.01894999
0.01696730
0.01895213
0.02191520
0.02992296
0.03390765
0.02293873
0.02394485
0.02294159
0.02196050
0.01994753
0.02094340
0.02393675
0.02393627
0.02293754
0.01795125
0.01795101
0.01594234
0.01595759
0.01695681
0.01695466
0.01695466
0.01795363
0.01795149
0.01768446
0.02094436
0.01895070
0.01994634
0.01894975
0.01994705
0.01995039
0.01994824
0.02094507
0.01994967
0.02194285
0.01894999
0.01895142
0.02194023
0.02194524
0.02293801
0.02094245
0.02293944
0.02493644
0.02635241
0.02493691
0.02794552
0.02992368
0.02892518
0.01994753
0.01995015
0.01994777
0.02094650
0.01945877
0.01994848
0.02094436
0.01994944
