0.02800107
0.02399778
0.02400112
0.02000260
0.02000356
0.02399707
0.02398849
0.02399993
0.01913595
0.01599860
0.01599765
0.01599789
0.01999784
0.01599860
0.01599646
0.02399802
0.02399659
0.02399540
0.01999879
0.03180337
0.02399778
0.02923727
0.02800560
0.03202105
0.02800298
0.01999855
0.01999974
0.03200483
0.02799439
0.03198266
0.02798796
0.03198624
0.02402043
0.02804017
0.02799892
0.03089070
0.02800155
0.02799320
0.02799940
0.02800870
0.02800035
0.03199768
0.03113842
0.02609062
0.02800274
0.03999829
0.03999996
0.04399443
0.04400015
0.04530573
0.04796791
0.03999162
0.03999758
0.01998687
0.01598239
0.02000356
0.02000666
0.02400613
0.01695490
0.01600003
0.01600528
0.02002668
0.01726341
0.01601887
0.01600051
0.02071142
0.02799344
0.02399564
0.02220392
0.02799702
0.02399421
0.01999974
0.02000475
0.02000237
0.01999259
0.01999450
0.02401829
0.01999664
0.02399373
0.01999784
0.01988244
0.01601386
0.01599932
0.01600027
0.01595855
0.01600051
0.01999879
0.01999998
0.01806450
0.01613998
0.01999855
0.01999998
0.02000117
0.02000070
0.01999927
0.01600194
0.01999640
0.01999950
0.01999879
0.01956487
0.01607251
0.01599884
0.01999927
0.01999879
0.02000070
0.01999927
0.02799845
0.02352309
0.01999760
0.01600051
0.02059174
0.01999474
0.01600289
0.01989293
0.01600003
0.01600194
0.02000022
0.01999831
0.01999831
0.01962686
0.01999879
0.02151179
0.02000189
0.02799582
0.02800417
0.02399826
0.02401543
0.02800131
0.02801085
0.02989221
0.01999831
0.02399898
0.02400184
0.02400017
0.02799273
0.02399707
0.03200817
0.02799749
0.02720380
0.03200102
0.02802300
0.02804112
0.02400088
0.02801800
0.03110313
0.02800965
0.02416086
0.03999996
0.03598690
0.03600001
0.02822375
0.01599979
0.02000284
0.01999950
0.01599979
0.01599908
0.02800250
0.02400088
0.01600170
0.02000332
0.02800274
0.02400756
0.02799559
0.02296114
0.01999927
0.01812124
0.02402544
0.02445269
0.02003717
0.02503848
0.02399135
0.02400255
0.02800012
0.01994538
0.01999092
0.01999855
0.01600075
0.02000189
0.02000093
0.02000022
0.01999879
0.02000737
0.01599979
0.01306105
0.01599789
0.01976562
0.01972318
0.01999927
0.01999807
0.01599598
0.02000022
0.01999640
0.01601171
0.01999593
0.01999879
0.01999950
0.01806855
0.01999855
0.02382231
0.02396750
0.02403450
0.02400303
0.01999640
0.02000022
0.01999903
0.02108216
0.02057123
0.02000237
0.02000189
0.02000046
0.01999474
0.01599813
0.01999855
0.01999760
0.01999784
0.01996207
0.01648378
0.01508307
0.01998687
0.01599956
0.01599860
0.01601982
0.01600003
0.01580787
0.01602101
0.01600099
0.02000093
0.02400756
0.02880502
0.02020168
0.01599908
0.01729274
0.02398372
0.02579141
0.02399755
0.01717186
0.01599956
0.01599932
0.01600051
0.01999927
0.01601648
0.01999879
0.02399683
0.02800059
0.02399898
0.02400112
0.02000594
0.01999974
0.02000022
0.02112317
0.01999736
0.01999807
0.01600051
0.01988983
0.02399778
0.02132940
0.02400398
0.02000046
0.02399564
0.02399755
0.01999378
0.01978660
0.01999831
0.01999855
0.01999736
0.01999879
0.02000022
0.01999927
0.01599860
0.01600051
0.01679540
0.01600003
0.02070212
0.01999736
0.02424979
0.02400041
0.02399802
0.01999784
0.01599598
0.01999855
0.01599789
0.01888251
0.01599836
0.02400088
0.01600003
0.01566911
0.01978517
0.01600409
0.02020097
0.02400303
0.02399015
0.02205062
0.02146602
0.02399993
0.02000570
0.01999974
0.01600003
0.02000046
0.02799821
0.01999402
0.01912832
0.02399707
0.01999569
0.02000046
0.01988268
0.02001643
0.02368689
0.01999974
0.01999593
0.02000093
0.01999831
0.01813650
0.01998830
0.02188182
0.02399969
0.02396846
0.02400422
0.02430773
0.01999903
0.01599646
0.01835418
0.01599860
0.02000809
0.01600027
0.01599908
0.01976037
0.01599574
0.01999974
0.01999950
0.02798486
0.02399611
0.02186632
0.01600146
0.01999712
0.02400708
0.02400565
0.02000022
0.01600289
0.02396846
0.02493310
0.02659297
0.02400732
0.02400565
0.02000260
0.02799535
0.02800441
0.02799201
0.02400041
0.02402806
0.02879310
0.02400112
0.02399826
0.02399874
0.02400875
0.02800083
0.02400088
0.01999879
0.02399921
0.02400136
0.01999807
0.02164841
0.02399755
0.02400231
0.03199720
0.02802300
0.02358437
0.02398467
0.02399421
0.02400088
0.02400041
0.01909018
0.02397442
0.02378821
0.01999855
0.01999974
0.01999831
0.01999974
0.02000451
0.02399826
0.02799964
0.02799678
0.03220487
0.01855564
0.01999688
0.01999903
0.02090120
0.01999974
0.02001691
0.02798676
0.02397966
0.02400923
0.01999950
0.02337265
0.01998115
0.01999736
0.02000070
0.02446842
0.02401280
0.02400064
0.01924849
0.02000070
0.02400470
0.01999736
0.02113771
0.02399731
0.01999903
0.01599860
0.01599693
0.01599717
0.01999998
0.02000189
0.01993918
0.01600051
0.01600003
0.01740980
0.02000022
0.01599693
0.02400541
0.02399421
0.02399969
0.02000070
0.01999950
0.02396774
0.02400327
0.01799059
0.02003217
0.02399850
0.02399659
0.02800274
0.02399898
0.02399325
0.02400327
0.02400780
0.02159095
0.02400088
0.02003837
0.01991701
0.02000022
0.01999879
0.02000380
0.01999831
0.01999974
0.01599932
0.01999307
0.01596761
0.01599932
0.01705098
0.02000093
0.01999879
0.01599860
0.01999712
0.02400160
0.02400112
0.01599813
0.01997900
0.01600051
0.01717877
0.01600003
0.02000856
0.02399635
0.01997447
0.01999950
0.01599979
0.01999974
0.01599669
0.01999855
0.02000022
0.01602268
0.01599717
0.01999831
0.01999950
0.01599789
0.01600814
0.01980996
0.01599836
0.02000022
0.01999521
0.02396870
0.02800083
0.01999617
0.01600051
0.02000022
0.01600146
0.01999927
0.01999378
0.01999998
0.01989341
0.01599383
0.01600003
0.01599932
0.01720047
0.01999927
0.01999760
0.02061248
0.01600456
0.01598430
0.01597738
0.01599908
0.01599908
0.02000332
0.02400351
0.02400088
0.02798986
0.02400064
0.02110744
0.01999903
0.01599765
0.01600027
0.01600003
0.01999879
0.01602554
0.01599765
0.02000332
0.01600122
0.01600337
0.01602364
0.01599908
0.01706076
0.01599956
0.02254653
0.02400088
0.02396774
0.02400494
0.02399468
0.01997113
0.01801920
0.02399087
0.01997876
0.02400017
0.02001786
0.02399969
0.02397537
0.02399349
0.01997566
0.02000093
0.02399278
0.02401686
0.02022934
0.01506019
0.01600003
0.01599979
0.02000070
0.01978588
0.02000117
0.01600003
0.01600003
0.01599979
0.01600027
0.01199865
0.01600051
0.01961994
0.01600432
0.02000093
0.02001238
0.01999879
0.02000546
0.02000451
0.02000451
0.01999664
0.01999116
0.02799416
0.02402592
0.02008772
0.01568913
0.01599789
0.01602650
0.01600051
0.01599884
0.01602411
0.01600075
0.01597881
0.01200175
0.01599932
0.01600552
0.01600027
0.01601386
0.01789093
0.01411033
0.01575732
0.01572347
0.01600170
0.01568007
0.01599932
0.01599956
0.01599407
0.01600003
0.01588225
0.01600099
0.01599979
0.01701069
0.01888323
0.02400231
0.02400732
0.01599884
0.01601195
0.01599026
0.01599813
0.01600027
0.01599908
0.01599741
0.01599765
0.01999974
0.01599741
0.01505637
0.01599550
0.01599836
0.01599836
0.01599765
0.01600051
0.01599979
0.01600122
0.02400017
0.02399993
0.02399969
0.02400184
0.01999164
0.01779413
0.01600218
0.01602578
0.01599979
0.01632118
0.02000141
0.01999664
0.02000189
0.01999664
0.01999903
0.01600623
0.02799797
0.02647233
0.02009058
0.01999879
0.02400231
0.02399731
0.02800727
0.01999664
0.01999998
0.01999831
0.01999664
0.01999640
0.01704431
0.02400017
0.01999640
0.01599956
0.01599789
0.01999950
0.01999927
0.01999974
0.01599789
0.01600051
0.01599979
0.02000046
0.01844811
0.01599956
0.01980925
0.02118230
0.01999950
0.01999354
0.02399778
0.02396846
0.02501583
0.01962352
0.01599860
0.01597309
0.01599884
0.02000093
0.01600051
0.01599765
0.01999831
0.01599956
0.01599765
0.01599813
0.01552653
0.01999950
0.01999879
0.02102160
0.02397418
0.02399421
0.02400064
0.02399945
0.02400923
0.02402806
0.02395296
0.02400398
0.01904011
0.01601410
0.01601148
0.01599932
0.01602006
0.01600170
0.01599121
0.01599860
0.01601219
0.01599789
0.01599836
0.01597714
0.01599908
0.01999974
0.02001333
0.01505041
0.01599836
0.01599717
0.01596141
0.01599884
0.01999974
0.01599932
0.01600027
0.01599908
0.01600528
0.01599932
0.01598001
0.01602983
0.01999927
0.01599646
0.01600051
0.01199913
0.01203132
0.01600051
0.01599479
0.01601958
0.02184534
0.02399302
0.02000284
0.01999640
0.01999903
0.01705623
0.01599908
0.01599979
0.01999617
0.02000022
0.01599836
0.01998615
0.02000117
0.01998734
0.01601005
0.01599574
0.01199961
0.01599956
0.01514268
0.01307726
0.01199818
0.01199841
0.01565289
0.01575232
0.01199937
0.01200104
0.01599979
0.01599956
0.01199961
0.01599860
0.01581168
0.01199841
0.01600003
0.01200032
0.01753545
0.01600003
0.01600122
0.01598930
0.02000713
0.02400446
0.01999998
0.02400613
0.01599717
0.01587725
0.01599836
0.01199293
0.01599908
0.01396251
0.01199961
0.01573920
0.01576257
0.01200056
0.01601768
0.01599860
0.01200056
0.02190328
0.01999998
0.01999807
0.01600027
0.01209259
0.01600170
0.01199865
0.01199841
0.01720643
0.01200032
0.01573372
0.01199841
0.01599932
0.01572895
0.01600099
0.01599574
0.01600099
0.01797032
0.01199937
0.01200032
0.01200724
0.01199937
0.01600075
0.01200056
0.01999855
0.01599932
0.01599646
0.01999950
0.01999760
0.01999426
0.02183962
0.02866888
0.01918817
0.01599836
0.01318526
0.01575541
0.01600051
0.01602697
0.01599979
0.01597857
0.01599836
0.01599836
0.01599979
0.01641583
0.01606202
0.02399373
0.02396369
0.02399802
0.02399683
0.02705121
0.02400756
0.02400827
0.02400470
0.02325225
0.02000165
0.01599884
0.02000213
0.02000213
0.02799582
0.02403355
0.02399588
0.02400279
0.03200245
0.02519369
0.01965952
0.01974916
0.01970077
0.01999855
0.02002621
0.01599479
0.01599860
0.02399611
0.02399802
0.02399874
0.02399135
0.01999807
0.02399945
0.01999307
0.02400684
0.02102542
0.02000761
0.02399731
0.02400494
0.02399731
0.02378368
0.02000451
0.01599956
0.01600003
0.01599765
0.01998091
0.02400327
0.02401257
0.02800012
0.02399540
0.01998305
0.01602197
0.01599979
0.01599956
0.01601410
0.01998711
0.02000070
0.02400088
0.02399707
0.02399516
0.01999569
0.01599979
0.01955032
0.01733232
0.02000403
0.01999855
0.02000070
0.02000594
0.01999927
0.01999903
0.03200269
0.02398324
0.02399325
0.01999784
0.01952338
0.02400088
0.02799034
0.02799988
0.02400017
0.02800441
0.02800632
0.02797651
0.02799344
0.02566957
0.02000022
0.01999998
0.01999807
0.01971841
0.02000070
0.01995969
0.02000093
0.01599979
0.01600027
0.01981425
0.02400589
0.02159071
0.01599979
0.01599836
0.01600051
0.01600027
0.01600003
0.01587343
0.01599908
0.01581001
0.01988125
0.01599932
0.01999855
0.01599765
0.01751399
0.01306415
0.01593399
0.01975989
0.01600003
0.01599813
0.02000380
0.01599860
0.01322746
0.01599956
0.02000237
0.01570749
0.01584268
0.01600027
0.01305485
0.01579285
0.01590514
0.01600194
0.01599908
0.01600051
0.02543259
0.02399683
0.02529621
0.02398443
0.01404977
0.01599932
0.01600027
0.01600075
0.01600003
0.01600051
0.02000213
0.01999998
0.02000570
0.02400064
0.02400684
0.02400351
0.02410626
0.02400589
0.02400613
0.01999831
0.02000189
0.02000284
0.02800083
0.02400327
0.01999927
0.01907206
0.01600027
0.01999378
0.01936102
0.01999855
0.01999879
0.02119541
0.01999998
0.01999235
0.01999974
0.01997757
0.02000022
0.02451897
0.02213907
0.02399850
0.02000690
0.02800250
0.02400017
0.02399921
0.01999784
0.02400351
0.02000403
0.02400279
0.02439618
0.02000332
0.02000237
0.02398634
0.02400041
0.02399969
