0.00799417
0.02400494
0.02799511
0.02799654
0.02398968
0.02399683
0.02799368
0.02799940
0.02402067
0.02800465
0.02800035
0.03200340
0.02400231
0.03198934
0.02799082
0.02400136
0.02800035
0.03200054
0.03199911
0.02800226
0.02800012
0.03200650
0.03599572
0.02796650
0.03999186
0.04800057
0.04400826
0.04463959
0.04211450
0.02400160
0.02799487
0.02400422
0.02399611
0.02876973
0.02399707
0.02405429
0.02399802
0.02000117
0.02401137
0.02400160
0.02800894
0.02399635
0.02002621
0.02197289
0.01999879
0.01998043
0.02399945
0.01999688
0.02000141
0.02801394
0.02796531
0.02800035
0.02411056
0.02802324
0.02800322
0.02399135
0.02400041
0.03198028
0.02914548
0.03199768
0.04399991
0.04792118
0.03999329
0.05153728
0.04802895
0.04800034
0.04799318
0.04399705
0.03999901
0.04551482
0.04400635
0.04401088
0.03999448
0.03999901
0.04350758
0.04799700
0.04398561
0.04400015
0.03999686
0.03601360
0.03605843
0.03600812
0.01580381
0.02000213
0.01999521
0.02000070
0.02000642
0.02180266
0.02009630
0.02401114
0.02399993
0.01999712
0.02001810
0.02399969
0.02400661
0.02061272
0.02003264
0.02000666
0.02000117
0.01600146
0.01999855
0.02000117
0.01599979
0.01600122
0.01599956
0.01599836
0.01199794
0.01600027
0.01503682
0.01599693
0.01999831
0.02000260
0.02400398
0.02183270
0.02000356
0.03199339
0.02400708
0.01609039
0.01599789
0.01999998
0.01999855
0.02800202
0.02803159
0.02401328
0.02400255
0.02400351
0.02400661
0.02801323
0.02800274
0.02801299
0.02802420
0.02399659
0.03200102
0.02801371
0.03216004
0.02400017
0.02801371
0.02927804
0.03200197
0.03199625
0.02800727
0.02399993
0.02400017
0.02399969
0.02000022
0.02374649
0.02399874
0.02374649
0.01999712
0.02011752
0.02398038
0.02520013
0.02400184
0.02799702
0.03199720
0.02799439
0.03198218
0.02799702
0.02400041
0.03051257
0.03200006
0.03200316
0.04800415
0.04800701
0.03999877
0.03917718
0.03601384
0.02000093
0.01999903
0.02799916
0.02399683
0.02800035
0.02399945
0.02800345
0.02799702
0.02799535
0.02800322
0.02399850
0.02628660
0.01997018
0.02000070
0.01513147
0.01999927
0.02400088
0.02800322
0.02399492
0.02799654
0.02800059
0.02399921
0.02511120
0.02800179
0.02398324
0.02400160
0.02400255
0.01999855
0.02400064
0.03200555
0.03200269
0.02800179
0.02799463
0.02399731
0.02400088
0.03201604
0.03200316
0.03199935
0.02811503
0.03200340
0.03200436
0.03199959
0.03206301
0.03200340
0.02800012
0.03221726
0.02399731
0.02775741
0.02773952
0.02399778
0.02799988
0.02800226
0.02799964
0.02399755
0.02800179
0.02799249
0.02399445
0.02800989
0.02799129
0.02948952
0.02800727
0.02800369
0.04399872
0.03308296
0.03600025
0.03579187
0.01999927
0.01999974
0.02002740
0.01997399
0.02000189
0.02000356
0.02001834
0.02344942
0.01600027
0.02000165
0.02000785
0.02000618
0.01929259
0.02852678
0.01720405
0.01600051
0.02002025
0.02400398
0.02399564
0.02399683
0.02399802
0.02000093
0.02400708
0.01296329
0.01200080
0.01599789
0.02400446
0.02000117
0.02399731
0.02000022
0.02000332
0.02867985
0.02798867
0.02800202
0.02800322
0.02399421
0.03199196
0.02731347
0.02799582
0.02800918
0.02712345
0.02400374
0.02800441
0.02399659
0.02400160
0.02400184
0.02800417
0.02800369
0.02952504
0.02000189
0.01998425
0.01999974
0.02000070
0.01999974
0.01999927
0.01976728
0.02400470
0.02797699
0.03455019
0.02799296
0.02799726
0.03038287
0.02399516
0.02800369
0.02799606
0.02800322
0.02781487
0.02800155
0.02797771
0.03200388
0.02396607
0.02799273
0.02400017
0.02398038
0.02799916
0.02400303
0.02592993
0.02800369
0.03200459
0.02800632
0.02800012
0.03972602
0.03969717
0.03613639
0.01864648
0.02116728
0.02486968
0.02399993
0.02399611
0.02400017
0.02400017
0.01603413
0.01599836
0.01604557
0.01968813
0.01599884
0.01599932
0.02400255
0.02273893
0.02399874
0.02123189
0.01599932
0.01599884
0.01999712
0.02800059
0.02399683
0.02797198
0.02401900
0.02800703
0.01999569
0.02749872
0.03015161
0.03199172
0.03199530
0.02398944
0.02799845
0.02399826
0.02799630
0.03200054
0.03505063
0.03600502
0.04800224
0.04399872
0.03999853
0.03199816
0.01600575
0.01601219
0.01852965
0.01999950
0.02000070
0.01598668
0.02001667
0.01999855
0.02399945
0.02400851
0.02436948
0.03200746
0.01999712
0.01932073
0.01999927
0.01999688
0.01603317
0.01999950
0.01999974
0.02400088
0.03200626
0.02800322
0.02799940
0.02825618
0.03200364
0.02797365
0.02798295
0.02799797
0.03200102
0.02894473
0.02799702
0.02518177
0.01910925
0.02398229
0.02598047
0.02797532
0.02831054
0.02800083
0.03199792
0.03598714
0.03203702
0.03999853
0.03599858
0.04000044
0.01995111
0.02039862
0.02001262
0.01999903
0.01999879
0.02203918
0.03199625
0.03200889
0.03600574
0.02400041
0.02399993
0.02800012
0.02400041
0.02399874
0.02400064
0.03822875
0.02400255
0.03200102
0.03199387
0.03200626
0.03200531
0.03200603
0.01907706
0.01999974
0.01999974
0.02000165
0.01597166
0.01978445
0.01966214
0.01999855
0.01999950
0.02000499
0.02000499
0.01999903
0.01999998
0.02114868
0.01600051
0.02002001
0.01999927
0.01999688
0.02111125
0.01999974
0.01599956
0.01999807
0.02000523
0.02000046
0.02225494
0.02399755
0.02399516
0.03199792
0.03199911
0.03599977
0.03199840
0.02799988
0.02799726
0.02599144
0.02399993
0.02399588
0.03199124
0.03196239
0.03199315
0.03859591
0.03200078
0.01805663
0.01996851
0.01978779
0.02000046
0.01598167
0.01599789
0.01999950
0.02399921
0.02117610
0.01999831
0.02000046
0.02399921
0.02400088
0.03600264
0.03600001
0.03999758
0.03599644
0.03198838
0.03598237
0.02506638
0.02369428
0.01999950
0.01999450
0.01995540
0.02002549
0.01999950
0.01999903
0.02000093
0.01999807
0.02400041
0.01999974
0.02009583
0.02000093
0.01979613
0.01918483
0.01599956
0.01596808
0.02000165
0.01999974
0.02000070
0.02000332
0.03200650
0.02799821
0.02000117
0.01999831
0.02000070
0.01999998
0.01999998
0.01600075
0.01599836
0.01599908
0.02000117
0.02000046
0.02000737
0.02000022
0.01705360
0.02196264
0.01700735
0.01966619
0.01999950
0.01998353
0.01999927
0.02119207
0.01998019
0.02000046
0.01999950
0.03201008
0.03846693
0.02275729
0.02799702
0.02681446
0.02799821
0.03199983
0.03196359
0.02930784
0.03199983
0.03599405
0.03601146
0.03614116
0.03599405
0.04000807
0.02799463
0.02799892
0.02799988
0.02708673
0.03199887
0.02398753
0.03812909
0.04122639
0.03810000
0.04002142
0.02353525
0.02399945
0.03999472
0.03195262
0.02399826
0.02799940
0.02799773
0.02769589
0.02630091
0.02398443
0.02400017
0.03600693
0.03999710
0.04000187
0.04823732
0.04400039
0.04641151
0.04399514
0.04799867
0.05302334
0.05721641
0.05199695
0.04801941
0.03703928
0.01999879
0.01999617
0.02400136
0.02800083
0.02800274
0.03199720
0.03199601
0.03200078
0.03200173
0.02799416
0.01999855
0.02400041
0.01999712
0.02400017
0.02000046
0.02399802
0.01999807
0.01999879
0.01984358
0.02236891
0.01896667
0.01999879
0.02399826
0.02519822
0.01999903
0.02238679
0.02372360
0.01999974
0.02399945
0.02399874
0.02799869
0.02000332
0.02400041
0.02401590
0.02800202
0.02800822
0.04400611
0.04000378
0.02800250
0.02209449
0.02400064
0.02380967
0.01998997
0.02385592
0.02366614
0.02400136
0.02376270
0.03372622
0.02796364
0.04565334
0.02399921
0.02799797
0.02800083
0.02399874
0.02399993
0.02400517
0.02399635
0.02399945
0.02399945
0.02415299
0.01999831
0.02399921
0.02399611
0.02400088
0.02402091
0.02399898
0.02399898
0.02800083
0.02400184
0.02933216
0.03761840
0.03600693
0.04010582
0.04001594
0.03600073
0.03600049
0.03841043
0.04000258
0.03999734
0.03600121
0.04800344
0.03600073
0.03999829
0.03999877
0.03999281
0.03998971
0.03603768
0.03199553
0.02800226
0.03600430
0.03600240
0.02400231
0.02407813
0.02400255
0.02473330
0.02800274
0.03327060
0.05600810
0.05200601
0.05599427
0.04789305
0.03999972
0.03200173
0.02400041
0.02399850
0.02800107
0.02000833
0.04000044
0.03599572
0.01704288
0.02000046
0.02400088
0.02364397
0.02373433
0.01999974
0.01999998
0.02397633
0.02399802
0.02400136
0.02800179
0.02956843
0.02906775
0.02799845
0.02891016
0.03000665
0.03200102
0.03200388
0.02800727
0.02921629
0.04001451
0.02799678
0.03541803
0.02799821
0.02799821
0.03200269
0.03200054
0.03599143
0.03599977
0.04401779
0.04342914
0.04799867
0.02800679
0.02399850
0.02799988
0.02800083
0.02346015
0.02399850
0.02905202
0.02605987
0.02799773
0.02400374
0.02799916
0.03200102
0.03600693
0.04000759
0.03999567
0.03599644
0.03105545
0.02799773
0.02800083
0.03199935
0.03315926
0.02799559
0.03200269
0.03199983
0.03600144
0.03200006
0.03200054
0.02775955
0.02399921
0.02399921
0.04118896
0.04400039
0.04400706
0.02399945
0.02609110
0.03600836
0.03600478
0.03599739
0.03600359
0.03599143
0.03601050
0.03602791
0.03049207
0.02370429
0.02366662
0.01999927
0.01999712
0.01999736
0.02399874
0.02399707
0.02798796
0.03600144
0.02799773
0.03110981
0.02800012
0.03620505
0.02800012
0.03600001
0.02400947
0.01999760
0.02102852
0.01999903
0.02600265
0.02118039
0.02800298
0.03599668
0.03600049
0.03600097
0.03999162
0.03200555
0.03027129
0.02799749
0.04800272
0.06400609
0.04799342
0.03995609
0.02368975
0.02100611
0.02335596
0.02378726
0.02400589
0.02801323
0.03202057
0.03200006
0.04400206
0.04400420
0.04799128
0.03495240
0.02800107
0.02799129
0.02799964
0.03199935
0.03600168
0.04401135
0.02000570
0.02371359
0.02374625
0.02000117
0.02355576
0.02399135
0.02370930
0.02375746
0.01999855
0.01999879
0.01999879
0.01999927
0.02800655
0.03599882
0.02800775
0.04305720
0.03999662
0.03199673
0.01999855
0.02399850
0.02800035
0.02799797
0.01999736
0.02002144
0.02366018
0.02399921
0.01965189
0.02383590
0.01999760
0.02389646
0.01999974
0.02002263
0.01999855
0.01977110
0.02000380
0.02402973
0.01967049
0.01997519
0.02400160
0.02550793
0.01999998
0.02398109
0.02399707
0.03334618
0.01999545
0.02533507
0.03200245
0.01999903
0.02002764
0.02415228
0.01999903
0.01999855
0.02000093
0.02800179
0.03200221
0.04402614
0.03999567
0.03998661
0.04002118
0.03116441
0.02799869
0.03199959
0.04402161
0.04000139
0.04400229
0.03200006
0.03187728
0.02203345
0.02399969
0.02399969
0.02801204
0.02399969
0.02399802
0.03200173
0.04799962
0.04799485
0.04160142
0.04402232
0.03999877
0.04400444
0.04000163
0.03999662
0.02400064
0.02399755
0.02399755
0.02408910
0.02776670
0.02783656
0.02399659
0.02400064
0.02399421
0.02802682
0.02799630
0.02273035
0.02400422
0.02782464
0.02748370
0.04400229
0.04400539
0.04799700
0.04399991
0.02400017
0.02400279
0.01999831
0.02400303
0.02210331
0.02398038
0.02399826
0.02404237
0.02399898
0.02399993
0.02367043
0.02399945
0.02401686
0.02373719
0.02379465
0.02399993
0.02000880
0.02370048
0.02381849
0.02375031
0.02400041
0.03200221
0.04817486
0.04800367
0.04923463
0.05041003
0.04800653
0.03600335
0.03200102
0.03199863
0.03199935
0.04000235
0.03599930
0.05478477
0.05600309
0.05601311
0.04000068
0.03999996
0.04399180
0.03199697
0.03763795
0.03598332
0.06259203
0.05199885
0.04401565
0.04857206
0.03200078
0.03199697
0.03199792
0.03199482
0.02800107
0.03600121
0.03199744
0.01999712
0.02399921
0.02109718
0.02400064
0.02800012
0.03200102
0.03199458
0.03999376
0.04000282
0.02799940
0.02658343
0.02503324
0.02000141
0.02378535
0.02402353
0.02799916
0.02800298
0.03600168
0.02800035
0.02799845
0.02399945
0.01999855
0.01999998
0.02399778
0.01999736
0.02799892
0.02798700
0.02799606
0.02799988
0.02798867
0.03199649
