0.01296926
0.02006269
0.01795745
0.01994991
0.01794815
0.02493310
0.02193570
0.01994753
0.01695442
0.01492691
0.01595688
0.01727915
0.01496005
0.01695514
0.02293897
0.02593136
0.02493453
0.01595759
0.01994753
0.01698184
0.01894546
0.01795220
0.01895070
0.01795340
0.01894927
0.02094316
0.01994610
0.02493048
0.02593446
0.02696657
0.02293754
0.02550936
0.02493048
0.02194524
0.02294397
0.02520561
0.02493429
0.01795268
0.01792717
0.01994848
0.02094316
0.01994538
0.01895022
0.02041054
0.02593064
0.02593398
0.02094364
0.01894832
0.01994824
0.01994610
0.02194381
0.01895189
0.01892805
0.01994848
0.01894832
0.01846504
0.01794243
0.01698017
0.01796460
0.01795292
0.01795459
0.01595759
0.01595831
0.01695538
0.01695514
0.01695538
0.01695347
0.01595879
0.01795268
0.01795387
0.01796246
0.02094531
0.01795220
0.02494192
0.01496100
0.01496053
0.01595712
0.01795626
0.02193570
0.02294493
0.02393794
0.02393937
0.02294517
0.02492595
0.01796269
0.01703906
0.01593399
0.01695395
0.01496053
0.01695561
0.01593447
0.01651382
0.01695395
0.02293777
0.02394032
0.02692938
0.01893592
0.01994824
0.01894045
0.02094936
0.01994491
0.01994991
0.02094483
0.01994729
0.01748085
0.01795197
0.01895022
0.03789926
0.02692676
0.02891850
0.01994276
0.02194095
0.01994777
0.02094769
0.02191544
0.01994824
0.01994729
0.01994872
0.01994562
0.02393413
0.02892423
0.03091812
0.02792525
0.03191566
0.03144884
0.02992010
0.03018618
0.03254557
0.02993226
0.03291345
0.03091621
0.02992272
0.02691817
0.01895022
0.02093196
0.02496362
0.02293992
0.02293348
0.02493358
0.02393460
0.01894736
0.01996517
0.01994634
0.01895690
0.01994753
0.01892638
0.01994586
0.01995850
0.02191830
0.02293897
0.02393579
0.02692676
0.02393293
0.02492690
0.02093959
0.01795268
0.01795244
0.01795125
0.01879621
0.01995039
0.02494025
0.03391314
0.02991748
0.02593446
0.02396846
0.03290915
0.02992725
0.03391266
0.03490472
0.02493453
0.02493906
0.02493572
0.01795292
0.01894355
0.01895189
0.02094746
0.02892542
0.03290462
0.02792144
0.01894975
0.01994920
0.02194142
0.02285171
0.02194142
0.02693009
0.02547121
0.02509212
0.02692866
0.02991962
0.02593279
0.02594399
0.02194738
0.02391696
0.02194214
0.02194333
0.02393794
0.02196741
0.02194262
0.02693343
0.01997256
0.01989508
0.02293825
0.01994848
0.02094698
0.02393651
0.02194405
0.02991652
0.02992678
0.02992606
0.03091884
0.03307652
0.03089213
0.03291655
0.03189826
0.03490925
0.02393818
0.02294064
0.02493715
0.02493238
0.03590631
0.03589797
0.02991724
0.02792454
0.02493358
0.02194381
0.01895118
0.02194381
0.01994228
0.01994681
0.02094316
0.01994848
0.01894927
0.01895165
0.01895022
0.01894975
0.01894999
0.01994801
0.02348757
0.02792501
0.02593088
0.03192449
0.03191328
0.03491139
0.02594042
0.02094579
0.02094483
0.02094293
0.02094507
0.02094555
0.02094102
0.02094531
0.02194452
0.01996088
0.01895189
0.01894855
0.01997828
0.01795816
0.01869822
0.01895213
0.02193928
0.02194142
0.02294612
0.02493501
0.02194166
0.02194405
0.02094555
0.02048755
0.02094603
0.01795459
0.01693845
0.01797605
0.01695538
0.01695442
0.01798010
0.01895022
0.01894832
0.01750398
0.01841760
0.01695371
0.01795101
0.01894927
0.01710296
0.01795506
0.01695514
0.01794720
0.01697278
0.01795149
0.01895070
0.01795149
0.01795387
0.01695514
0.01695466
0.01695538
0.01695538
0.01695490
0.01695752
0.01695395
0.01795387
0.01695728
0.01895070
0.01695371
0.01895094
0.01695585
0.01888251
0.02892494
0.03515863
0.01994944
0.02094245
0.01994681
0.02194262
0.01994801
0.02293992
0.01894593
0.01795077
0.01795053
0.01695657
0.01695371
0.01695490
0.01595759
0.01795197
0.01595879
0.01795268
0.01793742
0.01795077
0.01795244
0.01895285
0.01895094
0.02393746
0.02194667
0.02493238
0.02493525
0.02293611
0.02094483
0.02192903
0.02194333
0.02094817
0.02021074
0.02094579
0.02094746
0.02077770
0.02393508
0.01945424
0.02094769
0.01994681
0.01994729
0.02194452
0.02094388
0.02094340
0.01994777
0.01895189
0.01795459
0.01994610
0.01795197
0.02094460
0.02194548
0.02393389
0.02791214
0.02692962
0.02592969
0.02692771
0.02293921
0.02592921
0.02493191
0.02595687
0.02293873
0.02593064
0.02388048
0.03191876
0.02968144
0.02991796
0.02891636
0.01895142
0.01895046
0.01994586
0.01896262
0.01795125
0.01795292
0.01795149
0.01988053
0.02094293
0.01994419
0.01992154
0.01797032
0.01952457
0.01795125
0.01894975
0.01894832
0.01894784
0.01894975
0.01894736
0.01769137
0.01894784
0.01795077
0.01693320
0.01795244
0.01795411
0.01795220
0.01695561
0.01795268
0.01695514
0.01695585
0.01795316
0.01795292
0.01895046
0.01793718
0.01895094
0.01795959
0.01948786
0.01795244
0.02094507
0.01894879
0.01795363
0.01595759
0.01595592
0.01595902
0.01795292
0.01894903
0.01695728
0.01695776
0.01695442
0.01895046
0.01595616
0.01994586
0.02096200
0.01695466
0.01894951
0.01695561
0.01696086
0.01795411
0.01695657
0.01695657
0.01795244
0.01696348
0.01795197
0.01595592
0.01894855
0.01595783
0.01795292
0.01695538
0.01711226
0.01595902
0.01695538
0.01695418
0.01894975
0.01994801
0.02094316
0.01994514
0.01993108
0.01994824
0.01995492
0.01994514
0.02794433
0.02893901
0.02692580
0.01994419
0.01994777
0.02094412
0.01994681
0.02194643
0.01894927
0.01894855
0.01695657
0.01746845
0.01999044
0.01695514
0.01595783
0.01695633
0.01695514
0.01695657
0.02194452
0.02893209
0.03093410
0.02892375
0.03092504
0.02592158
0.01695585
0.01595712
0.01695728
0.01695681
0.01695418
0.01691914
0.01695538
0.01694775
0.01894999
0.01895237
0.01795435
0.01695561
0.01595712
0.01695561
0.01695538
0.01695490
0.01794553
0.02692366
0.02892447
0.02756000
0.02892518
0.02792835
0.03191423
0.02894783
0.02592444
0.02092862
0.02293062
0.02194571
0.02804160
0.03191257
0.02393341
0.01894951
0.01795220
0.01994777
0.01994753
0.01994920
0.01795125
0.01895070
0.01795197
0.01795292
0.01795149
0.01794195
0.01895213
0.01895237
0.01892996
0.01892352
0.01996899
0.01894975
0.02094531
0.01994681
0.01794934
0.03590083
0.01595616
0.01595855
0.01895070
0.01795363
0.01894879
0.01795602
0.01695561
0.01695681
0.01695776
0.01696944
0.01695395
0.01695561
0.01973367
0.02294374
0.02892685
0.02792954
0.02892303
0.02692628
0.02991700
0.02991915
0.02898741
0.02892590
0.02792597
0.02892303
0.02892375
0.03491449
0.02792192
0.01795101
0.01795316
0.01595831
0.01695561
0.01795220
0.01695919
0.01695633
0.01894975
0.01595759
0.01795316
0.01595831
0.01795268
0.01595902
0.01796103
0.01795340
0.01895237
0.01600361
0.01994753
0.01895022
0.01895094
0.01695538
0.01795244
0.01795340
0.01795268
0.01894999
0.01895213
0.01795340
0.01795363
0.02094722
0.01894832
0.01895213
0.02094555
0.01895261
0.02095985
0.01894927
0.01994848
0.01895070
0.01994658
0.01895213
0.01795363
0.01994920
0.01895070
0.01997161
0.01895118
0.02094531
0.01695514
0.01695538
0.01595879
0.01695466
0.01695657
0.01695466
0.01695657
0.01795363
0.01795173
0.01795316
0.01795268
0.01695418
0.01695490
0.01895046
0.01795220
0.01794720
0.01795459
0.01994801
0.01695561
0.03291678
0.02895379
0.03290915
0.02691650
0.02393603
0.02393603
0.01795316
0.01795316
0.01994634
0.01695490
0.01895070
0.01795125
0.01795459
0.01894903
0.01897407
0.01795292
0.01795387
0.01894999
0.01895070
0.01795292
0.01895142
0.01795220
0.01595712
0.01895142
0.01596022
0.01695633
0.01695848
0.01795197
0.01595592
0.01595759
0.01598549
0.01595783
0.01596642
0.01795292
0.01595736
0.01695490
0.01591682
0.01795554
0.01595664
0.01695418
0.01595759
0.01795125
0.01595926
0.01743031
0.01642823
0.01895094
0.01595664
0.01895022
0.01695609
0.01695633
0.01496100
0.01795197
0.01795244
0.01894760
0.01795483
0.01795506
0.02094102
0.02294111
0.01994491
0.01894927
0.01836562
0.01595902
0.01695657
0.01595569
0.01695585
0.01595998
0.01695490
0.01795340
0.01895237
0.02194285
0.02393532
0.02393818
0.02295184
0.02196217
0.02194357
0.02293992
0.02294040
0.02493215
0.02493024
0.01795077
0.01994729
0.01795197
0.01795459
0.02293658
0.01994872
0.02094078
0.01795173
0.01695490
0.01695681
0.01695466
0.01795292
0.01695538
0.01695681
0.01797271
0.01797771
0.01595902
0.01595664
0.01598239
0.01795316
0.01795220
0.01596117
0.01795316
0.01846695
0.01894832
0.01795340
0.01996946
0.01795244
0.01793957
0.01795101
0.01994538
0.01795220
0.01994967
0.02094245
0.01795173
0.01595736
0.01695347
0.01695514
0.01795220
0.01595736
0.01834536
0.01595783
0.01795292
0.01695609
0.01894760
0.01695466
0.01795483
0.01895213
0.01795459
0.01995015
0.01797700
0.01795101
0.01795244
0.01994348
0.02392197
0.02592778
0.02495265
0.02369690
0.02593303
0.01893544
0.02992320
0.02893114
0.03091717
0.02892661
0.03789616
0.02991509
0.01695490
0.01802182
0.01895094
0.01795220
0.01795244
0.01994753
0.01994801
0.01994777
0.01997089
0.02194071
0.02094460
0.02096844
0.01994753
0.01994753
0.01994753
0.02294016
0.01795197
0.01867127
0.02194524
0.01994777
0.01994848
0.02294159
0.02094507
0.02293897
0.02094579
0.01795244
0.02194333
0.02094603
0.02293921
0.02892113
0.02395439
0.02693152
0.02493525
0.02793050
0.02693415
0.02393770
0.02493334
0.02194142
0.03290820
0.03094292
0.02394128
0.02293968
0.02393603
0.02194142
0.02191830
0.02291107
0.02194262
0.02193999
0.02096343
0.02791190
0.02493572
0.02593398
0.03092241
0.02792096
0.01893449
0.01792669
0.01695466
0.01695442
0.01695395
0.01795292
0.01695585
0.01994753
0.01895070
0.02092862
0.01895022
0.02293968
0.02792811
0.03291178
0.02892065
0.02094221
0.02393651
0.01695466
0.01695538
0.01693511
0.01695371
0.01894975
0.01994967
0.01795101
0.01894736
0.01963782
0.01994538
0.02094626
0.01994967
0.02094126
0.01795459
0.01695395
0.01894975
0.01895094
0.02194047
0.01892567
0.02194667
0.02394032
0.02196169
0.02194047
0.01894903
0.01795244
0.01894927
0.01695704
0.01695609
0.01695514
0.01695633
0.01695681
0.01695538
0.01795411
0.01795483
0.01695204
0.01795125
0.01698518
0.01794314
0.01595712
0.01795173
0.01895118
0.01995015
0.01997328
0.01994514
0.02345490
0.02692723
0.02592206
0.02393603
0.01894903
0.01695538
0.01795554
0.01795268
0.01795220
0.01795101
0.01695681
0.01695442
0.02194166
0.02295923
