0.02800179
0.02799606
0.01999140
0.02322912
0.02400398
0.02210999
0.01576567
0.01999831
0.01999831
0.01999903
0.01999950
0.02000046
0.01999784
0.01999903
0.01999807
0.02000403
0.02399850
0.02800322
0.03197908
0.02799416
0.03199697
0.02691507
0.02400017
0.04802442
0.04098058
0.04000163
0.04119682
0.03599954
0.03707099
0.01585746
0.01598907
0.01999998
0.02799797
0.01999879
0.01999879
0.02399635
0.02446938
0.01997924
0.02399874
0.02400804
0.02400136
0.02400470
0.01999617
0.01999927
0.01813245
0.01518846
0.01599550
0.02400589
0.01999736
0.02400804
0.02399254
0.02398396
0.02584839
0.02000952
0.02399063
0.02398491
0.01999974
0.04399371
0.04443574
0.03975201
0.03599739
0.04400086
0.02400398
0.02400303
0.02207637
0.01996517
0.02525043
0.02800393
0.02802992
0.02400446
0.02800441
0.02800512
0.02797294
0.02400637
0.02399278
0.02798605
0.02399778
0.01996803
0.02402186
0.02000022
0.01609039
0.01599908
0.01999950
0.01599884
0.02000260
0.02722931
0.02400136
0.02925754
0.02468109
0.04400325
0.04000378
0.04399705
0.02798772
0.02800274
0.02400732
0.02872300
0.02799177
0.02399969
0.01999378
0.01999831
0.01999664
0.02000165
0.01998663
0.02000260
0.01999998
0.02401590
0.02400923
0.01599979
0.01599932
0.01982379
0.02008748
0.02399993
0.02399802
0.02399302
0.02399683
0.02399993
0.02400017
0.02000117
0.02399540
0.02399945
0.02400637
0.02768564
0.01999712
0.01599813
0.02000046
0.01597857
0.01597261
0.01600027
0.02000237
0.02398944
0.02799153
0.01999521
0.02391386
0.02796888
0.02126765
0.02000380
0.02399755
0.03199816
0.04453349
0.04065728
0.04000258
0.03591156
0.03982139
0.03200316
0.01998115
0.01999903
0.01599956
0.02000022
0.01597667
0.01506567
0.01597190
0.01602626
0.02000070
0.02000093
0.02399755
0.02400899
0.02669835
0.02397203
0.02457356
0.02400589
0.02400541
0.02400088
0.02001667
0.01998162
0.02267170
0.01999950
0.01999974
0.01999927
0.02001333
0.01999950
0.02800393
0.02800083
0.02800345
0.02021408
0.01601291
0.03600216
0.03999734
0.04400110
0.04123998
0.05200028
0.02130914
0.01599956
0.01999521
0.01998377
0.02399993
0.02891064
0.01899004
0.01999879
0.02399850
0.02606130
0.02402520
0.02800345
0.02800083
0.02798367
0.02799821
0.01999712
0.01599932
0.01999903
0.02690148
0.02797198
0.02399707
0.01999950
0.01999998
0.02399802
0.02796626
0.02000022
0.02799773
0.02797413
0.02400613
0.02798486
0.03600574
0.04800725
0.04400730
0.04459071
0.04000068
0.04400039
0.02400517
0.02398825
0.02400303
0.02400088
0.01999235
0.02000141
0.01718140
0.01599884
0.01599979
0.01599789
0.01599693
0.01975346
0.01999688
0.01599526
0.02399635
0.02000189
0.01404738
0.01575899
0.01599836
0.01978803
0.01599836
0.01598573
0.01599956
0.02000475
0.02400041
0.02400470
0.02000141
0.02799344
0.01695657
0.02400017
0.02322173
0.02800012
0.01599717
0.02168751
0.01839399
0.02000093
0.01599574
0.01599979
0.01201200
0.01581860
0.01991630
0.01600051
0.02799439
0.02399993
0.01999593
0.02000165
0.02215314
0.01999807
0.02398515
0.02400994
0.02400422
0.02399993
0.01999521
0.02399087
0.02399778
0.02313209
0.02000046
0.01979113
0.01999998
0.01999760
0.01720500
0.01999640
0.02117729
0.02799344
0.02799630
0.02799535
0.02511930
0.01999784
0.02799201
0.02804065
0.02797079
0.02398419
0.02800202
0.02400017
0.02401567
0.02000046
0.01999903
0.01999974
0.01999831
0.01969528
0.02000237
0.01598358
0.01599979
0.01599956
0.01979184
0.01600051
0.01601458
0.01988029
0.01583791
0.01600432
0.01200032
0.01581693
0.01600099
0.01599908
0.01599407
0.01600432
0.01598644
0.01998973
0.02399898
0.02399659
0.02000117
0.01999760
0.01578450
0.01570678
0.01573420
0.01601934
0.01599884
0.01599908
0.01601410
0.01587868
0.01599264
0.01599908
0.01599407
0.01600170
0.01999760
0.01599789
0.01600075
0.01600099
0.01600027
0.02272677
0.02000380
0.02115536
0.01579094
0.01600051
0.01599908
0.01599741
0.02000141
0.01999950
0.02799416
0.02397704
0.01999807
0.02400064
0.02136445
0.02401209
0.02799416
0.02798724
0.02399230
0.02799749
0.02798152
0.02797937
0.02799773
0.02799559
0.02399993
0.03199410
0.02799821
0.03216648
0.02399755
0.03199625
0.02800369
0.03199792
0.03200054
0.02799606
0.02398968
0.02800274
0.04437423
0.04399753
0.03999949
0.02799821
0.01599813
0.02397847
0.02399158
0.02400684
0.02399683
0.02045798
0.01599836
0.01597214
0.02559471
0.02799416
0.01999760
0.01722956
0.01999879
0.01599073
0.02400374
0.02400041
0.02402949
0.02399993
0.01999736
0.01599956
0.01599932
0.01599431
0.01600170
0.01999998
0.02800655
0.02399611
0.02800179
0.02399778
0.02799916
0.02799320
0.02799439
0.03200006
0.03200769
0.02799988
0.03599453
0.03599787
0.02573681
0.02399969
0.02400970
0.02518392
0.02003431
0.02390981
0.02375698
0.01999688
0.01999950
0.01999879
0.02799988
0.02800107
0.02400136
0.02400112
0.02797890
0.02400470
0.02799821
0.02799845
0.03199625
0.02799582
0.02400160
0.01999974
0.01983237
0.01599836
0.01967096
0.02000642
0.01999784
0.02253413
0.01763582
0.01973653
0.02000022
0.01720929
0.01975727
0.01985931
0.01971698
0.01998091
0.01972103
0.01599765
0.01978397
0.01972628
0.01968861
0.02400184
0.01999736
0.02399850
0.03200340
0.01997423
0.01599813
0.01984286
0.02003145
0.02000070
0.02803516
0.02799773
0.02000833
0.01999784
0.01600027
0.01598716
0.02001882
0.02403188
0.02400064
0.02884245
0.03200030
0.02824283
0.01999855
0.02000165
0.02399778
0.02000046
0.02401686
0.03197145
0.03200102
0.03600097
0.02799964
0.03599405
0.03199482
0.01966596
0.01999927
0.01986957
0.02000332
0.01787925
0.01999760
0.02399898
0.01999831
0.01999807
0.01976752
0.02000093
0.01986432
0.01999760
0.01999950
0.01999784
0.01999903
0.01653004
0.01999593
0.01999807
0.02399921
0.01997805
0.02400041
0.02798390
0.02402949
0.03600073
0.03200459
0.03597045
0.02396822
0.03199697
0.03200269
0.02799058
0.02399755
0.02400208
0.02399874
0.02399898
0.02399564
0.02400112
0.02000022
0.01999879
0.02000165
0.02399707
0.02800441
0.02400208
0.02687502
0.03329897
0.03200340
0.03200030
0.03199720
0.03600025
0.03196573
0.02400422
0.02399778
0.02800941
0.01999950
0.02372503
0.02399731
0.02400446
0.01999903
0.02800035
0.03199387
0.03200269
0.03599548
0.03199244
0.03198242
0.03599763
0.02400136
0.03274632
0.03200006
0.03326631
0.03198504
0.03200340
0.02800250
0.01972318
0.02000093
0.02399826
0.03600335
0.03999352
0.03599334
0.02799654
0.01999974
0.02399945
0.02399707
0.02800298
0.02798581
0.02800083
0.03200459
0.03600597
0.03599811
0.04086328
0.02799773
0.04401731
0.03999949
0.04400492
0.02679539
0.02419543
0.02382994
0.02117538
0.01999974
0.02399969
0.02401090
0.02800822
0.02800250
0.02400064
0.01999903
0.02402186
0.02399993
0.02400184
0.02400041
0.02399802
0.02398324
0.02734852
0.02579212
0.02401352
0.02518845
0.02401805
0.02800083
0.03320718
0.03600335
0.02799630
0.02003598
0.01999950
0.01998043
0.01999950
0.01999950
0.02401471
0.02399278
0.01999927
0.02000451
0.02399945
0.02802444
0.02402496
0.02400088
0.02611041
0.02399945
0.02399993
0.03198123
0.03199434
0.02802205
0.02800179
0.02399778
0.02799821
0.02400112
0.02800035
0.02799797
0.03341961
0.04000711
0.03999686
0.03199601
0.02397919
0.02399945
0.02399492
0.02399945
0.02399373
0.02799964
0.03199768
0.02799749
0.02374601
0.02397037
0.02000070
0.02370358
0.02375054
0.02372241
0.02400041
0.02371836
0.01998854
0.02378774
0.02002716
0.02400184
0.02400064
0.03599501
0.03599644
0.03376174
0.04029441
0.03199816
0.02799511
0.01999879
0.02365756
0.01999998
0.01999950
0.01980996
0.01997948
0.01999855
0.01999855
0.02399921
0.01999927
0.01999998
0.02253270
0.02001333
0.02399874
0.02120209
0.03156662
0.03199983
0.03600669
0.03600359
0.03196836
0.03600430
0.03599882
0.02799582
0.03200054
0.03199768
0.03200293
0.02798486
0.03600740
0.03599668
0.04043746
0.03998566
0.03722191
0.04000711
0.02399898
0.02377772
0.02374887
0.03177452
0.02399945
0.01999903
0.02397895
0.02000093
0.03199410
0.03199816
0.03199196
0.03202987
0.03088999
0.02399492
0.02000070
0.02119851
0.01999950
0.02400684
0.02400088
0.01998472
0.02401614
0.02399921
0.02000165
0.02000046
0.02402520
0.01998615
0.01998091
0.01976132
0.02002430
0.02002120
0.02800298
0.02348924
0.01999974
0.02119207
0.01997328
0.01999927
0.02800035
0.03199458
0.02800035
0.01600003
0.01998615
0.01981950
0.01999974
0.02000093
0.01899004
0.02249050
0.02000093
0.03600240
0.02799916
0.02800107
0.03199100
0.02802038
0.03040051
0.01999784
0.01989317
0.01603961
0.01600266
0.01970649
0.01999903
0.01599979
0.01599503
0.02001023
0.02000046
0.02000284
0.02800179
0.02800059
0.02814674
0.03199959
0.03600097
0.02800703
0.03199673
0.03200912
0.03200388
0.02741528
0.03636384
0.02800012
0.02402139
0.02400470
0.03200364
0.03200579
0.03333163
0.03200817
0.04000759
0.01908207
0.02368617
0.01999879
0.02387762
0.02002573
0.01999927
0.02000022
0.01999950
0.01999903
0.01997709
0.01999927
0.02000403
0.01597834
0.01599884
0.01407218
0.01598930
0.01599789
0.01599932
0.01598883
0.01975894
0.01603460
0.01990008
0.02120996
0.02800083
0.03340888
0.02800918
0.02418184
0.03203487
0.02801323
0.02799988
0.02801037
0.02799606
0.02800751
0.03038669
0.03817511
0.02800012
0.02800441
0.02400589
0.02513337
0.01999807
0.02000165
0.02399993
0.01869845
0.01999903
0.01599860
0.02103496
0.01982474
0.01999855
0.02594829
0.03600717
0.03199649
0.02799988
0.02399683
0.02800059
0.02638555
0.01599216
0.01599836
0.01989722
0.01999807
0.01999974
0.02398896
0.02798867
0.02399778
0.01973224
0.01999927
0.02000284
0.01999807
0.01604700
0.01971436
0.01999974
0.01999950
0.01599932
0.01999950
0.02000093
0.01999998
0.02000046
0.01999855
0.01999950
0.02000093
0.01799011
0.02399898
0.02399540
0.02400112
0.02400327
0.02799034
0.02399683
0.02399921
0.02799654
0.02399707
0.02555609
0.01999903
0.02399683
0.02399945
0.01967239
0.01976562
0.01999950
0.02000046
0.01999831
0.02000022
0.02399969
0.03521967
0.03600049
0.03199863
0.03599405
0.03200221
0.02266693
0.02400088
0.01999807
0.02399945
0.01997876
0.01708341
0.01966882
0.01999927
0.01600337
0.01980710
0.02399516
0.02000237
0.02001119
0.01999187
0.02003646
0.02000141
0.02400184
0.03200650
0.02716851
0.01999760
0.01970029
0.01999855
0.02003837
0.01999831
0.01999950
0.01999807
0.01999927
0.01999927
0.02000093
0.02399874
0.02008080
0.01998830
0.02400088
0.02400017
0.02400041
0.03199363
0.03200126
0.03598881
0.03199649
0.03558993
0.02399969
0.01999998
0.02118850
0.02375364
0.01999950
0.02371550
0.02000403
0.02397227
0.01999855
0.02400351
0.02399898
0.01999998
0.02478313
0.01999950
0.01999855
0.01999903
0.01977754
0.02000594
0.01599026
0.01974440
0.01999831
0.02001190
0.01999307
0.03600383
0.02799439
0.02003074
0.01600242
0.01600623
0.01599836
0.01700974
0.01999545
0.01999831
0.01997733
0.01999712
0.01974726
0.02001405
0.02000046
0.01999974
0.01906610
0.01999879
0.01999712
0.02399802
0.01976323
0.01999998
0.01999855
0.01998639
0.01999807
0.02399802
0.01999927
0.02403212
0.03600550
0.03199816
0.02799797
0.02800584
0.04000092
0.03600597
0.03702545
0.03546071
0.03721595
0.03200698
0.03199148
0.01600909
0.01998901
0.02399850
0.01999927
0.02001810
0.02002335
0.02100205
0.01703882
0.01999927
0.01976109
0.02000022
0.01999760
0.02000093
0.02000093
0.02400231
0.02399778
0.02799845
0.02002311
0.01999855
0.02072144
