0.01534081
0.03201032
0.02928710
0.02799940
0.02339935
0.02399993
0.02801633
0.02400136
0.02399874
0.02400136
0.02399945
0.03199983
0.02800798
0.02615523
0.02399945
0.02399230
0.02000165
0.02400398
0.02799559
0.02800083
0.02399683
0.03987026
0.04000282
0.04125023
0.04402494
0.04400158
0.03999209
0.03781486
0.03607631
0.03718901
0.01598430
0.01600122
0.02400923
0.02400470
0.01996827
0.02000642
0.02292681
0.02399874
0.01999831
0.02399874
0.02000332
0.02400875
0.02400231
0.02003717
0.02400303
0.01325417
0.01199841
0.01600075
0.01600122
0.02798796
0.01998901
0.01199913
0.01598501
0.01567483
0.01599908
0.01603270
0.01199937
0.01600051
0.01599240
0.02402234
0.02399588
0.01999497
0.02001023
0.01974082
0.01968551
0.02000046
0.02400684
0.02799320
0.02671766
0.02399826
0.02399564
0.02523875
0.02799296
0.03200030
0.02799487
0.02397966
0.01999807
0.01999664
0.02399611
0.02399921
0.02399755
0.02399611
0.01999903
0.01999903
0.01999927
0.02399969
0.02799702
0.02800941
0.02799129
0.02401376
0.02799582
0.02799940
0.02800488
0.02304244
0.01999807
0.02788568
0.03199530
0.02929068
0.02399945
0.02400231
0.01999974
0.01600003
0.01599956
0.02065372
0.01908064
0.01992464
0.02000141
0.02000213
0.02000427
0.01600003
0.01999927
0.02402568
0.02800560
0.02399659
0.02399468
0.02802920
0.02399659
0.02399468
0.03200436
0.02400327
0.02616906
0.01600170
0.01601315
0.02249217
0.02000070
0.02399874
0.02525187
0.02400064
0.02399921
0.02400374
0.02399325
0.02400017
0.03163195
0.02399778
0.02799273
0.02000403
0.02000260
0.01999998
0.02399325
0.02800226
0.02800131
0.03240585
0.02799344
0.02799058
0.02803302
0.02398896
0.02399778
0.02399850
0.02357125
0.01999712
0.02000046
0.02225375
0.02002716
0.01999927
0.02000260
0.01999998
0.01999950
0.01978064
0.01600075
0.01999998
0.01976943
0.01999974
0.02400303
0.02363944
0.02000213
0.02799416
0.02399898
0.02000284
0.01999950
0.02000117
0.01999688
0.01599836
0.02264428
0.02001572
0.02400374
0.02400494
0.02800679
0.02800393
0.02916312
0.02801442
0.02800035
0.02802801
0.02327585
0.02800226
0.03200674
0.02800155
0.02800417
0.02400279
0.02800727
0.03516579
0.03599977
0.03600121
0.03600001
0.03199935
0.02800083
0.02400112
0.02399921
0.02643275
0.02400112
0.03068638
0.04400611
0.04525590
0.04399681
0.04801154
0.04744816
0.04399991
0.04400492
0.04000449
0.02402329
0.02799749
0.02800226
0.02397609
0.01751041
0.01977515
0.01996803
0.01718879
0.01599836
0.02000093
0.02000046
0.01599932
0.01999879
0.01601815
0.01998854
0.02210474
0.02350998
0.02012539
0.02526641
0.02400231
0.02400661
0.02400041
0.02399302
0.01999807
0.02001739
0.02400064
0.02110505
0.01998067
0.01600051
0.01599693
0.01975536
0.01977563
0.01579762
0.01599884
0.02000022
0.01599026
0.01999879
0.01599956
0.01599908
0.01696038
0.01599908
0.01600051
0.01599813
0.01599956
0.01577497
0.01571107
0.01606536
0.02000093
0.01999927
0.01719975
0.01600146
0.01600027
0.02003479
0.02399111
0.02002358
0.01599550
0.01999807
0.01602650
0.02000213
0.02000165
0.01999664
0.01999521
0.01795077
0.01600051
0.02000380
0.02399683
0.02800107
0.02399468
0.02800155
0.02400374
0.02399302
0.01999736
0.01600003
0.01600027
0.01570654
0.01599979
0.01547933
0.01599741
0.01600099
0.01719093
0.01999927
0.02399945
0.02400112
0.02412152
0.02397752
0.02800393
0.02799845
0.02799869
0.02398992
0.02400088
0.02399826
0.02399588
0.02199817
0.02400184
0.02000070
0.02799439
0.02800798
0.02800345
0.02400446
0.02399611
0.02400732
0.02657986
0.02539349
0.02800202
0.02802777
0.03198671
0.02799964
0.02400565
0.02400017
0.02400732
0.02400208
0.02399611
0.02000022
0.01999736
0.02400136
0.03196001
0.03600001
0.03596377
0.03599739
0.03678727
0.02800155
0.03199482
0.02800322
0.03600454
0.04662943
0.03999996
0.04801822
0.04800200
0.03998828
0.03999972
0.03999758
0.03600168
0.01599765
0.01999903
0.01994872
0.01998854
0.02400017
0.02399349
0.02399445
0.02400231
0.02399826
0.02799630
0.02797723
0.02800345
0.02799797
0.03199816
0.02400351
0.02800441
0.03125691
0.01999855
0.01999950
0.01600599
0.01999474
0.01795220
0.01999855
0.01599979
0.01997304
0.02000070
0.02000046
0.01599956
0.02402163
0.02399254
0.02400446
0.02399969
0.02801752
0.02001715
0.02000594
0.01600075
0.02000165
0.01967883
0.01999021
0.01599979
0.02000427
0.02801251
0.02800727
0.02111721
0.01999927
0.02363992
0.02242494
0.01998711
0.02001572
0.02398515
0.02400184
0.02399993
0.02000165
0.02800012
0.02207804
0.02798009
0.02399611
0.02971148
0.02799773
0.02797747
0.02799916
0.02799773
0.02799058
0.02914143
0.02002239
0.01974893
0.02000046
0.01965690
0.01975083
0.01999950
0.02402020
0.02399778
0.02000093
0.02799511
0.02798462
0.01610160
0.01975918
0.01599884
0.01600051
0.01999998
0.01997399
0.02000022
0.02002263
0.02400422
0.02399945
0.02803421
0.02617359
0.02799964
0.02800226
0.02400017
0.02399516
0.01999974
0.02400517
0.01999974
0.02000213
0.02400136
0.01907420
0.01803684
0.01999950
0.01999855
0.01602554
0.01972127
0.01973009
0.01718092
0.01938796
0.02399850
0.02799821
0.02881336
0.02799487
0.02799630
0.02800345
0.02399969
0.02397752
0.01997900
0.02399945
0.02399659
0.02400708
0.02799988
0.02800322
0.03203845
0.02800083
0.02799273
0.03200030
0.02800274
0.02800345
0.02399564
0.02264357
0.01951098
0.01999998
0.01999927
0.01798534
0.01999760
0.01999903
0.01999807
0.01999927
0.01599884
0.01999903
0.02002287
0.02201772
0.01977825
0.01981139
0.01599979
0.01596427
0.01599908
0.01599979
0.02000308
0.02800655
0.02400446
0.02000928
0.02400517
0.02471232
0.02400923
0.02401114
0.02800345
0.02400136
0.02399778
0.01998043
0.02001119
0.01999879
0.01999903
0.02000237
0.01997018
0.01743364
0.01599932
0.01615357
0.01356459
0.01599979
0.02000070
0.02528024
0.02399874
0.02800035
0.02799678
0.02466059
0.02400470
0.02398419
0.02400041
0.02399850
0.02799797
0.02939558
0.02002645
0.02000046
0.01998401
0.01504564
0.01975155
0.01975942
0.01985240
0.01979566
0.01599979
0.01965904
0.01599932
0.01599979
0.01600051
0.01599836
0.01599956
0.01580691
0.01688242
0.02278352
0.02399969
0.02526212
0.02399588
0.02398658
0.02399540
0.02400517
0.02400565
0.02000356
0.01999760
0.02073908
0.01970243
0.02400661
0.02397132
0.02399492
0.02399969
0.02799964
0.02399421
0.02000546
0.01999426
0.01600051
0.02001882
0.01599860
0.01599908
0.01602912
0.01599956
0.01600003
0.01601100
0.01600027
0.01838779
0.02400589
0.02800059
0.02400112
0.02581429
0.01505613
0.01599860
0.01599693
0.02000213
0.01599813
0.01600027
0.02000046
0.01999950
0.02000141
0.02000070
0.02431774
0.01999950
0.02094388
0.02400041
0.02397060
0.02400017
0.01999640
0.02001452
0.02000237
0.02399969
0.02400255
0.02339482
0.02399325
0.02399802
0.01609206
0.01600027
0.01599813
0.01720333
0.02000141
0.02000093
0.01599765
0.02000666
0.02407980
0.01710343
0.01571608
0.01578450
0.01600003
0.01974154
0.01599813
0.01600051
0.01599979
0.02000141
0.02000022
0.01600027
0.02000237
0.02000260
0.02493143
0.01600051
0.01599860
0.02001357
0.01570082
0.01573563
0.01567769
0.01533079
0.01180768
0.01571822
0.01584935
0.01568532
0.01450825
0.01567030
0.01574326
0.01867294
0.02000499
0.01999736
0.02399731
0.02000046
0.02400947
0.02399755
0.02399993
0.02398157
0.02020216
0.01566958
0.01572156
0.01599979
0.01564503
0.01578641
0.01600289
0.01200128
0.01570201
0.01199913
0.01575732
0.01599860
0.01600099
0.01600051
0.01199865
0.01750350
0.01496077
0.01199961
0.01599908
0.01568151
0.01597381
0.01573324
0.01599908
0.01599979
0.01584744
0.01575756
0.01599956
0.01599836
0.01999259
0.01598787
0.02399826
0.01206899
0.01600170
0.01600051
0.01571441
0.01568437
0.01595879
0.01599026
0.01599908
0.01581359
0.01600122
0.01600122
0.01599979
0.01600099
0.01610422
0.01599956
0.01600003
0.01600099
0.01599932
0.01971579
0.01600838
0.01199841
0.01199841
0.01199818
0.01585197
0.01600051
0.01199985
0.01600242
0.01599908
0.01505089
0.01599884
0.01199913
0.01600099
0.01196742
0.01203728
0.01199865
0.01960182
0.02397442
0.02000403
0.02399659
0.02400947
0.01994300
0.01600075
0.01600099
0.01999950
0.02000260
0.02000141
0.02400374
0.02399945
0.01599979
0.01999950
0.02400279
0.01999545
0.02313018
0.02399993
0.02404261
0.02400064
0.02400064
0.02400661
0.02800298
0.02799582
0.02800798
0.01999879
0.02399731
0.02193403
0.01972008
0.01594639
0.02000713
0.02799678
0.02002096
0.01599836
0.01971841
0.01972675
0.01977777
0.01599979
0.01599932
0.01702881
0.01599932
0.01599860
0.01599932
0.01974487
0.01566434
0.01599741
0.01575255
0.02000356
0.02400112
0.01999593
0.02399588
0.02000070
0.02417588
0.02007318
0.02000427
0.02400708
0.01997304
0.02400255
0.02400041
0.02000308
0.01563954
0.02000332
0.02808666
0.02399278
0.02800179
0.02820826
0.01999497
0.01600027
0.02000189
0.01999855
0.01999784
0.01999736
0.02065992
0.01607275
0.01598454
0.01600027
0.01600027
0.01601267
0.01600075
0.01596308
0.01599813
0.01600647
0.01999593
0.02001929
0.02398849
0.02400279
0.02396774
0.02399993
0.01599526
0.02800822
0.02400804
0.02800894
0.02400565
0.02400923
0.02400398
0.02800035
0.02706075
0.02400398
0.02399397
0.02399683
0.01999998
0.02000165
0.01999950
0.02000260
0.02797532
0.02399898
0.02605033
0.02800107
0.02641034
0.02800393
0.02799416
0.02799988
0.02800369
0.02799797
0.02801538
0.02800322
0.02792501
0.02563047
0.02799892
0.03049159
0.02400136
0.02525687
0.02399850
0.02399755
0.03200674
0.02511835
0.02799964
0.02399492
0.02323055
0.01808572
0.02399707
0.02399874
0.02001905
0.02120924
0.02398086
0.02470684
0.02398372
0.02402306
0.02399635
0.03200793
0.02799606
0.02800345
0.02798772
0.02816129
0.02402520
0.02161098
0.02003336
0.01999736
0.01999784
0.02401090
0.02303672
0.02401328
0.02400088
0.02518749
0.02494597
0.02271605
0.01999927
0.02000070
0.01999974
0.01999879
0.02000022
0.02000022
0.01599860
0.01600027
0.01999855
0.01599741
0.02000642
0.02399397
0.02400231
0.02399540
0.02399969
0.01999784
0.01598692
0.01999855
0.01599979
0.01599765
0.01600003
0.02000284
0.01599979
0.01666927
0.01602411
0.01599956
0.01599789
0.01599860
0.01600003
0.01999927
0.01600122
0.01599956
0.01717806
0.01599813
0.01599884
0.01999974
0.02000308
0.01600075
0.01668596
0.01641846
0.01999784
0.02000070
0.01600146
0.01599908
0.01599979
0.01599932
0.01599932
0.01599908
0.01861024
0.02000070
0.01600003
0.01684785
0.01403904
0.01599908
0.02000213
0.01599979
0.01599884
0.01600075
0.01600099
0.01957464
0.01599932
0.01599884
0.01597261
0.01599884
0.01600099
0.01303911
0.01600027
0.01600051
0.01600003
0.01600027
0.01600051
0.01599813
0.01999998
0.01596260
0.01599932
0.01599956
0.01600051
0.01599908
0.01598382
0.01620007
0.01600289
0.01600218
0.01199937
0.01597714
0.01599860
0.01600075
0.01599884
0.01199961
0.01600075
0.01600027
0.01599860
0.01599884
0.01199818
0.01599884
0.01477885
0.01600146
0.01600003
0.01199889
0.01600075
0.01199913
0.01199889
0.01717663
0.01599979
0.01600027
0.01199985
0.01599979
0.01599908
0.01199722
0.01714921
0.01603818
0.01199889
0.01598787
0.01199961
0.01745486
0.01566291
0.01599932
0.01599979
0.01597667
0.01597238
0.01599884
0.01600051
0.01599979
0.01599789
0.01199985
0.01648521
0.01200032
0.01199889
0.01598215
0.01599836
0.01199985
0.01599979
0.01599908
0.01199961
0.01600099
0.01600027
0.01599908
0.01600003
