0.02893043
0.02691507
0.02095985
0.01496029
0.01695538
0.02170825
0.02294588
0.02393603
0.02293730
0.02293825
0.02293468
0.02193522
0.01796246
0.01994562
0.01795340
0.02593422
0.02694416
0.02991319
0.02392936
0.01994896
0.01894927
0.01994896
0.02194262
0.01994729
0.01895285
0.01997185
0.01995015
0.02793312
0.02393317
0.02429748
0.02194309
0.02493429
0.02393055
0.02394152
0.02394366
0.02692294
0.02891731
0.01994562
0.01795316
0.01895118
0.01994991
0.02799821
0.02592826
0.02593446
0.02692676
0.02592945
0.02493262
0.02692127
0.02599430
0.02395844
0.01894903
0.02293944
0.02393770
0.02393365
0.02091622
0.02094531
0.01996756
0.02094817
0.02393627
0.02791190
0.02891898
0.02692652
0.02792144
0.02594137
0.02289486
0.02589560
0.02094579
0.02194381
0.02991629
0.02692747
0.02593327
0.03071785
0.02194142
0.02193856
0.02394676
0.02592301
0.02792478
0.02593017
0.02594852
0.02991700
0.02393293
0.02592778
0.02593803
0.02792478
0.02094460
0.02194262
0.02094197
0.02294135
0.02194333
0.02193332
0.01892018
0.01795411
0.02094674
0.01795101
0.01895070
0.01795363
0.01895213
0.02136064
0.01994514
0.01994896
0.01994896
0.01795197
0.01893449
0.01895070
0.02094436
0.02394271
0.02194023
0.01795149
0.01895046
0.01894855
0.01895142
0.02394342
0.02693391
0.02394223
0.02390409
0.02593184
0.02396679
0.02194452
0.02293897
0.02291131
0.02294397
0.02393961
0.01880598
0.01795125
0.01795220
0.01994848
0.01893330
0.01994729
0.02094388
0.02692890
0.02293253
0.02194381
0.02093887
0.01862693
0.01795316
0.01994634
0.02393627
0.01994562
0.01994753
0.02094293
0.02045488
0.01795459
0.01895022
0.01994634
0.01894975
0.01994801
0.01934433
0.01895237
0.02193999
0.02193999
0.02194262
0.02552700
0.02393460
0.02493238
0.02192688
0.02293706
0.02194285
0.02293587
0.02693319
0.02294540
0.01695466
0.01795387
0.01994348
0.01795125
0.01895094
0.02096701
0.02392840
0.02294421
0.02496457
0.02492952
0.02792430
0.02792645
0.02689958
0.03390193
0.02042294
0.02094436
0.01994705
0.02293658
0.02191639
0.01994729
0.02094269
0.02094483
0.02094603
0.02992749
0.02792931
0.03091264
0.02497935
0.02991772
0.02892852
0.02393937
0.03291798
0.03191829
0.03390932
0.03190851
0.02395272
0.02192974
0.02194214
0.02194118
0.02493501
0.02792311
0.02793360
0.02593136
0.02493501
0.02493572
0.02493215
0.02393484
0.03291225
0.02992654
0.03090477
0.02793121
0.03192067
0.02493262
0.01993942
0.02194285
0.01994848
0.01994729
0.02294064
0.01943898
0.01798224
0.01895094
0.01795268
0.01795435
0.01994681
0.02094555
0.02593207
0.02493906
0.02493334
0.02094865
0.01995158
0.02094460
0.02593017
0.01994681
0.01695538
0.01795244
0.01695633
0.01891661
0.01695490
0.01994681
0.02193928
0.02592707
0.02394366
0.02513647
0.01894927
0.02194190
0.01994944
0.01994872
0.02294731
0.02194405
0.02094388
0.01994634
0.01695490
0.01797795
0.01695299
0.01894832
0.01994777
0.01995254
0.01792860
0.01795077
0.02394247
0.02592587
0.02393746
0.02293110
0.02592969
0.01895022
0.01994681
0.01595664
0.01700568
0.01595831
0.01695657
0.01595736
0.01795340
0.01595807
0.01695490
0.01496172
0.01495981
0.01595664
0.01595807
0.01494026
0.01696277
0.02319098
0.02194762
0.02294636
0.02196407
0.02094436
0.01695752
0.01695633
0.01795006
0.01795483
0.01895118
0.02494192
0.02293777
0.01595831
0.01695466
0.01795220
0.01894999
0.01795316
0.01597905
0.01496172
0.01595736
0.01496005
0.01695585
0.01496243
0.01595807
0.01795292
0.01695466
0.01695275
0.01593328
0.01695681
0.01595736
0.01497221
0.02307892
0.02393055
0.01695204
0.01595497
0.01595831
0.01695514
0.01595736
0.01595831
0.01695299
0.01793051
0.01695728
0.01695728
0.02493596
0.02294183
0.02692151
0.02393794
0.02993059
0.02195954
0.01995277
0.02193666
0.02496099
0.02992034
0.02493596
0.02294493
0.02194619
0.02293873
0.02217698
0.02293754
0.01895261
0.01795340
0.01795244
0.01695514
0.01895165
0.01795220
0.01994872
0.02097249
0.02094650
0.02295732
0.02792573
0.02391696
0.02294278
0.03092003
0.02396202
0.02094436
0.01894927
0.01994681
0.01994777
0.01895237
0.01941562
0.01894855
0.01894975
0.02195072
0.02094531
0.02892780
0.02693009
0.02891922
0.02692628
0.02194452
0.01997900
0.01897144
0.01795363
0.01902628
0.01900172
0.01797366
0.01894879
0.01595712
0.01595736
0.01496220
0.01795316
0.01695704
0.01698303
0.02094746
0.01795292
0.01695442
0.02294350
0.02293873
0.02497482
0.02294016
0.01695395
0.01695251
0.01495886
0.01595759
0.01495981
0.01496053
0.01595855
0.01395202
0.01396370
0.01349044
0.01495981
0.01399279
0.01496339
0.01398611
0.01383471
0.01396298
0.01595545
0.01595736
0.01396370
0.01595712
0.01695633
0.02493048
0.01702976
0.01595902
0.01595950
0.01496005
0.01495886
0.01495981
0.01296568
0.01396251
0.01396370
0.01496053
0.01396275
0.01496100
0.01396251
0.01595783
0.01396394
0.01396203
0.01496005
0.01496053
0.01396489
0.01496053
0.01396346
0.01552916
0.01396298
0.01394868
0.01496005
0.01695609
0.01596189
0.01695514
0.01695871
0.01695848
0.01595998
0.02193451
0.02592301
0.02194810
0.02693486
0.01695418
0.01497912
0.01695466
0.01496053
0.01695633
0.01496053
0.01595974
0.01695561
0.01695347
0.01595807
0.01595807
0.01699662
0.01496077
0.01595879
0.01695657
0.01496053
0.01595998
0.01595831
0.01695681
0.01593709
0.01695514
0.01695609
0.01595569
0.01748610
0.01795316
0.02294016
0.02094412
0.02297163
0.02195430
0.02692986
0.01994491
0.01994681
0.01994371
0.01796150
0.01595807
0.01795244
0.01695776
0.02038503
0.02593279
0.02492952
0.02593827
0.02892923
0.01895022
0.01994848
0.01895165
0.02094197
0.01695466
0.01695824
0.01696944
0.01895261
0.01695609
0.01696849
0.01895189
0.01795363
0.01739025
0.02294087
0.02294302
0.02194190
0.01894975
0.01696444
0.01895022
0.01695561
0.01997495
0.01695347
0.01695466
0.01894999
0.01795197
0.01994491
0.01894951
0.01894927
0.01894927
0.01595759
0.01696968
0.01695204
0.01695681
0.01894855
0.01795292
0.01795340
0.01695585
0.01795316
0.01695275
0.01895046
0.01795459
0.01994538
0.01695585
0.01696801
0.01749754
0.01894832
0.01994848
0.01893139
0.01994276
0.01795459
0.01795220
0.01695395
0.01695681
0.01695752
0.01695538
0.01993632
0.01695657
0.01994705
0.01795530
0.01895189
0.01994896
0.01795197
0.01595855
0.01594734
0.01496220
0.01695752
0.01994967
0.02758455
0.02093554
0.01695466
0.01495910
0.01595807
0.01795268
0.01695323
0.01894951
0.02195024
0.01995230
0.02092147
0.02032733
0.02294469
0.02293134
0.01995134
0.01994228
0.01994705
0.01994443
0.02097249
0.02194142
0.02293849
0.02193022
0.02294087
0.01994395
0.01595759
0.01495886
0.01695585
0.01496267
0.01496029
0.01495957
0.01496196
0.01595974
0.01595640
0.01795316
0.01595712
0.01791930
0.01695490
0.01694942
0.01596022
0.01694703
0.01695848
0.01795435
0.01695514
0.01598191
0.01695490
0.01887798
0.02493048
0.02492738
0.01595616
0.01695633
0.01496100
0.01595950
0.01849222
0.01696157
0.01795268
0.02193952
0.01894975
0.01994801
0.02093601
0.02001929
0.01795244
0.01592469
0.01695347
0.01595950
0.01695919
0.01795316
0.01696897
0.01695681
0.01495981
0.01695800
0.01595712
0.01695585
0.01695561
0.02593350
0.01695442
0.01595712
0.01695395
0.01594949
0.01843143
0.01695609
0.01994443
0.01873779
0.02055264
0.02096820
0.02093959
0.01994610
0.01991773
0.01993346
0.01895308
0.02094698
0.01895189
0.01895285
0.01795411
0.01595998
0.01593924
0.01595759
0.01592708
0.01695371
0.01695585
0.01695442
0.01595759
0.01695204
0.01892972
0.01795387
0.01695633
0.01895261
0.01695466
0.01895237
0.02593684
0.02294159
0.02393603
0.02390456
0.02493691
0.02693367
0.02293897
0.02393937
0.02295685
0.01894808
0.01795220
0.01994538
0.01846147
0.01695657
0.01994944
0.01994967
0.02196360
0.02094507
0.02094555
0.02191377
0.02094841
0.02393603
0.02094221
0.02094960
0.02096701
0.02194238
0.01994586
0.02094555
0.01895094
0.01994705
0.01894712
0.01895118
0.01595688
0.01695490
0.01805711
0.01994967
0.02094150
0.01795220
0.01596045
0.01695776
0.01695824
0.01695442
0.01695371
0.01695561
0.01795506
0.01695752
0.01795578
0.01595783
0.01695776
0.01795340
0.01796222
0.01695561
0.01695585
0.01595712
0.01595831
0.01595759
0.01496029
0.01595783
0.01495981
0.01595664
0.01496172
0.01695108
0.01496029
0.01695728
0.01595712
0.01795220
0.01496005
0.01494527
0.01496172
0.01595831
0.01595974
0.02194405
0.02196431
0.02294016
0.02293730
0.02393746
0.02193666
0.01795530
0.01795626
0.01795220
0.01695490
0.01495862
0.01584363
0.01496172
0.01495886
0.01595879
0.01595879
0.01496267
0.01695585
0.01595759
0.01695418
0.01496196
0.01496077
0.01396275
0.01595712
0.01396132
0.01496053
0.01396036
0.01498675
0.01395965
0.01496077
0.01496029
0.01496100
0.01496291
0.01695514
0.01495981
0.01495838
0.01496196
0.01495695
0.01396322
0.01548219
0.01498961
0.01496148
0.01895523
0.01994729
0.01995206
0.01796103
0.02094698
0.02296233
0.02095413
0.02294779
0.02094102
0.02194476
0.02194810
0.01895070
0.01795411
0.01595664
0.01495957
0.01894903
0.01795197
0.01895332
0.02195072
0.01495862
0.01396251
0.01396537
0.01495910
0.01396322
0.01695919
0.01595569
0.01794982
0.01795220
0.01647806
0.01695585
0.01696610
0.01695347
0.01695395
0.02094698
0.02093935
0.02294374
0.02293754
0.02392888
0.02393913
0.02393723
0.02293539
0.02493548
0.02592444
0.02294302
0.02692652
0.02493453
0.02491355
0.02492952
0.02194023
0.01895237
0.01695538
0.01797509
0.01695681
0.01895332
0.01695752
0.01695561
0.01795459
0.01595902
0.01928210
0.01994872
0.01995206
0.02393365
0.01695466
0.01595926
0.01595807
0.01695633
0.01894903
0.01894712
0.01995039
0.01895404
0.01895618
0.01894879
0.01795745
0.01796627
0.01695490
0.01593566
0.01496387
0.01496005
0.01595712
0.01496196
0.01595783
0.01496220
0.01695728
0.01496029
0.01695490
0.01494312
0.01596022
0.01697302
0.01595926
0.01695395
0.02589464
0.02293229
0.02393246
0.01952815
0.01595783
0.01596069
0.01693273
0.01695728
0.01595736
0.01595664
0.01598310
0.01795387
0.01795721
0.01795697
0.01795340
0.01795387
0.01895094
0.01794982
0.01994967
0.01894999
0.01894760
0.01995111
0.01894999
0.02094889
0.01894784
0.01894736
0.01995635
0.01795149
0.01795220
0.01596618
0.01595807
0.01595688
0.01596427
0.01595831
0.01695609
0.01595807
0.02293730
0.02493548
0.02396989
0.02194214
0.01894879
0.01895523
0.01895332
0.01895356
0.02094460
0.01894665
0.01797366
0.01795363
0.01795626
0.01696777
0.01795506
0.01696229
0.02194595
0.01894379
0.01496053
0.01595759
0.01496220
0.01695800
0.01797771
0.01848078
0.01695418
0.01496005
0.01495981
0.01495981
0.01496077
0.01695538
0.01496077
0.01598310
0.01396179
0.01496100
0.01395392
0.01695728
0.02199554
0.02094150
0.02094650
0.02194738
0.02294230
0.02194524
0.02195549
0.02692723
0.01496196
0.01396298
0.01495910
0.01396298
0.01496053
0.01396155
0.01395965
0.01496148
0.01396227
0.01396298
0.01396298
0.01397991
0.01395631
0.01595831
0.01496267
0.01498151
0.01495910
0.01496005
0.01496124
0.01496291
0.01596117
0.01396441
0.01596022
0.01496530
0.01496124
0.01396203
0.01496029
0.01496196
0.01595759
0.01396489
0.01496124
0.01795793
0.02241039
0.01894927
0.01593900
0.01496100
0.01398349
0.01496077
0.01396275
0.01496005
0.01396394
0.01495743
0.01695514
0.01595974
0.01895380
0.02094674
0.01895666
0.01894641
0.01893711
0.01695633
0.01895165
0.01794291
0.01795316
0.01695800
0.01970053
