0.02792668
0.01795363
0.01595831
0.01595926
0.01695371
0.02293849
0.01995063
0.01595664
0.01393890
0.01495171
0.01396275
0.01396441
0.01494813
0.02293515
0.02493238
0.02195001
0.01634598
0.01795030
0.02394271
0.02295089
0.02293658
0.02393675
0.02692795
0.02595258
0.02753425
0.02691865
0.02692842
0.02493072
0.02494264
0.02293110
0.01897478
0.02094316
0.02294517
0.02395129
0.02493382
0.02493644
0.02792192
0.02793908
0.03092313
0.02236700
0.02692819
0.02593422
0.02194238
0.02294111
0.02194118
0.02293992
0.02593279
0.02293825
0.02394009
0.02393985
0.02293944
0.02393723
0.02393627
0.02792645
0.03191543
0.02196383
0.02294278
0.02094388
0.02094626
0.02294517
0.02197552
0.02294016
0.02293658
0.02393699
0.02792406
0.02094364
0.02293897
0.02091622
0.02293849
0.02293944
0.02194238
0.02293921
0.02493310
0.02592778
0.02593184
0.03091502
0.02293634
0.02593422
0.02094626
0.02094579
0.02194166
0.02094436
0.01956105
0.01994514
0.01896167
0.01795268
0.01994061
0.01795912
0.01895118
0.02493429
0.03390431
0.02558827
0.02194023
0.02392459
0.02503586
0.02290177
0.02390313
0.01895356
0.01894832
0.01844072
0.02992368
0.02290177
0.02992344
0.02094436
0.01795745
0.01895809
0.02094889
0.02094865
0.02493429
0.02592993
0.02593088
0.02490616
0.02094460
0.01894999
0.01795268
0.02145767
0.01894999
0.01994681
0.01795292
0.01921463
0.01994467
0.01895094
0.01895022
0.02094412
0.01895094
0.01894975
0.02693105
0.02991700
0.02794409
0.02891588
0.02892971
0.03291750
0.02992654
0.03091741
0.03390169
0.02891922
0.02945805
0.02393627
0.02293992
0.02301526
0.02393579
0.02294350
0.02495360
0.02393818
0.02593184
0.02393508
0.02425122
0.03390694
0.02593088
0.02094698
0.02094603
0.02194166
0.02194118
0.02293777
0.02094412
0.02393675
0.01795387
0.01895046
0.01994801
0.02194023
0.02293801
0.02094412
0.02094436
0.02394032
0.02492857
0.02492809
0.02489519
0.02889276
0.02294302
0.02393579
0.02293634
0.01994777
0.01891780
0.01994967
0.02192736
0.01795244
0.01895356
0.02193809
0.01994681
0.01695538
0.01896405
0.01795220
0.01895213
0.01894951
0.01895213
0.01695800
0.01795316
0.01894903
0.02792239
0.02293515
0.01895070
0.01692867
0.01795173
0.01795292
0.01650023
0.01695561
0.01894879
0.02891541
0.02394605
0.01695466
0.01695490
0.01595902
0.01795340
0.01996875
0.01995015
0.02193856
0.01849723
0.02185631
0.02094865
0.01994300
0.02493715
0.02194858
0.02093863
0.02493906
0.02093935
0.02094746
0.01695561
0.01595759
0.01698446
0.01595831
0.01695514
0.01695991
0.01795411
0.01795244
0.01855516
0.01898360
0.01795292
0.02593613
0.02493858
0.02593517
0.02793026
0.02690053
0.02892733
0.02695131
0.03490448
0.02692795
0.02991295
0.02695131
0.03244829
0.02392483
0.01994777
0.02094603
0.01994777
0.02194262
0.01994777
0.02394199
0.02293992
0.02394080
0.02393675
0.02184677
0.01994753
0.02294230
0.01994681
0.02094579
0.02094555
0.01894784
0.01994491
0.02593517
0.02592731
0.02492809
0.01797223
0.01695561
0.01795197
0.01795173
0.01795483
0.01994634
0.01795435
0.02094531
0.01894927
0.01895285
0.02792072
0.02393627
0.02294111
0.02194333
0.02194262
0.02094030
0.01695466
0.01895189
0.01695633
0.02149248
0.02492762
0.01995087
0.01795292
0.01795197
0.02393413
0.02094054
0.02094245
0.02094722
0.02594829
0.02793169
0.02790523
0.02692103
0.02892971
0.02493048
0.01994872
0.01894999
0.01994514
0.02294159
0.03789663
0.02493119
0.02194381
0.02094674
0.02046132
0.02193999
0.02293849
0.02393603
0.02294040
0.02094722
0.02194285
0.02094436
0.02194786
0.02592325
0.03091741
0.02492237
0.02094436
0.02094340
0.02692318
0.02801728
0.01892328
0.01895189
0.01995015
0.01994634
0.01895332
0.01895046
0.02194190
0.02193952
0.02492523
0.02194166
0.02493286
0.02394247
0.02493429
0.02593064
0.03092432
0.02393770
0.02493048
0.02693033
0.02692270
0.01994967
0.01695490
0.01995063
0.02094150
0.02094889
0.02194095
0.02194262
0.02094674
0.02393317
0.02393699
0.02593279
0.02294326
0.01994991
0.01996708
0.01895094
0.01895022
0.01993060
0.01795244
0.01994681
0.02194118
0.02302599
0.02195835
0.01795292
0.01695633
0.01894879
0.01695704
0.01795197
0.01793551
0.01795292
0.01695657
0.01595640
0.01795602
0.01695466
0.01994443
0.01894617
0.01794696
0.01593566
0.01595902
0.01598787
0.01595807
0.01595712
0.01694465
0.01595640
0.01595712
0.01496005
0.01595950
0.01492834
0.01595640
0.01496053
0.01695538
0.01695561
0.01595759
0.01495194
0.01595569
0.01496077
0.01595831
0.01496053
0.01695561
0.01994991
0.02493382
0.02493501
0.02393556
0.01994753
0.01795363
0.01795816
0.01810765
0.01795459
0.01495934
0.01594234
0.01496196
0.01695752
0.01795197
0.01795268
0.01795554
0.01495981
0.01496029
0.01595831
0.01593614
0.01595736
0.01595616
0.01595831
0.01695490
0.02393293
0.01995087
0.01797438
0.01496005
0.01496220
0.01596022
0.01983643
0.01895142
0.01795363
0.01595902
0.01496291
0.01595902
0.01496172
0.01595998
0.01595807
0.01495957
0.01595926
0.01795220
0.01496053
0.01496220
0.01496267
0.01595783
0.01597905
0.01496840
0.01695561
0.02094007
0.02094531
0.02094412
0.02395821
0.03191638
0.01695561
0.01695538
0.01595879
0.01595712
0.01595926
0.01695561
0.01695561
0.01595902
0.01695752
0.01695657
0.01596022
0.01595998
0.01795220
0.01636004
0.01496148
0.01595926
0.01496005
0.01595640
0.01595664
0.01595664
0.01595354
0.01994991
0.02094603
0.01994681
0.01994848
0.01794958
0.01895332
0.01994801
0.01795578
0.01994658
0.01795244
0.01795340
0.01894855
0.01894879
0.01797390
0.01894879
0.01695347
0.01496029
0.01496053
0.01595736
0.01642871
0.01795340
0.01595759
0.01795316
0.01595926
0.01595664
0.01496196
0.01695704
0.01543450
0.01695633
0.01597261
0.01595902
0.01595616
0.01695490
0.02092004
0.01797366
0.01797295
0.01496100
0.01695776
0.01795530
0.01996422
0.01895547
0.01895118
0.01695657
0.01496172
0.01595688
0.01496053
0.01496100
0.01595712
0.01495934
0.01595712
0.01495934
0.01695538
0.01595736
0.01595879
0.01695728
0.01598573
0.01795101
0.01596022
0.01495957
0.01695800
0.01695609
0.01895094
0.01495910
0.01496172
0.01595712
0.01496077
0.01595855
0.01495862
0.01692390
0.01495910
0.01595712
0.01596546
0.01597595
0.01795292
0.01695704
0.01795316
0.01695275
0.01695490
0.01595807
0.01792645
0.01595712
0.01695800
0.01595640
0.01595664
0.01595759
0.01595736
0.01595926
0.01595807
0.01598310
0.01495981
0.01597071
0.01695752
0.01595974
0.01695514
0.01595712
0.01695561
0.01695347
0.01594257
0.01595855
0.01852202
0.01895118
0.01895046
0.01994491
0.01795340
0.01894832
0.01894784
0.01795173
0.01895142
0.01895165
0.01495981
0.01594567
0.01695585
0.01795030
0.01894808
0.01695442
0.01695514
0.01795554
0.01695442
0.02494073
0.02094388
0.01595736
0.01595592
0.01795149
0.02105927
0.02090454
0.02493382
0.02293348
0.01895213
0.01894736
0.01848698
0.01994538
0.01895332
0.01895308
0.02693486
0.02493048
0.02991462
0.02593422
0.02793813
0.02792549
0.02991414
0.02097535
0.01794577
0.02093124
0.02593422
0.02693439
0.02194309
0.02294016
0.02392602
0.02293849
0.02093291
0.02293873
0.03390670
0.02593088
0.02094531
0.02194548
0.02094483
0.02238345
0.02094817
0.02393770
0.02094483
0.02094650
0.01894808
0.01994777
0.02094483
0.01894951
0.02094460
0.01895142
0.02094388
0.02393651
0.02692914
0.02592468
0.02290559
0.01895022
0.01894975
0.01795316
0.01994610
0.01795459
0.01894855
0.01894832
0.01695633
0.01994705
0.01795220
0.01994753
0.01895118
0.01895118
0.02096748
0.01894832
0.02293873
0.02139926
0.02294040
0.02293849
0.02394104
0.01994705
0.02094197
0.02194285
0.02094340
0.01695943
0.01695347
0.01795197
0.01595759
0.01795435
0.01695538
0.01595712
0.01595736
0.01595736
0.01595783
0.01595640
0.01795149
0.01595688
0.01994658
0.01894855
0.02094293
0.01994443
0.01996231
0.02293444
0.02393603
0.02690458
0.02294064
0.02293277
0.01795244
0.02193975
0.01795244
0.01795506
0.01795530
0.01695490
0.01595855
0.01793456
0.02194476
0.02393508
0.01595807
0.01496005
0.01496959
0.01595736
0.01496744
0.01596141
0.01695704
0.01595640
0.01795125
0.01595831
0.01895070
0.01795435
0.01995111
0.02294564
0.01994896
0.02094483
0.02094126
0.01994896
0.01595783
0.01495981
0.01595759
0.01595616
0.01598287
0.02094531
0.01994777
0.01595759
0.01795506
0.01596069
0.01695633
0.01595592
0.01795197
0.01593256
0.01795197
0.01696515
0.01695824
0.01793504
0.01696038
0.01697159
0.01696491
0.01793838
0.01795197
0.01795316
0.01695490
0.01695633
0.01695514
0.01798153
0.01695418
0.01994801
0.01795292
0.01895022
0.01795220
0.01698375
0.01695561
0.01895213
0.02393556
0.02991962
0.02268434
0.02493834
0.01794910
0.01695681
0.01897812
0.01595807
0.01695466
0.01695681
0.01795220
0.01595712
0.01795530
0.01695490
0.02395916
0.02494121
0.02493334
0.02194762
0.02294517
0.01795340
0.01595569
0.01695418
0.01595807
0.02094388
0.02393699
0.02696276
0.02393675
0.02393746
0.02094936
0.02293658
0.02294087
0.02090526
0.02227235
0.02291679
0.02090311
0.02391791
0.02296042
0.02294660
0.02493620
0.01994705
0.01894832
0.01795292
0.01894951
0.02094269
0.01895308
0.01695681
0.01695490
0.01695347
0.01695490
0.01795387
0.01695538
0.01595783
0.01596022
0.01695728
0.01496100
0.01594138
0.01595640
0.01695466
0.01795387
0.01994753
0.01894879
0.01775980
0.01994705
0.01994777
0.01816463
0.01695299
0.01940036
0.01693010
0.01595831
0.01695371
0.01695490
0.01696801
0.01695657
0.01896763
0.01695824
0.01895428
0.02991271
0.02291155
0.01894879
0.01894689
0.01995182
0.02094197
0.01995039
0.01695490
0.01595855
0.01495910
0.01596022
0.01498365
0.01595950
0.01492262
0.01595759
0.01595664
0.01595950
0.01496124
0.01595020
0.01496220
0.01595688
0.01496267
0.01496172
0.01695299
0.01496243
0.01747036
0.01843286
0.02094555
0.02094126
0.02493477
0.02194762
0.02493310
0.02094293
0.01595712
0.01396179
0.01496267
0.01396441
0.01695418
0.01495886
0.01595902
0.01495934
0.01595640
0.01496005
0.01695609
0.01595879
0.01595831
0.01493526
0.01695538
0.01795220
0.01792359
0.02294326
0.01897097
0.01995015
0.02094460
0.01795149
0.01695442
0.01795125
0.01396179
0.01596022
0.01595998
0.01496053
0.01795387
0.02294040
0.01795173
0.01496196
0.01595759
0.01496005
0.01595902
0.01597810
0.01695776
0.01595616
0.01695395
0.01595950
0.01695514
0.01595712
0.01795387
0.01895046
0.01994896
0.02194309
0.02293944
0.02393675
0.02394438
0.02094603
0.01895022
0.01795053
0.01895070
0.01994824
0.01496053
0.02054739
0.01994252
0.01994634
0.02392912
0.02294207
0.02892351
0.02192974
0.02593350
0.02293062
0.02391577
0.02393579
0.02393675
0.02193737
0.02297258
0.02493334
0.01996756
0.02094841
0.01995063
0.02294445
0.02493358
0.02194452
0.02012134
0.02094865
0.02892995
0.03191519
0.03091979
0.01994801
0.02272773
0.01895070
0.02094674
0.01995921
0.01994562
0.01994753
0.01795316
0.01894975
0.01994705
0.01994705
0.01895165
0.02393913
0.01894808
0.01695633
0.01997232
0.01795197
0.01994371
0.01895285
0.01894903
0.01694608
0.01894903
0.01695514
0.01795387
0.01696348
0.01695585
0.01643038
0.02493906
0.01894641
0.01695490
0.01695657
0.01695347
0.01595664
0.01695752
0.01619506
0.01746678
0.01695371
0.01795411
0.01695418
0.01895046
0.01595736
0.01595902
0.01492333
0.01595592
0.01495910
0.01496196
0.01496172
0.01496100
0.01594782
0.01595807
0.01894808
0.01795006
0.02194023
0.02393579
0.01695466
0.01893115
0.01994443
