0.00799656
0.01985717
0.01999784
0.02800226
0.02401638
0.02799082
0.02400851
0.02400041
0.02106237
0.01599932
0.01599979
0.01597714
0.01999760
0.01999664
0.02179313
0.02800465
0.02528405
0.02314305
0.02400017
0.02400064
0.02800393
0.02400446
0.02399921
0.02401567
0.02800608
0.02011013
0.01999879
0.02400661
0.02000022
0.01999927
0.01999927
0.02000022
0.02326322
0.02002859
0.01999950
0.01999736
0.02800035
0.02413273
0.02399826
0.02345037
0.02800345
0.02400136
0.02800775
0.02000046
0.02398300
0.02400208
0.02108812
0.02001214
0.02400327
0.02799296
0.02800417
0.02800679
0.02399468
0.01999974
0.01999974
0.02400231
0.02209020
0.02399564
0.02800369
0.02799702
0.02801061
0.02396774
0.03599715
0.01997733
0.02277851
0.01834249
0.02000165
0.02399874
0.01999807
0.02001381
0.02399969
0.02000141
0.02000070
0.02400088
0.02400041
0.02354145
0.02105260
0.01999974
0.02000046
0.01999974
0.01599932
0.01975799
0.02000093
0.02001047
0.01999784
0.02000093
0.02400470
0.02400541
0.01507711
0.01967311
0.01999974
0.01998091
0.01999712
0.01999998
0.02037597
0.01603365
0.01599503
0.02400088
0.02214384
0.01602006
0.01602578
0.01579499
0.01599813
0.01600170
0.02796888
0.02398753
0.02800775
0.02400279
0.01875210
0.01578140
0.01599956
0.01602626
0.02000332
0.02400374
0.02399802
0.02800107
0.02000165
0.02002454
0.01999974
0.01599932
0.02000237
0.02400303
0.01893258
0.02399397
0.02399874
0.01600170
0.01600170
0.01599813
0.01599836
0.01999712
0.01609850
0.01971507
0.01600003
0.01999855
0.02399039
0.02000093
0.01999784
0.02000237
0.02000403
0.02799559
0.02124763
0.02400804
0.02000165
0.01999879
0.02001595
0.01970935
0.01999736
0.01999974
0.01999617
0.02400517
0.02399707
0.03223348
0.02062941
0.01603007
0.01999998
0.01600051
0.02120090
0.02000189
0.02000570
0.02798533
0.02799988
0.03199840
0.02110624
0.02000237
0.02399874
0.02400231
0.02001095
0.01999974
0.01999688
0.01580691
0.01600480
0.02000070
0.01705050
0.01600075
0.02000999
0.01998591
0.02400112
0.02399635
0.02800655
0.02403307
0.02802396
0.02676225
0.02397943
0.02401018
0.02800131
0.02801538
0.02400303
0.02399421
0.02399135
0.02799797
0.02799845
0.02800608
0.03200746
0.02399707
0.01999688
0.02400041
0.01998663
0.02400041
0.02392101
0.01998544
0.01999760
0.02001405
0.02000022
0.01999950
0.02224946
0.02800179
0.02800870
0.02924585
0.02799916
0.02800417
0.02402973
0.02399778
0.02400541
0.02399755
0.01999784
0.01999736
0.01999354
0.01976562
0.01999950
0.01999879
0.02000093
0.02001262
0.02800417
0.02399182
0.02399898
0.02400088
0.01998687
0.02399993
0.02075434
0.02108335
0.02400279
0.02125669
0.03019166
0.02399206
0.02400327
0.02400398
0.02399969
0.02799821
0.02400517
0.02105045
0.02401376
0.02399850
0.02402806
0.01999140
0.01999831
0.02000165
0.02400041
0.03199482
0.02800465
0.02400708
0.02400374
0.02400661
0.02800655
0.02799654
0.02400064
0.01999998
0.01998448
0.01706791
0.02084851
0.01999831
0.01599932
0.02000093
0.02399731
0.01600003
0.01999974
0.02403808
0.02796650
0.02399230
0.02800918
0.02800417
0.02799749
0.02800226
0.02800202
0.02801776
0.03198647
0.02800989
0.01960659
0.02001643
0.02002978
0.02001643
0.01999950
0.01999974
0.02374101
0.01999784
0.02000141
0.02912664
0.02530122
0.01999927
0.02118063
0.02401543
0.02796030
0.02399969
0.01999879
0.01599979
0.01999950
0.01999927
0.01599979
0.01600003
0.02002931
0.02797079
0.02399802
0.02799106
0.02399421
0.02403593
0.02399993
0.01817250
0.01999736
0.02000356
0.01637745
0.01964688
0.01599956
0.01599765
0.01999950
0.01999784
0.02399874
0.02401066
0.02403021
0.02400231
0.02859449
0.01999879
0.01600027
0.01600051
0.02000070
0.02000117
0.02399683
0.02400398
0.03197813
0.02398348
0.01600122
0.01406860
0.01999712
0.02002048
0.02398920
0.02399421
0.02398038
0.03201079
0.02797127
0.02800441
0.02803564
0.02800012
0.02535892
0.02799320
0.02398992
0.02093458
0.01997781
0.01999712
0.01999807
0.02000093
0.01999664
0.01505446
0.01999879
0.01999831
0.02000070
0.02399898
0.02399421
0.02798080
0.02399993
0.02399683
0.01999617
0.01601791
0.01599860
0.01600075
0.02000022
0.02000666
0.01999831
0.01600027
0.01999927
0.01602554
0.01999879
0.01999974
0.02000022
0.01405621
0.02000308
0.01599932
0.01599884
0.02000093
0.01997566
0.01600051
0.01600218
0.01999736
0.01999950
0.01999879
0.02400279
0.01702762
0.01988411
0.01967502
0.01599717
0.01996040
0.02000213
0.01999974
0.02000093
0.01999879
0.02000141
0.02001834
0.01599813
0.01999640
0.01600695
0.01603293
0.02401543
0.02398968
0.02000189
0.01998806
0.02399659
0.02401090
0.02400351
0.02800775
0.02000070
0.02254939
0.02000093
0.02001834
0.01999760
0.01999712
0.02000070
0.02400494
0.01599216
0.01999974
0.01999712
0.02000070
0.02000213
0.01600099
0.01570010
0.01600003
0.01600051
0.01597691
0.01598835
0.01599908
0.01998615
0.02400684
0.02399445
0.01688743
0.01599860
0.02047634
0.01996183
0.01599813
0.02399588
0.02401328
0.02399731
0.02400565
0.01999855
0.02000141
0.01856852
0.01599789
0.02001762
0.01999974
0.01599908
0.01999855
0.01999950
0.02400303
0.02399635
0.02400374
0.02399659
0.01999402
0.01510882
0.01597357
0.01600051
0.02399993
0.01999450
0.02400517
0.01600003
0.01993680
0.01967311
0.01599956
0.01973271
0.01974344
0.01970983
0.01607394
0.01769423
0.02399802
0.02400875
0.02800751
0.02400017
0.02399945
0.01998925
0.01998544
0.01999807
0.02496529
0.02399206
0.01999712
0.02400374
0.02402401
0.02400184
0.02000117
0.01999974
0.02399802
0.02800703
0.02311683
0.02799344
0.02399492
0.02399778
0.02399969
0.02398586
0.02800155
0.02399969
0.02472448
0.02136946
0.02399945
0.01999402
0.01999664
0.01599813
0.01999927
0.01999855
0.01999664
0.01980329
0.01999736
0.01969957
0.01973343
0.01973295
0.01999617
0.02023721
0.01600099
0.01599813
0.01599717
0.02000046
0.01599717
0.01999760
0.01599765
0.01591706
0.01599860
0.01599741
0.01601911
0.01599979
0.01599693
0.01599908
0.01797485
0.01600027
0.01575518
0.01600266
0.01600122
0.01600003
0.02000117
0.02399731
0.02000690
0.02398944
0.02122450
0.02431202
0.02400017
0.02399349
0.02000284
0.01999998
0.01600218
0.01600075
0.01600361
0.02000213
0.02000475
0.02400565
0.02000690
0.02113485
0.02400088
0.02002883
0.02399826
0.02401257
0.02799535
0.02397537
0.02400494
0.02400112
0.01996613
0.02511406
0.01944065
0.02402949
0.02400160
0.02400613
0.02533531
0.02799845
0.02797914
0.02235746
0.01906323
0.01999807
0.01999903
0.02000308
0.01599789
0.01974773
0.01600027
0.01402354
0.01600003
0.01599979
0.01991892
0.01599932
0.01688194
0.01978350
0.01505661
0.01965618
0.01984882
0.01599836
0.02003050
0.02400398
0.01875353
0.02399373
0.01996446
0.01599860
0.01599884
0.02000022
0.02884221
0.01599669
0.01599669
0.01999950
0.01999974
0.01599741
0.02002740
0.02400446
0.02400231
0.02001476
0.01599336
0.01421809
0.01578116
0.01599956
0.01566696
0.01578808
0.01599050
0.01955652
0.02399898
0.02529979
0.02402997
0.02800059
0.02116156
0.01578808
0.01599932
0.01567721
0.01199818
0.01599741
0.01599813
0.01578307
0.01597667
0.01600409
0.01992655
0.01728010
0.02400684
0.02629018
0.02400088
0.02003717
0.02802372
0.02399874
0.02400064
0.02585459
0.01999497
0.02399945
0.02122426
0.01901317
0.01999760
0.01999521
0.01999736
0.01999927
0.01999879
0.01999903
0.02000141
0.02399683
0.02399588
0.02400494
0.02399731
0.02901626
0.02399635
0.02000213
0.02399826
0.02399659
0.02256846
0.02800107
0.02400064
0.02799726
0.01812267
0.01599836
0.01599860
0.01999736
0.01999807
0.01972389
0.01600409
0.01999879
0.02800727
0.02000141
0.02399659
0.02000093
0.01601005
0.01599717
0.01599789
0.01599741
0.01599836
0.01997209
0.01599860
0.01999807
0.01600075
0.01600051
0.01599836
0.01576257
0.01599860
0.01576209
0.01404810
0.01574683
0.01599932
0.01627302
0.02000093
0.01599455
0.01572776
0.02000308
0.01599932
0.01576686
0.01566839
0.01599741
0.01599789
0.01599979
0.01204991
0.01600170
0.01600170
0.02800035
0.02399945
0.02400875
0.02399826
0.02400899
0.02400470
0.02001405
0.02589917
0.01996994
0.02000594
0.02400327
0.01999784
0.02399945
0.02400851
0.02000284
0.02399206
0.02169490
0.02423167
0.02000451
0.02017450
0.02000022
0.02000117
0.02400017
0.02000618
0.02000713
0.01999712
0.01999974
0.02000070
0.01980424
0.01717353
0.01703787
0.01600146
0.02001977
0.01978540
0.01976037
0.01599860
0.01599789
0.01602626
0.01999974
0.02000022
0.01599813
0.01999974
0.01599813
0.01599622
0.01806879
0.02000284
0.01600075
0.01600099
0.01600075
0.01575851
0.01566577
0.01566458
0.01600146
0.01628232
0.01426172
0.01572847
0.01567173
0.01720428
0.02871013
0.02399969
0.02800131
0.01600456
0.01199794
0.01575065
0.01198530
0.01589537
0.01999950
0.01998949
0.02001452
0.02304697
0.02000213
0.01999879
0.01999974
0.01599836
0.01569557
0.01575303
0.01600003
0.01199937
0.01564789
0.01600266
0.01199985
0.01600146
0.01599908
0.01600099
0.01606965
0.01199985
0.01200080
0.01999950
0.02000308
0.02003169
0.01600027
0.01599956
0.01600003
0.01600313
0.01599884
0.01600051
0.01600027
0.01212358
0.01599908
0.01566648
0.01199913
0.01568270
0.01599741
0.01573896
0.01600075
0.02000046
0.02000499
0.01999855
0.02000785
0.02000284
0.02431417
0.01999402
0.01999974
0.02000308
0.01999974
0.02400494
0.02800679
0.01999235
0.01971912
0.01599932
0.01583004
0.01601553
0.02061915
0.01600051
0.01830792
0.01999712
0.01999712
0.01999521
0.01934004
0.02795815
0.02800226
0.03200054
0.02604651
0.01970458
0.01999831
0.01599765
0.01999855
0.01999927
0.01967096
0.01999760
0.02000141
0.01991415
0.01978374
0.01999784
0.01999712
0.02004123
0.01999426
0.01999950
0.01999712
0.02399778
0.02400017
0.01999950
0.02399683
0.02400661
0.01999784
0.02001691
0.03200483
0.02916574
0.02799964
0.02799654
0.02799654
0.02399945
0.02400136
0.02400017
0.02399850
0.01999784
0.02400112
0.02596426
0.02399898
0.02399874
0.02802038
0.03199816
0.02799749
0.03200126
0.03200173
0.03601336
0.03623223
0.03600717
0.03201771
0.02400041
0.02990746
0.03198934
0.02799726
0.02001977
0.02399826
0.02265072
0.02000046
0.02000070
0.01999998
0.02400088
0.03200102
0.02804255
0.02800584
0.02800226
0.02800131
0.02799988
0.02008343
0.01999927
0.02376223
0.02375841
0.02000713
0.02371788
0.01999807
0.02000022
0.01999927
0.02003932
0.02000046
0.01999950
0.01599741
0.01933718
0.01711798
0.01982450
0.01980329
0.01999855
0.02163386
0.01999950
0.02001429
0.01997900
0.01999950
0.01998949
0.02000070
0.02399826
0.02799964
0.01608467
0.01972079
0.01999974
0.02000022
0.01999736
0.01974773
0.01999974
0.01999760
0.01973462
0.01977158
0.01601863
0.01599956
0.01600003
0.01972532
0.01999855
0.01863647
0.01999950
0.02000189
0.03200960
0.03200030
0.03200102
0.03599620
0.03199697
0.01999807
0.01999974
0.01999998
0.01605892
0.02000451
0.01600742
0.01989007
0.01599526
0.01970792
0.01999950
0.01600003
0.02400208
0.02876496
0.01598883
0.01979566
0.01407433
0.01599932
0.01999354
0.02000022
0.01599956
0.01999974
0.02800560
0.03200197
0.03200269
0.02799368
0.02000093
0.01992512
0.01600003
0.01972055
0.02000117
0.01999950
0.01600003
0.01999998
0.01999998
0.02400327
0.01999831
0.01919413
0.01999927
0.02399850
0.01956224
0.01969218
