0.01200938
0.03200316
0.01999950
0.01999807
0.02000093
0.02521753
0.02799582
0.02525258
0.02400374
0.03199911
0.02000022
0.02815056
0.02802873
0.02398682
0.02399945
0.04802084
0.03999901
0.04400492
0.04400682
0.04399848
0.04399300
0.04400134
0.04399681
0.03599787
0.03599954
0.04799819
0.04399109
0.03999138
0.04401374
0.04401541
0.04000115
0.04000163
0.02797079
0.02800775
0.02799678
0.02799368
0.02399921
0.02400541
0.02399898
0.02399993
0.02799368
0.02400613
0.02398157
0.01999879
0.02319598
0.02799487
0.02399325
0.02800250
0.02399421
0.02399993
0.02400041
0.02800488
0.02402163
0.02799916
0.04799819
0.05200148
0.04800105
0.04840922
0.04399753
0.04381013
0.04001665
0.03721166
0.03599739
0.03599977
0.03999949
0.04000211
0.02000260
0.02400088
0.02399492
0.02399993
0.01999879
0.02000523
0.02400517
0.02800012
0.02399421
0.02399778
0.02799821
0.02797556
0.02942443
0.02399993
0.02399898
0.02131486
0.02399731
0.02400255
0.02799964
0.02399135
0.02400136
0.02399206
0.02399969
0.02401924
0.02905154
0.01997805
0.04399681
0.04399943
0.04798245
0.04400229
0.04481030
0.03999496
0.04401040
0.04001927
0.04800129
0.04400015
0.04800391
0.04399633
0.03999949
0.04000664
0.04404664
0.04401898
0.01999640
0.02399635
0.02402234
0.02400303
0.02399087
0.02528882
0.02800632
0.02124953
0.01999426
0.01995969
0.02001953
0.02399731
0.01998305
0.01999998
0.01599908
0.03199720
0.02399659
0.02400923
0.02397919
0.02400064
0.01999998
0.01600814
0.01999927
0.02399731
0.01973939
0.01966524
0.01999998
0.04400182
0.03999949
0.04399872
0.04799986
0.04399443
0.03599763
0.04399776
0.03999591
0.01996803
0.01999831
0.01600289
0.01598668
0.02400446
0.02800250
0.02400160
0.02401137
0.02800965
0.02399683
0.02400684
0.02399778
0.02523279
0.02800655
0.02800775
0.02400231
0.02000165
0.02000093
0.02400351
0.02399397
0.02400398
0.02800274
0.02399349
0.02399874
0.02401972
0.02000260
0.01999855
0.04000592
0.04400420
0.04399157
0.04073548
0.03999996
0.04400754
0.03999186
0.03897285
0.03200412
0.03969383
0.02400041
0.02397299
0.02399945
0.02400541
0.02400064
0.02400136
0.02401495
0.02399778
0.02399969
0.02399492
0.02400756
0.02401114
0.02799368
0.02122283
0.02002883
0.01600003
0.01599979
0.01999807
0.02000189
0.02403426
0.02400351
0.02400732
0.02402449
0.01999235
0.02802944
0.01600027
0.01599860
0.01779819
0.01600027
0.01999998
0.02124143
0.02400064
0.02400041
0.02399898
0.01999998
0.02400064
0.04509521
0.03999853
0.04001141
0.03999686
0.03599930
0.03199816
0.01599956
0.01599813
0.01599455
0.01600051
0.02000117
0.02399230
0.02399707
0.02400732
0.02400112
0.02400088
0.02400422
0.01999807
0.02400017
0.01999378
0.02399421
0.01599526
0.02397013
0.02399468
0.01999998
0.01599407
0.01599908
0.01600027
0.01599789
0.02399421
0.02400136
0.02399945
0.02000022
0.01599813
0.02000237
0.02000165
0.02399516
0.02800083
0.01999879
0.02000093
0.01997423
0.01999807
0.02799797
0.02496552
0.04399681
0.03968215
0.04125071
0.02800298
0.02592516
0.02399850
0.02399731
0.02399445
0.02797484
0.02799726
0.02400780
0.02399611
0.02402306
0.02800083
0.02800322
0.02799726
0.01999497
0.02000022
0.03112197
0.02799869
0.02799559
0.02399683
0.02400303
0.01600027
0.01999187
0.02000070
0.02400541
0.02206540
0.02400255
0.02399826
0.01999283
0.02398181
0.03999925
0.04000020
0.03999424
0.01599932
0.01929498
0.02002525
0.02400494
0.02000260
0.01602721
0.01599789
0.01600099
0.01743388
0.01476359
0.01600623
0.01599288
0.02120352
0.01600003
0.02000713
0.01997566
0.02399588
0.02001691
0.02400470
0.02399492
0.02400637
0.02000475
0.01999354
0.01999998
0.02399611
0.02400589
0.02399588
0.02399421
0.01997566
0.02400446
0.02400661
0.02400541
0.02532029
0.02399993
0.02800584
0.02801061
0.02800727
0.02799392
0.02399802
0.02800393
0.01999831
0.02000070
0.02399874
0.02797532
0.02399874
0.02799749
0.03200340
0.04401445
0.04797482
0.04800200
0.03999686
0.04397869
0.04800606
0.04274178
0.03600049
0.01999950
0.01999998
0.01999879
0.02400684
0.02801657
0.02400255
0.02399921
0.02000046
0.01999950
0.02000165
0.02401018
0.02398920
0.03200150
0.01999378
0.02000213
0.01966286
0.01998711
0.02000475
0.01999259
0.02800131
0.02399945
0.02000546
0.02197814
0.02399325
0.02525020
0.02001071
0.01999998
0.02103162
0.02001023
0.01999283
0.02398443
0.02400422
0.04399681
0.04399514
0.03493381
0.04401636
0.04400373
0.04400611
0.04001403
0.01999998
0.01599979
0.02000189
0.01735353
0.01599979
0.01599836
0.01600146
0.01600051
0.01599765
0.01997066
0.01999950
0.01599789
0.01602197
0.02400255
0.02400064
0.02401423
0.02399707
0.01999974
0.02799797
0.02799916
0.02399993
0.02239871
0.02396154
0.02399945
0.01999688
0.02000141
0.01983237
0.02002573
0.02399993
0.02498817
0.02000332
0.02000093
0.03600049
0.03600049
0.03600430
0.02400732
0.02800035
0.01999974
0.02000141
0.02000141
0.02000046
0.01600242
0.02000093
0.01772666
0.01599956
0.01599956
0.01599956
0.01600027
0.01600051
0.01600003
0.01600266
0.01599956
0.02000070
0.02000022
0.01599884
0.01604033
0.01600456
0.01600122
0.02131224
0.02399755
0.02397156
0.02521586
0.01999760
0.01999617
0.01999259
0.02399802
0.02399993
0.02400017
0.02399993
0.02545786
0.01996994
0.02505326
0.02400827
0.01999354
0.01516438
0.01598501
0.01600146
0.01600003
0.02395010
0.02398109
0.02800965
0.02802968
0.02798176
0.02799630
0.03199244
0.02799988
0.03202772
0.03199840
0.02799726
0.02402759
0.02399969
0.02399802
0.02399850
0.02401924
0.02799916
0.02928257
0.03200674
0.03203177
0.04286385
0.04527068
0.04399371
0.04235053
0.04400373
0.03999972
0.03999877
0.02799797
0.01600051
0.01599860
0.01999736
0.02400184
0.02399778
0.02399015
0.02400064
0.02400756
0.02400732
0.02399158
0.03199673
0.02400541
0.02400208
0.02397799
0.02400446
0.02400398
0.02000022
0.02259254
0.02399993
0.02530003
0.02400899
0.02400541
0.02799177
0.02400160
0.02799702
0.02399659
0.01997638
0.02400589
0.02399993
0.02401066
0.02000022
0.03599191
0.04000020
0.04000306
0.02801156
0.01999593
0.01999950
0.02399468
0.02399302
0.02401328
0.02400327
0.02400374
0.02400327
0.02400398
0.01995087
0.01599956
0.02000666
0.01999998
0.02402782
0.01999998
0.02400041
0.02399540
0.02800012
0.01999354
0.01999807
0.01996875
0.02796626
0.01999879
0.02542377
0.02400136
0.02399683
0.02399921
0.04244590
0.04398346
0.03998423
0.04173350
0.04399681
0.04102206
0.04000568
0.02799702
0.02399516
0.01599836
0.01999903
0.02399492
0.02399325
0.02799630
0.01999831
0.01999950
0.02000070
0.02399611
0.02400351
0.02800703
0.02399659
0.02399111
0.01999569
0.01999927
0.02398300
0.02400136
0.02399683
0.02000046
0.01596093
0.01599741
0.01596689
0.01983738
0.01600862
0.02400303
0.02399778
0.02934122
0.02797866
0.02400136
0.02397037
0.02001691
0.02399540
0.01969409
0.01999998
0.01971126
0.02000022
0.02627850
0.03199339
0.02399325
0.01999879
0.01999950
0.01999688
0.02800584
0.02800250
0.02801418
0.02801466
0.02799749
0.02399683
0.03999949
0.04399061
0.03599572
0.02399731
0.02399755
0.02400279
0.01999903
0.01999998
0.02000070
0.01970100
0.01881528
0.01769423
0.01997948
0.02525020
0.02398968
0.02399635
0.02799678
0.02799463
0.02402949
0.02400827
0.02800918
0.02400231
0.02400684
0.02400303
0.02399850
0.02399564
0.02000165
0.01999688
0.02400351
0.02000070
0.02000141
0.02399755
0.02400041
0.02000475
0.01599932
0.01812935
0.04526138
0.04400063
0.04399872
0.04399681
0.04399586
0.02614760
0.02396250
0.02000141
0.02400589
0.02800059
0.02000022
0.02802515
0.02399683
0.02399993
0.02000070
0.01999998
0.02000046
0.02399969
0.01999879
0.02399993
0.02300191
0.02400851
0.02531171
0.02400780
0.02399373
0.02400017
0.02799726
0.01999974
0.01999927
0.02000189
0.02000308
0.02399898
0.02000308
0.02000165
0.02000070
0.02000260
0.02000380
0.01999688
0.01999092
0.02000189
0.01999927
0.02000022
0.01999831
0.02000070
0.02400851
0.02799487
0.02877331
0.02800560
0.02398705
0.02399874
0.02400208
0.02401614
0.03199697
0.02803135
0.02400279
0.02400327
0.02800345
0.02800274
0.02799630
0.04398084
0.03999686
0.03599811
0.01978374
0.01599693
0.01598454
0.01600051
0.01999784
0.01600146
0.02399540
0.02799916
0.01824021
0.01600218
0.02399826
0.02400613
0.02401114
0.02400589
0.02355361
0.01999998
0.02797461
0.01999855
0.01998472
0.01600027
0.01599956
0.02000093
0.02399659
0.01999855
0.02400279
0.02399898
0.02000093
0.02400208
0.02399707
0.02399707
0.02800345
0.02401495
0.01599789
0.02257133
0.02399755
0.02399802
0.02800131
0.03199697
0.02522683
0.02399945
0.04399323
0.04800749
0.04400754
0.04399538
0.03599548
0.03999782
0.04402518
0.03999853
0.03599596
0.03599739
0.02799940
0.01999807
0.01599765
0.01732755
0.01599836
0.01999664
0.01999831
0.02000165
0.02400231
0.01999569
0.02404094
0.02399945
0.02399492
0.02400827
0.02400327
0.02400064
0.02399635
0.02000093
0.02399993
0.02400184
0.02800488
0.01999617
0.01999950
0.01999688
0.01599598
0.01999736
0.01600099
0.02401829
0.02722216
0.02399302
0.02399993
0.01999998
0.02581453
0.01536846
0.01600075
0.01999831
0.01600099
0.01599741
0.02000093
0.02000093
0.01602983
0.01999903
0.01999998
0.01975584
0.01600170
0.01999760
0.01999521
0.02000976
0.01968050
0.01967025
0.01599717
0.01999784
0.01599813
0.01999736
0.01999474
0.01978397
0.01599813
0.01999998
0.01599860
0.01599956
0.01600122
0.01999807
0.02800155
0.01999521
0.01603651
0.01999784
0.01599693
0.01999950
0.01999974
0.02001476
0.02000022
0.01999855
0.02000022
0.02000046
0.02002311
0.01999784
0.01999903
0.01999855
0.01999807
0.02400327
0.01999927
0.01999950
0.02000117
0.02000022
0.01998377
0.01999640
0.01999903
0.01999688
0.01999998
0.02000189
0.02000022
0.01999950
0.01999807
0.01598644
0.02399993
0.02399755
0.02000022
0.02800059
0.01999760
0.02400136
0.02400231
0.02400351
0.02000284
0.02402973
0.02400160
0.02399993
0.01999927
0.02399969
0.02399421
0.02400088
0.02800035
0.02399969
0.02800131
0.02399898
0.02000046
0.01999807
0.02399945
0.02397585
0.02400208
0.02399564
0.02399969
0.03199935
0.02799654
0.02800798
0.02799702
0.02800751
0.03199482
0.02800441
0.02400064
0.02399921
0.02400231
0.02801657
0.02800035
0.03200150
0.02399945
0.03200078
0.02799225
0.02399993
0.02402830
0.02370310
0.01996946
0.01999760
0.02000141
0.02000046
0.01999402
0.01599956
0.01600122
0.01999950
0.02801800
0.03199625
0.02800727
0.02800059
0.02799439
0.02800441
0.02799821
0.04000473
0.04400110
0.04400516
0.02400613
0.02803016
0.02803230
0.01999998
0.01999831
0.01999617
0.01999998
0.01999640
0.01997757
0.02799582
0.02399993
0.02399635
0.01999855
0.02400017
0.01999044
0.01597404
0.01601434
0.01973486
0.01600337
0.01600027
0.01999950
0.02000427
0.02003264
0.01999187
0.02000093
0.01999855
0.01999712
0.02000403
0.02400255
0.02400661
0.01999521
0.02000093
0.02000260
0.02401900
0.02800035
0.02401471
0.02798367
0.02799678
0.02800131
0.02400279
0.02398992
0.02399802
0.01999831
0.02399945
0.02399945
0.02797103
0.01999187
0.01999927
0.01998639
0.02000093
0.02399683
0.02400327
0.02799988
0.02800083
0.02799654
0.02400517
0.02803278
0.02800298
0.02800679
0.02797079
0.02399564
0.02798080
0.02398801
0.01999950
0.02399850
0.02400661
0.02399325
0.02399874
0.02799296
0.02399588
0.02801037
0.02399921
0.02800083
0.02800131
0.02000093
0.03999805
0.03599858
0.03599930
0.03185558
0.01585770
0.01600051
0.01600361
0.02000165
0.02524424
0.01998591
0.01996088
0.02400184
0.02000761
0.02400422
0.02400279
0.02399969
0.01999354
0.01999760
0.02400470
0.01999998
0.01999950
0.01997590
0.02400327
0.02399659
0.02399564
0.02398729
0.02400637
0.02400017
0.01996469
0.01997781
0.01999664
0.02102017
0.02398944
0.02399516
0.02399182
0.04399776
0.04395914
0.04400039
0.01999950
0.02000022
0.02000594
0.01599956
0.01599884
0.02399874
0.02400446
0.02800655
0.02400494
0.01999927
0.01999664
0.02001786
0.02399635
0.02000070
0.01999855
0.02000189
0.02002549
0.02278495
0.01999545
0.02000809
0.02000046
0.01718092
0.01599908
0.02800488
0.02799463
0.02397919
0.02399826
0.02802587
0.02400589
0.02400160
0.02399969
0.02800417
0.02800417
0.02800035
0.02399683
0.02799201
0.02397203
0.02399802
0.02399659
0.02399945
0.02384353
0.02232957
0.01999736
0.02921653
0.03200078
0.02399540
0.02800250
0.02798438
0.02800298
0.02800298
0.02796841
0.02399945
0.02400494
0.01999927
0.01999974
0.01999879
0.02399731
0.02797008
0.02399635
0.02398682
0.02399445
0.01999807
0.01999593
0.02396297
0.01999831
0.01999950
0.03202105
0.02801013
0.02396846
0.04132295
0.03997970
0.03720260
0.02399540
0.02002692
0.01999998
0.02399921
0.02399993
0.02400208
0.02000213
0.01999927
0.01999569
0.01999283
0.01999760
0.02000093
0.02002811
0.01999950
0.02400017
0.02401018
0.01998091
0.02400446
0.01999593
0.02399588
0.02400017
0.02798510
0.02163959
0.02800179
0.02528739
0.02799821
0.01599741
0.02000284
0.01999974
0.02000451
0.02399993
0.02399421
0.02396464
0.02000070
0.02000237
0.02399802
0.01999784
0.02399731
0.01999664
0.02399778
0.02000046
0.01600695
0.02799511
0.02400804
0.02400255
0.02400041
0.02403641
0.02000237
0.02135277
0.02399707
0.02799606
0.02400017
0.01999784
0.02799749
0.02397370
0.02399278
0.02400184
0.02146840
0.01857233
0.02000523
0.01999569
0.02124691
0.02000093
0.02001667
0.01999784
0.01999927
0.02002406
0.02399564
0.02397251
0.02399802
0.02000237
0.01595807
0.02000070
0.01600051
0.01601768
0.02437496
0.02801132
0.02520227
0.01999998
0.01985168
0.01999879
0.02000046
0.01999831
0.02400160
0.02400351
0.02000070
0.02000022
0.02399397
0.02799439
0.02399158
0.02400994
0.01603818
0.02400255
0.02002478
0.01999974
0.02403140
0.02400136
0.02400184
0.02799749
0.02800059
0.02643490
0.02401495
0.02399373
0.02423167
0.02400374
0.02401400
0.02399755
0.02398372
0.02402639
0.02399588
0.02399898
0.02400994
0.02399707
0.02000308
0.02000213
0.01997209
0.01599693
0.01996875
0.02000093
0.02000213
0.02399516
0.02799702
0.02398181
0.02799988
0.02797461
0.02399993
0.02800941
0.01999712
0.01974940
0.01999784
0.01999760
0.02399850
0.02399802
0.02400208
0.02799869
0.02399492
0.01999950
0.02399778
0.02800584
0.02798486
0.03199673
0.01999760
0.02002048
0.02399683
0.01999688
0.01966405
0.01968050
0.01599956
0.01599717
0.01597834
0.02399874
0.02127671
0.02997613
0.02399826
0.02119136
0.01999831
0.02400279
0.02400279
0.02799320
0.01999855
0.01999927
0.02000237
0.02000213
0.02400351
0.01999998
0.02396655
0.02400613
0.02399993
0.02399969
0.01999784
0.03199530
0.02799749
0.02799797
0.02401447
0.02399635
0.02399993
0.02799773
0.03433585
0.02800345
0.04523230
0.04400492
0.04000449
0.04402590
0.03998494
0.04124188
0.03999758
0.03999972
0.03199816
0.01600003
0.02000022
0.02800107
0.02401137
0.02002239
0.01999450
0.01600242
0.02000189
0.01998377
0.01999736
0.01998782
0.02400661
0.02062845
0.02400208
0.01719499
0.02000690
0.01600075
0.02001166
0.02001905
0.02397466
0.02398038
0.02398825
0.02000332
0.02399969
0.02400422
0.02400184
0.02000070
0.02400374
0.02489614
0.02398801
0.02123475
0.01999736
0.01600480
0.01999950
0.02401400
0.01998472
0.02399993
0.01999903
0.02779102
0.02799678
0.03200006
0.02398348
0.02802134
0.02396441
0.03203154
0.04400420
0.04402518
0.04400039
0.04399610
0.04398680
0.02799773
0.02001667
0.01600122
0.02002120
0.02798843
0.02800655
0.01600027
0.01599956
0.01981425
0.02332640
0.01999974
0.01999950
0.01999950
0.02000141
0.01601219
0.01599979
0.01999950
0.01998019
0.02395773
0.02000141
0.02001309
0.02000427
0.02000284
0.01973820
0.01600194
0.01600289
0.01999927
0.01599669
0.02399254
0.02400374
0.02398658
0.02002096
0.02400136
0.02400351
0.02398419
0.01999974
0.01999235
0.02000117
0.02527428
0.02257943
0.02799988
0.03200865
0.02800679
0.02799988
0.02802205
0.02800632
0.02399969
0.02800059
0.02400303
0.02800608
0.02800298
0.02800870
0.02781844
0.02799177
0.02928185
0.02800894
0.02801108
0.02800393
0.02799416
0.03199387
0.02799582
0.03119802
0.04399681
0.04400301
0.04000211
0.04000235
0.04001379
0.04400086
0.03999090
0.03600097
0.01597238
0.02400541
0.01998377
0.02399135
0.02403879
0.01599813
0.02000380
0.02002621
0.02396798
0.02399611
0.02400684
0.01999736
0.02799678
0.02399874
0.02546120
0.02399659
0.02399254
0.02000046
0.01997042
0.02000022
0.01999998
0.02400470
0.02398634
0.02400470
0.01999521
0.01599884
0.01199937
0.01599956
0.01599884
0.01602483
0.01599860
0.01599550
0.01999831
0.01997852
0.02800083
0.02799678
0.02400112
0.02399468
0.02400446
0.02399254
0.01999903
0.02246165
0.02799988
0.02804160
0.02524519
0.01999927
0.01998663
0.01999998
0.01999998
0.01999807
0.02000093
0.01996422
0.02000093
0.02000332
0.02800226
0.02400017
0.02800107
0.01999784
0.02400804
0.02400279
0.02399993
0.02399588
0.02400017
0.02399659
0.02000117
0.03200126
0.02400160
0.02024746
0.02000141
0.02426600
0.02400017
0.02799821
0.02797651
0.02801561
0.01999831
0.01599836
0.01599908
0.01999974
0.02399850
0.02401423
0.02000356
0.01999831
0.02000117
0.01793218
0.01999879
0.01600003
0.01999950
