0.02402878
0.08255959
0.06000257
0.05600548
0.06799912
0.09914970
0.08800387
0.08800673
0.08799863
0.10399842
0.10397983
0.06000400
0.10917783
0.05999851
0.05599809
0.07199860
0.06799722
0.10000563
0.10799217
0.11201167
0.11999631
0.08705664
0.10124850
0.07601094
0.09599948
0.07199550
0.06399655
0.06399703
0.07600093
0.11299443
0.05721140
0.05599928
0.06399822
0.05999875
0.05999899
0.09600258
0.07999778
0.05200124
0.06000018
0.06002593
0.08402371
0.10399699
0.07200217
0.07200170
0.08457923
0.10002089
0.08799911
0.06799912
0.05603385
0.06400061
0.05599833
0.05199814
0.09200525
0.10000229
0.09599733
0.06406927
0.06401634
0.08400226
0.06799388
0.05199862
0.06401587
0.10399246
0.07202792
0.07999992
0.08400488
0.09998322
0.08019090
0.06799674
0.06399918
0.06399989
0.05599904
0.05997658
0.05600047
0.07999897
0.10000181
0.09598851
0.07999849
0.07803035
0.08921146
0.06399035
0.06799912
0.06000066
0.06399846
0.10000777
0.07999921
0.08400106
0.05999827
0.07600069
0.10000038
0.05999947
0.05842805
0.06117773
0.06799865
0.07200146
0.09999847
0.06002450
0.05999875
0.07599664
0.08403897
0.11199927
0.09815311
0.10523558
0.07999277
0.07200432
0.10799670
0.14800167
0.15599108
0.06397748
0.06399870
0.08399796
0.08132219
0.11200666
0.05599976
0.05999947
0.05599856
0.06400847
0.09997582
0.10397696
0.06000161
0.08800149
0.08429146
0.06667233
0.07320976
0.07200408
0.05999875
0.08000278
0.05200124
0.05199981
0.05202532
0.03599715
0.03600192
0.03599906
0.03200173
0.03200436
0.05034423
0.08123183
0.05560303
0.08956337
0.03599620
0.03198409
0.03999829
0.03999949
0.08400106
0.08399940
0.06399775
0.03599882
0.04800010
0.04399633
0.03599954
0.04000211
0.04399347
0.05599833
0.05711412
0.08926344
0.09200168
0.07200122
0.10799885
0.08398342
0.10796404
0.05999827
0.06397438
0.10000038
0.06399608
0.06485558
0.12131763
0.10799980
0.10400200
0.07999587
0.06400013
0.06799936
0.14400530
0.13999677
0.08799982
0.10399818
0.09599090
0.10398912
0.08799767
0.05999732
0.07999992
0.10400009
0.10800076
0.05599976
0.05999780
0.08426261
0.08813453
0.08399773
0.06399846
0.05584431
0.06399965
0.10797358
0.10800004
0.06397176
0.07863331
0.06501174
0.11238384
0.06399846
0.06000733
0.07600260
0.06399846
0.05999994
0.05199933
0.05999780
0.08399773
0.06399918
0.10400724
0.05999970
0.10796046
0.11200404
0.11199737
0.07199812
0.10000205
0.11198807
0.07999754
0.05199957
0.05599713
0.06000113
0.07199740
0.07199860
0.05599737
0.10799932
0.15199685
0.08799911
0.06400013
0.06399870
0.07599735
0.08399630
0.08403206
0.08400321
0.07999325
0.08305407
0.05323529
0.03999496
0.03599930
0.07602048
0.04399729
0.03599977
0.04002142
0.05599904
0.04799962
0.04402614
0.03999877
0.04800129
0.09199452
0.06399608
0.08800006
0.09599757
0.11599731
0.09995842
0.06800151
0.06799841
0.07599998
0.05999947
0.06000042
0.11999702
0.07985640
0.08000612
0.09600592
0.10000014
0.10399580
0.12399697
0.13198400
0.05599475
0.06000113
0.05600047
0.05999994
0.07600164
0.10286093
0.06399965
0.05199981
0.09200048
0.09999990
0.10399842
0.10397792
0.05599785
0.05999422
0.05488420
0.05203295
0.05200005
0.08399701
0.07599807
0.07599926
0.08000350
0.07202983
0.07999587
0.05602384
0.03600121
0.03999901
0.03999877
0.03999758
0.04000115
0.04800057
0.05444503
0.03599715
0.03600144
0.03326249
0.05197358
0.04799795
0.11199713
0.08399749
0.08799553
0.09996486
0.09600401
0.11200309
0.08400154
0.06800103
0.06898117
0.05714965
0.05999923
0.06001759
0.05599809
0.05600476
0.07200146
0.07200098
0.11200094
0.09199762
0.09598756
0.05199981
0.05599833
0.05599880
0.05689979
0.06800461
0.07025743
0.07319832
0.07200003
0.06799364
0.07292700
0.06799960
0.05693007
0.05599833
0.10800195
0.07998657
0.10263944
0.09599495
0.07199788
0.05599785
0.06000996
0.06399918
0.06399822
0.07199979
0.10399461
0.06801319
0.06398630
0.03999710
0.05600095
0.08805847
0.08922315
0.08399200
0.03600144
0.03197885
0.03599811
0.04800653
0.05999708
0.05999804
0.05599856
0.05600286
0.06399083
0.06000018
0.05600214
0.05999708
0.09199595
0.07600784
0.10399842
0.05200076
0.05199981
0.06000137
0.09600139
0.07200170
0.06799984
0.07203245
0.07596612
0.11999869
0.08797193
0.11199760
0.06398892
0.06399894
0.05599952
0.05599332
0.06000137
0.10399938
0.10826015
0.09999967
0.10800028
0.10032845
0.07107735
0.06400347
0.08399630
0.07602596
0.06402111
0.06001163
0.05599904
0.05202341
0.05599785
0.05199957
0.06798601
0.08400130
0.10342026
0.10925364
0.10400224
0.06399560
0.09601521
0.09606862
0.05314851
0.05599976
0.05599976
0.05997872
0.06746149
0.04400110
0.04517460
0.04000044
0.08028245
0.08173132
0.08404016
0.08000350
0.07199669
0.03599977
0.03983116
0.03999996
0.04800701
0.04400182
0.04400826
0.06800199
0.05603814
0.06800056
0.04002690
0.06992960
0.10928082
0.10522294
0.10429883
0.08000302
0.10800195
0.07999778
0.05999923
0.05999875
0.05599952
0.05999970
0.06271362
0.06118774
0.05200100
0.05199838
0.05199957
0.05999494
0.03591156
0.03600216
0.04520535
0.04798627
0.05997086
0.05599928
0.03600001
0.03999925
0.05199885
0.05199909
0.07325459
0.07319641
0.03600001
0.04000115
0.05599952
0.05999875
0.08399749
0.08400130
0.08799410
0.10799313
0.06399941
0.06800056
0.09709382
0.11721873
0.07601976
0.07199979
0.07599378
0.05600476
0.06799841
0.07199931
0.05596018
0.05594325
0.05199957
0.05717349
0.05599856
0.05585361
0.05999947
0.06709480
0.10127211
0.06983328
0.06923652
0.05199933
0.05600071
0.04000044
0.04399967
0.04400039
0.04800391
0.05600166
0.03999162
0.03599930
0.04399896
0.03999591
0.03599834
0.03599811
0.04275513
0.04799819
0.04923034
0.07199979
0.06799579
0.05996966
0.04399776
0.04798675
0.04799628
0.03991508
0.03999996
0.04802442
0.08800292
0.11603141
0.08800077
0.10971999
0.08399391
0.10927129
0.06800079
0.07199526
0.06287551
0.05599761
0.06001592
0.09200215
0.06400132
0.06799936
0.10948253
0.09986329
0.08399248
0.05598569
0.05993867
0.05599904
0.06799984
0.06800103
0.07199955
0.11498404
0.06000376
0.05999875
0.05999708
0.05599999
0.05251741
0.05599833
0.05999804
0.05599952
0.05999827
0.06660867
0.06162739
0.05999923
0.07209253
0.06514573
0.05599928
0.05596471
0.05599999
0.03599882
0.03599763
0.05296421
0.04799986
0.04521346
0.04800105
0.07999873
0.08800054
0.05199957
0.03199983
0.05200195
0.07199955
0.05197787
0.04799819
0.03599691
0.04000092
0.06400156
0.07999039
0.04857469
0.05198503
0.05199957
0.10399437
0.07998633
0.07999992
0.07599783
0.11197209
0.05600047
0.05999970
0.06000066
0.06000829
0.05598783
0.05599976
0.06456780
0.05315495
0.05599999
0.06000352
0.10689259
0.07601547
0.07720923
0.07755995
0.05319762
0.05600023
0.05600023
0.07200217
0.10400057
0.10574913
0.05315328
0.05599761
0.05999851
0.06000137
0.06000113
0.10400438
0.07200003
0.09201384
0.10800147
0.07602096
0.08800006
0.05487943
0.05599856
0.05319905
0.03999996
0.04000020
0.03199673
0.03599954
0.08400011
0.05200100
0.06799722
0.08399987
0.07599568
0.06799269
0.03199959
0.03999925
0.05600238
0.05599880
0.04521894
0.05199838
0.05201912
0.07199717
0.06799865
0.06000113
0.06797814
0.06399703
0.05599737
0.05999923
0.06799984
0.06399965
0.05999875
0.11208177
0.08799219
0.06919551
0.07999730
0.10801911
0.10399294
0.08400011
0.08401275
0.09999537
0.05199814
0.05999970
0.08399439
0.05199981
0.05719352
0.06799769
0.08799839
0.08399725
0.10054708
0.06399894
0.05200434
0.05199909
0.05200601
0.05199933
0.03600144
0.03589129
0.04400039
0.06788278
0.06927490
0.07199669
0.05599737
0.03999805
0.03999662
0.04799986
0.04799819
0.04801989
0.04800010
0.05999923
0.07200027
0.07200027
0.06799722
0.06401467
0.06800294
0.08091807
0.08129978
0.08400965
0.06397367
0.07200170
0.07599831
0.06400108
0.08399725
0.06400037
0.06367040
0.07198167
0.07338619
0.06519675
0.06401849
0.06399918
0.06800032
0.07198167
0.08400178
0.08400011
0.08399892
0.06799841
0.07201767
0.07891965
0.09224916
0.05999899
0.06799746
0.06001449
0.08399820
0.12399840
0.11999941
0.07999825
0.08799839
0.07599902
0.08400226
0.11600280
0.12799573
0.13869333
0.11721373
0.13999224
0.08000016
0.06400108
0.05999947
0.06000018
0.06400251
0.06001639
0.06370282
0.06000042
0.05999899
0.05999994
0.04000020
0.04399991
0.03996491
0.04565597
0.05199838
0.04918861
0.05200148
0.05200052
0.06400681
0.07199955
0.06002426
0.06030512
0.04400039
0.06400132
0.10001135
0.09999275
0.06400228
0.09200191
0.09809995
0.04399586
0.05199885
0.05200672
0.05199981
0.05200076
0.05599689
0.05586767
0.05199981
0.06400108
0.06800079
0.07600045
0.10799813
0.13196301
0.12408710
0.14523387
0.09998345
0.09597707
0.10799861
0.13999271
0.06399775
0.07198596
0.06800056
0.07199812
0.06799674
0.06884599
0.07317042
0.07599926
0.07999969
0.11199856
0.07199931
0.07999372
0.06397200
0.06399941
0.06399703
0.05999899
0.07200146
0.13255596
0.12922430
0.08281088
0.07322645
0.06400061
0.06401014
0.04399800
0.04399920
0.04803586
0.05599952
0.04399967
0.05999875
0.06399798
0.09599876
0.07200003
0.07511282
0.11727858
0.06399894
0.04001331
0.04375124
0.03999877
0.04399967
0.04800344
0.05198574
0.05200124
0.03998709
0.05532455
0.07599664
0.06118202
0.06399775
0.06399727
0.06399918
0.06396770
0.05998993
0.06399870
0.06001663
0.06399918
0.06799984
0.07599664
0.06799912
0.05599976
0.05981207
0.06799936
0.06800103
0.04400563
0.05200052
0.05599833
0.05598068
0.08800125
0.09999585
0.10800433
0.09602928
0.09999537
0.07599878
0.04800463
0.04796553
0.05599594
0.08710480
0.11018872
0.11728430
0.11600065
0.11598873
0.10800242
0.09999537
0.06799006
0.06802344
0.06399822
0.06003952
0.06399918
0.06401324
0.09456277
0.10398364
0.10529447
0.12799811
0.06799293
0.06002116
0.06400037
0.05999923
0.06400061
0.06402159
0.06399894
0.05993080
0.05599809
0.06399775
0.06400180
0.11198616
0.11199665
0.09599853
0.05598402
0.03999829
0.03999877
0.03999805
0.05199981
0.05199814
0.05199933
0.06000113
0.11986542
0.09695077
0.04799986
0.05194139
0.05200124
0.05600071
0.06397915
0.14399695
0.06400347
0.07148623
0.14520741
0.08400083
0.08399177
0.06842899
0.07601237
0.13199782
0.08400011
0.07999945
0.07199860
0.10000014
0.10400057
0.09999633
0.08799839
0.18399405
0.11284566
0.07599711
0.07199860
0.07199883
0.07199955
0.07596350
0.07999802
0.06799674
0.06799769
0.06799364
0.07999849
0.08399749
0.06399965
0.06802702
0.07991338
0.06927705
0.07246089
0.07316637
0.08399892
0.06799793
0.06799960
0.06799817
0.07198644
0.07599902
0.07999992
0.07602215
0.12399936
0.11458254
0.11323452
0.08400154
0.15266347
0.07200050
0.07200003
0.07998586
0.09200072
0.06801414
0.07572198
0.06799793
0.06774330
0.06797743
0.06627226
0.07318544
0.07600069
0.07599926
0.07600188
0.08799958
0.09199834
0.08399677
0.07999849
0.08400130
0.08799744
0.06799889
0.06400061
0.07655931
0.07200146
0.06800079
0.08400035
0.09200048
0.12799811
0.07199812
0.06799912
0.07175756
0.06767321
0.06787395
0.08000112
0.14400530
0.10003400
0.09599757
0.08799672
0.10800600
0.12802482
0.12002182
0.07998490
0.12800145
0.10000205
0.11380625
0.06916308
0.06799769
0.06799841
0.07999921
0.08400273
0.14800406
0.08399868
0.07199836
0.07600045
0.07200027
0.06799889
0.07200074
0.07200480
0.08119464
0.12399960
0.08400416
0.07598996
0.07999992
0.07200003
0.09199667
0.09600067
0.15999532
0.10410810
0.07197428
0.08520460
0.09999871
0.07999897
0.07201195
0.07599950
0.07599950
0.07602477
0.09597468
0.11600256
0.07999778
0.07599783
0.07599854
0.07199931
0.08400321
0.10000038
0.13997984
0.09198141
0.08400106
0.09200025
0.08397388
0.07600069
0.07583880
0.07603455
0.07997561
0.08009100
0.09325600
0.15199327
0.15998220
0.12399721
0.12800074
0.08399749
0.07196808
0.09597373
0.10290647
0.13723540
0.07599926
0.07200050
0.09601831
0.08000493
0.07600117
0.09200215
0.13199925
0.07199860
0.07599950
0.11999846
0.09496570
0.07200551
0.07599974
0.07200003
0.07600021
0.08800077
0.13600039
0.06802797
0.07200027
0.10000396
0.16800547
0.09599805
0.07200074
0.06799912
0.08000016
0.13200402
0.14399076
0.14000082
0.11200094
0.12400055
0.11599779
0.07600188
0.12400055
0.10316133
0.14122200
0.08399940
0.07600260
0.07200003
0.07199883
0.06799126
0.06799793
0.07199812
0.07600021
0.08000326
0.09523463
0.09599805
0.14801311
0.07199907
0.07999921
0.07196760
0.07599664
0.07200909
0.07201791
0.06799746
0.07590103
0.10369492
0.10919881
0.16798973
0.07599807
0.06799793
0.06799984
0.06799817
0.07199955
0.08399677
0.07599616
0.06799984
0.06800246
0.06799936
0.08494496
0.08526564
0.11597729
0.10799909
0.11999726
0.08399868
0.07599974
0.07199931
0.07199931
0.07599950
0.07199931
0.08002663
0.10918045
0.11201119
0.09999180
0.08400011
0.07999969
0.08399868
0.08799624
0.08399820
0.08399844
0.13200021
0.12256980
0.07323718
0.09199929
0.07199883
0.07200027
0.07999969
0.10799909
0.10399771
0.10399961
0.09599948
0.07596087
0.07999921
0.07443476
0.07715869
0.07597923
0.07199860
0.07199931
0.07199883
0.07600069
0.12800956
0.12799287
0.07599926
0.08399940
0.07999897
0.07598972
0.07363272
0.07199883
0.07300806
0.07565331
0.07200241
0.07200003
0.07599902
0.06799936
0.07577133
0.07534695
0.08399844
0.08799887
0.10000038
0.13077497
0.11720157
0.06800008
0.06800675
0.07599854
0.08001065
0.10000014
0.15600109
0.09600043
0.09999919
0.07200050
0.07198548
0.08861804
0.10399771
0.09201312
0.07574797
0.07599950
0.07176805
0.07199931
0.07999945
0.07197118
0.07199979
0.07599854
0.07602739
0.08400083
0.07200027
0.07199955
0.07569838
0.09600210
0.12399530
0.06799984
0.07177854
0.07200050
0.07200050
0.06799817
0.07999992
0.08800602
0.15092731
0.13323951
0.11997724
0.06800246
0.06995654
0.08119941
0.09199786
0.13600326
0.12800193
0.11599565
0.11712670
0.12518764
0.12799883
0.05985713
0.06000066
0.05599880
0.06000614
0.05599999
0.04800057
0.04799914
0.04799843
0.04799986
0.05197120
0.05599785
0.06400013
0.06399155
0.07629609
0.10119057
0.07597470
0.11199689
0.09599829
0.06000161
0.08000040
0.10401297
0.13203311
0.12398481
0.14467692
0.07599211
0.07316947
0.08000445
0.09200215
0.13203382
0.12799430
0.09196901
0.07199860
0.07599950
0.07599950
0.07600093
0.07704353
0.08918309
0.15199423
0.09600043
0.15614939
0.10000587
0.13199878
0.12799978
0.07599902
0.07199955
0.08399963
0.10398078
0.11601377
0.15600610
0.14800072
0.12000012
0.13199472
0.06631088
0.07315731
0.07200003
0.07200122
0.07199979
0.07199883
0.07577658
0.07600045
0.07600045
0.08395123
0.08144474
0.06802154
0.07174373
0.07600045
0.09198332
0.09599733
0.14752865
0.08001518
0.07176995
0.07600260
0.08399844
0.07199907
0.07199883
0.07165813
0.07199860
0.08399725
0.07199645
0.08800197
0.10399556
0.06400037
0.06797695
0.07102346
0.06918097
0.06799793
0.06800056
0.07181501
0.07600021
0.07997012
0.08799124
0.11599970
0.08399606
0.07178140
0.06959963
0.08116841
0.07999611
0.08799195
0.07599545
0.06799889
0.06800032
0.06799793
0.07199883
0.07599759
0.07199931
0.07200027
0.07997561
0.07999873
0.14049363
0.13199735
0.09199810
0.08797145
0.06799960
0.06399989
0.06786036
0.06800461
0.07200050
0.08399820
0.10799813
0.09599900
0.09984636
0.07199979
0.08400083
0.09200692
0.09601307
0.13162255
0.18133235
0.14399886
0.15999627
0.17942142
0.10799980
0.09305978
0.08001614
0.07600474
0.06799912
0.07599878
0.07599902
0.08400464
0.10798955
0.08000040
0.07199931
0.07226276
0.11328197
0.10709476
0.12922788
0.12002683
0.17999768
0.13599920
0.07597923
0.08799887
0.10431194
0.11599803
0.08116412
0.07999039
0.09600449
0.08800125
0.08799934
0.12800002
0.11199737
0.06800008
0.06799984
0.06399870
0.07199764
0.07224655
0.07317352
0.09199858
0.11200166
0.14000154
0.11601663
0.04800034
0.05199552
0.05600071
0.05599761
0.05598116
0.07599974
0.06425524
0.05597901
0.09731030
0.10397792
0.11200333
0.09599876
0.05199981
0.05202341
0.04398274
0.04799938
0.07200670
0.10399938
0.09600496
0.12289238
0.07048011
0.07323074
0.08799577
0.11999750
0.12001157
0.12400079
0.13599968
0.08799672
0.06799960
0.09200096
0.10401940
0.09857273
0.11728573
0.07599998
0.06799984
0.07599664
0.07999825
0.07199931
0.07601166
0.07599926
0.08399987
0.08399940
0.08399773
0.12799716
0.12441564
0.07599759
0.07199979
0.06800008
0.07199812
0.06800008
0.06799960
0.07200050
0.11937022
0.10403013
0.09199929
0.06399846
0.06799889
0.07200074
0.07197952
0.08570671
0.08119583
0.10797477
0.07599807
0.07600021
0.08799791
0.06799889
0.07200074
0.06799960
0.06800008
0.06799817
0.07143044
0.07720494
0.06800008
0.06800151
0.07600021
0.07197785
0.06799960
0.06800032
0.07999873
0.08399940
0.08000016
0.07599854
0.08000040
0.08400249
0.10746884
0.06923842
0.06793737
0.06799841
0.06799912
0.07600141
0.09600186
0.10400772
0.13599443
0.08799481
0.06797361
0.07200050
0.09434223
0.11728215
0.16399670
0.10400033
0.09599638
0.09199595
0.06799865
0.12800312
0.09601808
0.08400011
0.13951302
0.08800077
0.11999846
0.15599227
0.08799624
0.08800030
0.08799958
0.08800387
0.16400599
0.15845847
0.10099149
