0.01599693
0.05599713
0.06037998
0.06000662
0.04799795
0.05199862
0.06397271
0.02906418
0.03199911
0.10521555
0.10800242
0.07108164
0.08000302
0.10000801
0.09409595
0.05999732
0.05599928
0.05599952
0.07600021
0.08212924
0.06917644
0.06800008
0.09200716
0.09199739
0.05999851
0.05999970
0.05599785
0.05599904
0.05599928
0.05614281
0.05999088
0.09600019
0.09702826
0.07341933
0.05599976
0.05600023
0.05997443
0.05199718
0.06400347
0.05199909
0.05216670
0.07326722
0.08399940
0.07540751
0.05199790
0.05171084
0.08028722
0.08801246
0.09599710
0.09599924
0.09509659
0.06520486
0.05257845
0.08799720
0.05199838
0.06399965
0.08291507
0.06799865
0.08401942
0.09474683
0.08337307
0.05599642
0.05599904
0.05602098
0.06000233
0.06400275
0.07200313
0.09190702
0.05600166
0.09737539
0.09724164
0.09572864
0.07721949
0.06799912
0.08400321
0.08799267
0.06000161
0.09599495
0.07199550
0.11323667
0.05715537
0.05999827
0.06399584
0.06399822
0.09199572
0.09599495
0.09600425
0.05599976
0.05600095
0.05199814
0.05199981
0.05602169
0.09199595
0.06519556
0.05600023
0.08000326
0.08799887
0.05200100
0.05199909
0.04000092
0.06400156
0.08000112
0.05999970
0.08001590
0.08024263
0.04399610
0.03199601
0.03199863
0.03200078
0.03599763
0.03198075
0.03199482
0.04000068
0.03999162
0.03599882
0.07600069
0.05999875
0.05598640
0.06799531
0.09200168
0.10049057
0.07727051
0.07198524
0.09999585
0.09199715
0.06800413
0.06399989
0.09599853
0.06800175
0.09726501
0.10798502
0.06400013
0.06400585
0.06000042
0.06800580
0.06799436
0.05599976
0.05599785
0.06798673
0.07600689
0.08799362
0.07201147
0.08000135
0.08383298
0.06799483
0.05200005
0.06399870
0.08000612
0.11199808
0.06399655
0.06000543
0.08000469
0.07199478
0.07596898
0.05199957
0.05200291
0.06000066
0.07746410
0.07726741
0.07599807
0.07999754
0.03999233
0.03999782
0.06801057
0.07997203
0.03999686
0.03600001
0.05199242
0.05599809
0.05599642
0.07600689
0.07388234
0.06129003
0.03602314
0.03600001
0.03599930
0.05599928
0.05199814
0.07998013
0.09599757
0.09600306
0.09999537
0.09999228
0.06408834
0.06799960
0.06115770
0.06399632
0.08000875
0.07999468
0.05999827
0.07999539
0.08399653
0.09599686
0.05599833
0.05995893
0.08399367
0.05826640
0.05997634
0.06400466
0.06800008
0.07202649
0.11199856
0.08400154
0.09600282
0.09599900
0.09599447
0.06000018
0.05999970
0.06221819
0.05999708
0.03600407
0.04002285
0.03999829
0.03199935
0.03596854
0.05599785
0.07999992
0.07999325
0.05599928
0.08398819
0.06399775
0.05998731
0.05599761
0.03197336
0.03201652
0.03200078
0.03599811
0.03600168
0.07999349
0.06800103
0.07600021
0.06799960
0.05199862
0.05337334
0.05200863
0.04922056
0.05600119
0.09997439
0.07200384
0.10059786
0.06801128
0.06400061
0.05602717
0.03198338
0.04000115
0.04399204
0.03599882
0.03391886
0.03999925
0.05320668
0.04860616
0.04799938
0.04118252
0.06399751
0.04673338
0.05199885
0.04399610
0.03316760
0.03999949
0.04399991
0.04800129
0.04400063
0.05200505
0.06000304
0.06000686
0.04097939
0.07202721
0.08528781
0.08796549
0.05599880
0.05200005
0.05600357
0.08002424
0.08799767
0.09599257
0.06400132
0.10399699
0.08399701
0.05599761
0.05599999
0.05199909
0.05199981
0.05201435
0.05600095
0.05250335
0.05317974
0.05600166
0.05599785
0.05999613
0.09600306
0.09197211
0.07600164
0.09199691
0.09958816
0.08801317
0.09200025
0.09200621
0.09599757
0.09599924
0.09199500
0.10400105
0.05999756
0.06798577
0.06799889
0.06003022
0.05600071
0.04797721
0.05310321
0.04801917
0.04918432
0.06399775
0.05999994
0.06402612
0.05199862
0.05999994
0.05199838
0.05199862
0.03999949
0.03199887
0.04399991
0.04400015
0.04800010
0.05597019
0.05196524
0.06574225
0.04799867
0.08400154
0.07599854
0.03599906
0.03599834
0.05202746
0.07600021
0.07130694
0.06000185
0.04000282
0.04799962
0.03999925
0.03602767
0.03999829
0.04153705
0.03999996
0.04274511
0.04000020
0.03600001
0.05199957
0.08733296
0.07047415
0.06399775
0.05198002
0.05200005
0.09999871
0.07531214
0.07600665
0.06915045
0.09999490
0.07200027
0.07599878
0.07201409
0.06399584
0.05597520
0.08002520
0.07199860
0.08000255
0.08399320
0.07448149
0.07721853
0.05199933
0.05599952
0.05599904
0.05599976
0.05596495
0.05599880
0.05317020
0.05199981
0.06724429
0.06523013
0.07599425
0.09999824
0.09026647
0.09727311
0.07999611
0.07200789
0.06920910
0.08336830
0.07199359
0.04799962
0.05598688
0.05599999
0.05036926
0.07322145
0.06857491
0.08002830
0.09141064
0.09199381
0.05599904
0.05997777
0.05199933
0.06001568
0.07999635
0.07599807
0.07505465
0.08000183
0.09732270
0.05999947
0.04882407
0.04922104
0.05600023
0.05199885
0.03199935
0.03998375
0.04399991
0.06801152
0.04800010
0.04799795
0.04399753
0.04119563
0.04400134
0.03200579
0.03199935
0.06924486
0.04000092
0.03999925
0.03997493
0.04400229
0.04799891
0.04607272
0.08125305
0.05199790
0.04799771
0.03599787
0.03199959
0.03187203
0.05369043
0.06018662
0.04800701
0.05199838
0.05676389
0.04400778
0.07730746
0.09200573
0.05197763
0.05999207
0.05267525
0.06399941
0.06524992
0.08000064
0.05599904
0.05600429
0.05602264
0.05999875
0.06032896
0.10400724
0.05197906
0.05599880
0.06000042
0.05599570
0.04799843
0.05199718
0.05200124
0.03999853
0.03199887
0.03600240
0.03599691
0.05600643
0.05200005
0.05199432
0.02801919
0.03596807
0.04000139
0.05630445
0.05324721
0.07600141
0.07599998
0.05200100
0.04399943
0.03199720
0.03199983
0.03200173
0.03199673
0.03202200
0.04000163
0.05999136
0.08000350
0.09999371
0.08462191
0.09305143
0.05720353
0.05599952
0.06000018
0.06399989
0.06000376
0.05999780
0.05999827
0.05599952
0.05200005
0.03200006
0.03600049
0.03998494
0.05198956
0.07599616
0.07599449
0.05999184
0.03600049
0.04800367
0.04800272
0.05599952
0.07599735
0.04399943
0.03199911
0.07715011
0.07199407
0.08166289
0.07999992
0.09600425
0.07999873
0.07600021
0.08000040
0.07599425
0.10396481
0.05599570
0.05200791
0.05197954
0.05999923
0.07200122
0.09199929
0.07230997
0.09730864
0.09197569
0.05599952
0.05600047
0.08399868
0.10000157
0.08800197
0.06799960
0.06801915
0.05601001
0.05599904
0.05199909
0.05599976
0.05199862
0.06400061
0.08000016
0.07199526
0.05982041
0.06399822
0.08002830
0.08567929
0.11200714
0.07999611
0.05590439
0.07199669
0.07572985
0.07600141
0.07599878
0.07600021
0.06400204
0.03200054
0.04231572
0.04800487
0.03719187
0.04800081
0.03999901
0.04000759
0.03599644
0.03599739
0.03599954
0.03999758
0.04400229
0.04799938
0.04799819
0.04982066
0.05999756
0.06400013
0.03999829
0.06399822
0.06400442
0.07599640
0.07999659
0.05999756
0.06799555
0.06799817
0.08800197
0.08399320
0.05599976
0.06800127
0.10398722
0.06400228
0.06399894
0.06799722
0.06399655
0.06398582
0.05599737
0.05599809
0.05599856
0.05199981
0.05599713
0.03600025
0.03999877
0.03999925
0.08001256
0.04116774
0.08802223
0.08400726
0.08000422
0.06799269
0.05199742
0.08800077
0.03599787
0.03999853
0.05599976
0.06800246
0.07199192
0.05201960
0.06205559
0.08530641
0.09999156
0.11199546
0.05999851
0.09599566
0.10799837
0.06399989
0.07199740
0.05999899
0.06400013
0.10685110
0.06399918
0.05999875
0.06000066
0.06400108
0.06799912
0.06800151
0.06399679
0.05200005
0.05200052
0.05999780
0.06799769
0.06402707
0.08799863
0.06939149
0.07325840
0.07599354
0.03600168
0.03599763
0.04001999
0.03199673
0.03608155
0.03599691
0.03721189
0.04384613
0.04400039
0.07599735
0.03599930
0.08400512
0.08916378
0.03599882
0.03599930
0.03999972
0.05202174
0.04400086
0.04397297
0.04000187
0.08001256
0.05199671
0.05199885
0.05198050
0.05601454
0.05999970
0.06283450
0.06521630
0.06400132
0.06002474
0.05618572
0.07724857
0.07599807
0.05599833
0.06000376
0.06399989
0.08403182
0.10799217
0.08800054
0.09200191
0.09999943
0.07169294
0.07200360
0.09599805
0.05999851
0.05999994
0.06766987
0.07716322
0.06399822
0.05599809
0.05599856
0.05199957
0.05134630
0.05999947
0.06004405
0.03600001
0.06002212
0.03822064
0.04800034
0.05199671
0.05200386
0.04399896
0.04400134
0.03565359
0.03199983
0.03199911
0.03313994
0.03600049
0.04119635
0.05200291
0.05599713
0.07601285
0.07995415
0.07600999
0.07931042
0.08130217
0.09805775
0.08521771
0.11198950
0.05595112
0.05729890
0.10800362
0.10000610
0.11168647
0.09989333
0.11095715
0.11325765
0.06403089
0.05999970
0.05599928
0.05999875
0.05599809
0.05593419
0.05199885
0.05599976
0.05601406
0.10000062
0.10061193
0.09727287
0.09199309
0.09597635
0.06797028
0.06799960
0.06799936
0.06800222
0.09200478
0.09999228
0.08800220
0.10162187
0.06799960
0.05144691
0.05599952
0.06420898
0.06399989
0.06799984
0.05999684
0.06801939
0.08123255
0.10000062
0.06800079
0.06800151
0.06799817
0.06800246
0.09624529
0.05199981
0.05199838
0.05200124
0.05199909
0.03198338
0.03599858
0.04000092
0.05200076
0.05480480
0.03999639
0.07330513
0.07199740
0.05599976
0.03199863
0.03599811
0.03199959
0.09233499
0.03999949
0.04799962
0.03999925
0.06800461
0.08399987
0.05199933
0.05999637
0.07196617
0.08799767
0.05602789
0.05599952
0.05999994
0.05999756
0.05945635
0.05599761
0.05325222
0.06401181
0.06399751
0.09999728
0.09599733
0.09996891
0.09999514
0.05599976
0.05599809
0.06739306
0.07729411
0.05753326
0.07600331
0.05600405
0.05600405
0.05199933
0.05199957
0.05199003
0.05199838
0.05599904
0.05596781
0.05199862
0.05999994
0.08000159
0.07999635
0.09999466
0.04895353
0.05198121
0.05599856
0.03200006
0.03199959
0.03659892
0.06829596
0.08621883
0.04799581
0.03321433
0.03600121
0.03601956
0.04399872
0.04399967
0.05599952
0.08400059
0.06021929
0.05999970
0.06799912
0.09199667
0.03200865
0.03199959
0.03202415
0.04000092
0.04399920
0.07996082
0.08401513
0.07999825
0.09599972
0.10000277
0.10500360
0.06514692
0.05599904
0.05601001
0.05198932
0.05201530
0.05599904
0.05199909
0.06000328
0.07199049
0.08400583
0.05197525
0.03599668
0.03601241
0.05601859
0.06399989
0.04396129
0.04404020
0.04800034
0.04799891
0.06000352
0.03599811
0.03599143
0.03599811
0.05200362
0.08396125
0.03999543
0.03601360
0.03601551
0.03599763
0.04399896
0.04799891
0.04399824
0.04799986
0.06399965
0.06652570
0.06799698
0.06518245
0.06740379
0.05200529
0.05401707
0.05200028
0.05600142
0.07997632
0.07200193
0.05600190
0.06399965
0.06000447
0.06399918
0.05599499
0.03599930
0.08213806
0.04000163
0.06402469
0.07199860
0.06399751
0.05998397
0.06399965
0.06800556
0.07199574
0.04397416
0.05201983
0.04799938
0.06399989
0.07600689
0.07822442
0.08927822
0.11199856
0.08399796
0.11600184
0.09997797
0.08000326
0.06401134
0.06400204
0.05999970
0.06400156
0.06668782
0.06800127
0.07319021
0.05599785
0.05602384
0.05599928
0.05599833
0.06399941
0.06797099
0.08000135
0.07999420
0.05499244
0.06121063
0.07201481
0.05599689
0.05999899
0.03479433
0.03588557
0.03326988
0.04799914
0.04800010
0.04400039
0.04799962
0.04799938
0.08400035
0.07999253
0.03201675
0.03599954
0.03199482
0.03599977
0.03200054
0.03199816
0.03200006
0.03603554
0.03599882
0.03199887
0.03199959
0.03199983
0.03246856
0.03598571
0.04399967
0.04402995
0.04800200
0.08206105
0.05200171
0.05319142
0.03998923
0.04400063
0.04802704
0.05199885
0.03875136
0.04399967
0.04399681
0.04000449
0.04000044
0.04799986
0.07135582
0.08527565
0.05599451
0.03199887
0.03599954
0.05599904
0.04799771
0.07599139
0.07598543
0.05199909
0.04399896
0.04800081
0.03999972
0.05999684
0.05999827
0.05997658
0.05865741
0.05997896
0.06519961
0.07599950
0.09599781
0.10765600
0.05716419
0.05199862
0.05599689
0.05601072
0.03999877
0.03601861
0.03999186
0.03601432
0.04001141
0.06400108
0.05751944
0.03199911
0.08103085
0.08399129
0.09200311
0.07597828
0.05198526
0.08402252
0.08798003
0.07599545
0.05600238
0.08800578
0.08191204
0.06400299
0.06399989
0.05998945
0.05599999
0.05599904
0.05199957
0.05200052
0.03200054
0.03602338
0.03998089
0.04400063
0.04399848
0.06378245
0.03199482
0.03721404
0.03600025
0.03599834
0.03199959
0.03199887
0.03599834
0.03200173
0.03599882
0.03320670
0.03599954
0.04399848
0.04399872
0.04799724
0.03999996
0.04398799
0.05999613
0.03599715
0.04000092
0.03999949
0.03601456
0.03599882
0.03599834
0.05599809
0.05999732
0.05599952
0.04799795
0.08812547
0.09328103
0.04399896
0.04399943
0.05599809
0.06400561
0.08400226
0.11599374
0.06399703
0.06397700
0.07199907
0.07199526
0.05199957
0.05431771
0.05315447
0.05999780
0.05999899
0.05599904
0.05599952
0.06399965
0.06798697
0.05197668
0.03198624
0.03548670
0.03598332
0.04399967
0.03315449
0.03599858
0.04399681
0.03999901
0.03600025
0.04399920
0.04909992
0.07197332
0.07199669
0.05599570
0.03199744
0.03999805
0.03999853
0.03600001
0.03999877
0.05199957
0.04799938
0.03598380
0.04400110
0.06400061
0.06800032
0.10399318
0.07200313
0.08904839
0.05720019
0.05999637
0.05599880
0.06399798
0.05996776
0.07200408
0.05598497
0.05601954
0.05197382
0.05199838
0.03600907
0.04231763
0.05199742
0.03300953
0.03997922
0.04333377
0.03601384
0.03721285
0.04000425
0.04401731
0.04399943
0.03999853
0.06800199
0.06799984
0.06400037
0.06800628
0.03999138
0.03599954
0.04800248
0.05600142
0.08400512
0.04799151
0.03999972
0.07946444
0.08924699
0.05999994
0.05599928
0.05999923
0.05599856
0.05599952
0.05599904
0.05199981
0.05199909
0.04799080
0.04798579
0.07999992
0.07999992
0.06391525
0.07998395
0.05599785
0.05599689
0.03197503
0.03200030
0.04399967
0.04397416
0.04398561
0.05200219
0.08799672
0.09598875
0.06324792
0.03999591
0.03301167
0.03999162
0.05998254
0.06413198
0.07326317
0.07202911
0.07199907
0.06799030
0.05599880
0.05599904
0.05247593
0.05720758
0.05599904
0.05597377
0.03199840
0.03999925
0.03599715
0.03999949
0.03599882
0.03999186
0.08824682
0.09199929
0.08803535
0.03199935
0.03196597
0.03593826
0.03200030
0.03998375
0.03999901
0.04800105
0.04799938
0.04800010
0.08800650
0.07999516
0.06400132
0.06030416
0.07198119
0.07599807
0.06000042
0.07597780
0.10800195
0.08399510
0.09599447
0.09199953
0.06397891
0.05599999
0.05599809
0.05602527
0.05936074
0.10653877
0.08400607
0.05599976
0.05600047
0.06399989
0.06800056
0.06000042
0.05197597
0.05599904
0.05600142
0.06002164
0.06796885
0.06799769
0.06399941
0.05811024
0.05599952
0.06517053
0.06000042
0.07773089
0.07600355
0.05200052
0.05199027
0.05197048
0.06000137
0.07600093
0.04400110
0.07996941
0.05600238
0.05600643
0.05977130
0.08403111
0.05999351
0.03999949
0.03999925
0.04001093
0.04400158
0.04399991
0.06400561
0.06799054
0.07199121
0.06801629
0.03199887
0.03600025
0.03999901
0.04400802
0.04799962
0.09990025
0.04397297
0.04118347
0.05199862
0.08800340
0.09199667
0.06399894
0.06174612
0.06523776
0.04399800
0.06000066
0.06400108
0.06001782
0.05999804
0.06399941
0.07599878
0.06461191
0.06522107
0.06000066
0.06401730
0.06000018
0.06400180
0.07199907
0.06800127
0.06399465
0.05199933
0.05200648
0.05599570
0.07200265
0.08400702
0.07632113
0.07199979
0.04916430
0.05600095
0.06400132
0.04399824
0.04399729
0.04800606
0.04516077
0.04399753
0.05999899
0.06398034
0.03200483
0.03598499
0.03600144
0.03600073
0.03199148
0.03599930
0.03200579
0.03999877
0.03481460
0.03599858
0.03721642
0.03999901
0.03999901
0.04003835
0.05599713
0.06399775
0.04798007
0.04800034
0.06798720
0.08399701
0.07717228
0.08399677
0.05599928
0.05599666
0.04003358
0.04683065
0.04400826
0.04119945
0.05999851
0.05599785
0.05599952
0.05602193
0.07997966
0.08000231
0.06799865
0.05199981
0.05601263
0.06400633
0.10799742
0.06399751
0.05999899
0.10523462
0.07199812
0.06799698
0.05600023
0.03199887
0.03599977
0.03599811
0.03599977
0.03999949
0.03200698
0.03999901
0.03600025
0.03599930
0.03599977
0.03600550
0.04000115
0.06399918
0.08902717
0.07729483
0.08399034
0.05998945
0.03199959
0.03600264
0.03599834
0.03665113
0.03300834
0.04517555
0.04401112
0.05199766
0.06800103
0.06800342
0.05198169
0.05199909
0.05200601
0.08764029
0.04118085
0.04799676
0.04800892
0.08400345
0.09200668
0.08400679
0.07996130
0.04000020
0.03599930
0.05599952
0.05597258
0.05599928
0.04800105
0.06796932
0.09199643
0.03599739
0.03600025
0.04799700
0.03999710
0.03200054
0.03600097
0.04000974
0.04399943
0.03999710
0.04000425
0.03999853
0.03999829
0.05600071
0.06399608
0.08000016
0.03599954
0.03892612
0.06935573
0.07199931
0.08799744
0.05599809
0.05602503
0.05999923
0.05600119
0.05598688
0.06399965
0.06399679
0.08465385
0.06523681
0.08399463
0.08000112
0.11169887
0.09195304
0.05197930
0.05600214
0.05599952
0.05599904
0.05200052
0.04799795
0.03998184
0.03877521
0.05200410
0.03200102
0.03198767
0.03200054
0.04000258
0.04400134
0.05999732
0.05600071
0.05599809
0.05718637
0.06001234
0.06400299
0.06400275
0.06399918
0.06801462
0.05600262
0.04399848
0.04399848
0.03603816
0.03999996
0.04399729
0.06399965
0.06399846
0.06400013
0.07957006
0.08924603
0.10799694
0.08397007
0.10125566
0.10000181
0.10000753
0.05599809
0.05598450
0.05199957
0.03199887
0.07200360
0.08009791
0.04926920
0.03600836
0.04800010
0.05199814
0.05199957
0.06399298
0.04400206
0.05199718
0.05601501
0.03599882
0.03599787
0.03599834
0.03599858
