0.02799702
0.01997399
0.01963806
0.02800179
0.02802229
0.04399633
0.04400826
0.04101920
0.02002048
0.01999545
0.01999855
0.02800608
0.02399969
0.02800989
0.02800250
0.02801681
0.02400970
0.02400017
0.02399611
0.02800012
0.02400041
0.02399969
0.02399659
0.02400136
0.02396512
0.02719426
0.02799582
0.02799845
0.02799678
0.02799582
0.02400279
0.02002954
0.03999591
0.04399967
0.04799366
0.04400349
0.04000807
0.03995085
0.04399323
0.03999543
0.04397774
0.04000425
0.04800677
0.04400182
0.04000378
0.03599954
0.04000139
0.03552961
0.02800107
0.01999974
0.01999760
0.01999974
0.02000356
0.02400255
0.02530384
0.02402234
0.02102661
0.02800298
0.02399135
0.02400470
0.02798390
0.02585936
0.02399898
0.02124310
0.01600027
0.01999784
0.02399087
0.02400494
0.02400041
0.02400756
0.02000070
0.01996517
0.02000189
0.02400064
0.01977563
0.04000068
0.04002786
0.04399967
0.04399610
0.03999662
0.04400182
0.03599977
0.03817010
0.03599739
0.03599834
0.03704238
0.03600073
0.01600099
0.01599765
0.01200008
0.01600146
0.01199913
0.01600027
0.01199985
0.01600003
0.01199889
0.01200008
0.01599789
0.01600266
0.01599717
0.01199985
0.01599908
0.01715255
0.01599813
0.01599860
0.01600051
0.01715374
0.01200032
0.01600003
0.01500940
0.01600194
0.01200080
0.01599956
0.01600027
0.01197767
0.01600289
0.01599908
0.01200008
0.01718092
0.01600194
0.01599765
0.01511765
0.01600122
0.01999879
0.02213645
0.01936865
0.01999998
0.01999950
0.02800322
0.01999593
0.02118134
0.02000070
0.01999879
0.01599979
0.01999831
0.02000141
0.01999640
0.01599908
0.01999950
0.01597357
0.01999974
0.02000189
0.01999760
0.01996160
0.01599932
0.01999927
0.01599693
0.01969695
0.01600027
0.02399707
0.02800083
0.02129459
0.01599956
0.02000380
0.01896358
0.01599669
0.02124238
0.02132678
0.02936745
0.02799606
0.03119564
0.02836800
0.03007269
0.02399707
0.02399993
0.04799461
0.04400587
0.04799867
0.03599596
0.03977370
0.04399872
0.04531479
0.03999496
0.03996873
0.04399753
0.02400351
0.02001143
0.01999927
0.01999688
0.01999164
0.02399969
0.02399921
0.02399874
0.02400327
0.02607870
0.01999712
0.02000213
0.02400470
0.02400327
0.01999831
0.02460170
0.02400017
0.02003980
0.02400327
0.02802491
0.02026033
0.02400112
0.02399755
0.02000308
0.02800035
0.01899052
0.01599956
0.01999903
0.04400325
0.03999805
0.03999782
0.02800751
0.02399921
0.02399898
0.01599836
0.01832461
0.01998901
0.02527237
0.02399611
0.02398515
0.02400231
0.02400208
0.02402782
0.01725817
0.02001595
0.02399683
0.02400374
0.02400517
0.02399945
0.02398872
0.02400184
0.02000022
0.01599908
0.01602793
0.01583624
0.02001548
0.02399921
0.02208018
0.02400208
0.03998041
0.03996944
0.03599763
0.03999925
0.03999472
0.02799702
0.02398324
0.02399778
0.02799535
0.02400017
0.02397823
0.02402925
0.01999974
0.01600099
0.01599813
0.02000785
0.01999807
0.01599956
0.01600266
0.02000093
0.02001500
0.01999950
0.01999807
0.01601696
0.01999927
0.02001047
0.01999903
0.02546453
0.01999664
0.02800179
0.02801251
0.02799511
0.02399683
0.02400017
0.02399683
0.02399802
0.02799654
0.02400303
0.02799821
0.02399969
0.02400064
0.03073192
0.02799797
0.04000020
0.03989625
0.04528308
0.04398012
0.04400063
0.04000545
0.04402852
0.04400682
0.04799795
0.01997423
0.02400923
0.02399826
0.02400208
0.01599956
0.02000022
0.01773262
0.02000046
0.02000046
0.01600361
0.01599932
0.01919818
0.02800059
0.02559423
0.02800345
0.01998091
0.02800703
0.02399492
0.02403116
0.02002478
0.01600051
0.02000022
0.01997113
0.01599884
0.02399588
0.02400255
0.02400303
0.01601219
0.01600003
0.02000046
0.02400708
0.02800107
0.02399659
0.02800679
0.02534461
0.02400637
0.02399635
0.02400327
0.02398467
0.02000260
0.02399802
0.02400446
0.02800131
0.02799511
0.02402020
0.02399921
0.02800012
0.02399683
0.02799702
0.02396917
0.02799535
0.33407760
0.04178691
0.04089046
0.04089284
0.02094769
0.02293897
0.01695490
0.01497960
0.01496172
0.01495552
0.02393579
0.01495862
0.01495886
0.01516008
0.01495934
0.01496077
0.01496148
0.02194667
0.02394295
0.02393532
0.02193284
0.02294183
0.02193546
0.01994824
0.02093887
0.01996803
0.01894999
0.01396251
0.01497698
0.01498795
0.01496196
0.01496053
0.01496243
0.02393126
0.02194309
0.02194452
0.01994610
0.01995111
0.02194428
0.02593470
0.02494216
0.02593017
0.01694751
0.01795268
0.01994514
0.02592897
0.02592206
0.02792740
0.02293205
0.01795268
0.01894999
0.01795220
0.01894951
0.01994729
0.01994514
0.01994801
0.02194571
0.02293849
0.02393675
0.02692795
0.02341557
0.02493548
0.02991223
0.02593017
0.02592778
0.02794862
0.02393389
0.02094626
0.02192307
0.02692461
0.02693439
0.03091741
0.02293849
0.02692771
0.02593637
0.02393579
0.02593565
0.02493501
0.03091669
0.02790308
0.02193260
0.02293849
0.02891541
0.02692819
0.02592993
0.02294087
0.03290844
0.02792621
0.02294135
0.02294135
0.02293849
0.02593112
0.02194142
0.02246237
0.02392006
0.03091931
0.02893066
0.01994753
0.02094531
0.02194810
0.01895070
0.02096343
0.01895285
0.01894903
0.02194309
0.01994944
0.02193952
0.02794242
0.02592468
0.02492571
0.02593064
0.02705169
0.02490854
0.02193999
0.01894736
0.01795268
0.01994801
0.01894999
0.01994801
0.02095246
0.02393770
0.02394247
0.02394414
0.02394152
0.02194405
0.02991295
0.02594018
0.02493429
0.02492666
0.02593827
0.02194405
0.02592897
0.02593231
0.02495956
0.02985764
0.02893019
0.02992535
0.02992177
0.02989888
0.03191161
0.03364325
0.02992320
0.03092074
0.03191090
0.02991939
0.03490043
0.03190732
0.05884290
0.06084108
0.04288793
0.04388022
0.05174541
0.02892351
0.02293968
0.02493382
0.02192140
0.02092838
0.02293968
0.02394104
0.01496053
0.01595831
0.01595688
0.01396275
0.01396418
0.01496053
0.01595736
0.02194524
0.02193904
0.02393246
0.02193737
0.02094746
0.01894379
0.01496220
0.01695776
0.01495910
0.01595759
0.01496172
0.01535535
0.01595926
0.02493358
0.02393866
0.01496172
0.01496243
0.01496029
0.01695561
0.02092123
0.02892637
0.02493000
0.02493548
0.02493334
0.02592611
0.02492595
0.02593422
0.02794671
0.02393222
0.03291154
0.01994658
0.01994753
0.02094340
0.02792311
0.02601576
0.01994896
0.01994848
0.02295399
0.02493834
0.02892208
0.03291488
0.02792621
0.02194476
0.02296495
0.02493429
0.02293944
0.02094460
0.02094531
0.02493215
0.02094364
0.01994562
0.02194285
0.02393651
0.02094197
0.02094436
0.02094579
0.01994848
0.01894999
0.01894855
0.02547717
0.02294135
0.02294135
0.02394414
0.02294064
0.02593207
0.03091431
0.02693200
0.02594447
0.01795197
0.01996136
0.01895118
0.02294207
0.02295613
0.02194548
0.02493715
0.02194190
0.02792048
0.02593207
0.02693129
0.02592635
0.01994753
0.02297473
0.02977610
0.02793503
0.02792406
0.03192234
0.03291011
0.02493262
0.02293873
0.02293825
0.02692890
0.02393770
0.03092360
0.03191328
0.03091311
0.03191471
0.03191161
0.03191853
0.02992773
0.02194118
0.02892566
0.02992320
0.03291273
0.03091335
0.03190875
0.02905250
0.02493000
0.02592874
0.02992606
0.02692771
0.02818060
0.02692795
0.02692819
0.04188275
0.03889656
0.05086493
0.04887056
0.04887033
0.01396298
0.01496100
0.01695323
0.01695371
0.01894903
0.01794958
0.01994109
0.02393579
0.02093816
0.02191997
0.02094817
0.01396370
0.01394439
0.01396298
0.01595521
0.01595640
0.02194095
0.02095389
0.02094960
0.02194858
0.02094412
0.02191901
0.02094412
0.02294111
0.02146530
0.02393651
0.01994419
0.01895165
0.02191877
0.02193761
0.01595449
0.01748919
0.01495981
0.01496029
0.01616073
0.01695514
0.01695514
0.01994824
0.01695585
0.02094626
0.01795483
0.01795316
0.01795435
0.01894999
0.01894784
0.02094221
0.02892303
0.02293062
0.02394032
0.02196932
0.02195334
0.02294087
0.02494431
0.02393651
0.01794410
0.01992321
0.01795292
0.01894927
0.02091932
0.02891731
0.02493334
0.01994562
0.02194118
0.02393484
0.02395105
0.01895022
0.01994824
0.02194571
0.01994419
0.02093983
0.02194357
0.01795411
0.01795268
0.01895070
0.01795483
0.01894736
0.01695609
0.01795411
0.01795411
0.02294946
0.02692246
0.02892971
0.02593064
0.02392840
0.02094507
0.02253079
0.02992606
0.02492619
0.02194381
0.01994681
0.02991700
0.02692533
0.02892661
0.02793050
0.02792883
0.02992153
0.02991581
0.02893639
0.02994466
0.02991939
0.03088498
0.02493310
0.02493405
0.02194142
0.02294111
0.02594376
0.02692461
0.03091407
0.03288722
0.03291202
0.02991962
0.02294016
0.02393746
0.02593017
0.03290868
0.03191781
0.03391242
0.02891564
0.02693582
0.02793217
0.02992654
0.02292848
0.02094269
0.02194142
0.02393556
0.02194190
0.02194023
0.02094507
0.02194190
0.02393508
0.01795197
0.01873755
0.02194786
0.02394056
0.02693248
0.02493501
0.02692819
0.02592945
0.02693200
0.02294159
0.02094412
0.01895976
0.01994729
0.01895905
0.01795363
0.01894832
0.01894951
0.01795244
0.02094412
0.01894832
0.02692914
0.02393484
0.02390480
0.02394128
0.02393818
0.02393961
0.02232051
0.02492642
0.02991414
0.02132678
0.02094436
0.01695442
0.01795244
0.02094507
0.01994586
0.02194118
0.01994729
0.02193022
0.02394986
0.02592874
0.02892494
0.02793217
0.03091788
0.02593374
0.02094412
0.02393460
0.02792954
0.02892137
0.03191519
0.02991223
0.03249669
0.02195907
0.02393627
0.02094412
0.02194047
0.02493334
0.02196980
0.02294016
0.02293801
0.02493072
0.02393246
0.02493072
0.02695608
0.02991629
0.02892375
0.02196193
0.02094364
0.02094412
0.02094531
0.02094483
0.02393866
0.02094460
0.02593422
0.02692628
0.02493024
0.03290868
0.02252936
0.02776241
0.02392697
0.02193594
0.02194214
0.02293706
0.02493072
0.02692842
0.02592492
0.01795340
0.01795268
0.01895308
0.01795387
0.01894999
0.01994371
0.01795220
0.01895070
0.02094030
0.01795220
0.01894975
0.02194190
0.01994395
0.01995635
0.02193880
0.01994658
0.02094603
0.02094603
0.01896238
0.02600598
0.02292490
0.01896596
0.01994538
0.01895142
0.02091932
0.02293968
0.01695490
0.01894951
0.01693606
0.01695657
0.01994824
0.01795316
0.01997137
0.01994777
0.01991439
0.01994252
0.01695514
0.01695561
0.01994896
0.01794076
0.01994562
0.01795220
0.01795268
0.01695585
0.01695538
0.01795101
0.01695371
0.01795340
0.01695633
0.01695585
0.01795197
0.01869321
0.01595759
0.01794982
0.01994538
0.02094603
0.02194524
0.02058363
0.02094293
0.02094412
0.02094913
0.02692008
0.02293730
0.02094173
0.02094245
0.02294087
0.01895046
0.01695490
0.01695824
0.02396154
0.02593088
0.01595688
0.01595712
0.01893449
0.01695752
0.02293396
0.02194190
0.02394080
0.02199292
0.02497053
0.02991962
0.02393985
0.02992177
0.02393293
0.02593207
0.02592897
0.02393627
0.02394438
0.01895022
0.01894879
0.02096772
0.02294230
0.01994920
0.02094483
0.02393985
0.01994467
0.01995754
0.02095556
0.01994920
0.01994896
0.02493405
0.02493048
0.02790523
0.02391124
0.02590179
0.02393723
0.02494788
0.01795244
0.01895022
0.01795197
0.02194953
0.02094460
0.02194238
0.01894975
0.01795268
0.01846194
0.02045250
0.01795053
0.01811099
0.02094460
0.01894927
0.01896191
0.02094436
0.01795411
0.01894975
0.01795125
0.01795125
0.01795053
0.01895094
0.01895070
0.01595759
0.01695538
0.02441144
0.02393937
0.02431369
0.02294445
0.02293849
0.01894760
0.01793528
0.01795506
0.01894855
0.02095342
0.02294707
0.01795268
0.01795173
0.01592875
0.01595759
0.01595759
0.01695538
0.01596045
0.01795244
0.01695776
0.01595783
0.01596284
0.01695657
0.01795411
0.01995921
0.01995277
0.01994586
0.02293944
0.02094793
0.02346063
0.02194929
0.02294207
0.02094316
0.02793312
0.01895308
0.01895475
0.01797843
0.02194858
0.02293849
0.02392554
0.02391362
0.01798129
0.01695871
0.01595974
0.01695752
0.01496172
0.01595712
0.01496077
0.01795244
0.01494026
0.01646566
0.01496005
0.01499033
0.01595545
0.01695466
0.01795673
0.01895285
0.01695228
0.01496172
0.01593733
0.01812577
0.02393937
0.02193284
0.02094007
0.01494312
0.01496100
0.01496029
0.01595759
0.01695633
0.01695895
0.01695919
0.01795697
0.01695514
0.01696348
0.01795173
0.01794958
0.01894760
0.01795125
0.01695490
0.01396251
0.01595116
0.01496267
0.01496243
0.01496029
0.02293849
0.02692127
0.02194142
0.01496053
0.01495934
0.01496029
0.01595592
0.02297139
0.02294040
0.02294207
0.02593374
0.02393246
0.02493739
0.02396464
0.02293873
0.01795411
0.01994753
0.01795268
0.01795220
0.01994896
0.01795316
0.01996064
0.01795435
0.01894951
0.01695609
0.01795411
0.01894760
0.01991820
0.02692246
0.02396870
0.02688885
0.02094674
0.01795554
0.01796937
0.02486038
0.01795030
0.01795101
0.01776886
0.01795006
0.02094316
0.01496005
0.01596999
0.01593161
0.01595902
0.01694822
0.01894736
0.01894808
0.02394032
0.02194810
0.02194309
0.02394247
0.02406788
0.02293420
0.01894784
0.02097583
0.02293777
0.02090454
0.02194357
0.01595902
0.01695442
0.01495981
0.01894879
0.01697874
0.01744986
0.01995921
0.02792072
0.02393556
0.01895094
0.01894760
0.01994967
0.01895118
0.02294040
0.02193832
0.02193785
0.02193785
0.01994777
0.01895070
0.02094698
0.01895237
0.01894951
0.01895094
0.01797843
0.01894951
0.01795363
0.01795673
0.02194309
0.02193642
0.03490782
0.02094436
0.01994777
0.01795387
0.01894832
0.01894999
0.02094483
0.01895070
0.01894855
0.01994562
0.01894927
0.01792932
0.02094507
0.01994753
0.01994348
0.01940298
0.02294374
0.02094340
0.01898146
0.02094769
0.01897573
0.01894808
0.02094507
0.01795387
0.02094531
0.01795292
0.01795101
0.01994777
0.01994634
0.02692437
0.02605319
0.02592373
0.02568674
0.03243732
0.02293444
0.01795149
0.01994967
0.01695371
0.01991582
0.01695538
0.01795411
0.01894951
0.01795888
0.01695681
0.01595640
0.01695633
0.01595736
0.01594663
0.01496029
0.01596093
0.01595807
0.01596117
0.01695609
0.01795506
0.02194548
0.01994681
0.01695681
0.01695657
0.01795244
0.01695228
0.01895618
0.01695204
0.01675200
0.01596308
0.01695585
0.01595783
0.01695800
0.01595998
0.02094555
0.02495146
0.01695442
0.01496148
0.01795268
0.01595759
0.01695299
0.01595640
0.01795077
0.01794910
0.01696968
0.01795340
0.01595783
0.01595664
0.01795411
0.01895094
0.01595902
0.01595879
0.01994967
0.02193475
0.02193975
0.01595640
0.01493788
0.01595783
0.01695418
0.01595759
0.01895142
0.01695609
0.01795459
0.02002096
0.01795602
0.01795316
0.01795244
0.01695633
0.01695704
0.01595783
0.01695514
0.01696086
0.01895165
0.01695561
0.01895165
0.01594424
0.01695514
0.01693892
0.01795506
0.02294421
0.02493668
0.02593398
0.02194715
0.02492929
0.02192163
0.02490854
0.02194333
0.02493691
0.02194762
0.02489805
0.02294350
0.01795340
0.01896000
0.01795149
0.01798368
0.01795244
0.01994705
0.01795220
0.01994729
0.02493691
0.02993178
0.01894975
0.01894927
0.01695585
0.01994896
0.01795244
0.01894975
0.01495981
0.01595783
0.01888633
0.01795435
0.02692842
0.02194667
0.02293134
0.02094078
0.02194190
0.01795053
0.01795149
0.01994753
0.01895165
0.01895261
0.01994801
0.01894975
0.02118039
0.02893090
0.01695490
0.01595759
0.01795554
0.01695395
0.01695466
0.01795459
0.02393413
0.02097607
0.02194333
0.01795793
0.01595592
0.01495910
0.01593399
0.01994514
0.01895356
0.01994777
0.01994371
0.02094769
0.02194047
0.02094173
0.01895046
0.01695442
0.01996017
0.01695585
0.01695466
0.01994610
0.01695490
0.01795244
0.01795268
0.02094531
0.01895118
0.01795435
0.01894927
0.01795483
0.01795459
0.01794910
0.01496005
0.01494551
0.01695490
0.01595807
0.01695585
0.01595569
0.01895094
0.01696777
0.02393723
0.02193713
0.02394319
0.02094126
0.01994848
0.01997066
0.02094698
0.02293682
0.01994514
0.01994634
0.01995158
0.01895213
0.01895142
0.01546359
0.01696157
0.01595831
0.01597977
0.01793098
0.01795316
0.02194452
0.02194548
0.02394271
0.02393794
0.02691984
0.02094460
0.01794982
0.01795197
0.02194238
0.02094102
0.01994658
0.02693081
0.02792382
0.02492809
0.02194214
0.02194262
0.02094460
0.02194262
0.02194238
0.02493620
0.02200937
0.02493525
0.01994634
0.02092195
0.02194166
0.02056146
0.02293849
0.02094436
0.01994729
0.01994109
0.02194548
0.02094579
0.02293801
0.02293921
0.02094507
0.02094579
0.01994753
0.01994753
0.02094316
0.01994467
0.02194118
0.01994658
0.01894927
0.01795244
0.01795101
0.01795197
0.01795149
0.01994896
0.01697946
0.01795268
0.01695323
0.01943755
0.01695466
0.01592517
0.01595569
0.01795244
0.01595783
0.01904082
0.01695561
0.01595759
0.01595831
0.01695704
0.01695490
0.01795149
0.01595736
0.01895118
0.01595783
0.01795387
0.01595926
0.01795316
0.01595688
0.01795197
0.01795292
0.01894975
0.01595736
0.01695561
0.01798701
0.01795125
0.01895022
0.01695514
0.01994896
0.02294326
0.01894975
0.01594424
0.01595664
0.01595783
0.01695466
0.01595831
0.01795292
0.01595664
0.01737714
0.01595712
0.01894927
0.02393866
0.02693081
0.02692389
0.01595759
0.01595950
0.01795363
0.01993132
0.01994753
0.02094245
0.02094507
0.01991534
0.02493310
0.02093959
0.01795411
0.01795268
0.01695681
0.01795340
0.01695395
0.01846862
0.01995134
0.02094531
0.02194262
0.02293491
0.02194238
0.02092862
0.02894139
0.02791095
0.02708340
0.02892089
0.02393413
0.02693295
0.02493668
0.02493405
0.01795101
0.02094364
0.01894951
0.01994753
0.01895070
0.01894808
0.02194405
0.01994610
0.01994610
0.01894903
0.01894975
0.02194333
0.01894879
