0.01600027
0.02400088
0.02521300
0.02800083
0.02399874
0.02399969
0.03871465
0.03600025
0.04000330
0.01603413
0.02398491
0.02399373
0.02401471
0.02554297
0.03248692
0.02399588
0.01780033
0.02400756
0.02000356
0.01998377
0.02000880
0.01600051
0.01999927
0.01600027
0.02000117
0.02399993
0.01996255
0.02400255
0.02399969
0.02399945
0.02000046
0.01599979
0.01599789
0.01999855
0.02000499
0.02398396
0.02000022
0.02799964
0.01999998
0.01999331
0.02294230
0.01997662
0.03200150
0.02799487
0.03199697
0.02799678
0.04399180
0.03713083
0.04000020
0.03600097
0.03999305
0.01999974
0.02401614
0.02000165
0.02399993
0.02411914
0.02797818
0.02400231
0.02399802
0.02844310
0.02399588
0.02127552
0.02361107
0.01999998
0.01999974
0.01599956
0.01996231
0.02000284
0.02799678
0.02799749
0.02800465
0.02062106
0.02000022
0.01999879
0.02000356
0.02003264
0.02508378
0.02399850
0.01999998
0.01901722
0.01600099
0.03600049
0.03999972
0.04400325
0.03999877
0.04002190
0.03918839
0.03599977
0.04000235
0.02402687
0.02567506
0.02000642
0.01599860
0.01715517
0.01999760
0.01599860
0.01600027
0.02000093
0.01600981
0.01600051
0.01999998
0.01600027
0.01600003
0.01997209
0.01999950
0.01599884
0.01599956
0.02401495
0.02399707
0.02523923
0.02399921
0.02000690
0.02399683
0.01999998
0.01909399
0.02001214
0.02000260
0.02000093
0.02000022
0.02399707
0.02399969
0.02724981
0.02800131
0.02800584
0.02800512
0.02803898
0.02799749
0.02428746
0.02399898
0.02421498
0.02399945
0.02400184
0.02798271
0.02521515
0.04399371
0.04399920
0.03871703
0.03999972
0.03994513
0.04000807
0.04400396
0.03997660
0.03585672
0.03505921
0.03599930
0.01603532
0.01199985
0.01599932
0.01600122
0.01596212
0.01970387
0.02400279
0.02000070
0.02513957
0.02000356
0.01999426
0.01599979
0.01599956
0.01597285
0.02000070
0.02399826
0.01598191
0.01598477
0.01599908
0.02402306
0.01999903
0.02400398
0.01999998
0.01999903
0.01109791
0.01598358
0.01599908
0.01092815
0.01599860
0.02399421
0.02000070
0.02799702
0.02739644
0.02398157
0.02800012
0.02799797
0.02802873
0.03996420
0.04002428
0.04178143
0.03599858
0.03600907
0.02799845
0.02000403
0.01999974
0.01598430
0.02799201
0.02399659
0.02275229
0.01999593
0.02000022
0.02124453
0.01999974
0.02526426
0.02000380
0.02000070
0.01600075
0.01600027
0.01600051
0.01599932
0.02400279
0.02399707
0.01999760
0.02800322
0.02626157
0.02401280
0.02402067
0.02397132
0.02399969
0.02400637
0.02055144
0.01600075
0.04000473
0.04400897
0.04000258
0.04000449
0.03999758
0.03602505
0.03600097
0.03599930
0.03599882
0.01599884
0.02399659
0.01999664
0.01999855
0.01999307
0.02204180
0.02399945
0.01999450
0.01600051
0.02156782
0.01999402
0.02000165
0.02399755
0.02508974
0.01199985
0.01599956
0.01600075
0.02000093
0.02799344
0.01599789
0.01599526
0.02428341
0.02001119
0.01599741
0.01998425
0.01999640
0.01999807
0.01599050
0.01999974
0.01908088
0.01999903
0.03757572
0.03999043
0.04399657
0.04002404
0.03783917
0.01999927
0.01999974
0.01999855
0.01954150
0.02400899
0.02120662
0.02400327
0.02000451
0.01600957
0.02000141
0.02002621
0.01999259
0.02401686
0.02400041
0.02802277
0.02800393
0.02401662
0.02124476
0.02400732
0.02399564
0.02399731
0.01920176
0.01999784
0.02400351
0.01999497
0.02000308
0.01599622
0.02000475
0.02003908
0.04799676
0.03996944
0.03929663
0.02400351
0.02399492
0.02799463
0.01999235
0.02334285
0.02401352
0.02529263
0.02399588
0.02000260
0.01601791
0.01599836
0.02000141
0.01999927
0.01999545
0.02799606
0.02800393
0.02400541
0.02401876
0.02799344
0.02399683
0.02002215
0.02000022
0.01999784
0.02000260
0.01999950
0.02000141
0.02000022
0.01601911
0.01600027
0.01601338
0.01601958
0.02400160
0.02400231
0.02397776
0.02399921
0.02607441
0.02798080
0.02400136
0.02799630
0.02797771
0.02800632
0.04590607
0.04802132
0.04400826
0.04399657
0.04399252
0.02400041
0.01999640
0.01793718
0.02055860
0.02397323
0.03325009
0.01999569
0.01996994
0.01998997
0.01599956
0.02790594
0.02400351
0.02400708
0.02400160
0.02399755
0.02399802
0.02800155
0.02400327
0.02800250
0.01999831
0.02000380
0.01999736
0.02397346
0.02399778
0.01999998
0.01999354
0.02400088
0.02404666
0.01602912
0.01999998
0.02399802
0.03599906
0.03599715
0.03599954
0.01999879
0.01861286
0.01408625
0.01999998
0.01811838
0.01999569
0.01601315
0.02399588
0.02000356
0.02400756
0.02001357
0.02399850
0.02400351
0.01998830
0.01999950
0.02000499
0.01999831
0.01734471
0.02402401
0.01999903
0.01999259
0.01505709
0.01600432
0.01601768
0.01196623
0.01599908
0.01599956
0.01599884
0.01600122
0.01599836
0.01600099
0.01600075
0.01200008
0.01599979
0.01728082
0.01200080
0.01599956
0.01600218
0.01600456
0.02400804
0.01599884
0.01600027
0.01999855
0.02000046
0.01999879
0.02099466
0.01999950
0.02000189
0.02398682
0.02800965
0.02400613
0.02400613
0.02400780
0.02800775
0.02800155
0.02400327
0.02800298
0.02399921
0.02799582
0.02399349
0.02797341
0.02399683
0.02000332
0.01999998
0.01999331
0.01999736
0.01999855
0.02400136
0.01999760
0.02000117
0.01999640
0.01999974
0.02070069
0.02400064
0.02799535
0.02400422
0.02399874
0.02399921
0.02399731
0.02800441
0.02399921
0.02800536
0.02399993
0.02399826
0.01999545
0.02400136
0.01999688
0.01601434
0.01598835
0.02127409
0.02000093
0.01599956
0.02000093
0.02000022
0.01599979
0.02000523
0.01776147
0.01999974
0.02000189
0.02803469
0.02399850
0.02800822
0.01999974
0.02000713
0.02400064
0.02799487
0.02800012
0.03203392
0.01983476
0.02400041
0.02121425
0.01997542
0.01999521
0.02800393
0.03199673
0.02797103
0.02514958
0.02800369
0.02517653
0.02400088
0.02547598
0.02802563
0.01999831
0.01998925
0.03707290
0.03802085
0.04000068
0.01999974
0.01997042
0.02399755
0.02000380
0.02400637
0.02000284
0.01957631
0.02000070
0.01600003
0.01999927
0.02000165
0.01999950
0.02799916
0.02800012
0.02799869
0.01600027
0.01999974
0.01999903
0.02544665
0.02397346
0.02800369
0.02399993
0.02400041
0.02800345
0.01999831
0.01999664
0.02000070
0.02000189
0.01638794
0.01599836
0.01600003
0.02000093
0.01999211
0.02399993
0.01999760
0.01810813
0.01999927
0.02400708
0.02400637
0.02399659
0.02802658
0.02396655
0.02838659
0.02400637
0.02400112
0.02399588
0.02399874
0.02400255
0.03200150
0.02000618
0.01999807
0.03605819
0.04046845
0.03999972
0.03600049
0.01600051
0.02001071
0.02399421
0.02000403
0.02000046
0.01804423
0.01600003
0.01597404
0.01600003
0.01599908
0.01999283
0.02799273
0.01599813
0.01319838
0.01599884
0.01599908
0.01200390
0.01600218
0.01601529
0.01600146
0.02400017
0.01599550
0.01600146
0.01599336
0.01999974
0.01410341
0.01199818
0.01599765
0.01599932
0.01268888
0.01599908
0.01599908
0.01599860
0.01599765
0.01599813
0.01200056
0.01602387
0.01598787
0.01597381
0.01558280
0.01599956
0.02399564
0.02132273
0.02398729
0.02799797
0.02401972
0.02420783
0.01599860
0.01599383
0.01599836
0.01600003
0.01601601
0.01999807
0.01999998
0.01600027
0.02401018
0.01999640
0.02397418
0.01599956
0.01999784
0.01600075
0.02399349
0.02397680
0.01999998
0.02000165
0.02800083
0.02467561
0.02906322
0.01999950
0.02118492
0.01999927
0.02000141
0.01999855
0.01999950
0.02800059
0.02800727
0.02777076
0.02797079
0.02838755
0.02800727
0.02819753
0.02801752
0.02800465
0.02835679
0.02799654
0.02800560
0.02797079
0.04399395
0.04399300
0.03601742
0.03999949
0.03600049
0.03599620
0.01599908
0.02000093
0.02399564
0.01999927
0.02001357
0.01611090
0.01199794
0.01599884
0.01597667
0.02000546
0.02001023
0.01599813
0.02000165
0.01599789
0.01599693
0.01599956
0.01599908
0.01600075
0.01600003
0.01600027
0.02000833
0.01940417
0.02000141
0.02000117
0.02399683
0.01998830
0.01999354
0.02211356
0.01999497
0.02800250
0.01999998
0.02250552
0.01600242
0.02123475
0.01599622
0.01600027
0.01600456
0.01944017
0.02000165
0.01999950
0.02000117
0.02400279
0.02398777
0.02799511
0.02399540
0.02399802
0.02400661
0.02107763
0.02000451
0.01807952
0.02399588
0.02800536
0.02799797
0.02800512
0.02399826
0.02402377
0.02399683
0.02400351
0.02401972
0.02400088
0.02400374
0.02400184
0.02397490
0.02399445
0.02802467
0.02612638
0.03199625
0.02400374
0.02801394
0.02000213
0.02400160
0.02400231
0.02396798
0.02112913
0.03599882
0.03597665
0.03999901
0.01600170
0.02400184
0.02397847
0.02400661
0.02315259
0.02399278
0.02000284
0.02400684
0.01999807
0.02000022
0.01597452
0.01597238
0.01593590
0.01600146
0.01405072
0.01600051
0.01999784
0.01600027
0.01384258
0.01589465
0.02000022
0.02125669
0.02442646
0.02397895
0.02980709
0.02399993
0.02400041
0.02000499
0.02398729
0.01999879
0.02397013
0.02399921
0.01599479
0.01602149
0.01601291
0.01717544
0.01599765
0.02000189
0.02400708
0.02800465
0.01999903
0.02400446
0.02399755
0.02399802
0.02400017
0.01805782
0.01999950
0.01999640
0.01978183
0.02399731
0.02399778
0.02399611
0.02799988
0.02724051
0.01792693
0.02000022
0.02399969
0.01999998
0.02571630
0.02399397
0.02399850
0.02399874
0.02799344
0.01755834
0.01999927
0.02002096
0.01999950
0.02401090
0.02400136
0.02399588
0.02398324
0.02399373
0.02001548
0.02104378
0.01803064
0.01999879
0.01998973
0.02117872
0.02400064
0.02400637
0.01999736
0.02001762
0.01997781
0.02209759
0.01999617
0.01999784
0.02001715
0.02398705
0.01999950
0.02000403
0.02403617
0.02799559
0.02800488
0.02941918
0.02397799
0.02397919
0.02399826
0.01999998
0.02399778
0.02000213
0.03450894
0.03969121
0.03316045
0.03599954
0.01999640
0.01999521
0.01999784
0.02000427
0.02400112
0.02403450
0.02400136
0.02000260
0.02800226
0.02399993
0.02399802
0.01999974
0.02000093
0.02400208
0.02799416
0.01999927
0.01600027
0.01599860
0.01599860
0.02000761
0.02000904
0.02563429
0.02400565
0.02120614
0.02399898
0.01998663
0.01502395
0.01599932
0.01601982
0.01599932
0.01599932
0.02001357
0.01598167
0.02000141
0.02000022
0.01999807
0.02000070
0.02397442
0.02749181
0.02396607
0.02800798
0.02399993
0.02400351
0.02400231
0.02398276
0.01999736
0.01999474
0.01895022
0.01999927
0.02000046
0.02326775
0.02398729
0.02399755
0.02399993
0.01999307
0.02399898
0.02096558
0.01998091
0.01999760
0.01999664
0.01998019
0.02401400
0.02399397
0.02799392
0.02800155
0.02799416
0.02800393
0.02406502
0.02399397
0.02400231
0.02400351
0.03199601
0.02397180
0.01599288
0.01999331
0.02309871
0.02399492
0.02114701
0.03599858
0.03599930
0.04001999
0.01598334
0.01968408
0.01603127
0.01765156
0.01595855
0.01599789
0.01599789
0.01999736
0.01600122
0.01999903
0.01599884
0.02000356
0.02002835
0.02400041
0.02110910
0.01998830
0.02000880
0.02000046
0.01999712
0.02000165
0.01599455
0.01999664
0.02397633
0.02384281
0.02399898
0.02002788
0.02454853
0.01999283
0.02399683
0.02000093
0.02800369
0.01999831
0.02399945
0.02000093
0.01999974
0.03599834
0.03599882
0.03599763
0.03199887
0.01199985
0.01600266
0.01895380
0.01599956
0.01600194
0.01600003
0.01600146
0.01741862
0.01599884
0.02000141
0.02000189
0.02397585
0.01911306
0.02400303
0.01999664
0.02000284
0.02000141
0.02000475
0.01999211
0.01585317
0.01199961
0.01396227
0.01599956
0.01599813
0.01597357
0.01600003
0.01600266
0.01599932
0.01600361
0.01345801
0.01599836
0.01600051
0.01600099
0.01597595
0.01714230
0.01999879
0.02000237
0.02401161
0.02799892
0.02000046
0.02400184
0.02397871
0.01795125
0.01408148
0.01599097
0.02002430
0.01999927
0.01599884
0.01599860
0.01999807
0.01599884
0.02000070
0.02000189
0.01599288
0.01999998
0.02800131
0.02399802
0.02001643
0.01999974
0.02000260
0.01999927
0.01999903
0.02400064
0.02622533
0.02315903
0.01999640
0.02399802
0.02398181
0.02799821
0.02400327
0.02402711
0.02399683
0.02003479
0.02000308
0.02001023
0.02400136
0.01999879
0.01999569
0.01999879
0.02399850
0.02799129
0.02799487
0.02399778
0.02000380
0.02398825
0.01999998
0.01999807
0.02399921
0.02400041
0.01999998
0.03008580
0.02399993
0.02400303
0.02400184
0.02397275
0.02401304
0.02399826
0.02800012
0.02648687
0.02124929
0.02000856
0.02213359
0.02122355
0.02400017
0.01600003
0.01599932
0.01599956
0.02000093
0.01600027
0.02399778
0.02000093
0.02399611
0.02000117
0.02311587
0.02399659
0.02399969
0.01998591
0.02399755
0.01999688
0.01599932
0.01600003
0.01599813
0.01695466
0.01600695
0.02001500
0.01600146
0.01597452
0.01599908
0.01600051
0.01599956
0.02000165
0.02399778
0.02401304
0.02799416
0.01999283
0.02399707
0.01999760
0.01999688
0.01599765
0.02400231
0.02799273
0.01861644
0.02000308
0.02333713
0.01826954
0.02399945
0.02426124
0.02400684
0.02399993
0.01999998
0.01999950
0.02000284
0.02799416
0.02798629
0.02439976
0.02398849
0.02399945
0.02400732
0.02799201
0.02399373
0.02399802
0.02208900
0.02000117
0.02800369
0.02801871
0.02800322
0.02799749
0.02475357
0.03199649
0.02801490
0.03200865
0.02800035
0.02400041
0.02399945
0.02000022
0.02399826
0.01999879
0.02400041
0.02202821
0.01999760
0.02800679
0.03999829
0.03763342
0.03599954
0.01599860
0.01599979
0.01599765
0.01599884
0.02399945
0.02799916
0.01598597
0.01999903
0.02396798
0.01999474
0.02400351
0.02802134
0.02000117
0.01547360
0.01200080
0.01600075
0.01602077
0.01600003
0.01599836
0.01602221
0.01599956
0.01599789
0.01599908
0.01601148
0.01599932
0.01596689
0.02037740
0.01600003
0.02399707
0.02400613
0.02400112
0.02398610
0.02399993
0.02399850
0.02400613
0.01910233
0.01599860
0.01999879
0.02799821
0.02799392
0.02399611
0.02799988
0.02801728
0.02116227
0.01997852
0.01999831
0.02399993
0.02399850
0.02400017
0.02402449
0.02799773
0.02399373
0.03749561
0.02802730
0.03999949
0.03597283
0.03597832
0.01999903
0.01603770
0.01599884
0.01591110
0.02400160
0.02400541
0.01600027
0.01599908
0.01668930
0.01512289
0.01998687
0.01596665
0.02399683
0.02400351
0.02400637
0.02399731
0.02400398
0.02800488
0.02400422
0.02400160
0.02795815
0.02000189
0.01653624
0.01999521
0.02000093
0.02399516
0.02401662
0.02379441
0.02399635
0.02526140
0.01998830
0.02282977
0.02399945
0.02800345
0.02400112
0.02397442
0.01999879
0.02801681
0.02799702
0.03199458
0.04415512
0.04400468
0.03599644
0.02399993
0.01765227
0.01999640
0.02528739
0.02799487
0.02381825
0.01999545
0.01599717
0.01603007
0.02070904
0.02802300
0.02000093
0.02399683
0.02400351
0.02363729
0.02400231
0.01999760
0.02000475
0.01999974
0.02002835
0.02399707
0.02399516
0.02397609
0.02503920
0.01998258
0.01999831
0.01999807
0.01601052
0.02400684
0.02399278
0.02801013
0.02800369
0.03565764
0.03999519
0.03717899
0.03999925
0.03999949
0.04000235
0.02402258
0.02223921
0.01600003
0.01599884
0.01599813
0.02000928
0.01999903
0.01599956
0.01999950
0.01598215
0.01999855
0.01999974
0.01599836
0.02001739
0.01833963
0.01599884
0.01600027
0.01716256
0.02400303
0.01459765
0.01599956
0.02659035
0.02400351
0.02126122
0.01599860
0.01600361
0.02001119
0.01599956
0.01599836
0.02000594
0.01999974
0.02000213
0.01999974
0.02391219
0.02399993
0.02400017
0.02400231
0.02400064
0.02400160
0.02806640
0.02400470
0.02400041
0.02403402
0.02458501
0.01805139
0.01999879
0.02399707
0.01996303
0.01998305
0.02000308
0.02399969
0.02400303
0.02000213
0.02804089
0.02113152
0.02799559
0.02800250
0.02800679
0.02799201
0.02799630
0.02801752
0.03199625
0.02406788
0.02399373
0.02399826
0.02400160
0.02400327
0.02399731
0.02800179
0.02799463
0.02499509
0.01999927
0.03599906
0.03656936
0.03999949
0.01600122
0.01600003
0.01599860
0.01999974
0.02000022
0.02385736
0.01816177
0.01600194
0.01600075
0.01199865
0.01584053
0.01601171
0.02002573
0.02399492
0.01999974
0.02000046
0.02008605
0.02001953
0.02000141
0.01999736
0.02000475
0.01999998
0.02399802
0.02000117
0.01999903
0.01640558
0.01600003
0.01600003
0.02106309
0.01806569
0.01600075
0.02128935
0.01601529
0.02000737
0.01599741
0.01999402
0.01920962
0.02927685
0.02400208
0.02000356
0.02116251
0.01999855
0.02000022
0.01999736
0.02399921
0.02399158
0.01799250
0.02400112
0.02350068
0.02000356
0.01999974
0.02519798
0.02399969
0.02800632
0.02800155
0.02934170
0.02001429
0.02003932
0.01599908
0.02000022
0.01600003
0.01999855
0.01999927
0.01599145
0.01599956
0.01996946
0.01597738
0.01599765
0.02397561
0.02800155
0.02400017
0.01999760
0.01600146
0.02400017
0.01999998
0.02397442
0.02800417
0.02662396
0.01599741
0.01600003
0.01600194
0.01600027
0.01942253
0.02400136
0.02399659
0.02001095
0.01999903
0.01958704
0.02000308
0.02400303
0.02400208
0.02400684
0.02400184
0.02000093
0.01999998
0.02000022
0.01999903
0.02113724
0.01999640
0.02399993
0.01999927
0.02000046
0.02000141
0.02002263
0.01999879
0.01999879
0.02399898
0.02399993
0.02000117
0.02612805
0.02799225
0.02117205
0.01999140
0.02465248
0.03199530
0.02399707
0.01908660
0.01999950
0.02400017
0.02399850
0.01999927
0.02400160
0.02400184
0.01997399
0.01999831
0.01999903
0.02408075
0.01999736
0.02399826
0.02400351
0.02399731
0.02400112
0.02399755
0.02400064
0.02399826
0.02399993
0.02800035
0.02826834
0.01999831
0.02401114
0.02800512
0.01999950
0.02000093
0.02000713
0.02400947
0.01999998
0.01711369
0.01999736
0.01999927
0.02109551
0.02000380
0.02398705
0.02521515
